thrs	post_p	finalwindow
0	0.115067195780407	0.23
0.03256001	0.111970740122679	0.2
0.082355146	0.0998762372526591	0.17
0.098963073	0.0964051737431396	0.16
0.103967892	0.094222131924527	0.16
0.106977596	0.094222131924527	0.16
0.113424721	0.094222131924527	0.16
0.123778241	0.094222131924527	0.17
0.127695348	0.0966539943963407	0.17
0.128068503	0.0957886910816348	0.17
0.129609166	0.0932833101710409	0.17
0.129730945	0.0932833101710409	0.17
0.130460633	0.0924770554632069	0.17
0.148447444	0.0957886910816348	0.15
0.148782099	0.0932833101710409	0.15
0.151339737	0.0916846183695737	0.15
0.155752372	0.0961015483519296	0.15
0.161204767	0.0916846183695737	0.14
0.178113806	0.0975350735876574	0.12
0.178140913	0.0975350735876574	0.12
0.178189211	0.0975350735876574	0.12
0.178358463	0.0975350735876574	0.12
0.181430774	0.0924770554632069	0.12
0.181486006	0.0924770554632069	0.12
0.181486035	0.0924770554632069	0.12
0.181824923	0.0924770554632069	0.12
0.191788381	0.0924770554632069	0.11
0.205298456	0.10372398312822	0.1
0.206482242	0.102907755225927	0.1
0.22265244	0.0876477015243585	0.08
0.222656148	0.0876477015243585	0.08
0.222686318	0.0876477015243585	0.08
0.222697977	0.0876477015243585	0.08
0.222812147	0.0975350735876574	0.08
0.222924291	0.0975350735876574	0.08
0.226694446	0.0949387436984011	0.08
0.226728961	0.0949387436984011	0.08
0.226867021	0.0949387436984011	0.08
0.226923294	0.0949387436984011	0.08
0.226957829	0.0949387436984011	0.08
0.226982815	0.0949387436984011	0.08
0.227177477	0.0949387436984011	0.08
0.230426372	0.074755077254738	0.08
0.237068117	0.0678477129636599	0.07
0.242615688	0.0665811062200591	0.07
0.242875367	0.0665811062200591	0.07
0.242941212	0.0665811062200591	0.07
0.243116147	0.0665811062200591	0.07
0.249436037	0.0467332383446002	0.07
0.254481698	0.0462784373537683	0.07
0.256259656	0.0458324031582588	0.07
0.263775407	0.0471970671628889	0.06
0.295749179	0.0445444377309142	0.07
0.296839561	0.0453948846932421	0.07
0.296879772	0.0471970671628889	0.07
0.296919994	0.0471970671628889	0.07
0.297207868	0.0393800943690837	0.08
0.29723727	0.0393800943690837	0.08
0.297242165	0.0393800943690837	0.08
0.297345093	0.0393800943690837	0.08
0.297631463	0.0393800943690837	0.08
0.298033592	0.0393800943690837	0.08
0.29855614	0.0393800943690837	0.08
0.298682719	0.0393800943690837	0.08
0.300128238	0.0393800943690837	0.08
0.300638986	0.0393800943690837	0.08
0.301373268	0.0393800943690837	0.08
0.302406093	0.0387384915060691	0.08
0.30240618	0.0387384915060691	0.08
0.302443572	0.0387384915060691	0.08
0.302452098	0.0387384915060691	0.08
0.302453753	0.0387384915060691	0.08
0.302535608	0.0387384915060691	0.08
0.302757814	0.0421741146471833	0.08
0.303062807	0.0433268815551025	0.08
0.303998368	0.0433268815551025	0.08
0.306047128	0.0433268815551025	0.08
0.307314933	0.0471970671628889	0.08
0.308759935	0.0462784373537683	0.08
0.320217262	0.0462784373537683	0.08
0.320290117	0.0462784373537683	0.08
0.323165924	0.0445444377309142	0.09
0.323808824	0.0445444377309142	0.09
0.324596864	0.0445444377309142	0.09
0.330254195	0.0418033706609421	0.09
0.333944256	0.0429356871010876	0.09
0.334029253	0.0429356871010876	0.09
0.340262381	0.0458324031582588	0.08
0.343625259	0.0445444377309142	0.08
0.345554528	0.0453948846932421	0.08
0.350684009	0.0467332383446002	0.07
0.351815198	0.0467332383446002	0.07
0.356200611	0.0453948846932421	0.07
0.356206548	0.0453948846932421	0.07
0.356490553	0.0453948846932421	0.07
0.357086112	0.0453948846932421	0.07
0.357959666	0.0453948846932421	0.07
0.367663989	0.0591523269970951	0.08
0.382008897	0.0529813206493834	0.07
0.386909127	0.0525630167943642	0.06
0.387745392	0.051585535904084	0.06
0.389222512	0.0512677380978521	0.06
0.389299853	0.0512677380978521	0.06
0.395214438	0.0717315346610146	0.06
0.398731854	0.0546334882873634	0.05
0.411578949	0.065360923796331	0.04
0.412388288	0.0640405963591116	0.04
0.415094538	0.0778761852536204	0.04
0.415772448	0.0397089322201355	0.03
0.416416237	0.055237886997376	0.03
0.419019267	0.0614968967213062	0.03
0.423143546	0.0658132149908978	0.03
0.438307149	0.071541791834404	0.01
0.441698853	0.0776316974224305	0.01
0.441750067	0.0757761180581159	0.01
0.444499874	0.082814171890225	0.01
0.444770984	0.0818637382126962	0.01
0.445049535	0.0818637382126962	0.01
0.445117302	0.0880848037872744	0.01
0.445156208	0.0880848037872744	0.01
0.445185067	0.0875856122200677	0.01
0.445185068	0.0875856122200677	0.01
0.445245414	0.0875856122200677	0.01
0.44525283	0.0875856122200677	0.01
0.445252832	0.0875856122200677	0.01
0.445252833	0.0875856122200677	0.01
0.445252835	0.0875856122200677	0.01
0.445305777	0.0875856122200677	0.01
0.44531318	0.0875856122200677	0.01
0.445313187	0.0875856122200677	0.01
0.445313188	0.0875856122200677	0.01
0.44531319	0.0875856122200677	0.01
0.445373562	0.0875856122200677	0.01
0.445419149	0.0875856122200677	0.01
0.445433949	0.0875856122200677	0.01
0.445479567	0.0875856122200677	0.01
0.445494353	0.0875856122200677	0.01
0.445540001	0.0875856122200677	0.01
0.445554774	0.0856441718565542	0.01
0.445675664	0.0842436505320441	0.01
0.445691925	0.0842436505320441	0.01
0.445736134	0.0842436505320441	0.01
0.445849774	0.0891738979748022	0.01
0.445970843	0.0891738979748022	0.01
0.445978177	0.0891738979748022	0.01
0.446188208	0.0877632440892453	0.01
0.446341735	0.0877632440892453	0.01
0.446395102	0.0877632440892453	0.01
0.446455777	0.0877632440892453	0.01
0.446465528	0.0877632440892453	0.01
0.446633323	0.0877632440892453	0.01
0.446772341	0.0877632440892453	0.01
0.446967543	0.0868473442101501	0.01
0.447533088	0.0868473442101501	0.01
0.447542535	0.0868473442101501	0.01
0.448791313	0.0910603803010113	0.01
0.449552291	0.0910603803010113	0.01
0.449715173	0.0910603803010113	0.01
0.451750007	0.0919999579049489	0.01
0.452986292	0.0855087857844512	0.01
0.453102774	0.0855087857844512	0.01
0.453607731	0.0850717220630755	0.01
0.45367678	0.0850717220630755	0.01
0.453739439	0.0850717220630755	0.01
0.453789353	0.0850717220630755	0.01
0.453802119	0.0850717220630755	0.01
0.453864814	0.0850717220630755	0.01
0.453927527	0.0850717220630755	0.01
0.453952078	0.0850717220630755	0.01
0.453990257	0.0850717220630755	0.01
0.454053004	0.0850717220630755	0.01
0.454115767	0.0850717220630755	0.01
0.454131662	0.0850717220630755	0.01
0.454172215	0.0850717220630755	0.01
0.454278877	0.0850717220630755	0.01
0.454291524	0.0850717220630755	0.01
0.454379121	0.0850717220630755	0.01
0.454423548	0.0850717220630755	0.01
0.454543029	0.0855087857844512	0.01
0.454637485	0.0855087857844512	0.01
0.455078808	0.0863965258272349	0.01
0.455180191	0.0886986681971034	0.01
0.455550168	0.119889663797747	0.01
0.455665947	0.123280297037522	0.01
0.455755613	0.128111160637536	0.01
0.455804735	0.128111160637536	0.01
0.456133439	0.0866363782398096	0.02
0.456159276	0.0866363782398096	0.02
0.456880284	0.0866363782398096	0.02
0.45760535	0.0853917969483832	0.02
0.457901934	0.0853917969483832	0.02
0.458619789	0.0853917969483832	0.02
0.462114195	0.0797711444870439	0.02
0.46331093	0.0797711444870439	0.02
0.46499053	0.0793906363908751	0.02
0.472596627	0.0750923530722969	0.03
0.473676694	0.0750923530722969	0.03
0.474072423	0.0750923530722969	0.03
0.47699163	0.0837869337665727	0.03
0.478419311	0.0852896939984268	0.03
0.478888149	0.0860614715966534	0.03
0.479732593	0.0790137411063348	0.03
0.479936634	0.0790137411063348	0.03
0.483511101	0.0697430824628646	0.04
0.485802156	0.0907654354070456	0.04
0.48628356	0.0777021694166403	0.04
0.489107131	0.0757761180581159	0.04
0.489424331	0.075177148095648	0.04
0.499369323	0.0755087350075825	0.05
0.50407637	0.0686310755849035	0.06
0.514553924	0.0668306301113758	0.07
0.514645345	0.0668306301113758	0.07
0.514839037	0.067335331062855	0.07
0.51502476	0.067335331062855	0.07
0.515124567	0.0681068392738309	0.07
0.516063638	0.0778049028355293	0.07
0.51682809	0.0674201899415751	0.07
0.518564452	0.0687192339306233	0.07
0.529143364	0.0397089322201355	0.07
0.534226929	0.0462784373537683	0.06
0.534308248	0.0462784373537683	0.06
0.534380672	0.0458324031582588	0.06
0.534453117	0.0458324031582588	0.06
0.536755919	0.0441310528299809	0.06
0.539174229	0.0449656403899492	0.06
0.543234343	0.0458324031582588	0.06
0.544416783	0.07343573662445	0.07
0.556807604	0.0909056466981306	0.05
0.559788571	0.0864963027498301	0.05
0.562444529	0.0864963027498301	0.05
0.566766402	0.104183062678085	0.04
0.568776608	0.0984323640541496	0.04
0.572491616	0.0993463173652405	0.04
0.579525048	0.0957886910816348	0.05
0.591193432	0.0852896939984268	0.05
0.591819223	0.0852896939984268	0.05
0.593402747	0.0860614715966534	0.05
0.593573546	0.0860614715966534	0.05
0.593673806	0.0860614715966534	0.05
0.593673808	0.0860614715966534	0.05
0.593754277	0.0860614715966534	0.05
0.593754278	0.0860614715966534	0.05
0.59375428	0.0860614715966534	0.05
0.593834769	0.0860614715966534	0.05
0.593915284	0.0860614715966534	0.05
0.594036974	0.0860614715966534	0.05
0.594152812	0.0860614715966534	0.05
0.594318181	0.0860614715966534	0.05
0.595015574	0.0884629477231988	0.05
0.595196772	0.0884629477231988	0.05
0.595887104	0.093691732563417	0.04
0.597117526	0.0901398001252185	0.04
0.604813246	0.0927777624208487	0.04
0.604905308	0.0927777624208487	0.04
0.604905312	0.0927777624208487	0.04
0.604988853	0.0927777624208487	0.04
0.605716504	0.0918814517088986	0.04
0.60631275	0.0918814517088986	0.04
0.606404306	0.0918814517088986	0.04
0.606824709	0.0927777624208487	0.04
0.607971158	0.0927777624208487	0.04
0.608524688	0.0884629477231988	0.04
0.61827716	0.0892935021696807	0.04
0.624510489	0.0910022935102424	0.04
0.630942519	0.0966539943963407	0.04
0.635412418	0.0932833101710409	0.05
0.636066531	0.0932833101710409	0.05
0.63624959	0.0932833101710409	0.05
0.636422142	0.0932833101710409	0.05
0.637031954	0.0932833101710409	0.05
0.64559646	0.0886461773722181	0.06
0.64801212	0.0886461773722181	0.06
0.648110758	0.0886461773722181	0.06
0.648827538	0.0886461773722181	0.06
0.65703705	0.0777021694166403	0.07
0.667472678	0.0755087350075825	0.08
0.667879261	0.0755087350075825	0.08
0.667879263	0.0755087350075825	0.08
0.667969788	0.0755087350075825	0.08
0.669490645	0.0755087350075825	0.08
0.68060848	0.0705312164205526	0.08
0.680702493	0.0705312164205526	0.08
0.680786967	0.0705312164205526	0.08
0.690723937	0.0754326860878626	0.09
0.692614054	0.0754326860878626	0.09
0.697379755	0.07343573662445	0.1
0.7123899	0.0691634448680073	0.11
0.712401774	0.0691634448680073	0.11
0.719314887	0.0691634448680073	0.12
0.725609694	0.0664040126200523	0.13
0.725869057	0.0664040126200523	0.13
0.72717465	0.0680326014331027	0.13
0.742183791	0.0610457813259012	0.14
0.744518666	0.0597312903785316	0.14
0.7500464	0.0202566511028936	0.14
0.75180067	0.0808248233957258	0.14
0.756122282	0.0232245809333809	0.13
0.762884543	0.0879952455265711	0.13
0.763284143	0.0901398001252185	0.13
0.765321243	0.0946238892275906	0.13
0.766651587	0.0946238892275906	0.13
0.772093843	0.08450159343447	0.12
0.778829055	0.0958667142744302	0.12
0.779184816	0.0949387436984011	0.12
0.779976345	0.0942544704144014	0.12
0.786383987	0.0957610359517525	0.11
0.793117932	0.0919472507663338	0.1
0.794958533	0.101010315433704	0.1
0.799403767	0.0958154972252488	0.1
0.8034392	0.101259138388168	0.09
0.812482547	0.0963193417324316	0.08
0.817085993	0.101567069996009	0.08
0.849686346	0.102699196871523	0.05
0.856064956	0.107533688755292	0.04
0.861783488	0.0968441765704078	0.03
0.864973627	0.11157042576866	0.03
0.867661243	0.108440734790687	0.03
0.870144812	0.102699196871523	0.03
0.874413626	0.113704620434594	0.02
0.875213305	0.110533092651308	0.02
0.875954975	0.108186069990511	0.02
0.87832845	0.107806307645936	0.02
0.880342154	0.102986183159909	0.02
0.88244613	0.103297935338319	0.01
0.883236842	0.108040413232349	0.01
0.884296127	0.116300064568005	0.01
0.885800269	0.114068282996373	0.01
0.888469193	0.112068022315164	0.01
0.888863234	0.110389623737744	0.01
0.889014569	0.109082673193057	0.01
0.889576687	0.108440734790687	0.01
0.889752182	0.108440734790687	0.01
0.890083013	0.107179260692878	0.01
0.890218543	0.107179260692878	0.01
0.890218544	0.107179260692878	0.01
0.890339212	0.106868464661518	0.01
0.890354074	0.107179260692878	0.01
0.890354075	0.107179260692878	0.01
0.890407894	0.107179260692878	0.01
0.890419078	0.107179260692878	0.01
0.890459913	0.107179260692878	0.01
0.890474761	0.107179260692878	0.01
0.890489605	0.107179260692878	0.01
0.890489606	0.107179260692878	0.01
0.890595481	0.107179260692878	0.01
0.89061031	0.107179260692878	0.01
0.890610311	0.107179260692878	0.01
0.890701414	0.107179260692878	0.01
0.890716233	0.107179260692878	0.01
0.890731048	0.107179260692878	0.01
0.890731049	0.107179260692878	0.01
0.890737499	0.107179260692878	0.01
0.890822213	0.107179260692878	0.01
0.890837018	0.107179260692878	0.01
0.890851819	0.107179260692878	0.01
0.890928251	0.107179260692878	0.01
0.890957836	0.107179260692878	0.01
0.890972622	0.107179260692878	0.01
0.890972623	0.107179260692878	0.01
0.891093459	0.106559465897291	0.01
0.89119957	0.106559465897291	0.01
0.891214328	0.106559465897291	0.01
0.891382479	0.106559465897291	0.01
0.891441435	0.106559465897291	0.01
0.891456164	0.106559465897291	0.01
0.891521465	0.106559465897291	0.01
0.891562417	0.106559465897291	0.01
0.891686849	0.105946798169505	0.01
0.891698132	0.105946798169505	0.01
0.891881522	0.105946798169505	0.01
0.892012117	0.105946798169505	0.01
0.892017347	0.105946798169505	0.01
0.89216782	0.105946798169505	0.01
0.892215798	0.105946798169505	0.01
0.892245091	0.105946798169505	0.01
0.89229733	0.105643098649893	0.01
0.892546055	0.105946798169505	0.01
0.89273031	0.105946798169505	0.01
0.892793389	0.105946798169505	0.01
0.892952212	0.108680574327792	0.01
0.893016766	0.108680574327792	0.01
0.89308003	0.108680574327792	0.01
0.893172464	0.108680574327792	0.01
0.893320622	0.108991941747411	0.01
0.893352088	0.108991941747411	0.01
0.894085351	0.10806314624161	0.01
0.894189143	0.10806314624161	0.01
0.89420355	0.10806314624161	0.01
0.894232534	0.107757055512107	0.01
0.894332391	0.10806314624161	0.01
0.894482721	0.10806314624161	0.01
0.894906463	0.107757055512107	0.01
0.894970751	0.107757055512107	0.01
0.895081202	0.107757055512107	0.01
0.895086463	0.107757055512107	0.01
0.895524497	0.107150046793043	0.01
0.895638516	0.107150046793043	0.01
0.895840307	0.107757055512107	0.01
0.89592425	0.107757055512107	0.01
0.896928207	0.106252248855327	0.01
0.89693811	0.106252248855327	0.01
0.897197773	0.105078329842938	0.01
0.897282137	0.101979861126701	0.01
0.897316929	0.100897969679021	0.01
0.89799116	0.0948023336519856	0.01
0.898155973	0.0926068513588509	0.01
0.898485328	0.0912619024605387	0.01
0.898662437	0.0901398001252185	0.01
0.898755243	0.0895890332623088	0.01
0.89889623	0.0892255793653614	0.01
0.898920463	0.0892255793653614	0.01
0.899413875	0.0908462737042822	0.01
0.899974537	0.0908462737042822	0.01
0.900031532	0.0906686191504918	0.01
0.900274359	0.0917450925922084	0.01
0.901007608	0.0898302056975263	0.01
0.901568195	0.0742450639537628	0.01
0.902291602	0.0728730568722768	0.01
0.902860993	0.0691634448680073	0.01
0.902932441	0.0691634448680073	0.01
0.903685884	0.0597973215592495	0.01
0.904039961	0.0595668486758286	0.01
0.904220945	0.051469518231948	0.01
0.904508173	0.0525027222237536	0.01
0.905345526	0.0533596393944203	0.01
0.906154318	0.0540209114866178	0.01
0.906786831	0.0531427983693687	0.01
0.906922556	0.0525027222237536	0.01
0.906983581	0.0537986738427532	0.01
0.907185931	0.0537986738427532	0.01
0.907198748	0.0540209114866178	0.01
0.907311244	0.0489459099070055	0.01
0.907324045	0.0491482590532981	0.01
0.907336843	0.0491482590532981	0.01
0.907336844	0.0491482590532981	0.01
0.907436592	0.0491482590532981	0.01
0.907449378	0.0491482590532981	0.01
0.90746216	0.0491482590532981	0.01
0.907536422	0.0491482590532981	0.01
0.9075492	0.0491482590532981	0.01
0.907587512	0.0491482590532981	0.01
0.907674633	0.0491482590532981	0.01
0.907712898	0.0491482590532981	0.01
0.907951053	0.0491482590532981	0.01
0.907963773	0.0491482590532981	0.01
0.907963774	0.0491482590532981	0.01
0.908076559	0.0493522882236335	0.01
0.908089263	0.0493522882236335	0.01
0.908089264	0.0493522882236335	0.01
0.908151307	0.0493522882236335	0.01
0.90817671	0.0499746677459851	0.01
0.908189407	0.0499746677459851	0.01
0.908202099	0.0499746677459851	0.01
0.908214789	0.0499746677459851	0.01
0.908289632	0.0499746677459851	0.01
0.908566283	0.0501856306683305	0.01
0.908577365	0.0501856306683305	0.01
0.908578929	0.0501856306683305	0.01
0.908691978	0.0503983822579289	0.01
0.908729307	0.0503983822579289	0.01
0.908830322	0.0501856306683305	0.01
0.908855181	0.0501856306683305	0.01
0.908943472	0.0510475994411137	0.01
0.908956071	0.0510475994411137	0.01
0.909094444	0.0510475994411137	0.01
0.909183517	0.05061294535968	0.01
0.909195105	0.05061294535968	0.01
0.909207673	0.05061294535968	0.01
0.909270732	0.05061294535968	0.01
0.909308419	0.05061294535968	0.01
0.909346075	0.05061294535968	0.01
0.90938549	0.05061294535968	0.01
0.909409249	0.05061294535968	0.01
0.909446878	0.0510475994411137	0.01
0.909620416	0.0510475994411137	0.01
0.909896599	0.0510475994411137	0.01
0.909925885	0.0510475994411137	0.01
0.910014581	0.0510475994411137	0.01
0.910051995	0.051713760946894	0.01
0.910204731	0.051713760946894	0.01
0.910467776	0.0519396953430151	0.01
0.91113001	0.0523975389070659	0.01
0.911632099	0.0521676125904146	0.01
0.911776598	0.0521676125904146	0.01
0.912015459	0.051713760946894	0.01
0.912488931	0.051713760946894	0.01
0.912776305	0.0512677380978521	0.01
0.912967277	0.0514897836382885	0.01
0.913006436	0.0514897836382885	0.01
0.913139907	0.0514897836382885	0.01
0.913244462	0.0514897836382885	0.01
0.913630289	0.0510475994411137	0.01
0.914018042	0.0514897836382885	0.01
0.914696902	0.056838447711526	0.01
0.914983658	0.056838447711526	0.01
0.915559183	0.0570865668590541	0.01
0.916024822	0.0570865668590541	0.01
0.916163647	0.0573368617533196	0.01
0.916688985	0.0573368617533196	0.01
0.916912552	0.0581010909165609	0.01
0.917248255	0.062547378263945	0.01
0.918456927	0.0535782572425094	0.02
0.918816837	0.054603615353698	0.02
0.919120121	0.0554525981193873	0.02
0.920002472	0.0561068647031281	0.02
0.921364075	0.0567767545640967	0.02
0.921783065	0.0572323059681393	0.02
0.922455062	0.0574628340684254	0.02
0.922504312	0.0574628340684254	0.02
0.922763582	0.0574628340684254	0.02
0.922787758	0.0574628340684254	0.02
0.923473233	0.0529277125932539	0.02
0.924160807	0.0529277125932539	0.02
0.924507726	0.0531427983693687	0.02
0.925553967	0.0537986738427532	0.02
0.929379518	0.0488119336036891	0.03
0.93064775	0.0493181658062589	0.03
0.93220206	0.0498350083937516	0.03
0.934700606	0.0470273406926786	0.03
0.93534835	0.0473680231909915	0.03
0.938446291	0.0414390881418558	0.03
0.941112169	0.0345203080271096	0.03
0.942896738	0.0186663684637283	0.03
0.944027825	0.0194290225957727	0.03
0.950306111	0.0232245809333809	0.03
0.951999424	0.0169377261873871	0.04
0.954119877	0.0186663684637283	0.04
0.955603107	0.0194290225957727	0.04
0.955985355	0.0194290225957727	0.04
0.956018846	0.0194290225957727	0.04
0.956296714	0.0202566511028936	0.04
0.956549025	0.0202566511028936	0.04
0.956780018	0.0204307106934602	0.04
0.95679317	0.0204307106934602	0.04
0.956793172	0.0204307106934602	0.04
0.957016096	0.0209713120957081	0.04
0.957077957	0.0209713120957081	0.04
0.957486775	0.0213478922568934	0.04
0.958321379	0.0213478922568934	0.04
0.959031973	0.0221431373215458	0.04
0.959642592	0.0225633997072426	0.04
0.959665139	0.0225633997072426	0.04
0.959857154	0.0225633997072426	0.04
0.960819071	0.022779570444048	0.04
0.966653906	0.0202566511028936	0.05
0.966980911	0.0209713120957081	0.05
0.966980912	0.0209713120957081	0.05
0.966986309	0.0209713120957081	0.05
0.967139043	0.0209713120957081	0.05
0.967144414	0.0209713120957081	0.05
0.967297223	0.0213478922568934	0.05
0.967297226	0.0213478922568934	0.05
0.967302571	0.0213478922568934	0.05
0.967302572	0.0213478922568934	0.05
0.96746078	0.0213478922568934	0.05
0.96761904	0.0213478922568934	0.05
0.967619041	0.0213478922568934	0.05
0.967772081	0.0213478922568934	0.05
0.967925221	0.0213478922568934	0.05
0.967935716	0.0213478922568934	0.05
0.968083686	0.0213478922568934	0.05
0.968088909	0.0213478922568934	0.05
0.968237002	0.0213478922568934	0.05
0.968861479	0.0221431373215458	0.05
0.969035555	0.0221431373215458	0.05
0.969666194	0.0225633997072426	0.05
0.970292984	0.022779570444048	0.05
0.970442597	0.022779570444048	0.05
0.973766743	0.0159172287674976	0.06
0.97801719	0.0169377261873871	0.06
0.981915796	0	0.05
0.985118954	0	0.05
1.023898132	0.00942111321718945	0.07
1.027042278	0.0110910739353493	0.07
1.027349785	0.0111955206361896	0.07
1.028094642	0.0113019532264358	0.07
1.029078227	0.0118659857724081	0.07
1.029271857	0.0118659857724081	0.07
1.029659545	0.00927412517571042	0.08
1.030392053	0.00934704136256829	0.08
1.030958443	0.00934704136256829	0.08
1.031531241	0.00934704136256829	0.08
1.031720423	0.00934704136256829	0.08
1.0327094	0.00942111321718945	0.08
1.033463082	0.00913165328299565	0.08
1.034014818	0.00913165328299565	0.08
1.034854243	0.00920233781990683	0.08
1.035677928	0.00934704136256829	0.08
1.036124234	0.00980980879626782	0.08
1.038905957	0.0107891084912564	0.08
1.039046839	0.0111955206361896	0.08
1.041709188	0.0117487200161296	0.08
1.043349328	0.0117487200161296	0.08
1.044012776	0.0117487200161296	0.08
1.049025044	0.0100588122263091	0.09
1.056246636	0.0108879199499755	0.09
1.057424783	0.00989142876073339	0.1
1.058571278	0.0100588122263091	0.1
1.06860264	0.00997441831592434	0.11
1.070326964	0.0106920743954327	0.11
1.076612069	0.0106920743954327	0.11
1.088407982	0.00813221684731854	0.13
1.088762574	0.00813221684731854	0.13
1.112743253	0.0118659857724081	0.13
1.113233383	0.0118659857724081	0.13
1.11414031	0.0118659857724081	0.13
1.116382888	0.0118659857724081	0.13
1.127882011	0.0117487200161296	0.12
1.13205703	0.0117487200161296	0.12
1.133642817	0.0114104288875315	0.12
1.133988353	0.0114104288875315	0.12
1.134317617	0.0114104288875315	0.12
1.136767134	0.0118659857724081	0.11
1.162829766	0.010503149860866	0.14
1.183360064	0.0117487200161296	0.15
1.187305519	0.0202566511028936	0.15
1.18762744	0.0199172802703203	0.15
1.192075895	0.0197518236799624	0.15
1.192725439	0.0194290225957727	0.15
1.203309389	0.021157926664911	0.14
1.208724051	0.0115210070174947	0.13
1.208769953	0.0115210070174947	0.13
1.209751115	0.0115210070174947	0.13
1.209768181	0.0115210070174947	0.13
1.209825949	0.0115210070174947	0.13
1.210085375	0.0115210070174947	0.13
1.210771389	0.0115210070174947	0.13
1.224141399	0.0114104288875315	0.12
1.22465873	0.0114104288875315	0.12
1.225416562	0.0114104288875315	0.12
1.226416878	0.0114104288875315	0.12
1.245566855	0.029098632187564	0.12
1.246668032	0.0288631425690793	0.12
1.252855937	0.031404661237665	0.11
1.268447511	0.0308611705835563	0.1
1.270060331	0.030080313447059	0.1
1.270253663	0.02982873538036	0.1
1.275739262	0.031404661237665	0.09
1.285172518	0.0351150959574357	0.08
1.289511656	0.0354642687899698	0.08
1.293113698	0.0319676376896179	0.09
1.302603198	0.051713760946894	0.1
1.303502827	0.0521676125904146	0.1
1.325958837	0.0588859677388278	0.11
1.335485912	0.0550673115559891	0.12
1.335508208	0.0550673115559891	0.12
1.335711503	0.0550673115559891	0.12
1.335892556	0.0550673115559891	0.12
1.336051433	0.0550673115559891	0.12
1.33638917	0.0550673115559891	0.12
1.336413828	0.0550673115559891	0.12
1.336595099	0.0550673115559891	0.12
1.336665633	0.0550673115559891	0.12
1.336979907	0.0550673115559891	0.12
1.337161305	0.0550673115559891	0.12
1.337524247	0.0550673115559891	0.12
1.337777279	0.0550673115559891	0.12
1.337887386	0.0540655795282265	0.12
1.342368518	0.0583083383137238	0.11
1.343443085	0.0583083383137238	0.11
1.346883901	0.0577419310739117	0.11
1.360533959	0.0577419310739117	0.11
1.360774481	0.0577419310739117	0.11
1.360981621	0.0577419310739117	0.11
1.36116959	0.0577419310739117	0.11
1.361338457	0.0577419310739117	0.11
1.36135761	0.0577419310739117	0.11
1.361545683	0.0577419310739117	0.11
1.361952473	0.0577419310739117	0.11
1.362110213	0.0577419310739117	0.11
1.362279458	0.0577419310739117	0.11
1.364721715	0.0550673115559891	0.12
1.365659238	0.0659653729654472	0.12
1.368077892	0.065360923796331	0.12
1.368578346	0.065360923796331	0.12
1.370127164	0.065360923796331	0.12
1.377274175	0.0672084425207631	0.11
1.379222918	0.0678477129636599	0.11
1.38563755	0.0684992613630462	0.11
1.385801753	0.0691634448680073	0.11
1.418305639	0.0678477129636599	0.1
1.434752614	0.069840634615231	0.1
1.440102642	0.069840634615231	0.11
1.448119954	0.0672084425207631	0.12
1.450462129	0.0665811062200591	0.12
1.450928234	0.0665811062200591	0.12
1.454856842	0.0665811062200591	0.12
1.457818346	0.0665811062200591	0.13
1.484067531	0.0641846592737801	0.15
1.484117024	0.0641846592737801	0.15
1.485393153	0.0641846592737801	0.15
1.485917469	0.062497558111136	0.16
1.494140559	0.063612261865015	0.16
1.502972103	0.063612261865015	0.17
1.506038743	0.063612261865015	0.18
1.512821455	0.063612261865015	0.18
1.515375804	0.063612261865015	0.18
1.516740221	0.063612261865015	0.19
1.517647523	0.063612261865015	0.19
1.558319819	0.153951406183513	0.23
1.558531046	0.153951406183513	0.23
1.55916507	0.153951406183513	0.23
1.56916589	0.179119889530604	0.22
1.595407686	0.18705659951105	0.19
1.595579044	0.185838244876126	0.19
1.611568792	0.178267803614287	0.18
1.652341299	0.192094070706333	0.14
1.745720251	0.237060182219277	0.04
1.75282717	0.216921455841416	0.04
1.758275756	0.23869850574917	0.03
1.777374698	0.25354661472227	0.01
1.778615293	0.251313356322362	0.01
1.77861633	0.251313356322362	0.01
1.780115455	0.234770351476968	0.01
1.780657571	0.234770351476968	0.01
1.780657572	0.234770351476968	0.01
1.780839524	0.230969391767678	0.01
1.780928629	0.230969391767678	0.01
1.78092863	0.230969391767678	0.01
1.781081012	0.230969391767678	0.01
1.781140367	0.230969391767678	0.01
1.781170031	0.230969391767678	0.01
1.781170032	0.230969391767678	0.01
1.781411499	0.230969391767678	0.01
1.781623424	0.230969391767678	0.01
1.781653031	0.230969391767678	0.01
1.781835463	0.230969391767678	0.01
1.781894629	0.230969391767678	0.01
1.782136293	0.227289547163468	0.01
1.782378022	0.227289547163468	0.01
1.782531315	0.227289547163468	0.01
1.782590324	0.227289547163468	0.01
1.782619816	0.227289547163468	0.01
1.783103602	0.227289547163468	0.01
1.783286774	0.227289547163468	0.01
1.783345594	0.227289547163468	0.01
1.783587651	0.227289547163468	0.01
1.78377107	0.227289547163468	0.01
1.783925287	0.227289547163468	0.01
1.784013316	0.227289547163468	0.01
1.784314217	0.227289547163468	0.01
1.784933025	0.223725119566537	0.01
1.785009515	0.223725119566537	0.01
1.785497332	0.229114694787808	0.01
1.785988286	0.229114694787808	0.01
1.786357195	0.229114694787808	0.01
1.787927091	0.220270762797773	0.01
1.78918715	0.229114694787808	0.01
1.789358594	0.229114694787808	0.01
1.789747139	0.225493248297453	0.01
1.790095821	0.225493248297453	0.01
1.790737455	0.225338389287762	0.01
1.79204453	0.224130683715027	0.02
1.794856772	0.205367479025432	0.02
1.795060195	0.19524892600651	0.02
1.795172249	0.188042845901921	0.02
1.796669094	0.174261104010762	0.02
1.799436111	0.167787399602894	0.02
1.801889818	0.0994173249622626	0.02
1.808733518	0.0619547290478748	0.02
1.809599251	0.062497558111136	0.02
1.813215031	0.133861013399597	0.02
1.813240824	0.133861013399597	0.02
1.813716026	0.133861013399597	0.02
1.814069384	0.133861013399597	0.02
1.814345569	0.133861013399597	0.02
1.814621756	0.133861013399597	0.02
1.814621757	0.133861013399597	0.02
1.814846808	0.133861013399597	0.02
1.814872379	0.13622073519023	0.02
1.815039963	0.13622073519023	0.02
1.815123071	0.12707376181077	0.02
1.815169565	0.125951856906259	0.02
1.815373832	0.12707376181077	0.02
1.815624663	0.12707376181077	0.02
1.815875562	0.12707376181077	0.02
1.816101116	0.12707376181077	0.02
1.816374833	0.12707376181077	0.02
1.816377569	0.12707376181077	0.02
1.81637757	0.12707376181077	0.02
1.816628678	0.12707376181077	0.02
1.817382419	0.128215832878844	0.02
1.817399416	0.128215832878844	0.02
1.817633804	0.12707376181077	0.02
1.818363245	0.12707376181077	0.02
1.819410514	0.12707376181077	0.02
1.819581019	0.129378618769642	0.02
1.81989941	0.128215832878844	0.02
1.82134289	0.126868294902765	0.01
1.822065256	0.126868294902765	0.01
1.823267442	0.130562688227577	0.02
1.824280416	0.128215832878844	0.02
1.824985083	0.128215832878844	0.02
1.828541204	0.125951856906259	0.02
1.828939845	0.128215832878844	0.02
1.829613575	0.118800522466817	0.02
1.830016016	0.118800522466817	0.02
1.835137623	0.123766446150002	0.03
1.83758722	0.123766446150002	0.03
1.839735229	0.116680546454974	0.03
1.844053766	0.120998959999469	0.03
1.846490238	0.11862091990214	0.04
1.860668056	0.11169748767829	0.05
1.872927722	0.109821436562799	0.06
1.876458705	0.109514871183224	0.07
1.917919203	0.104692766774234	0.11
1.919145255	0.106252248855327	0.11
1.934242286	0.107858892904906	0.12
1.93486401	0.0927777624208487	0.12
1.937910579	0.106987788047383	0.13
1.938319698	0.106987788047383	0.13
1.940502926	0.100987249758957	0.13
1.947078383	0.102042986263345	0.14
1.956133657	0.102042986263345	0.15
1.95745413	0.102042986263345	0.15
1.959079535	0.103408521664951	0.15
2.039242563	0.116010777977793	0.23
2.045755957	0.12165558076623	0.23
2.04617014	0.128215832878844	0.23
2.049316864	0.113406870161531	0.24
2.058434493	0.136823722406295	0.24
2.060706206	0.107452693899415	0.25
2.077653506	0.135523933028116	0.26
2.07768814	0.135523933028116	0.26
2.079378601	0.136823722406295	0.26
2.116340052	0.12165558076623	0.3
2.117539144	0.129378618769642	0.3
2.122322709	0.105078329842938	0.31
2.175983465	0.11764273269906	0.36
2.201956234	0.105078329842938	0.39
2.21647999	0.123766446150002	0.4
2.22607531	0.11764273269906	0.41
2.226678687	0.124849588712519	0.41
2.226980498	0.124849588712519	0.41
2.244892022	0.169745580740835	0.43
2.268175967	0.199779947077667	0.41
2.273953022	0.201880077398525	0.4
2.283420782	0.208977485683599	0.39
2.287430653	0.211634753217035	0.39
2.36737444	0.26049105874494	0.33
2.396315913	0.257122955729794	0.32
2.401471639	0.254727622774093	0.32
2.416816988	0.223725119566537	0.31
2.63880046	0.248724249576885	0.11
2.670831293	0.248724249576885	0.08
2.671193019	0.248724249576885	0.08
2.671193179	0.248724249576885	0.08
2.671237545	0.248724249576885	0.08
2.671237705	0.248724249576885	0.08
2.671599486	0.248724249576885	0.08
2.671599646	0.248724249576885	0.08
2.672323822	0.248724249576885	0.07
2.672686057	0.248724249576885	0.07
2.673366554	0.248724249576885	0.07
2.674201502	0.248724249576885	0.07
2.674498542	0.248724249576885	0.07
2.67595059	0.248724249576885	0.07
2.677404052	0.248724249576885	0.07
2.678640892	0.248724249576885	0.07
2.679587204	0.248724249576885	0.07
2.690797174	0.248724249576885	0.06
2.690995907	0.248724249576885	0.06
2.692790444	0.248724249576885	0.06
2.697875326	0.248724249576885	0.06
2.716197088	0.251112282085291	0.06
2.720992773	0.251112282085291	0.06
2.721223607	0.251112282085291	0.06
2.721339166	0.251112282085291	0.06
2.721714851	0.251112282085291	0.06
2.721753239	0.251112282085291	0.06
2.72212898	0.251112282085291	0.06
2.722504826	0.251112282085291	0.06
2.727362573	0.246381208722792	0.06
2.728042156	0.246381208722792	0.06
2.728457177	0.246381208722792	0.06
2.733911556	0.244081899893165	0.07
2.741703646	0.241825110044487	0.08
2.767264537	0.235298378736965	0.1
2.784781798	0.227125065521266	0.12
2.795646082	0.227125065521266	0.13
2.814579483	0.227125065521266	0.15
2.857457722	0.227125065521266	0.19
2.874914635	0.227125065521266	0.21
2.884109016	0.225169694589219	0.22
2.893176138	0.2195005064411	0.23
2.901070252	0.221358248384749	0.23
3.091199805	0.195417844072993	0.42
3.116410384	0.206608901728162	0.45
3.116832706	0.206608901728162	0.45
3.153761559	0.206189443090455	0.49
3.190582361	0.203474813593054	0.52
3.194633906	0.128111160637536	0.52
3.479484296	0.128111160637536	0.8
3.560201153	0.205630604251593	0.890000000000001
3.561529658	0.165372918436451	0.890000000000001
3.561648443	0.13622073519023	0.890000000000001
3.562131134	0.169297936282967	0.890000000000001
3.563861522	0.128111160637536	0.880000000000001
3.571210711	0.154618829875317	0.890000000000001
3.571812505	0.154618829875317	0.890000000000001
3.575584373	0.133861013399597	0.880000000000001
3.579984214	0.13503056577359	0.880000000000001
3.62901857	0.135708103212294	0.910000000000001
3.629519691	0.135708103212294	0.910000000000001
3.630972932	0.135708103212294	0.910000000000001
3.631023885	0.136823722406295	0.910000000000001
3.631169027	0.136823722406295	0.910000000000001
3.631970124	0.131421808709326	0.920000000000001
3.633483005	0.131421808709326	0.920000000000001
3.639968026	0.13353056759817	0.920000000000001
3.707141358	0.13353056759817	0.990000000000001
3.778072999	0.132467796336106	1.06
3.963711323	0.130392210253504	1.25
4.442577106	0.201121123377609	1.72
4.452121847	0.202422824393837	1.73
4.45272527	0.201121123377609	1.73
4.453328856	0.201121123377609	1.73
4.453932605	0.201121123377609	1.73
4.459832487	0.16783038838835	1.74
4.464002998	0.201121123377609	1.74
4.478685952	0.1866117175046	1.76
4.480518943	0.1866117175046	1.76
4.492707945	0.231236802563048	1.76
4.536342962	0.218055749209979	1.77
4.537444354	0.218055749209979	1.78
4.537596069	0.218055749209979	1.78
4.550359745	0.218055749209979	1.79
4.773228095	0.218055749209979	1.98
5.341769851	0.241355303803405	2.23
5.342582978	0.241355303803405	2.23
5.343129076	0.241355303803405	2.23
5.346842194	0.241355303803405	2.24
5.443653327	0.254977659361372	2.25
6.232084175	0.244843552869744	2.60999999999999
6.2338777	0.244843552869744	2.60999999999999
6.234722781	0.244843552869744	2.60999999999999
6.244676548	0.244843552869744	2.61999999999999
6.35095118	0.259071903271626	2.71999999999999
7	0.310264486456142	2.54999999999999
