thrs	post_p	finalwindow
0	0.0710613124505253	0.23
0.03256001	0.070060058621214	0.2
0.070216248	0.0690866280927499	0.17
0.082355146	0.0621755745141002	0.17
0.089689176	0.0621755745141002	0.16
0.093809574	0.0621755745141002	0.16
0.098963073	0.0599275150203114	0.16
0.103967892	0.0592138570999374	0.16
0.106977596	0.0592138570999374	0.16
0.113424721	0.0592138570999374	0.17
0.115659216	0.0592138570999374	0.18
0.123778241	0.0593906733102786	0.18
0.129609166	0.052355517828411	0.17
0.129730945	0.052355517828411	0.17
0.130460633	0.0505802548858406	0.17
0.14705261	0.0482879769475591	0.15
0.148427326	0.0440136578315581	0.15
0.148447444	0.0440136578315581	0.15
0.148782099	0.0440136578315581	0.15
0.161204767	0.049737017274001	0.14
0.178062567	0.0452143323937437	0.12
0.178113806	0.0452143323937437	0.12
0.178140913	0.0452143323937437	0.12
0.178189211	0.0452143323937437	0.12
0.178358463	0.0452143323937437	0.12
0.181486006	0.0501550920757094	0.12
0.181824923	0.0501550920757094	0.12
0.186084933	0.0598373684439528	0.12
0.194681585	0.0621755745141002	0.11
0.206482242	0.0647039470980112	0.1
0.222622275	0.0542599297940536	0.08
0.22265244	0.0542599297940536	0.08
0.222656148	0.0542599297940536	0.08
0.222697977	0.0542599297940536	0.08
0.222924291	0.0627359104106546	0.08
0.223196808	0.0627359104106546	0.08
0.226694446	0.0610844041104613	0.08
0.226867021	0.0610844041104613	0.08
0.226929675	0.0610844041104613	0.08
0.226982815	0.0610844041104613	0.08
0.227177477	0.0616251594686321	0.08
0.227432153	0.0610844041104613	0.08
0.230426372	0.0537709553032504	0.08
0.237068117	0.0552650523809517	0.07
0.241897099	0.0547578790282508	0.07
0.24235868	0.0547578790282508	0.07
0.242615688	0.0547578790282508	0.07
0.242875367	0.0547578790282508	0.07
0.243116147	0.0547578790282508	0.07
0.254481698	0.0473679634711709	0.07
0.256228734	0.0478235458903262	0.07
0.263775407	0.0487615169675622	0.06
0.295749179	0.0440136578315581	0.07
0.296044019	0.0440136578315581	0.07
0.296839561	0.044806894482677	0.07
0.29691506	0.0469209791915393	0.07
0.296919994	0.0469209791915393	0.07
0.296960227	0.0286910728069874	0.07
0.297156652	0.0292537344591438	0.07
0.297207868	0.0289696718254219	0.07
0.297242165	0.0289696718254219	0.07
0.29736316	0.0289696718254219	0.07
0.297631463	0.0295434230204407	0.07
0.298033592	0.0295434230204407	0.07
0.299120783	0.0295434230204407	0.07
0.299931082	0.0295434230204407	0.07
0.300128238	0.0295434230204407	0.07
0.300638986	0.0298389063151696	0.07
0.301373268	0.0298389063151696	0.07
0.302397905	0.0298389063151696	0.07
0.302406093	0.0298389063151696	0.07
0.302452098	0.0298389063151696	0.07
0.302453753	0.0298389063151696	0.07
0.302493847	0.0298389063151696	0.07
0.302535608	0.0298389063151696	0.07
0.302757814	0.0298389063151696	0.07
0.303998368	0.0295434230204407	0.07
0.304168238	0.0295434230204407	0.07
0.306464617	0.0295434230204407	0.07
0.307314933	0.0298389063151696	0.07
0.320217262	0.0397874109977682	0.07
0.322066605	0.0397874109977682	0.07
0.322435043	0.0397874109977682	0.07
0.322591403	0.0397874109977682	0.07
0.322777267	0.0397874109977682	0.07
0.323097253	0.0397874109977682	0.07
0.327195424	0.0393933898636995	0.08
0.334029253	0.0382568001190493	0.08
0.343625259	0.0397874109977682	0.07
0.345554528	0.0393933898636995	0.07
0.356206548	0.0386283052177099	0.06
0.356437896	0.0382568001190493	0.06
0.356490553	0.0382568001190493	0.06
0.357959666	0.036169645483876	0.07
0.360733393	0.036169645483876	0.07
0.362945858	0.036169645483876	0.07
0.363236679	0.036169645483876	0.07
0.363936107	0.036169645483876	0.07
0.367161303	0.070121809635932	0.08
0.37384574	0.0791400184838223	0.08
0.381649088	0.0756976984258828	0.07
0.382008897	0.0752883502177183	0.07
0.386863037	0.0736942924229587	0.06
0.389222512	0.0747596819629421	0.06
0.389299853	0.0747596819629421	0.06
0.403209246	0.0809813135681563	0.05
0.411578949	0.0922493979410569	0.04
0.412388288	0.0916421844512059	0.04
0.415094538	0.0882224654512229	0.04
0.415772448	0.0605530563628181	0.03
0.416416237	0.0765298955862308	0.03
0.418471182	0.0840786274179585	0.03
0.419019267	0.0834903917700551	0.03
0.423143546	0.0898229781148297	0.03
0.438307149	0.0962901304314668	0.01
0.438815006	0.0955193998565948	0.01
0.440249622	0.101057165598782	0.01
0.441698853	0.101057165598782	0.01
0.444499874	0.0944960750603012	0.01
0.444770984	0.0934513764410617	0.01
0.445049535	0.0934513764410617	0.01
0.445117302	0.0934513764410617	0.01
0.445156208	0.0934513764410617	0.01
0.445185067	0.0929376417386532	0.01
0.445185068	0.0929376417386532	0.01
0.445245414	0.0929376417386532	0.01
0.44525283	0.0929376417386532	0.01
0.445252832	0.0929376417386532	0.01
0.445252833	0.0929376417386532	0.01
0.445252835	0.0929376417386532	0.01
0.445305777	0.0929376417386532	0.01
0.44531318	0.0929376417386532	0.01
0.44531319	0.0929376417386532	0.01
0.445373562	0.0929376417386532	0.01
0.445479567	0.0919269331235408	0.01
0.445494353	0.0919269331235408	0.01
0.445540001	0.0919269331235408	0.01
0.445554774	0.0914297779209033	0.01
0.445615211	0.0914297779209033	0.01
0.445653547	0.0914297779209033	0.01
0.445691925	0.109981840758525	0.01
0.445736134	0.109981840758525	0.01
0.445849774	0.12311090300941	0.01
0.445917642	0.12311090300941	0.01
0.445978177	0.12311090300941	0.01
0.446038729	0.12311090300941	0.01
0.446319857	0.12311090300941	0.01
0.446341735	0.12311090300941	0.01
0.446351359	0.12311090300941	0.01
0.446395102	0.12311090300941	0.01
0.446455777	0.12311090300941	0.01
0.446465528	0.12311090300941	0.01
0.446633323	0.12311090300941	0.01
0.446772341	0.12311090300941	0.01
0.446888185	0.121853817317267	0.01
0.446967543	0.121853817317267	0.01
0.447542535	0.121853817317267	0.01
0.447649603	0.121853817317267	0.01
0.447876705	0.121853817317267	0.01
0.447928306	0.121853817317267	0.01
0.448701687	0.121234852648306	0.01
0.449051315	0.121853817317267	0.01
0.449552291	0.121234852648306	0.01
0.449715173	0.121234852648306	0.01
0.451750007	0.121853817317267	0.01
0.453117722	0.121853817317267	0.01
0.453312195	0.121234852648306	0.01
0.453607731	0.121234852648306	0.01
0.453670383	0.121234852648306	0.01
0.45367678	0.121234852648306	0.01
0.453739439	0.121234852648306	0.01
0.453782962	0.121234852648306	0.01
0.453789353	0.121234852648306	0.01
0.453802119	0.121234852648306	0.01
0.453864814	0.121234852648306	0.01
0.453927527	0.121234852648306	0.01
0.453952078	0.121234852648306	0.01
0.453977538	0.121234852648306	0.01
0.453990257	0.121234852648306	0.01
0.454053004	0.121234852648306	0.01
0.454115767	0.121234852648306	0.01
0.454131662	0.121234852648306	0.01
0.454159539	0.121234852648306	0.01
0.454172215	0.121234852648306	0.01
0.454228692	0.121234852648306	0.01
0.454278877	0.121234852648306	0.01
0.454291524	0.121234852648306	0.01
0.454297847	0.121234852648306	0.01
0.454379121	0.121234852648306	0.01
0.454543029	0.122479134669408	0.01
0.454637485	0.122479134669408	0.01
0.455180191	0.1263700959302	0.01
0.455439212	0.127202066738258	0.01
0.455550168	0.135349131734583	0.01
0.455665947	0.147128259244	0.01
0.455678249	0.147128259244	0.01
0.455755613	0.155234059825295	0.01
0.455804735	0.155234059825295	0.01
0.456880284	0.115374335595135	0.02
0.458022431	0.114269572789126	0.02
0.459124851	0.113185766547415	0.02
0.460382332	0.113185766547415	0.02
0.46331093	0.113725087543856	0.02
0.464728436	0.111598064641271	0.02
0.46499053	0.112122326175858	0.02
0.472596627	0.108061158349158	0.03
0.473676694	0.108061158349158	0.03
0.474072423	0.108061158349158	0.03
0.47699163	0.109549145217521	0.03
0.477096915	0.109549145217521	0.03
0.478409458	0.117072122549124	0.03
0.478419311	0.117072122549124	0.03
0.478888149	0.118232015240939	0.03
0.479732593	0.0982724925161531	0.04
0.483511101	0.0986788002265173	0.04
0.483671852	0.0986788002265173	0.04
0.483988273	0.0986788002265173	0.04
0.484458594	0.0986788002265173	0.04
0.484927676	0.100338193640744	0.04
0.486776039	0.0979931570306745	0.04
0.489107131	0.0995015789653467	0.04
0.499369323	0.094414885080232	0.05
0.50407637	0.0788040578207288	0.05
0.508934563	0.0892032017445513	0.06
0.511690912	0.0840786274179585	0.06
0.514553924	0.0917871855074197	0.07
0.514645345	0.0917871855074197	0.07
0.51473946	0.0917871855074197	0.07
0.514742139	0.0917871855074197	0.07
0.516063638	0.0977751790756601	0.07
0.51682809	0.0854548011098488	0.07
0.518492841	0.0845367874796273	0.07
0.518564452	0.0845367874796273	0.07
0.520735072	0.0801268632196079	0.07
0.529143364	0.0177600599060746	0.07
0.534226929	0.00994520099916283	0.06
0.534308248	0.00994520099916283	0.06
0.534380672	0.00994520099916283	0.06
0.534453117	0.00994520099916283	0.06
0.534888196	0.00994520099916283	0.06
0.539174229	0.0493841755151701	0.07
0.543234343	0.049737017274001	0.07
0.546060858	0.0595176184963557	0.06
0.55657045	0.0616251594686321	0.05
0.556645891	0.0616251594686321	0.05
0.559788571	0.059013066232085	0.05
0.566766402	0.065082027616924	0.05
0.572491616	0.059013066232085	0.06
0.574371638	0.059013066232085	0.06
0.57444178	0.059013066232085	0.06
0.583655412	0.0644791999877893	0.06
0.59079165	0.0600308728441394	0.06
0.593573546	0.0600308728441394	0.06
0.593673806	0.0600308728441394	0.06
0.593673808	0.0600308728441394	0.06
0.593754277	0.0600308728441394	0.06
0.593754278	0.0600308728441394	0.06
0.59375428	0.0600308728441394	0.06
0.593915284	0.0600308728441394	0.06
0.594152812	0.0600308728441394	0.06
0.595015574	0.0552650523809517	0.06
0.595196772	0.0552650523809517	0.06
0.595887104	0.0552650523809517	0.06
0.596894832	0.0552650523809517	0.06
0.602148457	0.0585169965996203	0.05
0.604813246	0.0585169965996203	0.05
0.604905308	0.0585169965996203	0.05
0.604905312	0.0585169965996203	0.05
0.604988853	0.0585169965996203	0.05
0.605724938	0.0585169965996203	0.05
0.606051871	0.0585169965996203	0.05
0.60631275	0.0585169965996203	0.05
0.606824709	0.0568445534463204	0.06
0.607971158	0.0542599297940536	0.06
0.608524688	0.0542599297940536	0.06
0.608756287	0.0542599297940536	0.06
0.624510489	0.0682735353801769	0.05
0.635412418	0.0663221428839064	0.05
0.636066531	0.0663221428839064	0.05
0.636422142	0.0663221428839064	0.05
0.637031954	0.0663221428839064	0.05
0.637260654	0.0663221428839064	0.05
0.637881775	0.0663221428839064	0.05
0.641599528	0.0669600934612039	0.05
0.64559646	0.0616251594686321	0.06
0.646569798	0.0616251594686321	0.06
0.64801212	0.0616251594686321	0.06
0.648110758	0.0616251594686321	0.06
0.648827538	0.0616251594686321	0.06
0.65703705	0.0641819546730266	0.07
0.659386285	0.0636683170864311	0.07
0.667879261	0.06266531671952	0.08
0.667879263	0.06266531671952	0.08
0.667969788	0.06266531671952	0.08
0.669490645	0.06266531671952	0.08
0.671132308	0.0631628353435693	0.08
0.678915807	0.057253637385221	0.09
0.680410924	0.057253637385221	0.09
0.68060848	0.057253637385221	0.09
0.680786967	0.057253637385221	0.09
0.690723937	0.0872761511024146	0.09
0.692614054	0.0880488849210325	0.09
0.696262833	0.085037241908163	0.1
0.697379755	0.085037241908163	0.1
0.712401774	0.0815505271759773	0.11
0.715653707	0.0795924474944927	0.12
0.715679053	0.0795924474944927	0.12
0.717816093	0.0808872162729054	0.12
0.725609694	0.0795924474944927	0.13
0.725869057	0.0795924474944927	0.13
0.725979546	0.0802346087104003	0.13
0.726772429	0.0802346087104003	0.13
0.72717465	0.0808872162729054	0.13
0.735438378	0.0487615169675622	0.13
0.742183791	0.0720915997748045	0.14
0.7500464	0.0478235458903262	0.13
0.75180067	0.0473679634711709	0.13
0.756122282	0.0436274793647439	0.13
0.762884543	0.0492444365877427	0.12
0.763284143	0.0487615169675622	0.12
0.763387603	0.0487615169675622	0.12
0.763491091	0.0487615169675622	0.12
0.765321243	0.0473679634711709	0.12
0.7676628	0.049737017274001	0.12
0.772093843	0.0904514270499256	0.12
0.772264397	0.0939218790621344	0.12
0.778829055	0.0969488797508234	0.12
0.779184816	0.0962084156807279	0.12
0.794958533	0.100944441024953	0.1
0.797194853	0.0967361580886548	0.1
0.799403767	0.0992332325113208	0.1
0.8034392	0.103143970436618	0.09
0.812482547	0.0988422656016005	0.08
0.817085993	0.0980587400666753	0.08
0.861362559	0.089343307802906	0.03
0.861783488	0.0964146030433823	0.03
0.867661243	0.10325851344266	0.03
0.870144812	0.100108633960724	0.03
0.874413626	0.105278090895664	0.02
0.875954975	0.0995015789653467	0.02
0.877564409	0.10325851344266	0.02
0.87832845	0.10325851344266	0.02
0.880342154	0.0992008039910728	0.02
0.882218863	0.0953058013649452	0.01
0.88244613	0.102151415671649	0.01
0.882485476	0.102151415671649	0.01
0.883236842	0.108159098756527	0.01
0.883671839	0.106995405115948	0.01
0.884296127	0.108616385310256	0.01
0.885048106	0.106367819350587	0.01
0.885800269	0.104210464342929	0.01
0.887670141	0.108016698594187	0.01
0.888863234	0.106960532444555	0.01
0.889014569	0.105924820271965	0.01
0.889576687	0.104908973599481	0.01
0.889857915	0.104908973599481	0.01
0.890083013	0.104908973599481	0.01
0.890218543	0.104908973599481	0.01
0.890218544	0.104908973599481	0.01
0.890228158	0.104908973599481	0.01
0.890309475	0.103912426310318	0.01
0.890354074	0.104242498421576	0.01
0.890354075	0.104242498421576	0.01
0.890419078	0.104242498421576	0.01
0.890459913	0.104242498421576	0.01
0.890474761	0.104242498421576	0.01
0.890489605	0.104242498421576	0.01
0.890489606	0.104242498421576	0.01
0.890506418	0.104242498421576	0.01
0.890580647	0.104242498421576	0.01
0.89061031	0.104242498421576	0.01
0.890610311	0.104242498421576	0.01
0.890716233	0.103584437873547	0.01
0.890731049	0.103584437873547	0.01
0.890822213	0.103584437873547	0.01
0.890851819	0.103584437873547	0.01
0.890928251	0.103584437873547	0.01
0.890957836	0.103584437873547	0.01
0.890972622	0.103584437873547	0.01
0.890972623	0.103584437873547	0.01
0.891093459	0.102934633595821	0.01
0.89119957	0.102934633595821	0.01
0.891214328	0.102934633595821	0.01
0.891320486	0.102934633595821	0.01
0.891382479	0.102934633595821	0.01
0.891456164	0.102934633595821	0.01
0.89149835	0.102934633595821	0.01
0.891521465	0.102612779154109	0.01
0.891562417	0.102612779154109	0.01
0.891686849	0.102292931177727	0.01
0.891698132	0.102292931177727	0.01
0.891793338	0.102292931177727	0.01
0.892012117	0.101975070962288	0.01
0.892182462	0.101033233292825	0.01
0.892215798	0.101033233292825	0.01
0.892245091	0.101345240151936	0.01
0.892546055	0.102612779154109	0.01
0.892568748	0.102612779154109	0.01
0.89273031	0.102612779154109	0.01
0.892951888	0.101975070962288	0.01
0.892952212	0.101975070962288	0.01
0.893016766	0.101975070962288	0.01
0.89308003	0.101975070962288	0.01
0.893142511	0.101975070962288	0.01
0.893172464	0.101975070962288	0.01
0.893313967	0.102292931177727	0.01
0.893395592	0.102292931177727	0.01
0.894085351	0.101033233292825	0.01
0.894189143	0.101033233292825	0.01
0.89420355	0.101033233292825	0.01
0.89422449	0.101033233292825	0.01
0.894332391	0.101345240151936	0.01
0.894482721	0.101345240151936	0.01
0.894511483	0.101345240151936	0.01
0.894690708	0.100723141659297	0.01
0.894913415	0.100723141659297	0.01
0.895081202	0.101033233292825	0.01
0.895300675	0.101033233292825	0.01
0.89539422	0.101033233292825	0.01
0.895524497	0.103777121026573	0.01
0.895840307	0.104096620248115	0.01
0.89592425	0.104096620248115	0.01
0.896329745	0.103143970436618	0.01
0.89693811	0.102518498778311	0.01
0.897131294	0.100987511890205	0.01
0.897197773	0.100090673694906	0.01
0.897282137	0.100652530646879	0.01
0.898455429	0.0877897910768091	0.01
0.898485328	0.0877897910768091	0.01
0.898755243	0.0868073279163299	0.01
0.89889623	0.0860370494546662	0.01
0.898920463	0.0860370494546662	0.01
0.899310528	0.0839875906968332	0.01
0.899413875	0.0867931136345225	0.01
0.900274359	0.0869782631657277	0.01
0.900307304	0.0869782631657277	0.01
0.900690942	0.0740521791509905	0.01
0.901007608	0.0790175200460293	0.01
0.90151373	0.0600632453190687	0.01
0.901568195	0.0607512249482342	0.01
0.901947653	0.0616934278182675	0.01
0.902162268	0.0621755745141002	0.01
0.902932441	0.052355517828411	0.01
0.903685884	0.0461684663762415	0.01
0.903876527	0.0459744315860327	0.01
0.904039961	0.0457820209316606	0.01
0.904513058	0.0434369202961555	0.01
0.905424433	0.0442093222215596	0.01
0.906197141	0.044806894482677	0.01
0.906508268	0.0442093222215596	0.01
0.906983581	0.0440136578315581	0.01
0.907060652	0.0440136578315581	0.01
0.907185931	0.0442093222215596	0.01
0.907198748	0.0444067340468273	0.01
0.907199842	0.0444067340468273	0.01
0.907298438	0.0353657173727188	0.01
0.907324045	0.0353657173727188	0.01
0.907336843	0.0353657173727188	0.01
0.907336844	0.0353657173727188	0.01
0.907436592	0.0353657173727188	0.01
0.907449378	0.0353657173727188	0.01
0.90746216	0.0353657173727188	0.01
0.9075492	0.0353657173727188	0.01
0.907574745	0.0353657173727188	0.01
0.907587512	0.0353657173727188	0.01
0.907700146	0.0353657173727188	0.01
0.907712898	0.0353657173727188	0.01
0.907951053	0.0353657173727188	0.01
0.907963773	0.0350540643568292	0.01
0.908089263	0.0350540643568292	0.01
0.908089264	0.0350540643568292	0.01
0.908151307	0.0350540643568292	0.01
0.90817671	0.0350540643568292	0.01
0.908189407	0.0350540643568292	0.01
0.908202099	0.0350540643568292	0.01
0.908214789	0.0350540643568292	0.01
0.908289632	0.034900288595946	0.01
0.908453284	0.034900288595946	0.01
0.908566283	0.0347478561145457	0.01
0.908578929	0.0347478561145457	0.01
0.908691978	0.0347478561145457	0.01
0.908729307	0.0347478561145457	0.01
0.908830322	0.0347478561145457	0.01
0.908855181	0.0347478561145457	0.01
0.908943472	0.0352092012318333	0.01
0.909094444	0.0352092012318333	0.01
0.909183517	0.034900288595946	0.01
0.909195105	0.034900288595946	0.01
0.909207673	0.034900288595946	0.01
0.909270732	0.034900288595946	0.01
0.909308419	0.034900288595946	0.01
0.909346075	0.0352092012318333	0.01
0.90938549	0.0352092012318333	0.01
0.909409249	0.0352092012318333	0.01
0.909434338	0.0353657173727188	0.01
0.909620416	0.0353657173727188	0.01
0.909838426	0.0350540643568292	0.01
0.909914657	0.0350540643568292	0.01
0.909925885	0.0350540643568292	0.01
0.910014581	0.0347478561145457	0.01
0.910051995	0.0347478561145457	0.01
0.910467776	0.0352092012318333	0.01
0.910628128	0.0352092012318333	0.01
0.911351929	0.0358437278151285	0.01
0.911518912	0.0356829616874598	0.01
0.911776598	0.0358437278151285	0.01
0.912488931	0.036169645483876	0.01
0.912707801	0.0360059491314418	0.01
0.912776305	0.0356829616874598	0.01
0.913006436	0.044605916821295	0.01
0.913244462	0.044605916821295	0.01
0.913630289	0.0442093222215596	0.01
0.913751419	0.0444067340468273	0.01
0.914018042	0.044605916821295	0.01
0.914696902	0.0450096914020577	0.01
0.915269563	0.0450096914020577	0.01
0.915559183	0.0403251993881365	0.01
0.916024822	0.0403251993881365	0.01
0.916208994	0.0406918751360966	0.01
0.916688985	0.0410652804171773	0.01
0.916912552	0.0410652804171773	0.01
0.917248255	0.0393933898636995	0.01
0.917957453	0.0308414188948491	0.01
0.918238351	0.0368395910710887	0.01
0.918456927	0.0375348229052913	0.01
0.918483627	0.0375348229052913	0.01
0.918816837	0.0393933898636995	0.01
0.919120121	0.0419220995924862	0.02
0.919655338	0.0424096809292257	0.02
0.920002472	0.0424096809292257	0.02
0.921364075	0.0435927079985805	0.02
0.922071236	0.0441201686361802	0.02
0.922455062	0.044660549888023	0.02
0.922504312	0.044660549888023	0.02
0.922763582	0.044660549888023	0.02
0.922787758	0.044660549888023	0.02
0.923268187	0.044660549888023	0.02
0.924412009	0.0455912141062757	0.02
0.924507726	0.0455912141062757	0.02
0.925553967	0.0419703526332825	0.02
0.926193857	0.0419703526332825	0.02
0.927872541	0.034298444614151	0.02
0.929379518	0.0383910631879848	0.03
0.93064775	0.0385262719742347	0.03
0.93220206	0.0397874109977682	0.03
0.933174706	0.0400789588831752	0.03
0.934071327	0.04082687056443	0.03
0.93534835	0.04082687056443	0.03
0.938770844	0.0282562912163684	0.03
0.942896738	0.0217792467311643	0.03
0.947518522	0.0259463130055034	0.03
0.948845214	0.0271258689269883	0.03
0.949342587	0.0276282770775465	0.03
0.950306111	0.0286910728069874	0.03
0.951999424	0.0284177812758561	0.03
0.953473419	0.0276282770775465	0.04
0.954119877	0.0282162050763557	0.04
0.955985355	0.029040169037599	0.04
0.956549025	0.0306041368004692	0.04
0.956766863	0.0308414188948491	0.04
0.956780018	0.0308414188948491	0.04
0.95679317	0.0308414188948491	0.04
0.956793172	0.0308414188948491	0.04
0.957077957	0.0315758674441942	0.04
0.959665139	0.0358437278151285	0.04
0.959857154	0.0358437278151285	0.04
0.960819071	0.0365015445082512	0.04
0.964446178	0.0282162050763557	0.05
0.964458654	0.0282162050763557	0.05
0.966290332	0.0306041368004692	0.05
0.966653906	0.0306041368004692	0.05
0.966980912	0.0315758674441942	0.05
0.966986309	0.0315758674441942	0.05
0.967144414	0.0315758674441942	0.05
0.967297223	0.0323461492019588	0.05
0.967297226	0.0323461492019588	0.05
0.967302571	0.0323461492019588	0.05
0.967302572	0.0323461492019588	0.05
0.96746078	0.0323461492019588	0.05
0.96761904	0.0323461492019588	0.05
0.967619041	0.0323461492019588	0.05
0.967772081	0.0323461492019588	0.05
0.967935716	0.0323461492019588	0.05
0.968083686	0.0328808941403212	0.05
0.968237002	0.0328808941403212	0.05
0.968861479	0.0345967493882179	0.05
0.969035555	0.0345967493882179	0.05
0.970442597	0.0355236312554488	0.05
0.974203145	0.0193120766032846	0.05
0.97801719	0.019891503043267	0.05
0.981915796	0.019501431237978	0.05
0.985118954	0.00965551938392346	0.05
0.9860103	0.00956267291003726	0.05
1.019804062	0.0386283052177099	0.06
1.022530753	0.0397874109977682	0.06
1.027042278	0.0345967493882179	0.07
1.027349785	0.0355236312554488	0.07
1.028094642	0.0355236312554488	0.07
1.029659545	0.0355236312554488	0.07
1.030392053	0.0365015445082512	0.07
1.031720423	0.0368395910710887	0.07
1.032104884	0.0368395910710887	0.07
1.0327094	0.0368395910710887	0.07
1.033463082	0.0368395910710887	0.07
1.034376329	0.0368395910710887	0.07
1.034854243	0.0375348229052913	0.07
1.035677928	0.0375348229052913	0.07
1.036124234	0.0375348229052913	0.07
1.038905957	0.0631628353435693	0.08
1.039046839	0.0631628353435693	0.08
1.048661279	0.0612187012913083	0.09
1.049025044	0.0612187012913083	0.09
1.054783865	0.0641819546730266	0.09
1.056246636	0.0641819546730266	0.09
1.057424783	0.0772732238371188	0.09
1.058571278	0.0612187012913083	0.1
1.067766296	0.0795924474944927	0.1
1.068168044	0.0612187012913083	0.11
1.068277144	0.0612187012913083	0.11
1.06860264	0.0612187012913083	0.11
1.068892568	0.0612187012913083	0.11
1.070326964	0.06266531671952	0.11
1.088407982	0.109549145217521	0.12
1.088762574	0.108552642196564	0.12
1.091073782	0.106613051922208	0.12
1.112743253	0.105245417272948	0.1
1.113082372	0.105245417272948	0.1
1.113233383	0.105245417272948	0.1
1.11414031	0.105245417272948	0.1
1.115076799	0.105245417272948	0.1
1.116382888	0.105245417272948	0.1
1.125633627	0.10837340437655	0.1
1.133642817	0.106267821794964	0.11
1.134317617	0.106267821794964	0.11
1.137302108	0.109457798647354	0.11
1.183360064	0.101345240151936	0.15
1.187305519	0.0897710013319773	0.15
1.18762744	0.0884404059249222	0.15
1.192009701	0.0911422462164392	0.15
1.192075895	0.0911422462164392	0.15
1.192725439	0.0897710013319773	0.15
1.208724051	0.0806685040213121	0.13
1.208769953	0.0806685040213121	0.13
1.209215802	0.0806685040213121	0.13
1.209751115	0.0806685040213121	0.13
1.209768181	0.0806685040213121	0.13
1.21086869	0.079947929029206	0.13
1.212614931	0.0785447206238889	0.13
1.224141399	0.0836855536376861	0.12
1.225416562	0.0836855536376861	0.12
1.226416878	0.0836855536376861	0.12
1.243346642	0.0542599297940536	0.12
1.248955951	0.052355517828411	0.12
1.265568721	0.0563081160089565	0.1
1.270060331	0.0532907150896269	0.1
1.270253663	0.052355517828411	0.1
1.270604589	0.052355517828411	0.1
1.275739262	0.0557817085525942	0.09
1.285172518	0.0600308728441394	0.1
1.289511656	0.0460518494571426	0.1
1.293113698	0.0286910728069874	0.1
1.297280078	0.0286910728069874	0.09
1.302603198	0.0286910728069874	0.1
1.303502827	0.0286910728069874	0.1
1.33510162	0.046482351919732	0.12
1.335485912	0.046482351919732	0.12
1.335508208	0.046482351919732	0.12
1.335711503	0.046482351919732	0.12
1.335892556	0.046482351919732	0.12
1.336051433	0.046482351919732	0.12
1.33625481	0.046482351919732	0.12
1.33638917	0.046482351919732	0.12
1.336413828	0.046482351919732	0.12
1.336595099	0.046482351919732	0.12
1.336665633	0.046482351919732	0.12
1.336979907	0.046482351919732	0.12
1.337117106	0.046482351919732	0.12
1.337161305	0.046482351919732	0.12
1.337529375	0.046482351919732	0.12
1.337777279	0.046482351919732	0.12
1.340005107	0.046482351919732	0.12
1.342315002	0.046482351919732	0.12
1.343443085	0.046482351919732	0.12
1.346883901	0.0478235458903262	0.11
1.360774481	0.0487615169675622	0.1
1.360981621	0.0487615169675622	0.1
1.36116959	0.0487615169675622	0.1
1.361338457	0.0487615169675622	0.1
1.36135761	0.0487615169675622	0.1
1.361545683	0.0487615169675622	0.1
1.361952473	0.0487615169675622	0.1
1.362110213	0.0487615169675622	0.1
1.362279458	0.0487615169675622	0.1
1.365659238	0.049737017274001	0.1
1.368077892	0.049737017274001	0.1
1.368578346	0.049737017274001	0.1
1.369020462	0.049737017274001	0.1
1.370127164	0.0487615169675622	0.11
1.373967278	0.0487615169675622	0.11
1.384187356	0.049737017274001	0.1
1.385801753	0.0696395353393238	0.1
1.418305639	0.0669600934612039	0.1
1.434752614	0.0656962335111989	0.1
1.448119954	0.0616251594686321	0.12
1.450928234	0.0600308728441394	0.12
1.454003033	0.0600308728441394	0.12
1.454856842	0.0600308728441394	0.12
1.484067531	0.059013066232085	0.15
1.484117024	0.059013066232085	0.15
1.485393153	0.0610844041104613	0.15
1.488337206	0.059013066232085	0.16
1.494140559	0.0585169965996203	0.16
1.506038743	0.0696395353393238	0.17
1.511734415	0.0585169965996203	0.18
1.511964569	0.0585169965996203	0.18
1.512403577	0.0585169965996203	0.18
1.513239565	0.0585169965996203	0.18
1.515375804	0.0605530563628181	0.18
1.516740221	0.0585169965996203	0.19
1.517647523	0.0585169965996203	0.19
1.519065464	0.0585169965996203	0.19
1.558319819	0.114819296815181	0.23
1.55916507	0.113845635370047	0.23
1.561070241	0.124394196118887	0.22
1.56916589	0.132693267181766	0.22
1.595407686	0.15214886974432	0.19
1.595579044	0.151185091916805	0.19
1.652341299	0.135403333868933	0.14
1.718627381	0.171623272301478	0.07
1.730827961	0.163175117912825	0.06
1.745720251	0.179361767838797	0.04
1.758275756	0.174637133492672	0.03
1.768990518	0.174637133492672	0.02
1.77492366	0.195205000577793	0.01
1.778615293	0.179361767838797	0.01
1.77861633	0.179361767838797	0.01
1.780115455	0.17015501754486	0.01
1.780627841	0.17015501754486	0.01
1.780657572	0.17015501754486	0.01
1.780839524	0.17015501754486	0.01
1.780928629	0.17015501754486	0.01
1.78092863	0.17015501754486	0.01
1.781081012	0.17015501754486	0.01
1.781170031	0.17015501754486	0.01
1.781170032	0.17015501754486	0.01
1.781411498	0.17015501754486	0.01
1.781411499	0.17015501754486	0.01
1.781623424	0.17015501754486	0.01
1.781653031	0.17015501754486	0.01
1.7818108	0.17015501754486	0.01
1.781835463	0.17015501754486	0.01
1.781894629	0.17015501754486	0.01
1.782136292	0.168711671829915	0.01
1.782136293	0.168711671829915	0.01
1.782378022	0.164524907484453	0.01
1.782619816	0.164524907484453	0.01
1.783044725	0.164524907484453	0.01
1.783345594	0.164524907484453	0.01
1.783587651	0.164524907484453	0.01
1.78377107	0.164524907484453	0.01
1.783829774	0.164524907484453	0.01
1.783925287	0.164524907484453	0.01
1.784314217	0.164524907484453	0.01
1.78446873	0.164524907484453	0.01
1.784933025	0.165897214320917	0.01
1.785009515	0.165897214320917	0.01
1.785497332	0.165897214320917	0.01
1.786357195	0.165897214320917	0.01
1.787927091	0.165897214320917	0.01
1.788872102	0.168711671829915	0.01
1.789358594	0.168711671829915	0.01
1.789747139	0.16729260661291	0.01
1.790095821	0.16729260661291	0.01
1.79204453	0.159255443853288	0.02
1.792147241	0.159255443853288	0.02
1.799436111	0.122210357379783	0.02
1.801889818	0.0278865253508967	0.02
1.808733518	0.112956191699693	0.03
1.813240824	0.0193120766032846	0.03
1.813716026	0.108835502608329	0.04
1.814069382	0.108835502608329	0.04
1.814069384	0.108835502608329	0.04
1.814345569	0.108835502608329	0.04
1.814596154	0.108835502608329	0.04
1.814621756	0.108835502608329	0.04
1.814621757	0.108835502608329	0.04
1.814846808	0.108835502608329	0.04
1.814872379	0.108835502608329	0.04
1.815123071	0.109405668970903	0.04
1.815169565	0.109405668970903	0.04
1.815288509	0.109405668970903	0.04
1.815322808	0.109405668970903	0.04
1.815373832	0.109405668970903	0.04
1.815875562	0.109405668970903	0.04
1.816374833	0.109405668970903	0.04
1.816377569	0.109405668970903	0.04
1.816628678	0.109405668970903	0.04
1.816879855	0.109405668970903	0.04
1.817382419	0.109405668970903	0.04
1.817633804	0.109405668970903	0.04
1.818363245	0.109405668970903	0.04
1.819395454	0.110564113354061	0.04
1.819410514	0.110564113354061	0.04
1.819581019	0.110564113354061	0.04
1.81989941	0.110564113354061	0.04
1.820606159	0.112348520604729	0.04
1.822065256	0.0242585200821433	0.04
1.823267442	0.0180830025856463	0.04
1.824759677	0.10500488066725	0.05
1.828541204	0.10500488066725	0.05
1.828939845	0.106071549420411	0.05
1.829613575	0.106071549420411	0.05
1.835137623	0.10500488066725	0.06
1.842215909	0.0242585200821433	0.06
1.844053766	0.0189441887396116	0.06
1.846490238	0.10500488066725	0.07
1.860668056	0.100458859861476	0.08
1.860714054	0.100458859861476	0.08
1.872927722	0.0147340237895254	0.09
1.876458705	0.00872380122398416	0.09
1.932723098	0.0295434230204407	0.12
1.933588634	0.0298389063151696	0.12
1.934242286	0.0276282770775465	0.13
1.937910579	0.0273747680265882	0.13
1.938309591	0.0273747680265882	0.13
1.938319698	0.0273747680265882	0.13
1.939501786	0.0278865253508967	0.13
1.940502926	0.0278865253508967	0.13
1.945075766	0.059013066232085	0.14
1.947078383	0.059013066232085	0.14
1.95745413	0.059013066232085	0.15
1.959079535	0.0600308728441394	0.15
1.961031557	0.0600308728441394	0.15
2.045755957	0.105669018700972	0.23
2.04617014	0.106613051922208	0.23
2.049316864	0.113725087543856	0.23
2.057190684	0.106613051922208	0.24
2.057670659	0.109549145217521	0.24
2.058434493	0.111598064641271	0.24
2.058810915	0.111598064641271	0.24
2.060706206	0.118232015240939	0.24
2.067556414	0.108552642196564	0.25
2.077371996	0.106613051922208	0.26
2.077653506	0.109549145217521	0.26
2.077935092	0.109549145217521	0.26
2.079378601	0.111598064641271	0.26
2.112854786	0.11593476657826	0.29
2.114638141	0.117072122549124	0.29
2.116340052	0.119415121204697	0.29
2.117539144	0.119415121204697	0.29
2.119081815	0.108552642196564	0.3
2.122322709	0.11593476657826	0.3
2.175983465	0.119415121204697	0.35
2.201956234	0.112651536674989	0.38
2.22342495	0.114819296815181	0.4
2.225736601	0.117072122549124	0.4
2.22607531	0.117072122549124	0.4
2.226678687	0.117072122549124	0.4
2.230993963	0.107574104935211	0.41
2.244892022	0.139333075678481	0.4
2.268175967	0.195444776460047	0.41
2.279085054	0.204224702874673	0.4
2.283420782	0.210344217824	0.39
2.287430653	0.205543788920645	0.39
2.36737444	0.22126438672178	0.31
2.396315913	0.22126438672178	0.28
2.401471639	0.258194779107056	0.28
2.57811595	0.217541154969507	0.15
2.634889835	0.23115496952137	0.09
2.63880046	0.217541154969507	0.09
2.644514931	0.23115496952137	0.08
2.65353762	0.235363292730034	0.07
2.664122924	0.235363292730034	0.06
2.670697515	0.240650952262781	0.06
2.67074212	0.240650952262781	0.06
2.671148642	0.240650952262781	0.06
2.671193019	0.240650952262781	0.06
2.671193179	0.240650952262781	0.06
2.671237545	0.240650952262781	0.06
2.671237705	0.240650952262781	0.06
2.671599486	0.240650952262781	0.06
2.671599646	0.240650952262781	0.06
2.671872794	0.240650952262781	0.06
2.671961685	0.240650952262781	0.06
2.672323822	0.223334848630286	0.05
2.67300408	0.235363292730034	0.05
2.674498542	0.235363292730034	0.05
2.674640938	0.235363292730034	0.05
2.675753192	0.227094493411864	0.05
2.675906626	0.225117284448473	0.05
2.67595059	0.225117284448473	0.05
2.677404052	0.223174207638852	0.05
2.678640892	0.22126438672178	0.05
2.68050645	0.22126438672178	0.05
2.681604422	0.240650952262781	0.05
2.684222358	0.246586450564376	0.04
2.690995907	0.237930208728086	0.04
2.692790444	0.236619738128909	0.03
2.697875326	0.216039612190975	0.03
2.700424629	0.214018145344918	0.03
2.703341222	0.251128661606198	0.04
2.716197088	0.244587081079003	0.05
2.720992773	0.237930208728086	0.05
2.721223607	0.23265251704137	0.05
2.721753239	0.248960759545635	0.06
2.722090639	0.248960759545635	0.06
2.72212898	0.248960759545635	0.06
2.722504826	0.248960759545635	0.06
2.725138453	0.240364420874867	0.06
2.725892101	0.240364420874867	0.06
2.727362573	0.240364420874867	0.06
2.728042156	0.240364420874867	0.06
2.730687704	0.240364420874867	0.06
2.733911556	0.240650952262781	0.07
2.734951629	0.23429691166421	0.07
2.767264537	0.23429691166421	0.1
2.784781798	0.224837633091028	0.12
2.795646082	0.224837633091028	0.13
2.870516676	0.223036699178086	0.2
2.874914635	0.223036699178086	0.21
2.885327778	0.223036699178086	0.22
2.893176138	0.235640065454689	0.23
2.901070252	0.225591382876826	0.23
3.017087015	0.22629945661117	0.35
3.116410384	0.232773532071136	0.45
3.116832706	0.232773532071136	0.45
3.153761559	0.191140417093572	0.48
3.190582361	0.177406394010828	0.48
3.557717034	0.195205000577793	0.840000000000001
3.561529658	0.187831073331299	0.850000000000001
3.561648443	0.187831073331299	0.850000000000001
3.562131134	0.187831073331299	0.850000000000001
3.563861522	0.187831073331299	0.850000000000001
3.565454716	0.187831073331299	0.850000000000001
3.568359469	0.195205000577793	0.850000000000001
3.571210711	0.197139844000211	0.850000000000001
3.572497766	0.187831073331299	0.860000000000001
3.62901857	0.218562758095349	0.910000000000001
3.62939674	0.218562758095349	0.910000000000001
3.629519691	0.218562758095349	0.910000000000001
3.631023885	0.220356453294288	0.910000000000001
3.631169027	0.220356453294288	0.910000000000001
3.631970124	0.235840362036566	0.910000000000001
3.639968026	0.213352703465689	0.920000000000001
3.778072999	0.210015170812142	1.06
3.82876748	0.216112513933761	1.11
3.963711323	0.244257000767882	1.24
4.078052931	0.268907429320382	1.32
4.445571488	0.268907429320382	1.65
4.452121847	0.268907429320382	1.66
4.45272527	0.268907429320382	1.66
4.453932605	0.268907429320382	1.66
4.459832487	0.268907429320382	1.67
4.475601202	0.268907429320382	1.68
4.478685952	0.268907429320382	1.69
4.480518943	0.268907429320382	1.69
4.492707945	0.268907429320382	1.7
4.536342962	0.273405818898142	1.7
4.536969429	0.273405818898142	1.7
4.537444354	0.273405818898142	1.7
4.537596069	0.273405818898142	1.7
4.550359745	0.273405818898142	1.69
4.773228095	0.276116967300085	1.89
4.848628454	0.278882422834442	1.96
5.341769851	0.287750012220855	2.08
5.342582978	0.287750012220855	2.08
5.343129076	0.287750012220855	2.08
5.445157132	0.287750012220855	1.95
6.2338777	0.322729308339203	2.66999999999999
6.234722781	0.322729308339203	2.66999999999999
6.35095118	0.264543717394992	2.72999999999999
7	0.319546667275037	3.36999999999997
