thrs	post_p	finalwindow
0	0.0764592877198168	0.23
0.070216248	0.0647186851124509	0.19
0.082355146	0.063827687449113	0.19
0.089689176	0.0612960549697903	0.2
0.093809574	0.0612960549697903	0.2
0.098963073	0.0763194382983745	0.2
0.103967892	0.110028921401837	0.2
0.106977596	0.0489897172723313	0.19
0.115659216	0.103144265416071	0.19
0.128068503	0.0690566440659869	0.17
0.129609166	0.0917236911235242	0.17
0.148447444	0.0770238485128175	0.15
0.151339737	0.0885388308282023	0.15
0.155752372	0.103144265416071	0.15
0.161204767	0.0885388308282023	0.14
0.172569069	0.0926854273517229	0.13
0.178113806	0.0690566440659869	0.12
0.178140913	0.0690566440659869	0.12
0.178358463	0.0690566440659869	0.12
0.181430774	0.0885388308282023	0.12
0.181486006	0.0885388308282023	0.12
0.181486035	0.0885388308282023	0.12
0.186084933	0.101036927102658	0.12
0.205298456	0.115153066334309	0.1
0.222049977	0.113392798439589	0.09
0.22265244	0.110533390740187	0.08
0.222656148	0.110533390740187	0.08
0.222686318	0.110533390740187	0.08
0.222812147	0.132657312625392	0.08
0.222924291	0.132657312625392	0.08
0.226694446	0.11789838271401	0.08
0.226728961	0.11789838271401	0.08
0.226867021	0.11789838271401	0.08
0.226957829	0.11789838271401	0.08
0.227177477	0.11789838271401	0.08
0.227432153	0.114266153565848	0.08
0.230426372	0.10064525451706	0.08
0.242875367	0.0971682494922149	0.07
0.242941212	0.0971682494922149	0.07
0.243116147	0.0971682494922149	0.07
0.249436037	0.0893141295034477	0.06
0.256228734	0.0942668702816048	0.05
0.256259656	0.0942668702816048	0.05
0.256650521	0.0942668702816048	0.05
0.263775407	0.0901031260785177	0.05
0.287097646	0.0988340794715327	0.04
0.296839561	0.100787329066716	0.04
0.296839653	0.100787329066716	0.04
0.296874128	0.100787329066716	0.04
0.296879772	0.100787329066716	0.04
0.296919994	0.100787329066716	0.04
0.296960227	0.100787329066716	0.04
0.297156652	0.100787329066716	0.04
0.297161557	0.100787329066716	0.04
0.297207868	0.100787329066716	0.04
0.29723727	0.100787329066716	0.04
0.297242165	0.100787329066716	0.04
0.297345093	0.100787329066716	0.04
0.297631463	0.100787329066716	0.04
0.298033592	0.100787329066716	0.04
0.298062423	0.100787329066716	0.04
0.298432807	0.0998011482199785	0.04
0.298682719	0.0998011482199785	0.04
0.299120783	0.0998011482199785	0.04
0.300128238	0.0998011482199785	0.04
0.301159527	0.101793194232303	0.03
0.302406093	0.101793194232303	0.03
0.30240618	0.101793194232303	0.03
0.302452098	0.101793194232303	0.03
0.302757814	0.101793194232303	0.03
0.303037639	0.101793194232303	0.03
0.303998368	0.101793194232303	0.03
0.304168238	0.101793194232303	0.03
0.305094409	0.101793194232303	0.03
0.306047128	0.101793194232303	0.03
0.307314933	0.101793194232303	0.03
0.308759935	0.100787329066716	0.03
0.319078068	0.0951462283549603	0.03
0.320217262	0.0951462283549603	0.03
0.320290117	0.0951462283549603	0.03
0.322066605	0.0934036177203307	0.03
0.322435043	0.0934036177203307	0.03
0.322591403	0.0934036177203307	0.03
0.322777267	0.0934036177203307	0.03
0.323097253	0.0934036177203307	0.03
0.328591896	0.080186087402469	0.04
0.330254195	0.080186087402469	0.04
0.338071632	0.0777413829371638	0.05
0.340262381	0.0771533224703595	0.05
0.343706753	0.0771533224703595	0.05
0.345554528	0.0771533224703595	0.05
0.351815198	0.0760034934311209	0.06
0.356200611	0.074887433321842	0.06
0.356206548	0.074887433321842	0.06
0.356351443	0.074887433321842	0.06
0.356437896	0.0732734758617493	0.06
0.360733393	0.0438883705148868	0.06
0.362945858	0.0712267256030256	0.07
0.363936107	0.0712267256030256	0.07
0.367161303	0.0827895393728162	0.07
0.382008897	0.0848558401941811	0.07
0.386863037	0.0939292716578317	0.06
0.386909127	0.103287884534765	0.06
0.389299853	0.0953240723681787	0.06
0.398731854	0.103866382944554	0.05
0.411578949	0.112022863576331	0.04
0.415094538	0.0963577386919212	0.04
0.415772448	0.0848558401941811	0.03
0.416416237	0.11359709052587	0.03
0.418471182	0.120777795933612	0.03
0.438307149	0.13101719379099	0.01
0.438815006	0.12741645529096	0.01
0.440249622	0.124008340723342	0.01
0.440316292	0.124008340723342	0.01
0.441698853	0.124008340723342	0.01
0.441750067	0.122371750904662	0.01
0.444236336	0.100127723806944	0.01
0.444770984	0.0956988622251346	0.01
0.445117302	0.103866382944554	0.01
0.445185067	0.103362975135976	0.01
0.445185068	0.103362975135976	0.01
0.445252832	0.103362975135976	0.01
0.445252833	0.103362975135976	0.01
0.445252835	0.103362975135976	0.01
0.445305777	0.103362975135976	0.01
0.44531318	0.103362975135976	0.01
0.44531319	0.103362975135976	0.01
0.445373562	0.103362975135976	0.01
0.445419149	0.103362975135976	0.01
0.445494353	0.103362975135976	0.01
0.445540001	0.103362975135976	0.01
0.445554774	0.103362975135976	0.01
0.445578303	0.103362975135976	0.01
0.445615211	0.103362975135976	0.01
0.445653547	0.103362975135976	0.01
0.445675664	0.102864423510782	0.01
0.445736134	0.102864423510782	0.01
0.445849774	0.101397213072011	0.01
0.445857123	0.101397213072011	0.01
0.445970843	0.101397213072011	0.01
0.445978177	0.101397213072011	0.01
0.446038729	0.101397213072011	0.01
0.446188208	0.100917400072252	0.01
0.446319857	0.100917400072252	0.01
0.446351359	0.100917400072252	0.01
0.446394864	0.100917400072252	0.01
0.446395102	0.100917400072252	0.01
0.446455777	0.100917400072252	0.01
0.446465528	0.100917400072252	0.01
0.446633323	0.100917400072252	0.01
0.446772341	0.100917400072252	0.01
0.446888185	0.100917400072252	0.01
0.446967543	0.100917400072252	0.01
0.447158639	0.100917400072252	0.01
0.447876705	0.100442106649156	0.01
0.447928306	0.0995048254848479	0.01
0.448701687	0.106735871009267	0.01
0.448791313	0.106735871009267	0.01
0.449051315	0.107727927642811	0.01
0.449715173	0.107229604821395	0.01
0.451750007	0.109768412834461	0.01
0.452986292	0.101397213072011	0.01
0.453102774	0.101397213072011	0.01
0.453312195	0.100917400072252	0.01
0.453607731	0.100917400072252	0.01
0.453670383	0.100917400072252	0.01
0.45367678	0.100917400072252	0.01
0.453739439	0.100917400072252	0.01
0.453782962	0.100917400072252	0.01
0.453789353	0.100917400072252	0.01
0.453864814	0.100917400072252	0.01
0.453927527	0.100917400072252	0.01
0.453952078	0.100917400072252	0.01
0.453977538	0.100917400072252	0.01
0.453990257	0.100917400072252	0.01
0.454131662	0.100917400072252	0.01
0.454159539	0.100917400072252	0.01
0.454172215	0.100917400072252	0.01
0.454228692	0.100917400072252	0.01
0.454278877	0.101397213072011	0.01
0.454291524	0.101397213072011	0.01
0.454297847	0.101397213072011	0.01
0.454379121	0.101397213072011	0.01
0.455078808	0.100442106649156	0.01
0.455180191	0.101397213072011	0.01
0.455665947	0.107300511349833	0.01
0.455804735	0.109104163779755	0.01
0.456159276	0.102905785715706	0.01
0.45760535	0.101147142309768	0.02
0.457901934	0.101147142309768	0.02
0.458022431	0.101147142309768	0.02
0.458619789	0.0998402247659331	0.02
0.459124851	0.0994120585635784	0.02
0.462114195	0.0934036177203307	0.02
0.46331093	0.0934036177203307	0.02
0.464728436	0.0917954738649565	0.02
0.46499053	0.0921922959524389	0.02
0.474072423	0.0872869756818172	0.03
0.47699163	0.038431256035059	0.03
0.477096915	0.038431256035059	0.03
0.478409458	0.0411608407185248	0.03
0.478419311	0.0411608407185248	0.03
0.478888149	0.0426763885910358	0.03
0.479732593	0.044307808244986	0.03
0.479936634	0.044307808244986	0.03
0.483511101	0.0371978661912088	0.03
0.483671852	0.0803784070753424	0.04
0.484225862	0.0803784070753424	0.04
0.484458594	0.0806824946336873	0.04
0.485999254	0.0686307020918171	0.04
0.48628356	0.0644732281020533	0.04
0.486776039	0.044307808244986	0.04
0.489107131	0.0360411819612979	0.04
0.499369323	0.032503675038635	0.05
0.511690912	0.0329659127110545	0.06
0.514553924	0.0752718914180101	0.07
0.51473946	0.0752718914180101	0.07
0.514742139	0.0752718914180101	0.07
0.514839037	0.0755385043119701	0.07
0.514971335	0.0755385043119701	0.07
0.51502476	0.0755385043119701	0.07
0.515124567	0.0760774365786954	0.07
0.516063638	0.062466044501322	0.07
0.51682809	0.0392208247873707	0.07
0.518492841	0.0303741883974592	0.07
0.518564452	0.0303741883974592	0.07
0.520735072	0.0320542208234726	0.07
0.534226929	0.0557184570273439	0.07
0.534308248	0.0465312876594061	0.06
0.534453117	0.0460689163921289	0.06
0.534888196	0.0460689163921289	0.06
0.536755919	0.0609506948628281	0.06
0.539174229	0.0645898797655946	0.06
0.544416783	0.0855079409674594	0.07
0.568776608	0.104845082980405	0.06
0.572491616	0.106858877713294	0.06
0.574371638	0.106858877713294	0.06
0.591819223	0.110028921401837	0.07
0.593402747	0.110028921401837	0.07
0.593673806	0.110028921401837	0.07
0.593673808	0.110028921401837	0.07
0.593754277	0.110028921401837	0.07
0.59375428	0.110028921401837	0.07
0.593824895	0.110028921401837	0.07
0.593834769	0.110028921401837	0.07
0.593915284	0.110028921401837	0.07
0.594036974	0.110028921401837	0.07
0.594237558	0.110028921401837	0.07
0.594318181	0.110028921401837	0.07
0.595015574	0.110028921401837	0.07
0.595887104	0.110028921401837	0.07
0.596219211	0.110028921401837	0.07
0.596894832	0.110028921401837	0.07
0.597117526	0.110028921401837	0.07
0.602674298	0.11474201725685	0.07
0.604317115	0.116968847492879	0.07
0.604813246	0.119283821792503	0.07
0.604905308	0.107574104935211	0.08
0.605716504	0.107574104935211	0.08
0.606051871	0.107574104935211	0.08
0.606824709	0.107574104935211	0.08
0.607971158	0.107574104935211	0.08
0.608524688	0.107574104935211	0.08
0.61827716	0.107574104935211	0.08
0.624510489	0.118114992747541	0.07
0.635412418	0.113660097806287	0.07
0.63624959	0.113660097806287	0.07
0.636422142	0.113660097806287	0.07
0.637260654	0.113660097806287	0.07
0.638075882	0.119283821792503	0.06
0.641599528	0.119283821792503	0.06
0.64559646	0.119283821792503	0.06
0.646569798	0.119283821792503	0.06
0.64801212	0.119283821792503	0.06
0.648110758	0.119283821792503	0.06
0.65703705	0.113890216598325	0.07
0.659386285	0.113890216598325	0.07
0.667472678	0.108194821178917	0.08
0.667879263	0.108194821178917	0.08
0.667969788	0.108194821178917	0.08
0.669490645	0.108194821178917	0.08
0.678915807	0.0968893121602534	0.09
0.680410924	0.0968893121602534	0.09
0.68060848	0.0968893121602534	0.09
0.680702493	0.0968893121602534	0.09
0.680786967	0.0968893121602534	0.09
0.689921535	0.112784307289089	0.1
0.692614054	0.114421673487547	0.1
0.696262833	0.0906637695380949	0.1
0.697379755	0.0934036177203307	0.1
0.712354258	0.0897858605490577	0.11
0.712401774	0.0897858605490577	0.11
0.713541741	0.0906637695380949	0.11
0.714295462	0.0906637695380949	0.11
0.715679053	0.0856395656779661	0.12
0.717816093	0.0897858605490577	0.12
0.719314887	0.0897858605490577	0.12
0.725869057	0.0856395656779661	0.13
0.726772429	0.0856395656779661	0.13
0.735438378	0.0833306490578193	0.14
0.742183791	0.086437903037188	0.14
0.744518666	0.0856395656779661	0.14
0.7500464	0.0916853417687925	0.15
0.756122282	0.089149782444278	0.14
0.763284143	0.0944319864565832	0.13
0.763387603	0.0962090280251635	0.13
0.765321243	0.0912271389277614	0.13
0.7676628	0.089149782444278	0.13
0.772093843	0.08151191936488	0.12
0.772264397	0.0856140583115465	0.12
0.778829055	0.0898316422012983	0.12
0.779184816	0.0893759159790384	0.12
0.794958533	0.0976576010382095	0.1
0.799403767	0.0916568596377161	0.1
0.8034392	0.103866382944554	0.09
0.817085993	0.0963698336717018	0.08
0.856064956	0.0975734363802816	0.04
0.875213305	0.100127723806944	0.02
0.87832845	0.0960421468999011	0.02
0.88244613	0.0902564570496168	0.01
0.883236842	0.105341382223896	0.01
0.883671839	0.106765664804511	0.01
0.886381245	0.0988340794715327	0.01
0.887670141	0.0963445476305749	0.01
0.889576687	0.0939773519106229	0.01
0.889752182	0.0939773519106229	0.01
0.889857915	0.0939773519106229	0.01
0.890083013	0.0934036177203307	0.01
0.890339212	0.0928368463463251	0.01
0.890354074	0.0928368463463251	0.01
0.890354075	0.0928368463463251	0.01
0.890407894	0.0928368463463251	0.01
0.890419078	0.0928368463463251	0.01
0.890459913	0.0928368463463251	0.01
0.890474761	0.0928368463463251	0.01
0.890489605	0.0928368463463251	0.01
0.890489606	0.0928368463463251	0.01
0.890506418	0.0928368463463251	0.01
0.890580647	0.0928368463463251	0.01
0.890595481	0.0928368463463251	0.01
0.89061031	0.0928368463463251	0.01
0.890610311	0.0928368463463251	0.01
0.89068659	0.0928368463463251	0.01
0.890701414	0.0928368463463251	0.01
0.890716233	0.0928368463463251	0.01
0.890731048	0.0928368463463251	0.01
0.890731049	0.0928368463463251	0.01
0.890822213	0.0928368463463251	0.01
0.890837018	0.0928368463463251	0.01
0.890851819	0.0928368463463251	0.01
0.890928251	0.0928368463463251	0.01
0.890957836	0.0928368463463251	0.01
0.890972622	0.0928368463463251	0.01
0.890972623	0.0928368463463251	0.01
0.891093459	0.0922769118023782	0.01
0.89119957	0.0922769118023782	0.01
0.891244043	0.0922769118023782	0.01
0.89133523	0.0922769118023782	0.01
0.891382479	0.0922769118023782	0.01
0.891441435	0.0922769118023782	0.01
0.891456164	0.0922769118023782	0.01
0.891521465	0.0919994697995907	0.01
0.891562417	0.0919994697995907	0.01
0.891577132	0.0919994697995907	0.01
0.891686849	0.0919994697995907	0.01
0.891698132	0.0919994697995907	0.01
0.892017347	0.0914495608608605	0.01
0.89206133	0.0914495608608605	0.01
0.892182462	0.0909061868085881	0.01
0.892215798	0.0909061868085881	0.01
0.892245091	0.0909061868085881	0.01
0.892546055	0.0909061868085881	0.01
0.892568748	0.0909061868085881	0.01
0.892924751	0.0931277051693616	0.01
0.892951888	0.0931277051693616	0.01
0.892952212	0.0931277051693616	0.01
0.89308003	0.0931277051693616	0.01
0.893172464	0.0928534178984416	0.01
0.893313967	0.0931277051693616	0.01
0.893320622	0.0931277051693616	0.01
0.893352088	0.0931277051693616	0.01
0.893395592	0.0931277051693616	0.01
0.894085351	0.0925807415890231	0.01
0.894189143	0.0925807415890231	0.01
0.89422449	0.0925807415890231	0.01
0.894332391	0.0925807415890231	0.01
0.894511483	0.0925807415890231	0.01
0.894690708	0.092309662090259	0.01
0.894913415	0.092309662090259	0.01
0.895081202	0.092309662090259	0.01
0.895086463	0.092309662090259	0.01
0.895300675	0.092309662090259	0.01
0.89539422	0.0920401654165551	0.01
0.895524497	0.0920401654165551	0.01
0.89592425	0.0920401654165551	0.01
0.896928207	0.0904556617317367	0.01
0.89693811	0.0904556617317367	0.01
0.897131294	0.0962871907123938	0.01
0.897197773	0.0960177110992297	0.01
0.897316929	0.0959470459287947	0.01
0.898455429	0.0850411375760763	0.01
0.898485328	0.0850411375760763	0.01
0.898662437	0.0844876574025259	0.01
0.898755243	0.0837607944532583	0.01
0.898920463	0.0830463314974388	0.01
0.899325427	0.0819972017079543	0.01
0.899974537	0.085032697413341	0.01
0.900031532	0.0846797171292157	0.01
0.900274359	0.0848558401941811	0.01
0.900307304	0.0848558401941811	0.01
0.901007608	0.0803784070753424	0.01
0.90151373	0.0759226728269027	0.01
0.901947653	0.0774322377057241	0.01
0.902162268	0.078367138511072	0.01
0.902291602	0.0726145400448809	0.01
0.902860993	0.0621173193747449	0.01
0.902919093	0.0621173193747449	0.01
0.903166806	0.0579745870963405	0.01
0.903685884	0.0475250071186472	0.01
0.903876527	0.0475250071186472	0.01
0.904039961	0.0475250071186472	0.01
0.904513058	0.0498679568980473	0.01
0.905345526	0.0494249359978602	0.01
0.906154318	0.0507782597601429	0.01
0.906197141	0.0498679568980473	0.01
0.906210372	0.0496454581218396	0.01
0.906508268	0.0496454581218396	0.01
0.906786831	0.0494249359978602	0.01
0.906922556	0.0489897172723313	0.01
0.907060652	0.0498679568980473	0.01
0.90712089	0.0498679568980473	0.01
0.907185931	0.050092459022742	0.01
0.907198748	0.0503189916750953	0.01
0.907199842	0.0503189916750953	0.01
0.907298438	0.0503189916750953	0.01
0.907324045	0.0507782597601429	0.01
0.907336843	0.0507782597601429	0.01
0.907336844	0.0507782597601429	0.01
0.907436592	0.0507782597601429	0.01
0.907449378	0.0507782597601429	0.01
0.90746216	0.0507782597601429	0.01
0.907536422	0.0507782597601429	0.01
0.9075492	0.0507782597601429	0.01
0.907574745	0.0507782597601429	0.01
0.907587512	0.0507782597601429	0.01
0.907674633	0.0507782597601429	0.01
0.907700146	0.0507782597601429	0.01
0.907712898	0.0507782597601429	0.01
0.907951053	0.0507782597601429	0.01
0.908076559	0.0505475825281607	0.01
0.908089263	0.0505475825281607	0.01
0.908089264	0.0505475825281607	0.01
0.908151307	0.0505475825281607	0.01
0.90817671	0.0505475825281607	0.01
0.908189407	0.0505475825281607	0.01
0.908453284	0.0503189916750953	0.01
0.908566283	0.0507782597601429	0.01
0.908577365	0.0507782597601429	0.01
0.908578929	0.0507782597601429	0.01
0.908691978	0.0510110520659772	0.01
0.908729307	0.0510110520659772	0.01
0.908816452	0.0514830993343217	0.01
0.908855181	0.0512459886692286	0.01
0.909094444	0.0517224143791111	0.01
0.909183517	0.0514830993343217	0.01
0.909195105	0.0514830993343217	0.01
0.909207673	0.0514830993343217	0.01
0.909270732	0.0514830993343217	0.01
0.909346075	0.0517224143791111	0.01
0.909409249	0.0517224143791111	0.01
0.909434338	0.0517224143791111	0.01
0.909642167	0.0517224143791111	0.01
0.909838426	0.0512459886692286	0.01
0.910014581	0.0507782597601429	0.01
0.910051995	0.0510110520659772	0.01
0.910467776	0.0514830993343217	0.01
0.911049792	0.0519639646878044	0.01
0.911062134	0.0519639646878044	0.01
0.91113001	0.0519639646878044	0.01
0.911351929	0.0519639646878044	0.01
0.911404622	0.0517224143791111	0.01
0.911518912	0.0519639646878044	0.01
0.911632099	0.0519639646878044	0.01
0.911776598	0.0519639646878044	0.01
0.912630246	0.0522077817242493	0.01
0.912707801	0.0522077817242493	0.01
0.912776305	0.0522077817242493	0.01
0.912967277	0.048293839425572	0.01
0.913006436	0.048293839425572	0.01
0.913139907	0.048293839425572	0.01
0.913244462	0.0485235916699775	0.01
0.914870556	0.0522077817242493	0.01
0.914983658	0.0522077817242493	0.01
0.915026039	0.0522077817242493	0.01
0.915269563	0.0522077817242493	0.01
0.916163647	0.0527023448163465	0.01
0.916208994	0.0532063674879684	0.01
0.916688985	0.0539807405398074	0.01
0.916912552	0.0542438983477313	0.01
0.917957453	0.034435023360443	0.01
0.918238351	0.0554329426385824	0.02
0.918483627	0.0556547555020115	0.02
0.918816837	0.0567909907141132	0.02
0.919120121	0.0572585821473628	0.02
0.919655338	0.0574952772530281	0.02
0.919822583	0.0574952772530281	0.02
0.920002472	0.0577339373786516	0.02
0.921364075	0.058708725746057	0.02
0.921783065	0.0589575879122131	0.02
0.922071236	0.0594616958190636	0.02
0.922455062	0.0602342312975855	0.02
0.923268187	0.0569404529075508	0.02
0.923473233	0.0569404529075508	0.02
0.924160807	0.0571913125041451	0.02
0.924627878	0.0574443922802655	0.02
0.927872541	0.0450249751988444	0.02
0.929379518	0.0513405703625791	0.03
0.93064775	0.0515307850128478	0.03
0.93220206	0.0527023448163465	0.03
0.933174706	0.049931894759481	0.03
0.934071327	0.0505147996172825	0.03
0.941112169	0.0244478675449124	0.03
0.944027825	0.0209495736393305	0.03
0.947518522	0.0236175904032427	0.03
0.948845214	0.0236175904032427	0.03
0.950306111	0.0248852891099204	0.03
0.951999424	0.0253386485401138	0.03
0.953473419	0.0270643497546738	0.03
0.954119877	0.0270643497546738	0.03
0.955603107	0.0183876837346829	0.03
0.955985355	0.0183876837346829	0.03
0.956018846	0.0361113631446339	0.03
0.956296714	0.0361113631446339	0.03
0.956780018	0.0361113631446339	0.03
0.956793172	0.0361113631446339	0.03
0.957016096	0.0361113631446339	0.03
0.957077957	0.0361113631446339	0.03
0.957486775	0.0361113631446339	0.03
0.958321379	0.0368285061463887	0.03
0.959642592	0.0371978661912088	0.03
0.959857154	0.0371978661912088	0.03
0.960819071	0.0404427282817703	0.04
0.964446178	0.0354216158117054	0.04
0.964458654	0.0354216158117054	0.04
0.966290332	0.0361113631446339	0.04
0.966653906	0.0361113631446339	0.04
0.966980911	0.0361113631446339	0.04
0.966980912	0.0361113631446339	0.04
0.966986309	0.0361113631446339	0.04
0.967139043	0.0361113631446339	0.04
0.967144414	0.0361113631446339	0.04
0.967297223	0.0361113631446339	0.04
0.967302571	0.0361113631446339	0.04
0.967302572	0.0361113631446339	0.04
0.967608447	0.0361113631446339	0.04
0.96761904	0.0361113631446339	0.04
0.967772081	0.0361113631446339	0.04
0.967925221	0.0368285061463887	0.04
0.968083686	0.0368285061463887	0.04
0.968088909	0.0368285061463887	0.04
0.968861479	0.0368285061463887	0.04
0.969035555	0.0368285061463887	0.04
0.970442597	0.0371978661912088	0.04
0.973457204	0.0426763885910358	0.05
0.973766743	0.0434767994891014	0.05
0.974203145	0.0335019004267057	0.05
0.97801719	0.0341182599291786	0.05
0.978183481	0.0335019004267057	0.05
0.985118954	0.0315095856373779	0.05
0.9860103	0.0309831490951771	0.05
1.021711423	0.0671804093927925	0.06
1.023898132	0.0671804093927925	0.06
1.027349785	0.0605950589378883	0.07
1.028094642	0.0610941208421401	0.07
1.029078227	0.0637180347653676	0.07
1.029271857	0.0637180347653676	0.07
1.029659545	0.0642700983802047	0.07
1.030020301	0.0654034307095274	0.07
1.030392053	0.0654034307095274	0.07
1.032104884	0.0659852190048654	0.07
1.0327094	0.0659852190048654	0.07
1.033463082	0.0659852190048654	0.07
1.034376329	0.0659852190048654	0.07
1.034854243	0.0690566440659869	0.07
1.035677928	0.0690566440659869	0.07
1.038905957	0.0752187945221411	0.08
1.039046839	0.0752187945221411	0.08
1.041709188	0.0777413829371638	0.08
1.043349328	0.0777413829371638	0.08
1.048661279	0.0706348122866894	0.09
1.057424783	0.0934036177203307	0.09
1.058571278	0.0706348122866894	0.1
1.067766296	0.0675474555471422	0.11
1.068168044	0.0675474555471422	0.11
1.06860264	0.0701008020810752	0.11
1.068892568	0.0701008020810752	0.11
1.070020858	0.0717276180441955	0.11
1.070326964	0.0717276180441955	0.11
1.088762574	0.128892431866873	0.12
1.091073782	0.124285371126591	0.12
1.112743253	0.120476014773366	0.1
1.113082372	0.120476014773366	0.1
1.113233383	0.120476014773366	0.1
1.11414031	0.120476014773366	0.1
1.115076799	0.120476014773366	0.1
1.125633627	0.116968847492879	0.11
1.127882011	0.116968847492879	0.11
1.13205703	0.118114992747541	0.11
1.133642817	0.118114992747541	0.11
1.133988353	0.10952903589306	0.12
1.134317617	0.10952903589306	0.12
1.162829766	0.102819339010792	0.13
1.187305519	0.0808214781722082	0.15
1.187446683	0.0808214781722082	0.15
1.18762744	0.0795606091529509	0.15
1.192009701	0.080186087402469	0.15
1.192075895	0.080186087402469	0.15
1.192725439	0.0789448132561372	0.15
1.203309389	0.0827895393728162	0.14
1.208724051	0.0609506948628281	0.13
1.208769953	0.0609506948628281	0.13
1.209215802	0.0609506948628281	0.13
1.209751115	0.0609506948628281	0.13
1.209768181	0.0609506948628281	0.13
1.209825949	0.0609506948628281	0.13
1.210771389	0.0603836624997082	0.13
1.21086869	0.0603836624997082	0.13
1.212614931	0.0592806706844006	0.13
1.22465873	0.0603836624997082	0.12
1.226416878	0.0603836624997082	0.12
1.246668032	0.0566917844027937	0.12
1.248955951	0.0552442197810244	0.12
1.252855937	0.0609506948628281	0.11
1.270060331	0.0571913125041451	0.1
1.270253663	0.0562009068366546	0.1
1.270604589	0.0562009068366546	0.1
1.275739262	0.0609506948628281	0.09
1.289511656	0.0178565265708152	0.09
1.293113698	0.0178565265708152	0.09
1.297280078	0.044307808244986	0.09
1.302603198	0.043072875909492	0.1
1.303502827	0.044307808244986	0.1
1.325958837	0.0415295458558747	0.12
1.33510162	0.0434767994891014	0.12
1.335485912	0.0434767994891014	0.12
1.335508208	0.0434767994891014	0.12
1.335711503	0.0434767994891014	0.12
1.335892556	0.0434767994891014	0.12
1.336051433	0.0434767994891014	0.12
1.33638917	0.0434767994891014	0.12
1.336595099	0.0434767994891014	0.12
1.336979907	0.0434767994891014	0.12
1.337117106	0.0434767994891014	0.12
1.337524247	0.0434767994891014	0.12
1.337777279	0.0434767994891014	0.12
1.337887386	0.0434767994891014	0.12
1.340005107	0.0465312876594061	0.11
1.342368518	0.0451712035759809	0.11
1.346883901	0.0447353404001453	0.11
1.360533959	0.0447353404001453	0.12
1.360774481	0.0447353404001453	0.12
1.360981621	0.0447353404001453	0.12
1.36116959	0.0447353404001453	0.12
1.36135761	0.0447353404001453	0.12
1.361952473	0.0447353404001453	0.12
1.364721715	0.0434767994891014	0.12
1.368077892	0.0527023448163465	0.12
1.368578346	0.0527023448163465	0.12
1.369020462	0.0547779871683571	0.12
1.369707356	0.0547779871683571	0.12
1.370127164	0.0547779871683571	0.12
1.377139612	0.0553226979171122	0.11
1.379222918	0.0553226979171122	0.11
1.38563755	0.0527023448163465	0.12
1.385801753	0.0527023448163465	0.12
1.418305639	0.0558783506490701	0.1
1.430594094	0.0558783506490701	0.1
1.434752614	0.0558783506490701	0.1
1.440102642	0.0558783506490701	0.11
1.448119954	0.0527023448163465	0.12
1.450462129	0.0527023448163465	0.12
1.450928234	0.0527023448163465	0.12
1.454856842	0.0527023448163465	0.12
1.484117024	0.0503189916750953	0.15
1.485393153	0.0512459886692286	0.15
1.494140559	0.0503189916750953	0.16
1.502972103	0.0503189916750953	0.17
1.506038743	0.0503189916750953	0.18
1.511734415	0.0503189916750953	0.18
1.512194724	0.0503189916750953	0.18
1.512403577	0.0503189916750953	0.18
1.513239565	0.0503189916750953	0.18
1.519065464	0.0503189916750953	0.19
1.558531046	0.155023329862061	0.23
1.55916507	0.153634903030196	0.23
1.561070241	0.172171106267574	0.22
1.595407686	0.19076764250424	0.19
1.595579044	0.19076764250424	0.19
1.611568792	0.216894918911825	0.17
1.718627381	0.259556536570683	0.07
1.745720251	0.263911803090691	0.04
1.75282717	0.238060182203	0.04
1.758275756	0.261921636124329	0.03
1.77492366	0.246216807842391	0.02
1.778615293	0.274424525299671	0.01
1.780657571	0.254952202621465	0.01
1.780657572	0.254952202621465	0.01
1.780928629	0.254952202621465	0.01
1.78092863	0.254952202621465	0.01
1.781170031	0.254952202621465	0.01
1.781170032	0.254952202621465	0.01
1.781411498	0.254952202621465	0.01
1.781411499	0.254952202621465	0.01
1.781623424	0.254952202621465	0.01
1.781653031	0.254952202621465	0.01
1.7818108	0.254952202621465	0.01
1.781835463	0.254952202621465	0.01
1.781894629	0.254952202621465	0.01
1.782136292	0.250508376101482	0.01
1.782136293	0.250508376101482	0.01
1.782378022	0.250508376101482	0.01
1.782590324	0.250508376101482	0.01
1.782619816	0.250508376101482	0.01
1.783044725	0.250508376101482	0.01
1.78377107	0.250508376101482	0.01
1.784314217	0.250508376101482	0.01
1.784933025	0.257233767525107	0.01
1.785322292	0.2633464183691	0.01
1.785988286	0.258753367882126	0.01
1.786357195	0.258753367882126	0.01
1.787927091	0.250031713048258	0.01
1.788266632	0.250031713048258	0.01
1.788780487	0.252156537842975	0.01
1.789358594	0.252156537842975	0.01
1.789747139	0.250031713048258	0.01
1.790033715	0.250031713048258	0.01
1.790095821	0.250031713048258	0.01
1.79204453	0.237940751022183	0.02
1.794856772	0.224663482414242	0.02
1.795060195	0.220092611723526	0.02
1.795643534	0.206114342298455	0.02
1.796645824	0.192655084736747	0.02
1.796669094	0.192655084736747	0.02
1.796696941	0.192655084736747	0.02
1.799436111	0.190394583285145	0.02
1.801889818	0.0811429646822659	0.02
1.808733518	0.181227978166079	0.03
1.809599251	0.181227978166079	0.03
1.812688451	0.0925560322256446	0.03
1.813215031	0.0934036177203307	0.03
1.813240824	0.0934036177203307	0.03
1.813716026	0.0934036177203307	0.03
1.813793197	0.0969550981748306	0.03
1.814596154	0.0717276180441955	0.03
1.814621756	0.0717276180441955	0.03
1.814621757	0.0717276180441955	0.03
1.814872379	0.0717276180441955	0.03
1.815039963	0.0731421139682495	0.03
1.815123071	0.0731421139682495	0.03
1.815322808	0.0738704910660109	0.03
1.815373832	0.0738704910660109	0.03
1.815624663	0.0738704910660109	0.03
1.815850116	0.0738704910660109	0.03
1.815875562	0.0738704910660109	0.03
1.816377569	0.176564555014674	0.04
1.81637757	0.176564555014674	0.04
1.816628678	0.176564555014674	0.04
1.817382419	0.176564555014674	0.04
1.818363245	0.176564555014674	0.04
1.819410514	0.177477940181225	0.04
1.819581019	0.177477940181225	0.04
1.81989941	0.177477940181225	0.04
1.820606159	0.177477940181225	0.04
1.82134289	0.116197374548773	0.04
1.822065256	0.0795606091529509	0.04
1.823267442	0.0901031260785177	0.04
1.823345161	0.0901031260785177	0.04
1.824280416	0.0934036177203307	0.04
1.824759677	0.0697055633769611	0.04
1.824985083	0.071040689811414	0.04
1.828939845	0.173003132235274	0.05
1.829051906	0.173003132235274	0.05
1.830016016	0.173003132235274	0.05
1.835137623	0.0684196954569798	0.05
1.836263396	0.0527023448163465	0.05
1.83758722	0.0542438983477313	0.05
1.839735229	0.173003132235274	0.06
1.844053766	0.0901031260785177	0.06
1.846490238	0.0542438983477313	0.06
1.860714054	0.162530627630835	0.08
1.876458705	0.0456156436795796	0.08
1.877534086	0.0465312876594061	0.08
1.932723098	0.0517224143791111	0.13
1.934242286	0.0517224143791111	0.13
1.937910579	0.0507782597601429	0.13
1.938309591	0.0507782597601429	0.13
1.938319698	0.0507782597601429	0.13
1.939501786	0.0522077817242493	0.13
1.940502926	0.0438883705148868	0.13
1.945075766	0.0481418761747027	0.14
1.947078383	0.0481418761747027	0.14
1.956133657	0.0481418761747027	0.15
1.95745413	0.0481418761747027	0.15
1.959079535	0.0494249359978602	0.15
1.961031557	0.0415295458558747	0.15
2.03833515	0.0539807405398074	0.23
2.039242563	0.0551855071381718	0.23
2.04617014	0.0532063674879684	0.24
2.049316864	0.0539807405398074	0.24
2.057190684	0.0528274531225272	0.25
2.057670659	0.0528274531225272	0.25
2.058434493	0.0528274531225272	0.25
2.058810915	0.0539807405398074	0.25
2.067556414	0.0528274531225272	0.26
2.07768814	0.0528274531225272	0.27
2.077935092	0.0528274531225272	0.27
2.079378601	0.0539807405398074	0.27
2.080200147	0.0475540231454614	0.27
2.112854786	0.0479049994841529	0.3
2.114638141	0.0381153035816893	0.3
2.119081815	0.0535907567855904	0.31
2.122322709	0.0472081522631707	0.31
2.21647999	0.0520855878755543	0.41
2.22342495	0.0489897172723313	0.41
2.22607531	0.0456156436795796	0.41
2.226678687	0.0513642703622998	0.42
2.226980498	0.0513642703622998	0.42
2.268175967	0.185293744938044	0.41
2.273953022	0.177238755953782	0.4
2.283420782	0.183333281980336	0.39
2.287430653	0.192699082085191	0.39
2.36737444	0.233724228899771	0.31
2.57811595	0.2225070097879	0.15
2.634889835	0.23139120945958	0.09
2.63880046	0.218315920943813	0.09
2.65353762	0.233724228899771	0.07
2.664122924	0.233724228899771	0.06
2.669724846	0.220391542144451	0.06
2.670697515	0.227204248045885	0.06
2.67074212	0.227204248045885	0.06
2.671148642	0.227204248045885	0.06
2.671193179	0.227204248045885	0.06
2.671237545	0.227204248045885	0.06
2.671237705	0.227204248045885	0.06
2.671599486	0.227204248045885	0.06
2.671599646	0.227204248045885	0.06
2.671961685	0.227204248045885	0.06
2.672323822	0.227204248045885	0.06
2.672686057	0.233724228899771	0.05
2.67300408	0.233724228899771	0.05
2.673366554	0.233724228899771	0.05
2.673410821	0.233724228899771	0.05
2.674640938	0.233724228899771	0.05
2.674817434	0.233724228899771	0.05
2.675753192	0.233724228899771	0.05
2.675906626	0.23139120945958	0.05
2.67595059	0.23139120945958	0.05
2.678640892	0.220391542144451	0.05
2.68050645	0.220391542144451	0.05
2.681604422	0.227204248045885	0.05
2.690995907	0.231569017633976	0.04
2.697875326	0.242979242979243	0.04
2.700424629	0.224210777197582	0.03
2.714352711	0.227204248045885	0.05
2.716197088	0.227204248045885	0.05
2.720992773	0.224663482414242	0.05
2.721339166	0.231733898659341	0.06
2.721714851	0.231733898659341	0.06
2.721753239	0.231733898659341	0.06
2.72212898	0.231733898659341	0.06
2.722504826	0.231733898659341	0.06
2.725892101	0.225082989773518	0.06
2.727362573	0.225082989773518	0.06
2.728042156	0.225082989773518	0.06
2.728457177	0.225082989773518	0.06
2.730687704	0.227204248045885	0.06
2.733911556	0.227521913752162	0.07
2.741703646	0.223460309233826	0.08
2.742221604	0.223460309233826	0.08
2.758261585	0.216979793026917	0.09
2.767264537	0.215044343983989	0.1
2.795646082	0.205862909050843	0.13
2.814579483	0.205862909050843	0.15
2.857457722	0.200720974509254	0.19
2.870516676	0.202406172512579	0.2
2.874914635	0.200720974509254	0.21
2.884109016	0.206844167266331	0.22
2.901070252	0.202406172512579	0.23
3.017087015	0.200227032326307	0.35
3.116410384	0.208725437702165	0.45
3.153761559	0.141040154705133	0.48
3.190582361	0.120476014773366	0.5
3.479484296	0.148602365172936	0.76
3.557717034	0.148602365172936	0.840000000000001
3.560201153	0.148602365172936	0.840000000000001
3.561529658	0.144267231764443	0.850000000000001
3.561648443	0.144267231764443	0.850000000000001
3.562131134	0.144267231764443	0.850000000000001
3.563861522	0.144267231764443	0.850000000000001
3.565454716	0.145683896354383	0.850000000000001
3.567214517	0.148602365172936	0.850000000000001
3.571210711	0.144267231764443	0.860000000000001
3.572123566	0.144267231764443	0.860000000000001
3.575584373	0.145683896354383	0.860000000000001
3.62901857	0.139445881845623	0.910000000000001
3.62939674	0.139445881845623	0.910000000000001
3.629519691	0.139445881845623	0.910000000000001
3.6300627	0.139445881845623	0.910000000000001
3.630972932	0.139445881845623	0.910000000000001
3.631970124	0.13385419361515	0.920000000000001
3.633483005	0.13385419361515	0.920000000000001
3.778072999	0.13385419361515	1.06
3.82876748	0.132789241350991	1.11
3.963711323	0.129693688273926	1.25
4.442577106	0.175094310049408	1.71
4.445571488	0.167421692984727	1.71
4.452121847	0.169118127737465	1.71
4.45272527	0.175094310049408	1.72
4.453328856	0.175094310049408	1.72
4.453932605	0.167421692984727	1.72
4.464002998	0.167421692984727	1.73
4.475601202	0.167421692984727	1.74
4.478685952	0.167421692984727	1.74
4.480518943	0.167421692984727	1.74
4.492707945	0.169118127737465	1.74
4.536342962	0.178645286269322	1.77
4.537444354	0.175094310049408	1.78
4.550359745	0.178645286269322	1.79
4.773228095	0.178645286269322	1.98
4.895921957	0.178645286269322	2.11
5.341769851	0.205770430312342	2.25
5.342582978	0.205770430312342	2.24
5.346842194	0.205770430312342	2.24
5.443653327	0.201841304517438	2.29
5.445157132	0.201841304517438	2.29999999999999
6.232084175	0.185293744938044	2.66999999999999
6.2338777	0.214831423351603	2.67999999999999
6.244676548	0.214831423351603	2.68999999999999
6.358499262	0.220508012274122	2.79999999999998
7	0.162530627630835	3.36999999999997
