thrs	post_p	finalwindow
0	0.141410959877545	0.23
0.089689176	0.0991966726609497	0.21
0.093809574	0.104059606382708	0.21
0.106977596	0.0928734773883418	0.19
0.113424721	0.104059606382708	0.19
0.115659216	0.103187438512171	0.19
0.128068503	0.0991966726609497	0.17
0.148447444	0.102329769144109	0.16
0.151339737	0.101486239734377	0.16
0.155752372	0.103187438512171	0.15
0.161204767	0.101486239734377	0.15
0.172569069	0.0910471347913075	0.13
0.178062567	0.102329769144109	0.13
0.178113806	0.102329769144109	0.13
0.178140913	0.102329769144109	0.13
0.178189211	0.102329769144109	0.13
0.181430774	0.0942600579053502	0.12
0.181486006	0.0942600579053502	0.12
0.181486035	0.0942600579053502	0.12
0.186084933	0.102329769144109	0.12
0.191788381	0.0942600579053502	0.11
0.194681585	0.104059606382708	0.11
0.206482242	0.104059606382708	0.1
0.222049977	0.0993701473884802	0.09
0.222622275	0.0881204997268899	0.08
0.22265244	0.0881204997268899	0.08
0.222656148	0.0881204997268899	0.08
0.222686318	0.0881204997268899	0.08
0.222924291	0.103913222650627	0.08
0.226694446	0.100246702464846	0.08
0.226728961	0.100246702464846	0.08
0.226867021	0.100246702464846	0.08
0.226957829	0.100246702464846	0.08
0.227081991	0.100246702464846	0.08
0.227177477	0.100246702464846	0.08
0.227432153	0.100246702464846	0.08
0.241897099	0.0697783402838423	0.07
0.24235868	0.0697783402838423	0.07
0.242615688	0.0704269809082909	0.07
0.242941212	0.0704269809082909	0.07
0.249436037	0.0465440814108641	0.07
0.254481698	0.0443637278594089	0.07
0.256259656	0.0452108879460146	0.07
0.256650521	0.0452108879460146	0.07
0.263775407	0.0460910322613438	0.07
0.287097646	0.0412704320307429	0.07
0.295749179	0.0443637278594089	0.07
0.296044019	0.0443637278594089	0.07
0.296839561	0.0452108879460146	0.07
0.296874128	0.0465440814108641	0.07
0.296879772	0.0465440814108641	0.07
0.29691506	0.0465440814108641	0.07
0.296960227	0.0470061254158922	0.07
0.297156652	0.039219475444443	0.08
0.297207868	0.0474774348386231	0.07
0.29723727	0.0474774348386231	0.07
0.297242165	0.0474774348386231	0.07
0.297345093	0.0474774348386231	0.07
0.29736316	0.0474774348386231	0.07
0.297631463	0.039219475444443	0.08
0.298033592	0.0470061254158922	0.07
0.298062423	0.0470061254158922	0.07
0.299931082	0.0470061254158922	0.07
0.301159527	0.0470061254158922	0.07
0.301373268	0.0470061254158922	0.07
0.302397905	0.0470061254158922	0.07
0.302406093	0.0470061254158922	0.07
0.30240618	0.0470061254158922	0.07
0.302443572	0.0470061254158922	0.07
0.302452098	0.0470061254158922	0.07
0.302531356	0.0470061254158922	0.07
0.302535608	0.0470061254158922	0.07
0.302844832	0.0470061254158922	0.07
0.303037639	0.0470061254158922	0.07
0.303062807	0.0470061254158922	0.07
0.305094409	0.0470061254158922	0.07
0.306047128	0.0470061254158922	0.07
0.308759935	0.0470061254158922	0.07
0.319078068	0.0447833018558765	0.08
0.320290117	0.0447833018558765	0.08
0.322435043	0.0460910322613438	0.08
0.322591403	0.0460910322613438	0.08
0.323097253	0.0470061254158922	0.08
0.323165924	0.0470061254158922	0.08
0.323537089	0.0460910322613438	0.08
0.323808824	0.0460910322613438	0.08
0.324596864	0.0460910322613438	0.08
0.330254195	0.0465440814108641	0.08
0.333944256	0.0465440814108641	0.08
0.338071632	0.0470061254158922	0.08
0.343706753	0.0465440814108641	0.08
0.345554528	0.0470061254158922	0.08
0.351815198	0.0474774348386231	0.07
0.356206548	0.0470061254158922	0.07
0.356351443	0.0470061254158922	0.07
0.356437896	0.0470061254158922	0.07
0.356490553	0.0470061254158922	0.07
0.357086112	0.0470061254158922	0.07
0.360733393	0.0460910322613438	0.08
0.367161303	0.0881204997268899	0.08
0.367663989	0.0873081071441107	0.08
0.389299853	0.0915270991316921	0.06
0.389825341	0.0958096766732455	0.06
0.395214438	0.0965949533958071	0.06
0.398731854	0.0958500807364119	0.05
0.403209246	0.0964193370335765	0.05
0.415094538	0.107566445096055	0.04
0.415772448	0.0273600912027813	0.03
0.416416237	0.0857980512201431	0.03
0.423143546	0.108114656158171	0.03
0.438307149	0.118176863079192	0.01
0.440316292	0.121072601630361	0.01
0.444236336	0.114141271021883	0.01
0.444499874	0.110802648789764	0.01
0.444770984	0.109521253935804	0.01
0.445049535	0.109521253935804	0.01
0.445117302	0.114371013790382	0.01
0.445185067	0.113717045532269	0.01
0.445185068	0.113717045532269	0.01
0.445245414	0.113717045532269	0.01
0.445252832	0.113717045532269	0.01
0.445252833	0.113717045532269	0.01
0.445252835	0.113717045532269	0.01
0.445305777	0.113717045532269	0.01
0.445313187	0.113717045532269	0.01
0.445313188	0.113717045532269	0.01
0.44531319	0.113717045532269	0.01
0.445373562	0.113717045532269	0.01
0.445419149	0.113717045532269	0.01
0.445433949	0.113717045532269	0.01
0.445479567	0.113070513475839	0.01
0.445494353	0.113070513475839	0.01
0.445540001	0.113070513475839	0.01
0.445554774	0.111799256334626	0.01
0.445578303	0.111799256334626	0.01
0.445615211	0.111799256334626	0.01
0.445653547	0.111799256334626	0.01
0.445675664	0.111799256334626	0.01
0.445691925	0.121156781879446	0.01
0.445736134	0.121156781879446	0.01
0.445849774	0.130319192995875	0.01
0.445857123	0.130319192995875	0.01
0.445917642	0.130319192995875	0.01
0.445970843	0.130319192995875	0.01
0.445978177	0.130319192995875	0.01
0.446038729	0.130319192995875	0.01
0.446188208	0.12960580262235	0.01
0.446341735	0.12960580262235	0.01
0.446351359	0.12960580262235	0.01
0.446394864	0.12960580262235	0.01
0.446465528	0.12960580262235	0.01
0.44656991	0.12960580262235	0.01
0.446772341	0.12960580262235	0.01
0.446888185	0.128900180176647	0.01
0.446967543	0.128900180176647	0.01
0.447542535	0.128900180176647	0.01
0.447649603	0.128900180176647	0.01
0.447876705	0.128900180176647	0.01
0.448701687	0.136322062956613	0.01
0.448791313	0.136322062956613	0.01
0.449552291	0.134883838324214	0.01
0.449715173	0.134883838324214	0.01
0.451750007	0.134883838324214	0.01
0.452986292	0.133475643973101	0.01
0.453102774	0.133475643973101	0.01
0.453312195	0.133475643973101	0.01
0.453607731	0.133475643973101	0.01
0.453670383	0.133475643973101	0.01
0.45367678	0.133475643973101	0.01
0.453739439	0.133475643973101	0.01
0.453802119	0.133475643973101	0.01
0.453864805	0.133475643973101	0.01
0.453864814	0.133475643973101	0.01
0.453952078	0.133475643973101	0.01
0.453990257	0.133475643973101	0.01
0.454115767	0.133475643973101	0.01
0.454159539	0.133475643973101	0.01
0.454297847	0.136322062956613	0.01
0.454379121	0.136322062956613	0.01
0.454423548	0.136322062956613	0.01
0.454543029	0.137052738428167	0.01
0.454637485	0.137052738428167	0.01
0.455078808	0.137052738428167	0.01
0.455180191	0.138537842173857	0.01
0.455439212	0.189835804791143	0.01
0.455550168	0.198109044728572	0.01
0.455678249	0.21098176868799	0.01
0.455755613	0.219117666752473	0.01
0.456133439	0.127486307154524	0.02
0.456880284	0.127486307154524	0.02
0.457901934	0.126853840225457	0.02
0.458022431	0.126853840225457	0.02
0.458619789	0.124993539727563	0.02
0.458664131	0.124993539727563	0.02
0.459124851	0.124993539727563	0.02
0.460382332	0.124993539727563	0.02
0.462114195	0.124993539727563	0.02
0.464728436	0.126853840225457	0.02
0.46499053	0.126227617727297	0.02
0.472596627	0.119726216187602	0.03
0.473676694	0.119726216187602	0.03
0.474072423	0.119726216187602	0.03
0.47699163	0.114371013790382	0.03
0.478409458	0.11645455992875	0.04
0.478419311	0.11645455992875	0.04
0.479936634	0.115403383299032	0.04
0.483511101	0.114884879342011	0.04
0.483671852	0.114884879342011	0.04
0.484927676	0.118067728011808	0.04
0.485802156	0.172542476545776	0.04
0.48628356	0.157917064694308	0.04
0.486776039	0.111606211116104	0.04
0.514553924	0.109216379751194	0.07
0.514645345	0.109216379751194	0.07
0.514839037	0.109652435973899	0.07
0.51682809	0.0985087885947614	0.07
0.518492841	0.0958962985565598	0.07
0.520735072	0.0923509782918904	0.07
0.529143364	0.0717611250210761	0.07
0.534226929	0.0717611250210761	0.07
0.534308248	0.0717611250210761	0.07
0.534380672	0.0704269809082909	0.07
0.534453117	0.0704269809082909	0.07
0.539174229	0.113798382279414	0.07
0.543234343	0.114659496100869	0.07
0.544416783	0.117322846564885	0.07
0.546060858	0.13755963821236	0.06
0.55657045	0.140103445930164	0.05
0.556645891	0.140103445930164	0.05
0.556807604	0.140103445930164	0.05
0.55802857	0.13755963821236	0.05
0.559788571	0.132739434185317	0.05
0.562444529	0.132739434185317	0.05
0.568776608	0.144100594466326	0.04
0.574371638	0.142743108447831	0.05
0.59079165	0.129656499956229	0.05
0.591193432	0.129656499956229	0.05
0.593402747	0.133575253448554	0.05
0.593673806	0.133575253448554	0.05
0.593673808	0.133575253448554	0.05
0.59375428	0.133575253448554	0.05
0.593824895	0.133575253448554	0.05
0.593834769	0.133575253448554	0.05
0.594152812	0.130936950788071	0.05
0.594237558	0.130936950788071	0.05
0.595015574	0.118106681674525	0.06
0.595196772	0.118106681674525	0.06
0.595887104	0.133575253448554	0.05
0.596894832	0.118106681674525	0.06
0.602148457	0.129656499956229	0.05
0.602674298	0.129656499956229	0.05
0.604317115	0.129656499956229	0.05
0.604813246	0.129656499956229	0.05
0.604905308	0.129656499956229	0.05
0.604905312	0.129656499956229	0.05
0.604988853	0.129656499956229	0.05
0.605716504	0.129656499956229	0.05
0.605724938	0.129656499956229	0.05
0.606051871	0.129656499956229	0.05
0.60631275	0.129656499956229	0.05
0.606824709	0.133575253448554	0.05
0.608524688	0.133575253448554	0.05
0.608756287	0.133575253448554	0.05
0.61827716	0.133754925661835	0.06
0.635412418	0.131282686946332	0.05
0.636066531	0.131282686946332	0.05
0.636422142	0.131282686946332	0.05
0.637260654	0.131282686946332	0.05
0.637881775	0.131282686946332	0.05
0.641599528	0.131282686946332	0.05
0.644129804	0.124385505532562	0.06
0.64559646	0.124385505532562	0.06
0.64801212	0.124385505532562	0.06
0.648110758	0.124385505532562	0.06
0.65703705	0.112950106288612	0.07
0.659386285	0.112950106288612	0.07
0.667472678	0.110479497223008	0.08
0.667879261	0.110479497223008	0.08
0.669490645	0.110479497223008	0.08
0.671132308	0.111290936318323	0.08
0.680410924	0.09065099306113	0.08
0.680589305	0.09065099306113	0.08
0.68060848	0.09065099306113	0.08
0.680702493	0.09065099306113	0.08
0.680786967	0.09065099306113	0.08
0.690723937	0.0834609296751836	0.09
0.692614054	0.0849583850452934	0.09
0.696262833	0.0820153475521487	0.1
0.697379755	0.0834609296751836	0.1
0.712354258	0.0827318243923486	0.11
0.712401774	0.0827318243923486	0.11
0.713541741	0.0834609296751836	0.11
0.71365913	0.0834609296751836	0.11
0.714295462	0.0834609296751836	0.11
0.715653707	0.0760851144738419	0.12
0.715679053	0.0760851144738419	0.12
0.717816093	0.0792693824029077	0.12
0.725869057	0.0760851144738419	0.13
0.725979546	0.077964217992316	0.13
0.726772429	0.0773276212624808	0.13
0.735438378	0.0189607656616233	0.13
0.742183791	0.0725861530502155	0.14
0.744518666	0.0709546410676173	0.14
0.75180067	0.0593862160745251	0.14
0.756100951	0.0177191124801463	0.13
0.756122282	0.0177191124801463	0.13
0.766651587	0.0703426085328269	0.13
0.772093843	0.0620949640925087	0.12
0.772264397	0.0637145505065233	0.12
0.778829055	0.076265325905693	0.12
0.779976345	0.0755495541845379	0.12
0.8034392	0.0815445510342857	0.09
0.817085993	0.0757702482359475	0.08
0.828284953	0.0834149843072941	0.07
0.856064956	0.0809039760545419	0.04
0.861362559	0.0650518317823065	0.03
0.864973627	0.0857006945975735	0.03
0.866065884	0.0821134332665254	0.03
0.867661243	0.0877632252359501	0.03
0.874413626	0.087335871247783	0.02
0.877564409	0.0880181248242372	0.02
0.87832845	0.0872578296733209	0.02
0.880342154	0.0827318243923486	0.02
0.882218863	0.0739254059220646	0.01
0.88244613	0.0734045013717859	0.01
0.882485476	0.0734045013717859	0.01
0.883236842	0.0835742418911096	0.01
0.884296127	0.089909080780526	0.01
0.885048106	0.0884611015498662	0.01
0.885800269	0.0857006945975735	0.01
0.886381245	0.0841256229532184	0.01
0.887670141	0.09065099306113	0.01
0.889209764	0.0872578296733209	0.01
0.889752182	0.0865105568022935	0.01
0.889857915	0.0865105568022935	0.01
0.890068113	0.0857759744850551	0.01
0.890083013	0.0857759744850551	0.01
0.890218543	0.0855338781185799	0.01
0.890218544	0.0855338781185799	0.01
0.890228158	0.0855338781185799	0.01
0.890309475	0.0852931445041424	0.01
0.890354074	0.0855338781185799	0.01
0.890354075	0.0855338781185799	0.01
0.890407894	0.0855338781185799	0.01
0.890419078	0.0855338781185799	0.01
0.890459913	0.0855338781185799	0.01
0.890474761	0.0855338781185799	0.01
0.890489605	0.0855338781185799	0.01
0.890489606	0.0855338781185799	0.01
0.890506418	0.0855338781185799	0.01
0.890580647	0.0855338781185799	0.01
0.890595481	0.0855338781185799	0.01
0.89061031	0.0855338781185799	0.01
0.890610311	0.0855338781185799	0.01
0.89068659	0.0855338781185799	0.01
0.890701414	0.0852931445041424	0.01
0.890716233	0.0852931445041424	0.01
0.890731048	0.0852931445041424	0.01
0.890731049	0.0852931445041424	0.01
0.890822213	0.0852931445041424	0.01
0.890837018	0.0852931445041424	0.01
0.890851819	0.0852931445041424	0.01
0.890928251	0.0852931445041424	0.01
0.890957836	0.0852931445041424	0.01
0.890972622	0.0852931445041424	0.01
0.890972623	0.0852931445041424	0.01
0.891093459	0.0848157197637013	0.01
0.891214328	0.0848157197637013	0.01
0.891244043	0.0848157197637013	0.01
0.89133523	0.0848157197637013	0.01
0.891441435	0.0848157197637013	0.01
0.891456164	0.0848157197637013	0.01
0.89149835	0.0848157197637013	0.01
0.891521465	0.0848157197637013	0.01
0.891562417	0.0848157197637013	0.01
0.891577132	0.0843436100021578	0.01
0.891698132	0.0843436100021578	0.01
0.891793338	0.0843436100021578	0.01
0.892012117	0.0836452184028569	0.01
0.892017347	0.0836452184028569	0.01
0.89206133	0.0836452184028569	0.01
0.89216782	0.0836452184028569	0.01
0.892182462	0.0836452184028569	0.01
0.892215798	0.0836452184028569	0.01
0.89229733	0.0834149843072941	0.01
0.892307805	0.0834149843072941	0.01
0.892568748	0.0841095205797308	0.01
0.892793389	0.0841095205797308	0.01
0.892951888	0.0838767269565054	0.01
0.892952212	0.0838767269565054	0.01
0.893016766	0.0838767269565054	0.01
0.89308003	0.0838767269565054	0.01
0.893142511	0.0838767269565054	0.01
0.893172464	0.0838767269565054	0.01
0.893313967	0.0841095205797308	0.01
0.893352088	0.0841095205797308	0.01
0.893395592	0.0841095205797308	0.01
0.894085351	0.0834149843072941	0.01
0.894232534	0.0834149843072941	0.01
0.894332391	0.0836452184028569	0.01
0.894482721	0.0836452184028569	0.01
0.894511483	0.0836452184028569	0.01
0.894690708	0.0836452184028569	0.01
0.894970751	0.0836452184028569	0.01
0.895300675	0.0838767269565054	0.01
0.89539422	0.0836452184028569	0.01
0.895524497	0.086034245438888	0.01
0.895638516	0.0853295321535769	0.01
0.895840307	0.0857980512201431	0.01
0.89592425	0.0857980512201431	0.01
0.896329745	0.0848661021989345	0.01
0.89685771	0.0850971862337416	0.01
0.896928207	0.0850971862337416	0.01
0.89693811	0.0850971862337416	0.01
0.897131294	0.083061650403294	0.01
0.897282137	0.0827318243923486	0.01
0.897316929	0.0814757717452066	0.01
0.898155973	0.0789305768143874	0.01
0.898455429	0.0777672285215346	0.01
0.898485328	0.0777672285215346	0.01
0.898662437	0.0769570423745724	0.01
0.898755243	0.0764789833206639	0.01
0.89889623	0.0763209474485079	0.01
0.898920463	0.0763209474485079	0.01
0.899325427	0.0758507344649781	0.01
0.899413875	0.080553680937968	0.01
0.899974537	0.080067221606359	0.01
0.900031532	0.0795866024097874	0.01
0.900113547	0.0795866024097874	0.01
0.900307304	0.080228720577536	0.01
0.900690942	0.0780136213923213	0.01
0.901007608	0.0883735169906601	0.01
0.901568195	0.0750797907595672	0.01
0.901947653	0.0865105568022935	0.01
0.902291602	0.0858287855887474	0.01
0.902919093	0.0854919138357578	0.01
0.903685884	0.062317028891979	0.01
0.904039961	0.062317028891979	0.01
0.905345526	0.0636253715998653	0.01
0.905424433	0.0644370834846609	0.01
0.905541598	0.0649898296168442	0.01
0.906154318	0.06641409227121	0.01
0.906210372	0.0661242674624689	0.01
0.906786831	0.0667064688876789	0.01
0.906983581	0.0675992511108362	0.01
0.907060652	0.0675992511108362	0.01
0.907185931	0.0679021795465318	0.01
0.907198748	0.0679021795465318	0.01
0.907199842	0.0679021795465318	0.01
0.907298438	0.0558819913205697	0.01
0.907311244	0.0558819913205697	0.01
0.907324045	0.0561367978677647	0.01
0.907336843	0.0561367978677647	0.01
0.907336844	0.0561367978677647	0.01
0.907436592	0.0561367978677647	0.01
0.907449378	0.0561367978677647	0.01
0.90746216	0.0561367978677647	0.01
0.907536422	0.0561367978677647	0.01
0.9075492	0.0561367978677647	0.01
0.907574745	0.0561367978677647	0.01
0.907587512	0.0561367978677647	0.01
0.907674633	0.0561367978677647	0.01
0.907712898	0.0561367978677647	0.01
0.907951053	0.0561367978677647	0.01
0.908076559	0.0561367978677647	0.01
0.908089263	0.0561367978677647	0.01
0.908089264	0.0561367978677647	0.01
0.90817671	0.0569153530471497	0.01
0.908189407	0.0569153530471497	0.01
0.908202099	0.0569153530471497	0.01
0.908214789	0.0569153530471497	0.01
0.908453284	0.0566534462073696	0.01
0.908566283	0.0569153530471497	0.01
0.908578929	0.0569153530471497	0.01
0.908729307	0.0577158073381363	0.01
0.908830322	0.0582620703020907	0.01
0.909183517	0.0585390978842408	0.01
0.909207673	0.0585390978842408	0.01
0.909270732	0.0585390978842408	0.01
0.909346075	0.0588187725035466	0.01
0.90938549	0.0588187725035466	0.01
0.909409249	0.0588187725035466	0.01
0.909642167	0.0593862160745251	0.01
0.909838426	0.0591011322813485	0.01
0.909896599	0.0591011322813485	0.01
0.909914657	0.0591011322813485	0.01
0.910014581	0.0591011322813485	0.01
0.910051995	0.0596740634933183	0.01
0.910267	0.0599647149196801	0.01
0.910467776	0.060258211526159	0.01
0.911049792	0.061156196423079	0.01
0.911062134	0.061156196423079	0.01
0.911351929	0.061156196423079	0.01
0.911632099	0.0614615019801829	0.01
0.911747931	0.0614615019801829	0.01
0.911776598	0.0614615019801829	0.01
0.912488931	0.0623959865898073	0.01
0.912630246	0.0620813502484512	0.01
0.912776305	0.061156196423079	0.01
0.913006436	0.0658778519993425	0.01
0.913139907	0.0658778519993425	0.01
0.913630289	0.0658778519993425	0.01
0.914696902	0.0699071107959821	0.01
0.914870556	0.0699071107959821	0.01
0.914968567	0.0699071107959821	0.01
0.915026039	0.0699071107959821	0.01
0.915269563	0.0699071107959821	0.01
0.916024822	0.0668746999519923	0.01
0.916208994	0.0672137206180412	0.01
0.916912552	0.0682517250639732	0.01
0.918238351	0.0654189586463709	0.02
0.918483627	0.0656858663218024	0.02
0.919120121	0.0676169955908042	0.02
0.919822583	0.0684798256664297	0.02
0.920002472	0.068772350011049	0.02
0.921364075	0.0708921533768398	0.02
0.921783065	0.0715220270884442	0.02
0.922071236	0.0724881076324845	0.02
0.922504312	0.0731467922901314	0.02
0.922763582	0.0731467922901314	0.02
0.922787758	0.0731467922901314	0.02
0.924160807	0.072815960395694	0.02
0.924412009	0.072815960395694	0.02
0.924507726	0.072815960395694	0.02
0.924627878	0.072815960395694	0.02
0.926193857	0.0707558445283741	0.02
0.927872541	0.0773276212624808	0.02
0.929379518	0.060050740239278	0.03
0.93064775	0.0598275858937459	0.03
0.933174706	0.0623773903126997	0.03
0.934071327	0.0631109555044344	0.03
0.93534835	0.0631109555044344	0.03
0.938770844	0.0579330786785184	0.03
0.942896738	0.0294137033582276	0.03
0.944027825	0.0289639117448406	0.03
0.947518522	0.031889851595034	0.03
0.948845214	0.0324359661693269	0.03
0.953473419	0.0270991239802404	0.03
0.954119877	0.0270991239802404	0.03
0.954191796	0.0182307618789644	0.03
0.955603107	0.0189607656616233	0.03
0.955985355	0.0189607656616233	0.03
0.956018846	0.0460910322613438	0.03
0.956296714	0.0465440814108641	0.03
0.956549025	0.0465440814108641	0.03
0.956793172	0.0465440814108641	0.03
0.957016096	0.0465440814108641	0.03
0.957077957	0.0465440814108641	0.03
0.957486775	0.0465440814108641	0.03
0.958321379	0.0470061254158922	0.03
0.959031973	0.0470061254158922	0.03
0.959642592	0.0474774348386231	0.03
0.959665139	0.0474774348386231	0.03
0.959857154	0.0474774348386231	0.03
0.960039043	0.0474774348386231	0.03
0.964446178	0.0452108879460146	0.04
0.966653906	0.0465440814108641	0.04
0.966980911	0.0465440814108641	0.04
0.966980912	0.0465440814108641	0.04
0.966986309	0.0465440814108641	0.04
0.967139043	0.0465440814108641	0.04
0.967144414	0.0465440814108641	0.04
0.967297226	0.0465440814108641	0.04
0.967302571	0.0465440814108641	0.04
0.967302572	0.0465440814108641	0.04
0.967460779	0.0465440814108641	0.04
0.96746078	0.0465440814108641	0.04
0.967608447	0.0465440814108641	0.04
0.96761904	0.0465440814108641	0.04
0.967619041	0.0465440814108641	0.04
0.968083686	0.0470061254158922	0.04
0.968088909	0.0470061254158922	0.04
0.969035555	0.0470061254158922	0.04
0.969666194	0.0474774348386231	0.04
0.970292984	0.0474774348386231	0.04
0.970442597	0.0474774348386231	0.04
0.973457204	0.0513380095103959	0.05
0.973766743	0.0513380095103959	0.05
0.978183481	0.0431508880421112	0.05
0.9860103	0.033001111092685	0.05
1.019804062	0.0376598690338799	0.07
1.022530753	0.0376598690338799	0.07
1.023898132	0.0388973049867792	0.07
1.027042278	0.0431508880421112	0.07
1.027349785	0.0439519428513714	0.07
1.028094642	0.0443637278594089	0.07
1.029659545	0.0460910322613438	0.07
1.030020301	0.0376598690338799	0.08
1.030392053	0.0376598690338799	0.08
1.030958443	0.0376598690338799	0.08
1.031531241	0.0376598690338799	0.08
1.032104884	0.0376598690338799	0.08
1.0327094	0.0376598690338799	0.08
1.033463082	0.0362195577150757	0.08
1.034014818	0.037362714984037	0.08
1.034854243	0.0376598690338799	0.08
1.035677928	0.0452108879460147	0.08
1.036124234	0.0459419694835007	0.08
1.038905957	0.0486981205951449	0.08
1.041709188	0.0527682739621571	0.08
1.044012776	0.0527682739621571	0.08
1.049025044	0.0452108879460147	0.09
1.056246636	0.0491190852629402	0.09
1.057424783	0.0445027095701073	0.1
1.058571278	0.0452108879460147	0.1
1.068277144	0.0445027095701073	0.11
1.06860264	0.04485400365996	0.11
1.068892568	0.04485400365996	0.11
1.076612069	0.0478774732034406	0.11
1.088407982	0.0379617876429045	0.13
1.112743253	0.0537668957157357	0.14
1.113082372	0.0537668957157357	0.14
1.113233383	0.0537668957157357	0.14
1.11414031	0.0564370247731175	0.14
1.115076799	0.0564370247731175	0.14
1.116382888	0.0564370247731175	0.14
1.125633627	0.0553377685719353	0.14
1.127882011	0.0284562366037715	0.14
1.13205703	0.0273600912027813	0.14
1.133642817	0.0273600912027813	0.14
1.133988353	0.0273600912027813	0.14
1.134317617	0.0273600912027813	0.14
1.136767134	0.0284562366037715	0.13
1.137302108	0.0284562366037715	0.13
1.162829766	0.0261032088901935	0.14
1.183360064	0.0292773058293927	0.16
1.187305519	0.0296438788993396	0.15
1.18762744	0.0294137033582276	0.15
1.192725439	0.0276934545581741	0.15
1.209768181	0.0239067290152947	0.13
1.209825949	0.0239067290152947	0.13
1.210771389	0.0235110568703823	0.13
1.21086869	0.0235110568703823	0.13
1.212614931	0.0233180919637931	0.13
1.226416878	0.0239067290152947	0.12
1.226767373	0.0239067290152947	0.12
1.243346642	0.0175548855415741	0.11
1.245566855	0.0180569602310349	0.11
1.246668032	0.0180569602310349	0.11
1.248955951	0.0187728382042938	0.1
1.265568721	0.0187728382042938	0.09
1.268447511	0.0187728382042938	0.09
1.270253663	0.0187728382042938	0.09
1.278899002	0.0256322065559686	0.09
1.289511656	0.0256322065559686	0.08
1.293113698	0.0278974006124319	0.08
1.297280078	0.0278974006124319	0.08
1.302603198	0.0284562366037715	0.07
1.325958837	0.0933311159323808	0.07
1.33510162	0.0933311159323808	0.07
1.335508208	0.0933311159323808	0.07
1.335711503	0.0933311159323808	0.08
1.335892556	0.0933311159323808	0.08
1.336051433	0.0933311159323808	0.08
1.33625481	0.0933311159323808	0.08
1.33638917	0.0933311159323808	0.08
1.336413828	0.0933311159323808	0.08
1.336595099	0.0933311159323808	0.08
1.336665633	0.0933311159323808	0.08
1.336979907	0.0933311159323808	0.08
1.337117106	0.0933311159323808	0.08
1.337161305	0.0933311159323808	0.08
1.337524247	0.0933311159323808	0.08
1.337777279	0.0933311159323808	0.08
1.337887386	0.0933311159323808	0.08
1.338686534	0.0933311159323808	0.08
1.340005107	0.0933311159323808	0.08
1.342315002	0.0933311159323808	0.08
1.346883901	0.0924203049029078	0.09
1.350085516	0.0924203049029078	0.09
1.360774481	0.0849583850452934	0.1
1.360981621	0.0942600579053502	0.09
1.36116959	0.0942600579053502	0.09
1.36135761	0.0942600579053502	0.09
1.362110213	0.0942600579053502	0.09
1.364721715	0.0942600579053502	0.09
1.365659238	0.0942600579053502	0.09
1.368578346	0.09065099306113	0.09
1.369020462	0.0924203049029078	0.09
1.369707356	0.0924203049029078	0.09
1.370127164	0.0924203049029078	0.09
1.377544294	0.0924203049029078	0.09
1.384187356	0.0897915003070691	0.1
1.38563755	0.105848933460224	0.1
1.434752614	0.0968301061014934	0.1
1.448119954	0.0899336154827993	0.12
1.450462129	0.0892275028659927	0.12
1.450674974	0.0892275028659927	0.12
1.450928234	0.0892275028659927	0.12
1.45657643	0.0892275028659927	0.13
1.457818346	0.0892275028659927	0.13
1.484117024	0.0892275028659927	0.15
1.485393153	0.09065099306113	0.15
1.488337206	0.0892275028659927	0.16
1.494140559	0.0892275028659927	0.16
1.502972103	0.0892275028659927	0.17
1.506038743	0.106844087152735	0.17
1.511734415	0.0892275028659927	0.18
1.511964569	0.0892275028659927	0.18
1.512194724	0.0892275028659927	0.18
1.512403577	0.0892275028659927	0.18
1.513239565	0.0892275028659927	0.18
1.515375804	0.09065099306113	0.18
1.517647523	0.0892275028659927	0.19
1.558319819	0.168467844999941	0.23
1.558531046	0.168467844999941	0.23
1.56916589	0.204544712306127	0.22
1.718627381	0.256720476970817	0.07
1.730827961	0.241912697213224	0.06
1.745720251	0.253208342889208	0.04
1.75282717	0.239935608751475	0.04
1.758275756	0.258985163663991	0.03
1.778615293	0.270935598060067	0.01
1.77861633	0.270935598060067	0.01
1.780115455	0.254495053885344	0.01
1.780657571	0.254495053885344	0.01
1.780657572	0.254495053885344	0.01
1.780839524	0.254495053885344	0.01
1.780928629	0.254495053885344	0.01
1.78092863	0.254495053885344	0.01
1.781140367	0.254495053885344	0.01
1.781170031	0.254495053885344	0.01
1.781170032	0.254495053885344	0.01
1.781411499	0.254495053885344	0.01
1.781623424	0.254495053885344	0.01
1.781653031	0.254495053885344	0.01
1.781894629	0.254495053885344	0.01
1.782136292	0.252307882094125	0.01
1.782378022	0.252307882094125	0.01
1.782531315	0.252307882094125	0.01
1.782590324	0.252307882094125	0.01
1.782619816	0.252307882094125	0.01
1.783044725	0.252307882094125	0.01
1.783345594	0.252307882094125	0.01
1.783829774	0.252307882094125	0.01
1.783925287	0.252307882094125	0.01
1.784013316	0.252307882094125	0.01
1.78446873	0.252307882094125	0.01
1.784506241	0.252307882094125	0.01
1.785009515	0.248044414200147	0.01
1.785497332	0.24982536738588	0.01
1.785988286	0.24982536738588	0.01
1.786357195	0.24982536738588	0.01
1.788266632	0.245773217211636	0.01
1.788780487	0.24982536738588	0.01
1.788872102	0.24982536738588	0.01
1.78918715	0.24982536738588	0.01
1.789358594	0.24982536738588	0.01
1.790095821	0.24778272655226	0.01
1.79204453	0.251165118325777	0.02
1.794856772	0.20746991817957	0.02
1.795060195	0.191434707323034	0.02
1.795172249	0.186987886293391	0.02
1.796669094	0.178686498420713	0.02
1.796696941	0.178686498420713	0.02
1.799436111	0.166663027280484	0.02
1.801889818	0.051537567597998	0.02
1.808733518	0.154063570525252	0.03
1.809599251	0.154063570525252	0.03
1.812688451	0.0507485012547063	0.03
1.813215031	0.0519413745029436	0.03
1.813240824	0.0519413745029436	0.03
1.814069384	0.0527682739621571	0.03
1.814596154	0.0459419694835007	0.03
1.814621756	0.0459419694835007	0.03
1.814621757	0.0459419694835007	0.03
1.814846808	0.0459419694835007	0.03
1.814872379	0.0459419694835007	0.03
1.815123071	0.0463164489757919	0.03
1.815288509	0.0463164489757919	0.03
1.815322808	0.0463164489757919	0.03
1.815373832	0.0463164489757919	0.03
1.815850116	0.0474774348386231	0.03
1.815875562	0.0474774348386231	0.03
1.816101116	0.0321605906751322	0.03
1.816628678	0.0324359661693269	0.03
1.816879855	0.0324359661693269	0.03
1.817382419	0.0324359661693269	0.03
1.817399416	0.0324359661693269	0.03
1.817633804	0.0324359661693269	0.03
1.818363245	0.0327160982042803	0.03
1.819395454	0.0345040563236661	0.03
1.819410514	0.0345040563236661	0.03
1.81989941	0.0345040563236661	0.03
1.820606159	0.0348212237794482	0.03
1.823267442	0.0351442762512899	0.03
1.823345161	0.0351442762512899	0.03
1.824759677	0.0351442762512899	0.03
1.824985083	0.0358087038056535	0.03
1.829051906	0.0281740477340229	0.03
1.829613575	0.0284562366037715	0.03
1.835137623	0.0273600912027813	0.03
1.836263396	0.0273600912027813	0.03
1.83758722	0.0273600912027813	0.03
1.839735229	0.00938149413322155	0.03
1.842215909	0.00938149413322155	0.03
1.844053766	0.026345261395229	0.04
1.846490238	0.026345261395229	0.04
1.860668056	0.00902392350830733	0.05
1.860714054	0.00902392350830733	0.05
1.872927722	0.00919923547519055	0.06
1.876458705	0.0233180919637931	0.07
1.877534086	0.0233180919637931	0.07
1.919145255	0.0227577454532417	0.11
1.933588634	0.00783015486967998	0.12
1.934242286	0.0079618127110886	0.12
1.93486401	0.00947535879090149	0.12
1.937910579	0.0212274254993188	0.13
1.938309591	0.0212274254993188	0.13
1.939501786	0.0213872211135995	0.13
1.940502926	0.00723219135496279	0.13
1.945075766	0.0196153024400978	0.14
1.956133657	0.0196153024400978	0.15
1.95745413	0.0196153024400978	0.15
1.959079535	0.0197516702943785	0.15
1.961031557	0.00667174213204703	0.15
2.039242563	0.0182307618789644	0.22
2.045755957	0.0155386397833918	0.23
2.057190684	0.015930719221236	0.24
2.058434493	0.0170799759493154	0.24
2.058810915	0.0170799759493154	0.24
2.067556414	0.0163430971667378	0.25
2.077653506	0.0169273317899567	0.26
2.07768814	0.0169273317899567	0.26
2.077935092	0.0169273317899567	0.26
2.080200147	0.0182307618789644	0.26
2.112854786	0.0187728382042938	0.29
2.114638141	0.0126360438388174	0.3
2.117539144	0.015930719221236	0.3
2.119081815	0.0166300848466342	0.3
2.122322709	0.0185885994299462	0.3
2.130868897	0.0185885994299462	0.31
2.175983465	0.0150449345587235	0.36
2.201956234	0.0182307618789644	0.38
2.225736601	0.0144702356901298	0.41
2.22607531	0.0146947648079243	0.41
2.226980498	0.0151653961210529	0.41
2.230993963	0.0180569602310349	0.41
2.244892022	0.0182307618789644	0.42
2.268175967	0.123843310543787	0.41
2.283420782	0.112950106288612	0.39
2.287430653	0.131586707294189	0.39
2.36737444	0.143192753042579	0.31
2.401471639	0.197127215343344	0.28
2.416816988	0.195192465732154	0.27
2.57811595	0.170727997351084	0.15
2.634889835	0.177113892676149	0.09
2.64482266	0.177113892676149	0.08
2.65353762	0.180489397626747	0.07
2.67074212	0.177747077093281	0.06
2.670831293	0.177747077093281	0.06
2.671148642	0.177747077093281	0.06
2.671193019	0.177747077093281	0.06
2.671193179	0.177747077093281	0.06
2.671237545	0.177747077093281	0.06
2.671237705	0.177747077093281	0.06
2.671599646	0.177747077093281	0.06
2.671872794	0.185800998374399	0.05
2.672323822	0.18399606568782	0.05
2.67300408	0.180489397626747	0.05
2.674498542	0.180489397626747	0.05
2.674817434	0.180489397626747	0.05
2.67498819	0.180489397626747	0.05
2.675753192	0.178785714042898	0.05
2.67595059	0.175473047978521	0.05
2.677404052	0.173862326916901	0.05
2.679587204	0.170727997351084	0.05
2.68050645	0.170727997351084	0.05
2.681604422	0.177747077093281	0.05
2.684222358	0.182225863054653	0.04
2.690797174	0.180982144424741	0.04
2.697875326	0.180489397626747	0.03
2.700424629	0.177113892676149	0.03
2.714352711	0.207572799785572	0.05
2.716197088	0.207572799785572	0.05
2.720992773	0.186516952932689	0.05
2.721339166	0.204131117866266	0.06
2.721714851	0.204131117866266	0.06
2.721753239	0.204131117866266	0.06
2.72212898	0.204131117866266	0.06
2.722504826	0.204131117866266	0.06
2.725138453	0.200801704776454	0.06
2.725892101	0.200801704776454	0.06
2.727362573	0.200801704776454	0.06
2.728457177	0.200801704776454	0.06
2.730687704	0.200801704776454	0.06
2.733911556	0.200801704776454	0.07
2.734951629	0.200801704776454	0.07
2.741703646	0.200801704776454	0.08
2.742221604	0.200801704776454	0.08
2.744776734	0.200801704776454	0.08
2.758261585	0.200801704776454	0.09
2.767264537	0.200801704776454	0.1
2.784781798	0.187071452973279	0.12
2.870516676	0.185660901135895	0.2
2.884109016	0.185660901135895	0.22
2.893176138	0.184271461727657	0.23
2.901070252	0.16783389628468	0.23
3.017087015	0.181554052157314	0.35
3.116410384	0.180982144424741	0.45
3.194633906	0.147567739500044	0.52
3.479484296	0.114371013790382	0.79
3.560201153	0.114371013790382	0.870000000000001
3.561529658	0.111019135459026	0.880000000000001
3.561648443	0.113231456292166	0.880000000000001
3.566965252	0.130936950788071	0.880000000000001
3.567214517	0.130936950788071	0.880000000000001
3.571210711	0.133575253448554	0.880000000000001
3.572123566	0.175473047978521	0.880000000000001
3.575584373	0.161968274192072	0.880000000000001
3.579984214	0.164786567488861	0.880000000000001
3.62901857	0.163164222838623	0.910000000000001
3.629519691	0.163164222838623	0.910000000000001
3.6300627	0.163164222838623	0.910000000000001
3.630972932	0.163164222838623	0.910000000000001
3.631023885	0.16451394000369	0.910000000000001
3.633483005	0.191434707323034	0.910000000000001
3.639968026	0.163164222838623	0.920000000000001
3.707141358	0.197127215343344	0.980000000000001
3.778072999	0.195192465732154	1.05
4.078052931	0.199100703444599	1.34
4.445571488	0.197127215343344	1.71
4.452121847	0.199100703444599	1.71
4.45272527	0.201114105262501	1.71
4.453328856	0.201114105262501	1.71
4.453932605	0.201114105262501	1.71
4.464002998	0.201114105262501	1.72
4.478685952	0.197127215343344	1.74
4.480518943	0.197127215343344	1.74
4.492707945	0.201114105262501	1.74
4.536342962	0.210803877669047	1.71
4.536969429	0.210803877669047	1.71
4.537444354	0.210803877669047	1.71
4.537596069	0.210803877669047	1.71
4.773228095	0.206622702399326	1.89
4.848628454	0.210803877669047	1.96
4.895921957	0.210803877669047	2.01
5.341769851	0.234533767383784	2.08
5.342582978	0.234533767383784	2.08
5.343307119	0.234533767383784	2.08
5.445157132	0.234533767383784	1.97
6.232084175	0.222332772946845	2.60999999999999
6.2338777	0.222332772946845	2.60999999999999
6.234722781	0.222332772946845	2.60999999999999
6.244676548	0.222332772946845	2.61999999999999
6.35095118	0.236195529350815	2.71999999999999
6.358499262	0.222332772946845	2.72999999999999
7	0.263805772289978	2.54999999999999
