thrs	post_p	finalwindow
0	0.0856301182644993	0.23
0.03256001	0.0843655071369038	0.2
0.070216248	0.0754512183556199	0.18
0.082355146	0.0754512183556199	0.17
0.093809574	0.0725755208122964	0.17
0.106977596	0.0707771519550284	0.18
0.113424721	0.125290347279867	0.19
0.115659216	0.124327950304344	0.19
0.127200542	0.0603151855661038	0.17
0.127695348	0.086060122549075	0.17
0.129609166	0.131892507761932	0.17
0.129730945	0.131892507761932	0.17
0.130460633	0.129500583782552	0.17
0.148447444	0.117457140861899	0.15
0.172569069	0.116792146828435	0.13
0.178113806	0.102203545034999	0.12
0.178140913	0.102203545034999	0.12
0.181486006	0.129500583782552	0.12
0.181824923	0.129500583782552	0.12
0.186084933	0.1233802256109	0.12
0.191788381	0.131892507761932	0.11
0.194681585	0.128269060157706	0.11
0.206482242	0.126267759920841	0.1
0.222049977	0.120741779719325	0.09
0.222656148	0.117457140861899	0.08
0.222686318	0.117457140861899	0.08
0.222697977	0.115269395024141	0.08
0.222716495	0.115269395024141	0.08
0.222924291	0.130685601909324	0.08
0.223196808	0.128336863317995	0.08
0.226728961	0.1238838733936	0.08
0.226867021	0.1238838733936	0.08
0.226923294	0.1238838733936	0.08
0.226929675	0.1238838733936	0.08
0.226957829	0.1238838733936	0.08
0.226982815	0.1238838733936	0.08
0.227081991	0.1238838733936	0.08
0.227432153	0.121771283585543	0.08
0.230426372	0.113606800221165	0.08
0.237068117	0.116587838703976	0.07
0.241897099	0.113606800221165	0.07
0.242615688	0.115576927188691	0.07
0.242875367	0.11491266956567	0.06
0.243116147	0.11264671100375	0.06
0.254481698	0.109410518230334	0.06
0.256228734	0.11491266956567	0.05
0.272151172	0.111546916303095	0.05
0.295749179	0.0981335264305861	0.07
0.296044019	0.0981335264305861	0.07
0.296834617	0.0998487694320708	0.07
0.296839561	0.0998487694320708	0.07
0.296879772	0.102537086457914	0.07
0.296919994	0.102537086457914	0.07
0.296960227	0.0974487026553831	0.07
0.297161557	0.101215814605228	0.07
0.29723727	0.101215814605228	0.07
0.297242165	0.101215814605228	0.07
0.298033592	0.103210743289781	0.07
0.298062423	0.103210743289781	0.07
0.298432807	0.103210743289781	0.07
0.299120783	0.103210743289781	0.07
0.29926506	0.103210743289781	0.07
0.299931082	0.103210743289781	0.07
0.300128238	0.103210743289781	0.07
0.301159527	0.104237990654173	0.07
0.302397905	0.104237990654173	0.07
0.302452098	0.104237990654173	0.07
0.302531356	0.104237990654173	0.07
0.302535608	0.104237990654173	0.07
0.302694303	0.104237990654173	0.07
0.302757814	0.104237990654173	0.07
0.302844832	0.104237990654173	0.07
0.303037639	0.104237990654173	0.07
0.303062807	0.104237990654173	0.07
0.303998368	0.102203545034999	0.07
0.306047128	0.102203545034999	0.07
0.306464617	0.102203545034999	0.07
0.307314933	0.103210743289781	0.07
0.308759935	0.103210743289781	0.07
0.319078068	0.11491266956567	0.07
0.322066605	0.111546916303095	0.07
0.322591403	0.111546916303095	0.07
0.322777267	0.111546916303095	0.07
0.323165924	0.111546916303095	0.07
0.323808824	0.111546916303095	0.07
0.324596864	0.11264671100375	0.07
0.333944256	0.11264671100375	0.07
0.334029253	0.11264671100375	0.07
0.350684009	0.11491266956567	0.06
0.351815198	0.113768408464133	0.06
0.356200611	0.11264671100375	0.06
0.356206548	0.11264671100375	0.06
0.356351443	0.11264671100375	0.06
0.356490553	0.11264671100375	0.06
0.357959666	0.10537416871184	0.07
0.362945858	0.10537416871184	0.07
0.367663989	0.0853741721278704	0.08
0.37384574	0.0771991626437733	0.08
0.381649088	0.0488065495338687	0.07
0.382008897	0.0485301330982203	0.07
0.386863037	0.0561642124966208	0.06
0.389222512	0.0527094183717756	0.06
0.389299853	0.0527094183717756	0.06
0.389825341	0.0514436499286081	0.06
0.403209246	0.0523871724299508	0.05
0.411578949	0.0596850158687876	0.04
0.412388288	0.0592721676658385	0.04
0.415094538	0.0546975780740069	0.04
0.418471182	0.0583141735884758	0.03
0.419019267	0.0574347349567285	0.03
0.423143546	0.055347971923694	0.03
0.438307149	0.0653148660301309	0.01
0.440249622	0.0621188181826921	0.01
0.441698853	0.0621188181826921	0.01
0.444236336	0.0520688427313126	0.01
0.444499874	0.0505335128804903	0.01
0.445049535	0.0499444374816473	0.01
0.445117302	0.0551875625609316	0.01
0.445156208	0.0551875625609316	0.01
0.445185067	0.0551875625609316	0.01
0.445185068	0.0551875625609316	0.01
0.445245414	0.0551875625609316	0.01
0.44525283	0.0551875625609316	0.01
0.445252832	0.0551875625609316	0.01
0.445252833	0.0551875625609316	0.01
0.445252835	0.0551875625609316	0.01
0.445305777	0.0551875625609316	0.01
0.44531318	0.0551875625609316	0.01
0.44531319	0.0551875625609316	0.01
0.445373562	0.0551875625609316	0.01
0.445433949	0.0551875625609316	0.01
0.445479567	0.0545551165166267	0.01
0.445494353	0.0545551165166267	0.01
0.445540001	0.0545551165166267	0.01
0.445554774	0.0545551165166267	0.01
0.445578303	0.0545551165166267	0.01
0.445615211	0.0545551165166267	0.01
0.445736134	0.0643945505996393	0.01
0.445857123	0.0792178881724694	0.01
0.445978177	0.0792178881724694	0.01
0.446188208	0.0792178881724694	0.01
0.446319857	0.0792178881724694	0.01
0.446351359	0.0792178881724694	0.01
0.446394864	0.0792178881724694	0.01
0.446395102	0.0792178881724694	0.01
0.446465528	0.0792178881724694	0.01
0.44656991	0.0792178881724694	0.01
0.446772341	0.0792178881724694	0.01
0.447158639	0.0779212290073801	0.01
0.447533088	0.0779212290073801	0.01
0.447542535	0.0779212290073801	0.01
0.447649603	0.0770801172935106	0.01
0.447876705	0.0770801172935106	0.01
0.447928306	0.076666334344384	0.01
0.448791313	0.0855546808263228	0.01
0.449715173	0.0855546808263228	0.01
0.451750007	0.0878771920082319	0.01
0.452986292	0.086933218539164	0.01
0.453102774	0.086933218539164	0.01
0.453117722	0.086933218539164	0.01
0.453607731	0.086009309790155	0.01
0.453670383	0.086009309790155	0.01
0.45367678	0.086009309790155	0.01
0.453739439	0.086009309790155	0.01
0.453782962	0.086009309790155	0.01
0.453789353	0.086009309790155	0.01
0.453802119	0.086009309790155	0.01
0.453864805	0.086009309790155	0.01
0.453864814	0.086009309790155	0.01
0.453927527	0.086009309790155	0.01
0.453990257	0.086009309790155	0.01
0.454053004	0.086009309790155	0.01
0.454131662	0.086009309790155	0.01
0.454159539	0.086009309790155	0.01
0.454172215	0.086009309790155	0.01
0.454228692	0.086009309790155	0.01
0.454278877	0.0864687962714676	0.01
0.454291524	0.0864687962714676	0.01
0.454379121	0.0864687962714676	0.01
0.454423548	0.0864687962714676	0.01
0.454543029	0.0874026565527507	0.01
0.455078808	0.0888418909973245	0.01
0.455439212	0.115576927188691	0.01
0.455665947	0.132856543758379	0.01
0.455678249	0.132856543758379	0.01
0.455755613	0.134194078436338	0.01
0.456880284	0.0816694760249723	0.02
0.45760535	0.080451653890815	0.02
0.457901934	0.080451653890815	0.02
0.458022431	0.080451653890815	0.02
0.458619789	0.0800537442253971	0.02
0.458664131	0.0800537442253971	0.02
0.462114195	0.0812594593115247	0.02
0.46331093	0.0812594593115247	0.02
0.472596627	0.0755686417096083	0.03
0.473676694	0.0755686417096083	0.03
0.47699163	0.0761214852743567	0.03
0.478409458	0.0819451269824779	0.03
0.478419311	0.0819451269824779	0.03
0.479732593	0.0843655071369038	0.03
0.479936634	0.0843655071369038	0.03
0.483511101	0.086060122549075	0.03
0.483671852	0.0685296467709797	0.04
0.483988273	0.0685296467709797	0.04
0.484458594	0.0688210320027487	0.04
0.485999254	0.092354143579859	0.04
0.48628356	0.086326893777205	0.04
0.486776039	0.06367676352787	0.04
0.489107131	0.0687885335574479	0.04
0.489424331	0.0687885335574479	0.04
0.490830832	0.0710706652259337	0.04
0.508934563	0.0632070631947083	0.06
0.511690912	0.065128704464816	0.06
0.514645345	0.0652161775385395	0.07
0.51473946	0.0652161775385395	0.07
0.514742139	0.0652161775385395	0.07
0.51502476	0.0652161775385395	0.07
0.515124567	0.0662844820471238	0.07
0.51682809	0.0569102391688842	0.07
0.518492841	0.0601036556316878	0.07
0.520735072	0.0627442414450162	0.07
0.534226929	0.0183265238681543	0.07
0.534380672	0.0183265238681543	0.07
0.534453117	0.0183265238681543	0.07
0.543234343	0.0307604777352745	0.07
0.544416783	0.0310109530798418	0.07
0.556807604	0.0381571640205195	0.06
0.559788571	0.0381571640205195	0.06
0.562444529	0.0381571640205195	0.06
0.566766402	0.0377786522907402	0.06
0.568776608	0.0377786522907402	0.06
0.574371638	0.0326038668547756	0.07
0.57444178	0.0326038668547756	0.07
0.579525048	0.0320550190411768	0.07
0.586308239	0.0356564231249399	0.07
0.59079165	0.0381571640205195	0.06
0.591193432	0.0381571640205195	0.06
0.591819223	0.0381571640205195	0.06
0.593402747	0.0381571640205195	0.06
0.593573546	0.0381571640205195	0.06
0.593673806	0.0381571640205195	0.06
0.593754277	0.0381571640205195	0.06
0.593754278	0.0381571640205195	0.06
0.59375428	0.0381571640205195	0.06
0.593824895	0.0381571640205195	0.06
0.593834769	0.0381571640205195	0.06
0.594036974	0.0381571640205195	0.06
0.594152812	0.0381571640205195	0.06
0.594318181	0.0374075763267438	0.07
0.595015574	0.0374075763267438	0.07
0.595887104	0.0374075763267438	0.07
0.596219211	0.0374075763267438	0.07
0.597117526	0.0374075763267438	0.07
0.602674298	0.0525478013674877	0.07
0.604813246	0.0540390464161973	0.07
0.604905308	0.0540390464161973	0.07
0.60490531	0.0540390464161973	0.07
0.604988853	0.0540390464161973	0.07
0.605716504	0.0540390464161973	0.07
0.606051871	0.0540390464161973	0.07
0.606404306	0.0540390464161973	0.07
0.608756287	0.0374075763267438	0.06
0.624510489	0.0535326484643057	0.06
0.630942519	0.0572907342737013	0.05
0.636066531	0.0572907342737013	0.05
0.63624959	0.0572907342737013	0.05
0.637031954	0.0525478013674877	0.06
0.637260654	0.0525478013674877	0.06
0.637881775	0.0525478013674877	0.06
0.638075882	0.0525478013674877	0.06
0.641599528	0.0530356532733101	0.06
0.644129804	0.0530356532733101	0.06
0.64559646	0.0530356532733101	0.06
0.648110758	0.0535326484643057	0.06
0.65703705	0.0522047947959993	0.07
0.667472678	0.0506188027773051	0.08
0.667879263	0.0506188027773051	0.08
0.667969788	0.0506188027773051	0.08
0.669490645	0.0506188027773051	0.08
0.680410924	0.0470456614648542	0.09
0.680589305	0.0470456614648542	0.09
0.68060848	0.0470456614648542	0.09
0.680702493	0.0470456614648542	0.09
0.689921535	0.0458797597032499	0.09
0.692614054	0.0450121435968876	0.09
0.696262833	0.04221785849489	0.1
0.712354258	0.0425956114201185	0.11
0.7123899	0.0425956114201185	0.11
0.712401774	0.0425956114201185	0.11
0.713541741	0.0429801854214689	0.11
0.71365913	0.0429801854214689	0.11
0.714295462	0.0429801854214689	0.11
0.715653707	0.0400849343681554	0.12
0.715679053	0.0400849343681554	0.12
0.717816093	0.0425956114201185	0.12
0.719314887	0.0425956114201185	0.12
0.725609694	0.0400849343681554	0.13
0.725869057	0.0400849343681554	0.13
0.725979546	0.0404253280650214	0.13
0.735438378	0.0384654785620816	0.14
0.744518666	0.0375551284988379	0.14
0.7500464	0.0238310725292752	0.14
0.756122282	0.0267303300411917	0.13
0.763284143	0.0903163938859791	0.13
0.763491091	0.0888043957029501	0.13
0.766651587	0.0851392684359318	0.13
0.7676628	0.0893202032363876	0.13
0.772093843	0.0874026565527507	0.12
0.779976345	0.0883098763488799	0.12
0.793117932	0.0928186064748346	0.1
0.794958533	0.0909742458736568	0.1
0.8034392	0.0954092765920824	0.09
0.812482547	0.0959519504511207	0.08
0.817085993	0.0913345996206097	0.08
0.861783488	0.0985430780355751	0.03
0.864973627	0.0995587437824605	0.03
0.867661243	0.10101029913398	0.03
0.875213305	0.0989837178261735	0.02
0.877564409	0.10101029913398	0.02
0.880342154	0.0934445680067784	0.02
0.88244613	0.104299054138034	0.01
0.882485476	0.104299054138034	0.01
0.883236842	0.106686115860828	0.01
0.883671839	0.104411189871279	0.01
0.884296127	0.103465652315702	0.01
0.885048106	0.100729074288133	0.01
0.886381245	0.0981335264305861	0.01
0.888469193	0.101577486176918	0.01
0.889014569	0.0993461164841613	0.01
0.889576687	0.098534420673434	0.01
0.889752182	0.098534420673434	0.01
0.889857915	0.098534420673434	0.01
0.890218543	0.0964333607243871	0.01
0.890218544	0.0964333607243871	0.01
0.890228158	0.0964333607243871	0.01
0.890309475	0.0951651009829201	0.01
0.890339212	0.0951651009829201	0.01
0.890354074	0.0956683805728898	0.01
0.890354075	0.0956683805728898	0.01
0.890407894	0.0956683805728898	0.01
0.890459913	0.0956683805728898	0.01
0.890474761	0.0956683805728898	0.01
0.890489605	0.0956683805728898	0.01
0.890489606	0.0956683805728898	0.01
0.890580647	0.0956683805728898	0.01
0.890595481	0.0956683805728898	0.01
0.89061031	0.0956683805728898	0.01
0.890610311	0.0956683805728898	0.01
0.890716233	0.0946670888562602	0.01
0.890731048	0.0946670888562602	0.01
0.890731049	0.0946670888562602	0.01
0.890737499	0.0946670888562602	0.01
0.890822213	0.0946670888562602	0.01
0.890837018	0.0946670888562602	0.01
0.890851819	0.0946670888562602	0.01
0.890928251	0.0946670888562602	0.01
0.890957836	0.0946670888562602	0.01
0.890972623	0.0946670888562602	0.01
0.891093459	0.0941742619273268	0.01
0.89119957	0.0941742619273268	0.01
0.891214328	0.0941742619273268	0.01
0.891320486	0.0941742619273268	0.01
0.89133523	0.0941742619273268	0.01
0.891382479	0.0941742619273268	0.01
0.891441435	0.0941742619273268	0.01
0.891456164	0.0941742619273268	0.01
0.89149835	0.0941742619273268	0.01
0.891521465	0.0936865396347285	0.01
0.891577132	0.0936865396347285	0.01
0.891686849	0.0936865396347285	0.01
0.891698132	0.0936865396347285	0.01
0.891793338	0.0936865396347285	0.01
0.891881522	0.0936865396347285	0.01
0.892012117	0.0936865396347285	0.01
0.89216782	0.0936865396347285	0.01
0.892182462	0.0936865396347285	0.01
0.892215798	0.0936865396347285	0.01
0.892245091	0.0936865396347285	0.01
0.89229733	0.0936865396347285	0.01
0.892307805	0.0936865396347285	0.01
0.892568748	0.0944200323165855	0.01
0.89273031	0.0944200323165855	0.01
0.892924751	0.0964135930578884	0.01
0.892951888	0.0961639022678661	0.01
0.892952212	0.0961639022678661	0.01
0.89308003	0.0961639022678661	0.01
0.893142511	0.0961639022678661	0.01
0.893172464	0.0959155014296878	0.01
0.893313967	0.0961639022678661	0.01
0.893320622	0.0961639022678661	0.01
0.894189143	0.0961639022678661	0.01
0.89422449	0.0949345997156207	0.01
0.894482721	0.0951779394327136	0.01
0.894511483	0.0949345997156207	0.01
0.894906463	0.0949345997156207	0.01
0.894913415	0.0949345997156207	0.01
0.894970751	0.0949345997156207	0.01
0.895081202	0.0956683805728898	0.01
0.895086463	0.0956683805728898	0.01
0.895300675	0.0956683805728898	0.01
0.89539422	0.0951779394327136	0.01
0.895638516	0.0966394260019661	0.01
0.895840307	0.0966394260019661	0.01
0.89592425	0.0966394260019661	0.01
0.896329745	0.0954286606971454	0.01
0.896928207	0.0956683805728898	0.01
0.897197773	0.0937836795331554	0.01
0.897282137	0.0981923678954135	0.01
0.89799116	0.0968128369072912	0.01
0.898155973	0.0956683805728898	0.01
0.898455429	0.0951062395296774	0.01
0.898485328	0.0954802633154881	0.01
0.898662437	0.0943669145756142	0.01
0.898755243	0.0941838758758145	0.01
0.898920463	0.0936389954991342	0.01
0.899325427	0.0918673991549018	0.01
0.899413875	0.0915210937843578	0.01
0.899974537	0.0913489183374383	0.01
0.900031532	0.0911773894894409	0.01
0.900113547	0.0910065036047725	0.01
0.900274359	0.0918673991549018	0.01
0.900307304	0.0918673991549018	0.01
0.900690942	0.086407247953936	0.01
0.901007608	0.0906433014268623	0.01
0.90151373	0.0689466713182967	0.01
0.902860993	0.0702548923457912	0.01
0.902919093	0.0702548923457912	0.01
0.902932441	0.0705150551535092	0.01
0.903166806	0.0677297242354869	0.01
0.903685884	0.0658797913660843	0.01
0.904039961	0.0653771566074828	0.01
0.904220945	0.0658797913660843	0.01
0.904508173	0.0666484039713039	0.01
0.905345526	0.0685135310328605	0.01
0.905424433	0.0687885335574479	0.01
0.905541598	0.0687885335574479	0.01
0.906197141	0.0693452151044147	0.01
0.906210372	0.0693452151044147	0.01
0.906922556	0.0690657526124963	0.01
0.906983581	0.0693452151044147	0.01
0.907060652	0.0693452151044147	0.01
0.907185931	0.0693452151044147	0.01
0.907198748	0.0696269483768695	0.01
0.907199842	0.0696269483768695	0.01
0.907298438	0.0621188181826921	0.01
0.907311244	0.0621188181826921	0.01
0.907324045	0.0621188181826921	0.01
0.907336843	0.0621188181826921	0.01
0.907336844	0.0621188181826921	0.01
0.907436592	0.0621188181826921	0.01
0.907449378	0.0621188181826921	0.01
0.90746216	0.0621188181826921	0.01
0.907574745	0.0621188181826921	0.01
0.907587512	0.0621188181826921	0.01
0.907674633	0.0621188181826921	0.01
0.907712898	0.0621188181826921	0.01
0.907951053	0.0621188181826921	0.01
0.907963773	0.0618665422446254	0.01
0.907963774	0.0618665422446254	0.01
0.908076559	0.0621188181826921	0.01
0.908089263	0.0621188181826921	0.01
0.908089264	0.0621188181826921	0.01
0.908289632	0.0626295931114232	0.01
0.908453284	0.0626295931114232	0.01
0.908566283	0.0628881434826724	0.01
0.908577365	0.0628881434826724	0.01
0.908578929	0.0628881434826724	0.01
0.908691978	0.06367676352787	0.01
0.908816452	0.0639440505832057	0.01
0.908830322	0.0639440505832057	0.01
0.908855181	0.06367676352787	0.01
0.909094444	0.0642135910042503	0.01
0.909183517	0.0642135910042503	0.01
0.909195105	0.0642135910042503	0.01
0.909270732	0.0642135910042503	0.01
0.909308419	0.0642135910042503	0.01
0.90938549	0.0647595468946715	0.01
0.909434338	0.0650360210665372	0.01
0.909446878	0.0650360210665372	0.01
0.909620416	0.0650360210665372	0.01
0.909642167	0.0650360210665372	0.01
0.909838426	0.0644854134071552	0.01
0.909896599	0.0644854134071552	0.01
0.909925885	0.0644854134071552	0.01
0.910014581	0.0650360210665372	0.01
0.910051995	0.0658797913660843	0.01
0.910204731	0.0664545743368642	0.01
0.910267	0.0664545743368642	0.01
0.910467776	0.0679363898982086	0.01
0.910628128	0.0679363898982086	0.01
0.911049792	0.0698041971320602	0.01
0.911062134	0.0698041971320602	0.01
0.911383512	0.0698041971320602	0.01
0.911404622	0.0698041971320602	0.01
0.911518912	0.070449833978161	0.01
0.911632099	0.070449833978161	0.01
0.912630246	0.0688576294778377	0.01
0.912811242	0.0725213241553384	0.01
0.912967277	0.069170286685186	0.01
0.913006436	0.069170286685186	0.01
0.913630289	0.0685477860410015	0.01
0.914018042	0.0688576294778377	0.01
0.914696902	0.0825685021117663	0.01
0.914870556	0.0825685021117663	0.01
0.914983658	0.0825685021117663	0.01
0.916024822	0.0800317535109451	0.01
0.916163647	0.0800317535109451	0.01
0.916688985	0.0819451269824779	0.01
0.916912552	0.0819451269824779	0.01
0.917248255	0.0758519545393611	0.01
0.917957453	0.0694857961667732	0.01
0.918238351	0.0699966422043558	0.02
0.918456927	0.0699966422043558	0.02
0.918483627	0.0699966422043558	0.02
0.918837351	0.0715752644075365	0.02
0.919655338	0.0729462172921918	0.02
0.920002472	0.0737942909688645	0.02
0.922071236	0.0789987897614202	0.02
0.922455062	0.0789987897614202	0.02
0.922504312	0.0789987897614202	0.02
0.922763582	0.0789987897614202	0.02
0.922787758	0.0789987897614202	0.02
0.923473233	0.0759793886655508	0.02
0.924160807	0.0766230365297006	0.02
0.924507726	0.078280898416807	0.02
0.925553967	0.0764611043682897	0.02
0.93064775	0.0699966422043558	0.03
0.93220206	0.0718453169150686	0.03
0.934071327	0.0698210359276453	0.03
0.934700606	0.0711949793326832	0.03
0.938446291	0.042541233364686	0.03
0.941112169	0.0561642124966208	0.03
0.942896738	0.0359934135831802	0.03
0.948845214	0.0530356532733101	0.04
0.949342587	0.0572907342737013	0.04
0.950306111	0.0632070631947083	0.04
0.953473419	0.051136649966286	0.04
0.954191796	0.0525478013674877	0.04
0.955985355	0.0540390464161973	0.04
0.956018846	0.0540390464161973	0.04
0.956549025	0.0556174031683056	0.04
0.956766863	0.0561642124966208	0.04
0.956780018	0.0561642124966208	0.04
0.95679317	0.0561642124966208	0.04
0.956793172	0.0561642124966208	0.04
0.957486775	0.0572907342737013	0.04
0.958321379	0.0496550201314459	0.05
0.959642592	0.0596850158687876	0.05
0.959665139	0.0596850158687876	0.05
0.959857154	0.0601036556316878	0.05
0.960039043	0.0613955691618895	0.05
0.960819071	0.0661340182092424	0.05
0.964458654	0.0525478013674877	0.05
0.966290332	0.0556174031683056	0.05
0.966653906	0.0556174031683056	0.05
0.966980911	0.0567218806307225	0.05
0.966980912	0.0567218806307225	0.05
0.966986309	0.0567218806307225	0.05
0.967144414	0.0567218806307225	0.05
0.967297223	0.0572907342737013	0.05
0.967297226	0.0572907342737013	0.05
0.967608447	0.0572907342737013	0.05
0.96761904	0.0572907342737013	0.05
0.967619041	0.0572907342737013	0.05
0.967772081	0.0572907342737013	0.05
0.967925221	0.0572907342737013	0.05
0.967935716	0.0572907342737013	0.05
0.968083686	0.0469352241180556	0.06
0.968088909	0.0469352241180556	0.06
0.968861479	0.0517543583161056	0.06
0.969666194	0.0561642124966208	0.06
0.970292984	0.0715019657027865	0.06
0.973457204	0.0596850158687876	0.06
0.973766743	0.0601563988960654	0.06
0.978183481	0.06367676352787	0.06
0.981915796	0.0664545743368642	0.06
0.985118954	0.0374075763267438	0.06
0.9860103	0.0377786522907402	0.06
1.021711423	0.0425956114201185	0.07
1.022530753	0.0425956114201185	0.07
1.027042278	0.0472457639347164	0.07
1.028094642	0.0477193557927776	0.07
1.029271857	0.0418467467658858	0.08
1.029637844	0.04221785849489	0.08
1.029659545	0.04221785849489	0.08
1.030020301	0.04221785849489	0.08
1.030397618	0.0425956114201185	0.08
1.030958443	0.0425956114201185	0.08
1.032104884	0.0425956114201185	0.08
1.034014818	0.0397502252446936	0.08
1.034376329	0.0404253280650214	0.08
1.035677928	0.0481213295710586	0.08
1.036124234	0.0489459419272462	0.08
1.039046839	0.0535326484643057	0.08
1.041709188	0.0561642124966208	0.08
1.043349328	0.0561642124966208	0.08
1.044012776	0.0561642124966208	0.08
1.048661279	0.0497993083102678	0.09
1.049025044	0.0497993083102678	0.09
1.054783865	0.0525478013674877	0.09
1.056246636	0.0525478013674877	0.09
1.058571278	0.0497993083102678	0.1
1.067766296	0.0481213295710586	0.11
1.068168044	0.0481213295710586	0.11
1.068277144	0.0481213295710586	0.11
1.06860264	0.0493689376797059	0.11
1.068892568	0.0493689376797059	0.11
1.070020858	0.0506829593755061	0.11
1.088407982	0.078926026032196	0.12
1.088762574	0.078926026032196	0.12
1.112743253	0.064917243601998	0.1
1.113082372	0.064917243601998	0.1
1.113233383	0.064917243601998	0.1
1.115076799	0.064917243601998	0.1
1.125633627	0.0655557861563408	0.1
1.13205703	0.0624828023098574	0.11
1.133988353	0.0630741331554841	0.11
1.134317617	0.0630741331554841	0.11
1.136767134	0.0619024561377732	0.11
1.137302108	0.0624828023098574	0.11
1.162829766	0.0441767328366001	0.13
1.183360064	0.046781480046346	0.14
1.187305519	0.046781480046346	0.14
1.187446683	0.046781480046346	0.14
1.18762744	0.046781480046346	0.14
1.192009701	0.0632537211783512	0.15
1.192075895	0.0632537211783512	0.15
1.192725439	0.0620176613174921	0.15
1.203309389	0.0677550921304367	0.14
1.209215802	0.0677015599552686	0.13
1.209751115	0.0677015599552686	0.13
1.209768181	0.0677015599552686	0.13
1.209825949	0.0677015599552686	0.13
1.210085375	0.0671708541708621	0.13
1.224141399	0.0666484039713039	0.12
1.225416562	0.0666484039713039	0.12
1.226416878	0.0668713127086079	0.11
1.226767373	0.0742257658312291	0.11
1.243346642	0.0694857961667732	0.1
1.246668032	0.0688576294778377	0.1
1.252855937	0.0701255295124859	0.09
1.268447511	0.0682407185608774	0.09
1.270060331	0.0682407185608774	0.09
1.270253663	0.0682407185608774	0.09
1.270604589	0.0676347635733066	0.09
1.275739262	0.0713072344468598	0.09
1.278899002	0.0704860530618126	0.09
1.285172518	0.0607735158224288	0.08
1.289511656	0.0596850158687876	0.08
1.303502827	0.0668713127086079	0.07
1.325958837	0.0852043896976622	0.06
1.335508208	0.0852043896976622	0.07
1.335711503	0.0852043896976622	0.07
1.335892556	0.0852043896976622	0.07
1.336051433	0.0852043896976622	0.07
1.33638917	0.0852043896976622	0.07
1.336413828	0.0852043896976622	0.07
1.336595099	0.0852043896976622	0.07
1.337117106	0.0852043896976622	0.07
1.337529375	0.0852043896976622	0.07
1.337777279	0.0852043896976622	0.07
1.337887386	0.0852043896976622	0.07
1.338686534	0.086060122549075	0.07
1.340005107	0.086060122549075	0.07
1.342315002	0.0843655071369038	0.08
1.342368518	0.0843655071369038	0.08
1.343443085	0.0843655071369038	0.08
1.346883901	0.0843655071369038	0.08
1.350085516	0.0843655071369038	0.09
1.360533959	0.08273634053039	0.09
1.360774481	0.08273634053039	0.09
1.360981621	0.0819451269824779	0.09
1.36116959	0.0819451269824779	0.09
1.36135761	0.0819451269824779	0.09
1.361545683	0.0819451269824779	0.09
1.361952473	0.0819451269824779	0.09
1.362279458	0.0819451269824779	0.09
1.364721715	0.079659751268861	0.09
1.365659238	0.079659751268861	0.09
1.368077892	0.079659751268861	0.09
1.369707356	0.0804072464730916	0.09
1.373967278	0.0852043896976622	0.08
1.377139612	0.0819451269824779	0.08
1.377544294	0.0819451269824779	0.08
1.384187356	0.0843655071369038	0.07
1.385801753	0.0843655071369038	0.07
1.418305639	0.106355075909752	0.09
1.440102642	0.0933240503077156	0.11
1.448119954	0.0889639696756061	0.12
1.450462129	0.0882765922722363	0.12
1.450674974	0.0882765922722363	0.12
1.450928234	0.0882765922722363	0.12
1.454003033	0.0882765922722363	0.12
1.45657643	0.0882765922722363	0.13
1.485393153	0.0875997554287144	0.15
1.485917469	0.0721174149492847	0.15
1.506038743	0.0701255295124859	0.17
1.511734415	0.0856301182644993	0.18
1.511964569	0.0856301182644993	0.18
1.512194724	0.0856301182644993	0.18
1.512403577	0.0856301182644993	0.18
1.512821455	0.0856301182644993	0.18
1.515375804	0.0856301182644993	0.18
1.516740221	0.0856301182644993	0.19
1.517647523	0.0856301182644993	0.19
1.519065464	0.0856301182644993	0.19
1.523536021	0.0856301182644993	0.19
1.558319819	0.146304795932026	0.23
1.558531046	0.146304795932026	0.23
1.561070241	0.17734076239162	0.22
1.56916589	0.160832199187082	0.22
1.611568792	0.197706243203273	0.17
1.652341299	0.173305718516121	0.14
1.718627381	0.220032149212488	0.07
1.75282717	0.206137525749772	0.04
1.768990518	0.226577450207879	0.02
1.77492366	0.208014054751865	0.02
1.777374698	0.20002997606802	0.02
1.778615293	0.231161698156663	0.01
1.77861633	0.231161698156663	0.01
1.780115455	0.215874733122781	0.01
1.780657572	0.215874733122781	0.01
1.780839524	0.215874733122781	0.01
1.780928629	0.215874733122781	0.01
1.78092863	0.215874733122781	0.01
1.781081012	0.215874733122781	0.01
1.781140367	0.215874733122781	0.01
1.781170031	0.215874733122781	0.01
1.781170032	0.215874733122781	0.01
1.781381862	0.215874733122781	0.01
1.781411498	0.215874733122781	0.01
1.781411499	0.215874733122781	0.01
1.781653031	0.215874733122781	0.01
1.7818108	0.215874733122781	0.01
1.781894629	0.215874733122781	0.01
1.782136292	0.211871508942227	0.01
1.782136293	0.211871508942227	0.01
1.782378022	0.211871508942227	0.01
1.783044725	0.211871508942227	0.01
1.783103602	0.211871508942227	0.01
1.783286774	0.211871508942227	0.01
1.78377107	0.211871508942227	0.01
1.784013316	0.211871508942227	0.01
1.78446873	0.211871508942227	0.01
1.784933025	0.211871508942227	0.01
1.785009515	0.211871508942227	0.01
1.785988286	0.217614312071645	0.01
1.786357195	0.217614312071645	0.01
1.787927091	0.190657917824584	0.01
1.788266632	0.190657917824584	0.01
1.788780487	0.195552839757723	0.01
1.78918715	0.195552839757723	0.01
1.789358594	0.195552839757723	0.01
1.789747139	0.195552839757723	0.01
1.790095821	0.195552839757723	0.01
1.79204453	0.204497696985055	0.02
1.794856772	0.178883320209486	0.02
1.795060195	0.171713970774437	0.02
1.795172249	0.165097148442817	0.02
1.796645824	0.15328387368263	0.02
1.796669094	0.15328387368263	0.02
1.796696941	0.15328387368263	0.02
1.801889818	0.0556948659992077	0.02
1.808733518	0.143127917888221	0.03
1.809599251	0.143127917888221	0.03
1.813215031	0.0752524339381533	0.03
1.813240824	0.0752524339381533	0.03
1.813716026	0.0682407185608774	0.03
1.813793197	0.0693452151044147	0.03
1.814069382	0.0699109802197035	0.03
1.814069384	0.0699109802197035	0.03
1.814345569	0.0699109802197035	0.03
1.814621756	0.0716650560549306	0.03
1.814621757	0.0716650560549306	0.03
1.814872379	0.0716650560549306	0.03
1.815039963	0.0728841717943392	0.03
1.815123071	0.0728841717943392	0.03
1.815169565	0.0728841717943392	0.03
1.815322808	0.0728841717943392	0.03
1.815373832	0.0728841717943392	0.03
1.815875562	0.0728841717943392	0.03
1.816374833	0.0670394752288148	0.03
1.816377569	0.0670394752288148	0.03
1.816628678	0.0670394752288148	0.03
1.817399416	0.0670394752288148	0.03
1.817633804	0.0670394752288148	0.03
1.818363245	0.0701255295124859	0.03
1.819395454	0.0721174149492847	0.03
1.819581019	0.0721174149492847	0.03
1.820606159	0.0757011806210206	0.03
1.82134289	0.0757011806210206	0.03
1.823267442	0.0740813813384401	0.04
1.823345161	0.0671708541708621	0.04
1.824759677	0.0704860530618126	0.04
1.824985083	0.0710706652259337	0.04
1.828541204	0.0688576294778377	0.04
1.829051906	0.0694857961667732	0.04
1.829613575	0.0707771519550284	0.04
1.830016016	0.0735094171536542	0.04
1.835137623	0.0699109802197035	0.05
1.836263396	0.0626295931114232	0.05
1.83758722	0.0642135910042503	0.05
1.837659261	0.0642135910042503	0.05
1.839735229	0.0688576294778377	0.05
1.860714054	0.0721174149492847	0.07
1.872927722	0.0682407185608774	0.08
1.876458705	0.0545551165166267	0.08
1.877534086	0.058764070272032	0.09
1.932723098	0.0530356532733101	0.12
1.934242286	0.0566415366875574	0.13
1.938309591	0.0556948659992077	0.13
1.938319698	0.0556948659992077	0.13
1.939501786	0.0561642124966208	0.13
1.95745413	0.0616163070964414	0.15
1.961031557	0.0547793192312931	0.15
2.03833515	0.0557531048743951	0.23
2.039242563	0.0561642124966208	0.23
2.045755957	0.0557531048743951	0.24
2.04617014	0.0557531048743951	0.24
2.049316864	0.0557531048743951	0.24
2.057190684	0.055347971923694	0.25
2.058434493	0.055347971923694	0.25
2.058810915	0.0557531048743951	0.25
2.060706206	0.0491263349783636	0.25
2.067556414	0.055347971923694	0.26
2.077371996	0.055347971923694	0.27
2.07768814	0.055347971923694	0.27
2.079378601	0.0557531048743951	0.27
2.080200147	0.0491263349783636	0.27
2.112854786	0.0484126250525186	0.3
2.114638141	0.0556948659992077	0.3
2.116340052	0.0537846554961905	0.31
2.119081815	0.0541671464299217	0.31
2.22607531	0.0662070152331883	0.41
2.226980498	0.0632537211783512	0.42
2.287430653	0.181130147176114	0.39
2.401471639	0.252310549338738	0.3
2.416816988	0.270212379993341	0.29
2.634889835	0.277098101344383	0.09
2.63880046	0.262321525093844	0.09
2.644514931	0.277098101344383	0.08
2.64482266	0.277098101344383	0.08
2.65353762	0.277098101344383	0.07
2.670697515	0.262321525093844	0.06
2.670831293	0.262321525093844	0.06
2.671193179	0.262321525093844	0.06
2.671237545	0.262321525093844	0.06
2.671237705	0.262321525093844	0.06
2.671599486	0.262321525093844	0.06
2.671599646	0.262321525093844	0.06
2.671872794	0.278492544907848	0.05
2.671961685	0.278492544907848	0.05
2.672323822	0.270578055020748	0.05
2.67300408	0.277098101344383	0.05
2.673366554	0.277098101344383	0.05
2.673410821	0.277098101344383	0.05
2.674640938	0.277098101344383	0.05
2.67498819	0.277098101344383	0.05
2.67595059	0.271991015078984	0.05
2.677404052	0.267068775381028	0.05
2.678640892	0.262321525093844	0.05
2.679587204	0.262321525093844	0.05
2.68050645	0.262321525093844	0.05
2.681604422	0.262321525093844	0.05
2.684222358	0.290746217763075	0.04
2.690797174	0.266486734028022	0.04
2.690995907	0.266486734028022	0.04
2.692790444	0.266486734028022	0.04
2.697875326	0.279998760701044	0.03
2.700424629	0.274432790303224	0.03
2.714352711	0.256581171243509	0.05
2.721223607	0.262238286049561	0.05
2.721339166	0.256581171243509	0.06
2.721753239	0.256581171243509	0.06
2.722090639	0.256581171243509	0.06
2.72212898	0.256581171243509	0.06
2.722504826	0.256581171243509	0.06
2.725138453	0.251899500453718	0.06
2.725892101	0.251899500453718	0.06
2.727362573	0.251899500453718	0.06
2.728042156	0.251899500453718	0.06
2.728457177	0.251899500453718	0.06
2.734951629	0.247385615034502	0.07
2.741703646	0.240910170053545	0.08
2.742221604	0.240910170053545	0.08
2.744776734	0.240910170053545	0.08
2.758261585	0.240910170053545	0.09
2.784781798	0.218077056191525	0.12
2.795646082	0.218077056191525	0.13
2.814579483	0.218077056191525	0.15
2.857457722	0.216368134888711	0.19
2.870516676	0.216368134888711	0.2
2.874914635	0.216368134888711	0.21
2.884109016	0.21468578863907	0.22
2.893176138	0.21876820722427	0.23
2.901070252	0.223913150518555	0.23
3.017087015	0.215467616009752	0.35
3.091199805	0.216368134888711	0.42
3.116410384	0.208014054751865	0.45
3.116832706	0.208014054751865	0.45
3.194633906	0.163186026790262	0.51
3.479484296	0.164568691252034	0.79
3.557717034	0.164568691252034	0.870000000000001
3.560201153	0.164568691252034	0.870000000000001
3.561648443	0.158395161099999	0.870000000000001
3.566965252	0.16146765370592	0.880000000000001
3.567214517	0.16146765370592	0.880000000000001
3.568359469	0.16146765370592	0.880000000000001
3.571210711	0.15535453029896	0.880000000000001
3.571812505	0.15535453029896	0.880000000000001
3.572123566	0.199259918282526	0.880000000000001
3.572497766	0.199259918282526	0.880000000000001
3.575584373	0.151477417733783	0.880000000000001
3.62901857	0.148846181355364	0.910000000000001
3.629519691	0.148846181355364	0.910000000000001
3.630972932	0.148846181355364	0.910000000000001
3.631023885	0.148846181355364	0.910000000000001
3.631169027	0.148846181355364	0.910000000000001
3.631970124	0.150479874206899	0.910000000000001
3.633483005	0.147564547396051	0.920000000000001
3.639968026	0.148846181355364	0.920000000000001
3.707141358	0.148846181355364	0.990000000000001
3.82876748	0.146304795932026	1.11
3.963711323	0.143848736404432	1.24
4.442577106	0.175477154911773	1.72
4.452121847	0.179570579692552	1.73
4.45272527	0.175477154911773	1.73
4.453328856	0.175477154911773	1.73
4.453932605	0.175477154911773	1.73
4.459832487	0.173186308898775	1.74
4.492707945	0.209574999460783	1.75
4.536969429	0.209574999460783	1.78
4.537596069	0.209574999460783	1.78
4.773228095	0.21169306900742	1.99
4.895921957	0.21169306900742	2.12
5.341769851	0.252527824817005	2.44999999999999
5.343129076	0.252527824817005	2.44999999999999
5.346842194	0.252527824817005	2.45999999999999
6.232084175	0.273914217115465	2.67999999999999
6.2338777	0.273914217115465	2.67999999999999
6.234722781	0.273914217115465	2.67999999999999
6.244676548	0.273914217115465	2.68999999999999
6.35095118	0.271865748808208	2.78999999999998
6.358499262	0.281630748531769	2.79999999999998
7	0.264843504688866	3.37999999999997
