thrs	post_p	finalwindow
0	0.11344245033484	0.23
0.03256001	0.110186235697286	0.2
0.070216248	0.0951628578237186	0.18
0.082355146	0.0951628578237186	0.17
0.089689176	0.0951628578237186	0.16
0.098963073	0.0896093078234859	0.16
0.103967892	0.0875652416452294	0.16
0.106977596	0.0875652416452294	0.16
0.113424721	0.0865777843979045	0.16
0.127200542	0.0846682085305698	0.16
0.127695348	0.0846682085305698	0.16
0.129609166	0.104322146645768	0.17
0.130460633	0.102694166284534	0.17
0.14705261	0.0706448114990714	0.15
0.148427326	0.0816661358235127	0.15
0.148447444	0.106002574223296	0.15
0.148782099	0.104322146645768	0.15
0.151339737	0.101116215501016	0.15
0.161204767	0.101116215501016	0.14
0.172569069	0.104204152522327	0.13
0.178113806	0.0823474189173808	0.12
0.178140913	0.0823474189173808	0.12
0.178189211	0.0823474189173808	0.12
0.178358463	0.0823474189173808	0.12
0.181430774	0.0995860230012119	0.12
0.181486006	0.0995860230012119	0.12
0.181486035	0.0995860230012119	0.12
0.194681585	0.128410766961652	0.11
0.205298456	0.131840950634689	0.1
0.206482242	0.129251469868306	0.1
0.222622275	0.0942074634180674	0.08
0.222656148	0.0942074634180674	0.08
0.222686318	0.0942074634180674	0.08
0.222697977	0.0934775387889889	0.08
0.222716495	0.0934775387889889	0.08
0.222812147	0.116013772481301	0.08
0.226694446	0.115490224951709	0.08
0.226867021	0.115490224951709	0.08
0.226929675	0.115490224951709	0.08
0.226957829	0.115490224951709	0.08
0.227177477	0.116306688466408	0.08
0.230426372	0.11261048636105	0.08
0.237068117	0.116013772481301	0.07
0.241897099	0.116013772481301	0.07
0.24235868	0.116013772481301	0.07
0.242615688	0.0845516530846517	0.06
0.242875367	0.120568511970815	0.06
0.242941212	0.120568511970815	0.06
0.243116147	0.11839926117014	0.06
0.249436037	0.111385171895983	0.06
0.254481698	0.117343646421343	0.05
0.256228734	0.115287897031334	0.05
0.256650521	0.115287897031334	0.05
0.259750174	0.115287897031334	0.05
0.263775407	0.115287897031334	0.05
0.272151172	0.108627235546203	0.05
0.287097646	0.108627235546203	0.05
0.296044019	0.111642853701831	0.05
0.296834617	0.111642853701831	0.05
0.296839561	0.111642853701831	0.05
0.296839653	0.111642853701831	0.05
0.296879772	0.111642853701831	0.05
0.29691506	0.111642853701831	0.05
0.296960227	0.111642853701831	0.05
0.297156652	0.111642853701831	0.05
0.297207868	0.111642853701831	0.05
0.29723727	0.111642853701831	0.05
0.297345093	0.111642853701831	0.05
0.29736316	0.111642853701831	0.05
0.298033592	0.111642853701831	0.05
0.298062423	0.111642853701831	0.05
0.298432807	0.111642853701831	0.05
0.298682719	0.111642853701831	0.05
0.299931082	0.112685614860648	0.05
0.300638986	0.112685614860648	0.05
0.301159527	0.112685614860648	0.05
0.301373268	0.112685614860648	0.05
0.302397905	0.111642853701831	0.05
0.302406093	0.111642853701831	0.05
0.302443572	0.111642853701831	0.05
0.302452098	0.111642853701831	0.05
0.302453753	0.111642853701831	0.05
0.302535608	0.111642853701831	0.05
0.302694303	0.111642853701831	0.05
0.302757814	0.111642853701831	0.05
0.302844832	0.111642853701831	0.05
0.303062807	0.111642853701831	0.05
0.303998368	0.111642853701831	0.05
0.304168238	0.111642853701831	0.05
0.305094409	0.113748038766744	0.05
0.306047128	0.113748038766744	0.05
0.306464617	0.106705728868931	0.05
0.319078068	0.109614175858917	0.04
0.320217262	0.109614175858917	0.04
0.320290117	0.109614175858917	0.04
0.322066605	0.109614175858917	0.04
0.322435043	0.109614175858917	0.04
0.322591403	0.109614175858917	0.04
0.322777267	0.109614175858917	0.04
0.323165924	0.108627235546203	0.04
0.324596864	0.103947635002244	0.04
0.327195424	0.103947635002244	0.04
0.330254195	0.103059684292187	0.04
0.333944256	0.102186775353646	0.04
0.334029253	0.102186775353646	0.04
0.338071632	0.100484579423839	0.05
0.340262381	0.0964672738493735	0.05
0.343706753	0.0964672738493735	0.05
0.351815198	0.0934775387889889	0.06
0.356206548	0.0934775387889889	0.06
0.356437896	0.0927588381881903	0.06
0.356490553	0.0927588381881903	0.06
0.357086112	0.106705728868931	0.06
0.362945858	0.0886684807885289	0.07
0.363236679	0.0886684807885289	0.07
0.363936107	0.0886684807885289	0.07
0.366130409	0.0893249699869298	0.07
0.367161303	0.103947635002244	0.07
0.367663989	0.100652242839672	0.07
0.37384574	0.0903563230172473	0.08
0.386863037	0.0602368270060494	0.06
0.389222512	0.0619765616491844	0.06
0.389299853	0.0619765616491844	0.06
0.389825341	0.0734612982431423	0.06
0.395214438	0.0785000535671123	0.06
0.398731854	0.0668903008669558	0.05
0.411578949	0.0876485474590012	0.04
0.415094538	0.0897402351869923	0.04
0.416416237	0.0670948985814286	0.03
0.419019267	0.0756571800999348	0.03
0.428769674	0.0818693341532167	0.02
0.438815006	0.0850433549713336	0.01
0.440249622	0.10034528601003	0.01
0.440316292	0.10034528601003	0.01
0.441698853	0.10034528601003	0.01
0.444236336	0.085759474143685	0.01
0.444499874	0.0822946092246786	0.01
0.444770984	0.0818223525328214	0.01
0.445049535	0.0818223525328214	0.01
0.445117302	0.0988381636398487	0.01
0.445156208	0.0988381636398487	0.01
0.445185068	0.098284599078651	0.01
0.445245414	0.098284599078651	0.01
0.445252832	0.098284599078651	0.01
0.445252833	0.098284599078651	0.01
0.445252835	0.098284599078651	0.01
0.445305777	0.098284599078651	0.01
0.44531318	0.098284599078651	0.01
0.44531319	0.098284599078651	0.01
0.445373562	0.098284599078651	0.01
0.445433949	0.098284599078651	0.01
0.445494353	0.0971958660436516	0.01
0.445554774	0.0971958660436516	0.01
0.445615211	0.0971958660436516	0.01
0.445653547	0.0971958660436516	0.01
0.445675664	0.0971958660436516	0.01
0.445691925	0.0971958660436516	0.01
0.445736134	0.0971958660436516	0.01
0.445849774	0.10803280652519	0.01
0.445857123	0.10803280652519	0.01
0.445917642	0.10803280652519	0.01
0.445978177	0.10803280652519	0.01
0.446038729	0.10803280652519	0.01
0.446341735	0.104598508201195	0.01
0.446351359	0.104598508201195	0.01
0.446465528	0.104598508201195	0.01
0.446888185	0.104598508201195	0.01
0.447158639	0.104598508201195	0.01
0.447533088	0.104598508201195	0.01
0.447542535	0.104598508201195	0.01
0.447649603	0.104598508201195	0.01
0.447876705	0.104598508201195	0.01
0.447928306	0.104598508201195	0.01
0.448701687	0.104047241601505	0.01
0.448791313	0.104047241601505	0.01
0.449552291	0.104598508201195	0.01
0.452986292	0.10571875352208	0.01
0.453117722	0.10571875352208	0.01
0.453312195	0.104598508201195	0.01
0.453607731	0.104598508201195	0.01
0.45367678	0.104598508201195	0.01
0.453739439	0.104598508201195	0.01
0.453782962	0.104598508201195	0.01
0.453789353	0.104598508201195	0.01
0.453802119	0.104598508201195	0.01
0.453864805	0.104598508201195	0.01
0.453864814	0.104598508201195	0.01
0.453977538	0.104598508201195	0.01
0.453990257	0.104598508201195	0.01
0.454115767	0.104598508201195	0.01
0.454131662	0.104598508201195	0.01
0.454172215	0.104598508201195	0.01
0.454228692	0.104598508201195	0.01
0.454266222	0.105155647393784	0.01
0.454278877	0.105155647393784	0.01
0.454297847	0.105155647393784	0.01
0.454379121	0.105155647393784	0.01
0.454423548	0.105155647393784	0.01
0.454618511	0.106287922960587	0.01
0.455078808	0.10571875352208	0.01
0.455180191	0.109228242214221	0.01
0.455439212	0.11839926117014	0.01
0.455755613	0.0983457998532152	0.02
0.456133439	0.0983457998532152	0.02
0.456159276	0.0983457998532152	0.02
0.458022431	0.0973756434126078	0.02
0.459124851	0.0973756434126078	0.02
0.460382332	0.0978583171863073	0.02
0.462114195	0.0983457998532152	0.02
0.46331093	0.0983457998532152	0.02
0.464728436	0.0973756434126078	0.02
0.46499053	0.0973756434126078	0.02
0.473676694	0.0923643150783896	0.03
0.474072423	0.0923643150783896	0.03
0.47699163	0.0837446645089913	0.03
0.477096915	0.0837446645089913	0.03
0.478409458	0.0863074307469586	0.04
0.479732593	0.087068713392327	0.04
0.479936634	0.087068713392327	0.04
0.483671852	0.0878435454792307	0.04
0.484225862	0.0878435454792307	0.04
0.484927676	0.0894353311290167	0.04
0.485802156	0.101899082448609	0.04
0.485999254	0.0972448303687285	0.04
0.48628356	0.100484579423839	0.04
0.486776039	0.0844612204710158	0.04
0.499369323	0.0937681471017885	0.05
0.508934563	0.0899241775706472	0.06
0.51473946	0.0877654422454472	0.07
0.514742139	0.0877654422454472	0.07
0.514839037	0.0881180049175797	0.07
0.514971335	0.0881180049175797	0.07
0.51502476	0.0881180049175797	0.07
0.516063638	0.0961715144530773	0.07
0.51682809	0.08259798504687	0.07
0.520735072	0.0681369528587573	0.07
0.529143364	0.0376944019586501	0.07
0.534226929	0.0376944019586501	0.07
0.534308248	0.0376944019586501	0.07
0.534453117	0.0376944019586501	0.07
0.534888196	0.0914233153894265	0.07
0.536755919	0.0428485805785024	0.06
0.539174229	0.0428485805785024	0.06
0.543234343	0.0420276254488437	0.06
0.544416783	0.0886684807885289	0.07
0.55657045	0.104851019657402	0.05
0.556807604	0.104851019657402	0.05
0.562444529	0.104851019657402	0.05
0.566766402	0.115934142189929	0.04
0.572491616	0.114830686867232	0.04
0.574371638	0.112685614860648	0.05
0.57444178	0.112685614860648	0.05
0.579525048	0.112685614860648	0.05
0.583655412	0.111642853701831	0.05
0.586308239	0.0959557742488017	0.05
0.59079165	0.0932367376582275	0.05
0.591193432	0.0932367376582275	0.05
0.591819223	0.0915080677817204	0.05
0.593402747	0.0932367376582275	0.05
0.593573546	0.0932367376582275	0.05
0.593673806	0.0932367376582275	0.05
0.593673808	0.0932367376582275	0.05
0.59375428	0.0932367376582275	0.05
0.593824895	0.0932367376582275	0.05
0.594036974	0.0932367376582275	0.05
0.594152812	0.0906675500497389	0.05
0.594237558	0.0906675500497389	0.05
0.594318181	0.0906675500497389	0.05
0.595015574	0.0915080677817204	0.05
0.595887104	0.0906675500497389	0.05
0.596219211	0.0906675500497389	0.05
0.596894832	0.0898423323909279	0.05
0.597117526	0.0898423323909279	0.05
0.602148457	0.0968977077235979	0.04
0.602674298	0.0978583171863073	0.04
0.604813246	0.0950319773628171	0.04
0.604905308	0.0950319773628171	0.04
0.60490531	0.0950319773628171	0.04
0.604905312	0.0950319773628171	0.04
0.604988853	0.0950319773628171	0.04
0.605716504	0.0941257982403415	0.04
0.606051871	0.0941257982403415	0.04
0.606404306	0.0941257982403415	0.04
0.608756287	0.0915080677817204	0.04
0.61827716	0.0941257982403415	0.04
0.624510489	0.0959557742488017	0.04
0.630942519	0.0915080677817204	0.04
0.635412418	0.0837446645089913	0.05
0.63624959	0.0837446645089913	0.05
0.637031954	0.0844612204710158	0.05
0.637881775	0.0844612204710158	0.05
0.638075882	0.0844612204710158	0.05
0.641599528	0.0882361561100496	0.05
0.644129804	0.0816661358235127	0.06
0.64559646	0.0816661358235127	0.06
0.646569798	0.0823474189173808	0.06
0.64801212	0.0823474189173808	0.06
0.648110758	0.0823474189173808	0.06
0.648827538	0.0823474189173808	0.06
0.65703705	0.0789237129687023	0.07
0.667879261	0.0772559330935856	0.08
0.667879263	0.0772559330935856	0.08
0.667969788	0.0772559330935856	0.08
0.678915807	0.0721722309625838	0.09
0.680410924	0.0721722309625838	0.09
0.680589305	0.0721722309625838	0.09
0.68060848	0.0721722309625838	0.09
0.680702493	0.0721722309625838	0.09
0.692614054	0.0785000535671123	0.09
0.696262833	0.0708894208471187	0.1
0.712354258	0.0714668171591268	0.11
0.7123899	0.0714668171591268	0.11
0.712401774	0.0714668171591268	0.11
0.71365913	0.0726502945134942	0.11
0.714295462	0.0726502945134942	0.11
0.715679053	0.0108488705636552	0.11
0.717816093	0.0703212795879472	0.12
0.719314887	0.0703212795879472	0.12
0.725609694	0.0108488705636552	0.12
0.725979546	0.0109572543690013	0.12
0.72717465	0.0697621726277598	0.13
0.742183791	0.0107426099163368	0.13
0.75180067	0.010053329579039	0.13
0.756100951	0.0108488705636552	0.12
0.756122282	0.0108488705636552	0.12
0.762884543	0.0768307171869094	0.13
0.763284143	0.0109572543690013	0.12
0.763491091	0.0109572543690013	0.12
0.766651587	0.0779883841753713	0.13
0.7676628	0.0776204307625774	0.13
0.772093843	0.0696418020617171	0.12
0.772264397	0.0803368378285787	0.12
0.778829055	0.0794957571627823	0.12
0.779976345	0.0776204307625774	0.12
0.786383987	0.0831100807182315	0.11
0.793117932	0.0844354181013104	0.1
0.794958533	0.0863829594246011	0.1
0.797194853	0.0846060056657224	0.1
0.799403767	0.0812627502265981	0.1
0.8034392	0.0876686795121336	0.09
0.817085993	0.0867126592712161	0.08
0.856064956	0.0955713438968674	0.04
0.861362559	0.0806650887604649	0.03
0.861783488	0.0843300269112605	0.03
0.864973627	0.0964406832746189	0.03
0.866065884	0.0958593770115699	0.03
0.874413626	0.098227687479638	0.02
0.875213305	0.0964406832746189	0.02
0.877564409	0.0941567580145726	0.02
0.87832845	0.0936025798161486	0.02
0.882218863	0.0950685875890832	0.01
0.882485476	0.0964969498712191	0.01
0.883236842	0.100784371408744	0.01
0.885048106	0.0988381636398487	0.01
0.885800269	0.0994562753622139	0.01
0.886381245	0.0985319799845966	0.01
0.887670141	0.0973259832639233	0.01
0.888469193	0.0976247062664257	0.01
0.888863234	0.0967339882959908	0.01
0.889014569	0.0955713438968674	0.01
0.889857915	0.0941567580145726	0.01
0.890068113	0.093327929832929	0.01
0.890083013	0.093327929832929	0.01
0.890218544	0.093327929832929	0.01
0.890228158	0.093327929832929	0.01
0.890309475	0.0930548868978389	0.01
0.890339212	0.0930548868978389	0.01
0.890354074	0.0930548868978389	0.01
0.890354075	0.0930548868978389	0.01
0.890407894	0.0930548868978389	0.01
0.890419078	0.0930548868978389	0.01
0.890459913	0.0930548868978389	0.01
0.890474761	0.0930548868978389	0.01
0.890489605	0.0930548868978389	0.01
0.890489606	0.0930548868978389	0.01
0.890506418	0.0930548868978389	0.01
0.890580647	0.0930548868978389	0.01
0.890595481	0.0930548868978389	0.01
0.89061031	0.0930548868978389	0.01
0.890610311	0.0930548868978389	0.01
0.89068659	0.0930548868978389	0.01
0.890701414	0.092783436947142	0.01
0.890716233	0.092783436947142	0.01
0.890731048	0.092783436947142	0.01
0.890731049	0.092783436947142	0.01
0.890822213	0.092783436947142	0.01
0.890851819	0.092783436947142	0.01
0.890957836	0.092783436947142	0.01
0.890972622	0.092783436947142	0.01
0.890972623	0.092783436947142	0.01
0.891093459	0.0925135660807256	0.01
0.89119957	0.0925135660807256	0.01
0.891214328	0.0925135660807256	0.01
0.891244043	0.0925135660807256	0.01
0.891246709	0.0925135660807256	0.01
0.89133523	0.0925135660807256	0.01
0.891441435	0.0925135660807256	0.01
0.891456164	0.0925135660807256	0.01
0.891521465	0.0925135660807256	0.01
0.891562417	0.0925135660807256	0.01
0.891577132	0.0919785068042065	0.01
0.891686849	0.0919785068042065	0.01
0.891698132	0.0919785068042065	0.01
0.892012117	0.0911874226670333	0.01
0.892017347	0.0911874226670333	0.01
0.89206133	0.0911874226670333	0.01
0.89216782	0.0909267432730193	0.01
0.892182462	0.0909267432730193	0.01
0.892245091	0.0911874226670333	0.01
0.89229733	0.0911874226670333	0.01
0.892307805	0.0911874226670333	0.01
0.892546055	0.0917132913908479	0.01
0.892568748	0.0917132913908479	0.01
0.892793389	0.0917132913908479	0.01
0.893016766	0.0935016873302213	0.01
0.89308003	0.0935016873302213	0.01
0.893142511	0.0935016873302213	0.01
0.893172464	0.0927113175534726	0.01
0.893320622	0.0929732852848665	0.01
0.893395592	0.0929732852848665	0.01
0.89420355	0.0921917860991725	0.01
0.894232534	0.0919341977662387	0.01
0.894332391	0.0919341977662387	0.01
0.894482721	0.0919341977662387	0.01
0.894511483	0.0916780448513305	0.01
0.894690708	0.0914233153894265	0.01
0.894970751	0.0914233153894265	0.01
0.895638516	0.0966604949123807	0.01
0.89592425	0.0969274412135247	0.01
0.896329745	0.0963950149577926	0.01
0.896928207	0.096130989300804	0.01
0.897131294	0.0975068088680734	0.01
0.897197773	0.0972448303687285	0.01
0.89799116	0.0902747759674461	0.01
0.898155973	0.0879877843438925	0.01
0.898485328	0.0874340280822603	0.01
0.898662437	0.0867064386983314	0.01
0.89889623	0.0854618772504787	0.01
0.898920463	0.0854618772504787	0.01
0.899310528	0.0839132741255176	0.01
0.899325427	0.0839132741255176	0.01
0.899974537	0.0912060998303175	0.01
0.900031532	0.0910258737761881	0.01
0.900274359	0.0926740140556423	0.01
0.900690942	0.0878736222115693	0.01
0.901007608	0.0953993533806458	0.01
0.901568195	0.087701642828095	0.01
0.901947653	0.0818693341532167	0.01
0.902162268	0.0827963816780925	0.01
0.902860993	0.0649109214428389	0.01
0.902919093	0.0649109214428389	0.01
0.902932441	0.0649109214428389	0.01
0.903166806	0.0654272106420953	0.01
0.903876527	0.0615788856557071	0.01
0.904039961	0.0615788856557071	0.01
0.904220945	0.057433012459378	0.01
0.904508173	0.0593453886722049	0.01
0.904513058	0.059593427754604	0.01
0.905345526	0.0586135072665014	0.01
0.905424433	0.0586135072665014	0.01
0.906154318	0.0578994579091356	0.01
0.906508268	0.057433012459378	0.01
0.906922556	0.0569740224363362	0.01
0.906983581	0.057433012459378	0.01
0.907060652	0.057433012459378	0.01
0.90712089	0.057433012459378	0.01
0.907185931	0.0576652919487703	0.01
0.907198748	0.0581355334157984	0.01
0.907199842	0.0581355334157984	0.01
0.907324045	0.0578994579091356	0.01
0.907336843	0.0578994579091356	0.01
0.907336844	0.0578994579091356	0.01
0.907436592	0.0578994579091356	0.01
0.907449378	0.0578994579091356	0.01
0.90746216	0.0578994579091356	0.01
0.907536422	0.0578994579091356	0.01
0.9075492	0.0578994579091356	0.01
0.907574745	0.0578994579091356	0.01
0.907587512	0.0578994579091356	0.01
0.907712898	0.0578994579091356	0.01
0.907951053	0.0578994579091356	0.01
0.907963773	0.0569740224363362	0.01
0.907963774	0.0569740224363362	0.01
0.908076559	0.0572025967359382	0.01
0.908089263	0.0572025967359382	0.01
0.908089264	0.0572025967359382	0.01
0.908151307	0.0572025967359382	0.01
0.90817671	0.057433012459378	0.01
0.908189407	0.057433012459378	0.01
0.908214789	0.057433012459378	0.01
0.908566283	0.057433012459378	0.01
0.908578929	0.057433012459378	0.01
0.908691978	0.0578994579091356	0.01
0.908729307	0.0578994579091356	0.01
0.908830322	0.0578994579091356	0.01
0.908855181	0.0578994579091356	0.01
0.908943472	0.0588554536818718	0.01
0.908956071	0.0588554536818718	0.01
0.909094444	0.0588554536818718	0.01
0.909183517	0.0583735419219671	0.01
0.909195105	0.0583735419219671	0.01
0.909207673	0.0583735419219671	0.01
0.909308419	0.0583735419219671	0.01
0.909346075	0.059593427754604	0.01
0.90938549	0.059593427754604	0.01
0.909409249	0.059593427754604	0.01
0.909434338	0.059593427754604	0.01
0.909838426	0.059593427754604	0.01
0.909896599	0.059593427754604	0.01
0.909914657	0.059593427754604	0.01
0.910014581	0.0598435489400694	0.01
0.910051995	0.0603501433741372	0.01
0.910204731	0.0603501433741372	0.01
0.910267	0.0603501433741372	0.01
0.910467776	0.0606066706235154	0.01
0.910628128	0.0606066706235154	0.01
0.911049792	0.0611263236614965	0.01
0.911351929	0.0611263236614965	0.01
0.911383512	0.0611263236614965	0.01
0.911404622	0.0611263236614965	0.01
0.911518912	0.0611263236614965	0.01
0.911776598	0.0616549649731759	0.01
0.912015459	0.0624652967856219	0.01
0.912488931	0.0619227294234515	0.01
0.912630246	0.0616549649731759	0.01
0.912776305	0.0613895062708166	0.01
0.912811242	0.0613895062708166	0.01
0.913139907	0.0579386705908682	0.01
0.913244462	0.0587140761132742	0.01
0.913751419	0.0587140761132742	0.01
0.914696902	0.0638642441019808	0.01
0.914870556	0.0638642441019808	0.01
0.914968567	0.0638642441019808	0.01
0.914983658	0.0638642441019808	0.01
0.915026039	0.0638642441019808	0.01
0.915559183	0.0553260037838544	0.01
0.916024822	0.0553260037838544	0.01
0.916163647	0.0558381283258624	0.01
0.916208994	0.0555808863958193	0.01
0.916688985	0.0558381283258624	0.01
0.917248255	0.0445906203992378	0.01
0.917957453	0.0545751916806617	0.01
0.918483627	0.0535101429100537	0.01
0.919120121	0.0578658892603421	0.02
0.922071236	0.0608468349549032	0.02
0.922455062	0.0610889102435292	0.02
0.922504312	0.0610889102435292	0.02
0.922763582	0.0610889102435292	0.02
0.924160807	0.0586135072665014	0.02
0.924412009	0.0588554536818718	0.02
0.924627878	0.0593453886722049	0.02
0.926193857	0.0517652318128563	0.02
0.927872541	0.0471463098544734	0.02
0.929379518	0.0541899844949178	0.03
0.93220206	0.0551633814855552	0.03
0.934071327	0.0533499678001444	0.03
0.934700606	0.0535503370820536	0.03
0.93534835	0.054160578285166	0.03
0.938446291	0.0321668425547637	0.03
0.938770844	0.034385469025225	0.03
0.941112169	0.00843053836535844	0.03
0.944027825	0.0097842764703095	0.03
0.947518522	0.0335734891346621	0.04
0.949342587	0.0407271105552691	0.04
0.953473419	0.0179516144450764	0.04
0.954119877	0.0180997379318677	0.04
0.954191796	0.0180997379318677	0.04
0.956018846	0.0197275063023032	0.04
0.956296714	0.02105285240198	0.04
0.956549025	0.02105285240198	0.04
0.956780018	0.0214648715145831	0.04
0.95679317	0.0214648715145831	0.04
0.957016096	0.0214648715145831	0.04
0.959031973	0.0390359932008753	0.05
0.959642592	0.0142260916804092	0.05
0.959665139	0.0142260916804092	0.05
0.959857154	0.0143189551831324	0.05
0.960819071	0.0155359189577379	0.05
0.960911853	0.0155359189577379	0.05
0.964446178	0.0180997379318677	0.05
0.964458654	0.0180997379318677	0.05
0.966653906	0.02105285240198	0.05
0.966980912	0.0214648715145831	0.05
0.966986309	0.0214648715145831	0.05
0.967144414	0.0214648715145831	0.05
0.967297223	0.0216769884614764	0.05
0.967297226	0.0216769884614764	0.05
0.967302571	0.0216769884614764	0.05
0.967302572	0.0216769884614764	0.05
0.967608447	0.0216769884614764	0.05
0.967619041	0.0216769884614764	0.05
0.967772081	0.0216769884614764	0.05
0.967935716	0.0216769884614764	0.05
0.968083686	0.0317019606058192	0.06
0.968237002	0.0339946861334819	0.06
0.968861479	0.0364419625112159	0.06
0.970292984	0.0273534628591258	0.06
0.973766743	0.0308113756902402	0.06
0.974203145	0.0308113756902402	0.06
0.97801719	0.0352700741181348	0.06
0.978183481	0.0352700741181348	0.06
0.981915796	0.0352700741181348	0.06
0.985118954	0.0318554210123383	0.05
0.9860103	0.0318554210123383	0.05
1.021711423	0.0390359932008753	0.07
1.022530753	0.0390359932008753	0.07
1.023898132	0.03938644651062	0.07
1.027042278	0.0383534690655444	0.08
1.027349785	0.0383534690655444	0.08
1.028094642	0.0386917214263217	0.08
1.029637844	0.0390359932008753	0.08
1.029659545	0.0390359932008753	0.08
1.030020301	0.0390359932008753	0.08
1.030392053	0.0390359932008753	0.08
1.030397618	0.0390359932008753	0.08
1.031531241	0.0390359932008753	0.08
1.032104884	0.0390359932008753	0.08
1.033463082	0.0380210796172146	0.08
1.034376329	0.0386917214263217	0.08
1.034854243	0.0386917214263217	0.08
1.035677928	0.0479013057880253	0.08
1.039046839	0.052993056411194	0.08
1.041709188	0.0462841647664889	0.09
1.043349328	0.0462841647664889	0.09
1.044012776	0.0458967974872842	0.09
1.048661279	0.0496355419219859	0.09
1.049025044	0.0496355419219859	0.09
1.054783865	0.0455158603980657	0.1
1.057424783	0.0496355419219859	0.1
1.06860264	0.0496355419219859	0.11
1.076612069	0.0592045768940327	0.12
1.091073782	0.0610889102435292	0.13
1.112743253	0.0587515182101586	0.15
1.113082372	0.0587515182101586	0.15
1.11414031	0.0587515182101586	0.15
1.115076799	0.0596646773478851	0.15
1.116382888	0.0592045768940327	0.15
1.133988353	0.0755083621630312	0.15
1.136767134	0.0654272106420953	0.15
1.137302108	0.0654272106420953	0.15
1.187305519	0.0545751916806617	0.15
1.187446683	0.0545751916806617	0.15
1.18762744	0.0535101429100537	0.15
1.192075895	0.051500068975031	0.15
1.192725439	0.0491903159414867	0.15
1.208724051	0.0432712039899211	0.14
1.209215802	0.0432712039899211	0.14
1.209751115	0.0432712039899211	0.14
1.209768181	0.0432712039899211	0.14
1.209825949	0.0432712039899211	0.14
1.210085375	0.0432712039899211	0.14
1.21086869	0.0432712039899211	0.14
1.225416562	0.0458967974872842	0.14
1.226416878	0.0451411947077075	0.14
1.226767373	0.0451411947077075	0.14
1.246668032	0.0383534690655444	0.12
1.265568721	0.0408535288865563	0.1
1.268447511	0.03938644651062	0.1
1.270060331	0.0380210796172146	0.1
1.270604589	0.0376944019586501	0.1
1.275739262	0.0401065758631088	0.09
1.278899002	0.0214648715145831	0.09
1.285172518	0.0212568656173029	0.09
1.289511656	0.0309563153457166	0.09
1.297280078	0.0404766066108914	0.09
1.302603198	0.0404766066108914	0.1
1.325958837	0.0432712039899211	0.11
1.33510162	0.0420276254488437	0.11
1.335485912	0.0424341327176593	0.11
1.335508208	0.0424341327176593	0.11
1.335711503	0.0424341327176593	0.11
1.335892556	0.0424341327176593	0.11
1.33625481	0.0424341327176593	0.11
1.33638917	0.0424341327176593	0.11
1.336413828	0.0424341327176593	0.11
1.336595099	0.0432712039899211	0.11
1.337117106	0.0437022472725604	0.11
1.337161305	0.0437022472725604	0.11
1.337524247	0.0437022472725604	0.11
1.337529375	0.0437022472725604	0.11
1.337887386	0.0437022472725604	0.11
1.338686534	0.0424341327176593	0.11
1.340005107	0.0424341327176593	0.11
1.342315002	0.0437022472725604	0.1
1.342368518	0.0437022472725604	0.1
1.343443085	0.0437022472725604	0.1
1.346883901	0.0510209269385749	0.11
1.360533959	0.051500068975031	0.1
1.360774481	0.051500068975031	0.1
1.360981621	0.051500068975031	0.1
1.36116959	0.051500068975031	0.1
1.361338457	0.051500068975031	0.1
1.36135761	0.051500068975031	0.1
1.361545683	0.051500068975031	0.1
1.361952473	0.051500068975031	0.1
1.362279458	0.051500068975031	0.1
1.365659238	0.0545751916806617	0.09
1.368077892	0.0519882956566592	0.1
1.369020462	0.0524858678267833	0.1
1.369707356	0.0524858678267833	0.1
1.370127164	0.0540374199188839	0.1
1.373967278	0.0545751916806617	0.1
1.377274175	0.0505506183217353	0.11
1.377544294	0.0505506183217353	0.11
1.379222918	0.0505506183217353	0.11
1.384187356	0.051500068975031	0.11
1.385801753	0.052993056411194	0.11
1.430594094	0.0505506183217353	0.1
1.434752614	0.0505506183217353	0.1
1.440102642	0.0505506183217353	0.11
1.448119954	0.0496355419219859	0.12
1.450462129	0.0491903159414867	0.12
1.450928234	0.0491903159414867	0.12
1.454003033	0.0491903159414867	0.12
1.454856842	0.0491903159414867	0.12
1.484067531	0.0487530062203426	0.15
1.484117024	0.0487530062203426	0.15
1.488337206	0.0487530062203426	0.16
1.494140559	0.0474865181556521	0.16
1.502972103	0.0474865181556521	0.17
1.506038743	0.0428485805785024	0.17
1.511734415	0.0474865181556521	0.18
1.511964569	0.0474865181556521	0.18
1.512194724	0.0474865181556521	0.18
1.513239565	0.0474865181556521	0.18
1.515375804	0.0487530062203426	0.18
1.516740221	0.0474865181556521	0.19
1.517647523	0.0466781264332002	0.19
1.558531046	0.134921885503389	0.23
1.55916507	0.13385950997589	0.23
1.56916589	0.154546854534104	0.22
1.611568792	0.170051526900823	0.17
1.652341299	0.179895760650417	0.14
1.707257935	0.210427869231881	0.08
1.718627381	0.204394805962289	0.07
1.730827961	0.198698042199443	0.06
1.75282717	0.207066314645131	0.03
1.758275756	0.213579958634278	0.03
1.77492366	0.215191682940945	0.01
1.778615293	0.218489224490325	0.01
1.77861633	0.218489224490325	0.01
1.780115455	0.207367466017021	0.01
1.780627841	0.207367466017021	0.01
1.780657571	0.207367466017021	0.01
1.780657572	0.207367466017021	0.01
1.780928629	0.207367466017021	0.01
1.78092863	0.207367466017021	0.01
1.781081012	0.207367466017021	0.01
1.781140367	0.207367466017021	0.01
1.781170032	0.207367466017021	0.01
1.781381862	0.207367466017021	0.01
1.781411498	0.207367466017021	0.01
1.781411499	0.207367466017021	0.01
1.781623424	0.207367466017021	0.01
1.781653031	0.207367466017021	0.01
1.7818108	0.207367466017021	0.01
1.781835463	0.207367466017021	0.01
1.781894629	0.207367466017021	0.01
1.782136292	0.205870405638185	0.01
1.782136293	0.205870405638185	0.01
1.782378022	0.204394805962289	0.01
1.782531315	0.204394805962289	0.01
1.782590324	0.204394805962289	0.01
1.782619816	0.204394805962289	0.01
1.783044725	0.204394805962289	0.01
1.783103602	0.204394805962289	0.01
1.783286774	0.204394805962289	0.01
1.783345594	0.204394805962289	0.01
1.78377107	0.204394805962289	0.01
1.784013316	0.204394805962289	0.01
1.784314217	0.204394805962289	0.01
1.784506241	0.204394805962289	0.01
1.784933025	0.207367466017021	0.01
1.785322292	0.216710218493313	0.01
1.785497332	0.216710218493313	0.01
1.785988286	0.213694280719369	0.01
1.786357195	0.213694280719369	0.01
1.787927091	0.210761135825533	0.01
1.788266632	0.210761135825533	0.01
1.788780487	0.215191682940945	0.01
1.788872102	0.215191682940945	0.01
1.78918715	0.215191682940945	0.01
1.789358594	0.215191682940945	0.01
1.790095821	0.215191682940945	0.01
1.79204453	0.210910874109243	0.02
1.792147241	0.210910874109243	0.02
1.795060195	0.186215032552211	0.02
1.795172249	0.176894276253069	0.02
1.795643534	0.17399130518855	0.02
1.796645824	0.16846211941184	0.02
1.796669094	0.16846211941184	0.02
1.801889818	0.107738024979878	0.02
1.809599251	0.159625850456484	0.03
1.813215031	0.108627235546203	0.03
1.813240824	0.108627235546203	0.03
1.813716026	0.0932367376582275	0.03
1.813793197	0.0941257982403415	0.03
1.814069384	0.0950319773628171	0.03
1.814345569	0.0959557742488017	0.03
1.814621757	0.0862132054297665	0.03
1.814846808	0.0862132054297665	0.03
1.814872379	0.0862132054297665	0.03
1.815123071	0.087068713392327	0.03
1.815169565	0.087068713392327	0.03
1.815373832	0.156683443406204	0.04
1.815875562	0.156683443406204	0.04
1.816377569	0.156683443406204	0.04
1.81637757	0.156683443406204	0.04
1.816628678	0.156683443406204	0.04
1.816879855	0.156683443406204	0.04
1.817399416	0.156683443406204	0.04
1.818036082	0.156683443406204	0.04
1.818363245	0.156683443406204	0.04
1.819395454	0.158879936537227	0.04
1.819410514	0.158879936537227	0.04
1.820606159	0.159625850456484	0.04
1.822065256	0.0973756434126078	0.04
1.823267442	0.106705728868931	0.04
1.823345161	0.0890320008089396	0.04
1.824985083	0.0862132054297665	0.04
1.828541204	0.153154542814055	0.05
1.828939845	0.155252546759909	0.05
1.829051906	0.155252546759909	0.05
1.835137623	0.0829529346241577	0.05
1.836263396	0.153154542814055	0.06
1.83758722	0.153154542814055	0.06
1.844053766	0.0906675500497389	0.06
1.860668056	0.14311903533314	0.08
1.872927722	0.0540374199188839	0.08
1.876458705	0.0466781264332002	0.09
1.877534086	0.0466781264332002	0.09
1.917919203	0.0440533146542609	0.13
1.919145255	0.0462841647664889	0.13
1.933588634	0.0437022472725604	0.12
1.934242286	0.0505506183217353	0.13
1.937910579	0.0505506183217353	0.13
1.938309591	0.0505506183217353	0.13
1.938319698	0.0505506183217353	0.13
1.939501786	0.0505506183217353	0.13
1.940502926	0.0408535288865563	0.13
1.945075766	0.0564477206445362	0.14
1.956133657	0.0564477206445362	0.15
1.959079535	0.0564477206445362	0.15
2.03833515	0.0660842375594198	0.23
2.045755957	0.064624073663592	0.24
2.04617014	0.064624073663592	0.24
2.049316864	0.0641515866573278	0.24
2.057190684	0.0641515866573278	0.25
2.058810915	0.0641515866573278	0.25
2.060706206	0.0565864017571556	0.25
2.077371996	0.0641515866573278	0.27
2.077653506	0.0641515866573278	0.27
2.077935092	0.0641515866573278	0.27
2.079378601	0.0641515866573278	0.27
2.080200147	0.0565864017571556	0.27
2.114638141	0.062076784504335	0.3
2.119081815	0.0618891317453346	0.31
2.130868897	0.0545751916806617	0.32
2.21647999	0.0740517614350774	0.4
2.22342495	0.0549659145318676	0.41
2.225736601	0.0706448114990714	0.41
2.22607531	0.0713008892352647	0.41
2.244892022	0.136224170969501	0.43
2.268175967	0.170570077727073	0.41
2.279085054	0.173134414584784	0.4
2.287430653	0.177128825400475	0.39
2.36737444	0.238598437737672	0.32
2.396315913	0.243003757756516	0.32
2.401471639	0.257655883866437	0.32
2.57811595	0.249925438906263	0.17
2.634889835	0.249925438906263	0.11
2.63880046	0.249925438906263	0.11
2.64482266	0.249925438906263	0.1
2.65353762	0.257252993052617	0.09
2.664122924	0.249925438906263	0.09
2.669724846	0.252321130823441	0.08
2.671148642	0.252321130823441	0.08
2.671193019	0.252321130823441	0.08
2.671193179	0.252321130823441	0.08
2.671237545	0.252321130823441	0.08
2.671237705	0.252321130823441	0.08
2.671599486	0.252321130823441	0.08
2.671599646	0.252321130823441	0.08
2.671961685	0.252321130823441	0.08
2.672323822	0.252321130823441	0.08
2.67300408	0.252321130823441	0.08
2.673366554	0.252321130823441	0.08
2.673410821	0.252321130823441	0.08
2.674201502	0.252321130823441	0.08
2.674817434	0.252321130823441	0.07
2.675753192	0.252321130823441	0.07
2.675906626	0.252321130823441	0.07
2.67595059	0.252321130823441	0.07
2.677404052	0.252321130823441	0.07
2.678640892	0.252321130823441	0.07
2.679587204	0.252321130823441	0.07
2.68050645	0.252321130823441	0.07
2.692790444	0.252321130823441	0.06
2.697875326	0.254763195670191	0.06
2.703341222	0.257252993052617	0.06
2.721223607	0.254763195670191	0.08
2.721339166	0.254763195670191	0.08
2.721714851	0.254763195670191	0.08
2.721753239	0.254763195670191	0.08
2.722090639	0.254763195670191	0.08
2.72212898	0.254763195670191	0.08
2.722504826	0.254763195670191	0.08
2.725138453	0.249925438906263	0.09
2.725892101	0.249925438906263	0.09
2.727362573	0.249925438906263	0.09
2.734951629	0.257252993052617	0.09
2.741703646	0.257252993052617	0.09
2.742221604	0.257252993052617	0.09
2.744776734	0.252321130823441	0.1
2.784781798	0.237475368689727	0.12
2.814579483	0.237475368689727	0.15
2.857457722	0.237475368689727	0.19
2.874914635	0.237475368689727	0.21
2.893176138	0.260384979517241	0.23
2.901070252	0.257655883866437	0.23
3.116410384	0.251357363698062	0.45
3.190582361	0.25525729210825	0.52
3.479484296	0.247043720268931	0.81
3.560201153	0.253943938660122	0.890000000000001
3.561529658	0.246934123688259	0.890000000000001
3.561648443	0.263286457444679	0.890000000000001
3.562131134	0.269776472259857	0.890000000000001
3.563861522	0.23574923400633	0.890000000000001
3.565454716	0.216893884183207	0.890000000000001
3.567214517	0.222165991661902	0.890000000000001
3.571812505	0.198500453625387	0.890000000000001
3.572123566	0.217221170815916	0.880000000000001
3.572497766	0.217221170815916	0.880000000000001
3.579984214	0.184678571581069	0.880000000000001
3.62901857	0.181383292723514	0.910000000000001
3.62939674	0.181383292723514	0.910000000000001
3.629519691	0.181383292723514	0.910000000000001
3.631023885	0.181383292723514	0.910000000000001
3.631970124	0.179895760650417	0.910000000000001
3.633483005	0.179895760650417	0.910000000000001
3.639968026	0.179895760650417	0.920000000000001
3.707141358	0.179895760650417	0.990000000000001
3.778072999	0.178432428737962	1.06
3.82876748	0.20263661201093	1.1
4.442577106	0.200685160794706	1.7
4.445571488	0.195049991426019	1.71
4.452121847	0.196892885963747	1.71
4.45272527	0.200685160794706	1.71
4.453328856	0.200685160794706	1.71
4.453932605	0.200685160794706	1.71
4.459832487	0.195049991426019	1.72
4.464002998	0.200685160794706	1.72
4.475601202	0.195049991426019	1.74
4.478685952	0.195049991426019	1.74
4.480518943	0.195049991426019	1.74
4.536969429	0.215191682940945	1.7
4.537444354	0.215191682940945	1.7
4.537596069	0.215191682940945	1.7
4.550359745	0.213101138616433	1.7
4.773228095	0.215191682940945	1.89
4.848628454	0.215191682940945	1.96
5.342582978	0.206201214702809	1.89
5.443653327	0.210600542460387	1.89
5.445157132	0.210600542460387	1.89
6.232084175	0.131402189097874	2.60999999999999
6.2338777	0.131402189097874	2.60999999999999
6.234722781	0.131402189097874	2.60999999999999
6.244676548	0.131402189097874	2.61999999999999
6.358499262	0.131402189097874	2.72999999999999
7	0.172809663757991	3.17999999999998
