thrs	post_p	finalwindow
0	0.0974893865439815	0.23
0.03256001	0.0950041050051683	0.2
0.070216248	0.0974893865439815	0.16
0.089689176	0.0842635217287804	0.16
0.098963073	0.0842635217287804	0.15
0.106977596	0.0833215393460045	0.15
0.113424721	0.0824003849794164	0.15
0.123778241	0.0814993753952346	0.16
0.128068503	0.0814993753952346	0.16
0.129730945	0.0814993753952346	0.16
0.130460633	0.0814993753952346	0.16
0.14705261	0.0680965132603064	0.15
0.148427326	0.0868153737282119	0.15
0.148447444	0.0868153737282119	0.15
0.151339737	0.0840734251799151	0.15
0.155752372	0.105791844121054	0.15
0.161204767	0.0840734251799151	0.14
0.178062567	0.0875290359602772	0.12
0.178113806	0.0875290359602772	0.12
0.178140913	0.0875290359602772	0.12
0.178189211	0.0875290359602772	0.12
0.181430774	0.0840734251799151	0.12
0.181486035	0.0840734251799151	0.12
0.186084933	0.105791844121054	0.12
0.191788381	0.0854224018688222	0.11
0.194681585	0.108671090808741	0.11
0.205298456	0.109415558368198	0.1
0.222049977	0.0836331846262598	0.08
0.222622275	0.0821279972012923	0.08
0.22265244	0.0821279972012923	0.08
0.222656148	0.0821279972012923	0.08
0.222686318	0.0821279972012923	0.08
0.222697977	0.0821279972012923	0.08
0.222716495	0.0821279972012923	0.08
0.222812147	0.0896048899066738	0.08
0.222924291	0.111322130628722	0.08
0.226694446	0.10654800359572	0.08
0.226867021	0.10654800359572	0.08
0.226923294	0.10654800359572	0.08
0.226957829	0.10654800359572	0.08
0.226982815	0.10654800359572	0.08
0.227177477	0.108093221265113	0.08
0.227432153	0.107315050363653	0.08
0.230426372	0.0606196726857764	0.07
0.237068117	0.0896048899066738	0.07
0.241897099	0.0882545287070356	0.07
0.242615688	0.0412465662387867	0.06
0.242875367	0.0792253584811875	0.06
0.242941212	0.0792253584811875	0.06
0.243116147	0.077778559982486	0.06
0.256650521	0.0799691316990946	0.05
0.259750174	0.0784952930737041	0.05
0.272151172	0.0770747973036893	0.05
0.295749179	0.0718722329752999	0.07
0.296044019	0.0718722329752999	0.07
0.296839561	0.0737387506661816	0.07
0.296879772	0.0763836561144529	0.07
0.29691506	0.0763836561144529	0.07
0.296919994	0.0763836561144529	0.07
0.297156652	0.0784952930737041	0.07
0.297207868	0.0784952930737041	0.07
0.29723727	0.0784952930737041	0.07
0.297242165	0.0784952930737041	0.07
0.29736316	0.0784952930737041	0.07
0.298033592	0.0792253584811875	0.07
0.298062423	0.0792253584811875	0.07
0.29926506	0.0792253584811875	0.07
0.300128238	0.0792253584811875	0.07
0.301373268	0.0807270024558784	0.07
0.302443572	0.0807270024558784	0.07
0.302452098	0.0807270024558784	0.07
0.302453753	0.0807270024558784	0.07
0.302493847	0.0807270024558784	0.07
0.302757814	0.0807270024558784	0.07
0.302844832	0.0807270024558784	0.07
0.303037639	0.0807270024558784	0.07
0.303998368	0.0792253584811875	0.07
0.305094409	0.0792253584811875	0.07
0.306047128	0.0792253584811875	0.07
0.306464617	0.0792253584811875	0.07
0.307314933	0.0799691316990946	0.07
0.308759935	0.0799691316990946	0.07
0.319078068	0.0830893253373246	0.07
0.320217262	0.0830893253373246	0.07
0.320290117	0.0830893253373246	0.07
0.323165924	0.0830893253373246	0.07
0.323808824	0.0830893253373246	0.07
0.324596864	0.0830893253373246	0.07
0.328591896	0.0847425454331923	0.06
0.330254195	0.0847425454331923	0.06
0.333944256	0.0814993753952346	0.07
0.334029253	0.0814993753952346	0.07
0.340262381	0.0839077929011378	0.06
0.343625259	0.0822866707965184	0.06
0.345554528	0.0847425454331923	0.05
0.350684009	0.0822866707965184	0.06
0.351815198	0.0814993753952346	0.06
0.356200611	0.0814993753952346	0.06
0.356206548	0.0814993753952346	0.06
0.356351443	0.0814993753952346	0.06
0.357086112	0.0770747973036893	0.07
0.362945858	0.0770747973036893	0.07
0.367161303	0.0930278187587598	0.08
0.37384574	0.0888952388369095	0.08
0.382008897	0.0845183250648933	0.07
0.386863037	0.0810223301334748	0.06
0.387745392	0.0791687178069387	0.06
0.395214438	0.0801363151085544	0.06
0.398731854	0.0819820714454206	0.05
0.403209246	0.0923363340097854	0.05
0.411578949	0.0998399949373293	0.04
0.412388288	0.0998399949373293	0.04
0.415772448	0.0513601942458716	0.03
0.418471182	0.0949110453016064	0.03
0.419019267	0.0936270930623451	0.03
0.423143546	0.104408687090814	0.03
0.440249622	0.112498304196739	0.01
0.440316292	0.112498304196739	0.01
0.441698853	0.112498304196739	0.01
0.444236336	0.0849679586434757	0.01
0.444499874	0.0819173818753373	0.01
0.444770984	0.0802705659787536	0.01
0.445049535	0.0802705659787536	0.01
0.445117302	0.0948027058042592	0.01
0.445156208	0.0948027058042592	0.01
0.445185067	0.0948027058042592	0.01
0.445185068	0.0948027058042592	0.01
0.445252832	0.0948027058042592	0.01
0.445252833	0.0948027058042592	0.01
0.445252835	0.0948027058042592	0.01
0.445305777	0.0948027058042592	0.01
0.44531318	0.0948027058042592	0.01
0.445313187	0.0948027058042592	0.01
0.44531319	0.0948027058042592	0.01
0.445373562	0.0948027058042592	0.01
0.445419149	0.0948027058042592	0.01
0.445433949	0.0948027058042592	0.01
0.445479567	0.0943360786831172	0.01
0.445494353	0.0943360786831172	0.01
0.445540001	0.0943360786831172	0.01
0.445554774	0.0943360786831172	0.01
0.445578303	0.0943360786831172	0.01
0.445615211	0.0943360786831172	0.01
0.445653547	0.0943360786831172	0.01
0.445675664	0.0943360786831172	0.01
0.445691925	0.0943360786831172	0.01
0.445736134	0.0943360786831172	0.01
0.445849774	0.0943360786831172	0.01
0.445857123	0.0943360786831172	0.01
0.445978177	0.0943360786831172	0.01
0.446038729	0.0943360786831172	0.01
0.446188208	0.09296335761256	0.01
0.446319857	0.09296335761256	0.01
0.446341735	0.09296335761256	0.01
0.446351359	0.09296335761256	0.01
0.446394864	0.09296335761256	0.01
0.446395102	0.09296335761256	0.01
0.446455777	0.09296335761256	0.01
0.446465528	0.0925146188465156	0.01
0.44656991	0.0925146188465156	0.01
0.446633323	0.0925146188465156	0.01
0.447533088	0.0916300135510636	0.01
0.447542535	0.0916300135510636	0.01
0.447649603	0.0916300135510636	0.01
0.447928306	0.0916300135510636	0.01
0.448701687	0.0957751303556303	0.01
0.448791313	0.0957751303556303	0.01
0.449051315	0.0957751303556303	0.01
0.449552291	0.0957751303556303	0.01
0.449715173	0.0957751303556303	0.01
0.453607731	0.0957751303556303	0.01
0.453670383	0.0957751303556303	0.01
0.45367678	0.0957751303556303	0.01
0.453739439	0.0957751303556303	0.01
0.453789353	0.0957751303556303	0.01
0.453864805	0.0957751303556303	0.01
0.453864814	0.0957751303556303	0.01
0.453927527	0.0957751303556303	0.01
0.453952078	0.0957751303556303	0.01
0.454053004	0.0957751303556303	0.01
0.454115767	0.0957751303556303	0.01
0.454131662	0.0957751303556303	0.01
0.454159539	0.0957751303556303	0.01
0.454172215	0.0957751303556303	0.01
0.454228692	0.0957751303556303	0.01
0.454266222	0.0962307020520639	0.01
0.454278877	0.0962307020520639	0.01
0.454291524	0.0962307020520639	0.01
0.454297847	0.0962307020520639	0.01
0.454423548	0.0962307020520639	0.01
0.454543029	0.0966906284805905	0.01
0.454618511	0.0966906284805905	0.01
0.454637485	0.0966906284805905	0.01
0.455078808	0.0957751303556303	0.01
0.455439212	0.10498943040355	0.01
0.456133439	0.124319808583108	0.01
0.456159276	0.124319808583108	0.01
0.456455968	0.0898218914389481	0.02
0.456880284	0.0898218914389481	0.02
0.458619789	0.088641218801832	0.02
0.458664131	0.088641218801832	0.02
0.460382332	0.0882545287070355	0.02
0.462114195	0.088641218801832	0.02
0.46331093	0.088641218801832	0.02
0.464728436	0.0878711977662677	0.02
0.46499053	0.0882545287070355	0.02
0.472596627	0.0424807656302038	0.02
0.473676694	0.0845654306944241	0.03
0.474072423	0.0845654306944241	0.03
0.47699163	0.0553661502288007	0.03
0.477096915	0.0553661502288007	0.03
0.478888149	0.0589418303851785	0.03
0.479936634	0.0408509501906284	0.03
0.483511101	0.0397083630305221	0.03
0.483988273	0.0774436035653927	0.04
0.485999254	0.0853083359434016	0.04
0.486776039	0.0475384277331094	0.04
0.489107131	0.0509505861597895	0.04
0.489424331	0.0509505861597895	0.04
0.50407637	0.0424807656302038	0.05
0.508934563	0.0427651297573075	0.06
0.511690912	0.0295238435829179	0.06
0.514553924	0.0711768517909152	0.07
0.514645345	0.0711768517909152	0.07
0.51473946	0.0711768517909152	0.07
0.514742139	0.0711768517909152	0.07
0.514839037	0.0714281552911739	0.07
0.514971335	0.0714281552911739	0.07
0.515124567	0.0724513690001342	0.07
0.518492841	0.0413801465674436	0.07
0.534308248	0.010535527272539	0.06
0.534380672	0.0103310824907507	0.06
0.534888196	0.0103310824907507	0.06
0.536755919	0.0287272962667685	0.06
0.539174229	0.0295238435829179	0.06
0.543234343	0.0295238435829179	0.06
0.544416783	0.030657258374284	0.06
0.546060858	0.110876278614951	0.06
0.55657045	0.114546401973285	0.05
0.556645891	0.114546401973285	0.05
0.556807604	0.114546401973285	0.05
0.55802857	0.113606279645523	0.05
0.559788571	0.111771582810025	0.05
0.566766402	0.135916575810419	0.04
0.568776608	0.130779992897756	0.04
0.574371638	0.132027393461696	0.04
0.57444178	0.133298818993235	0.04
0.583655412	0.13726439270207	0.04
0.591193432	0.123764025477872	0.05
0.591819223	0.121589713616593	0.05
0.593402747	0.122667235228865	0.05
0.593573546	0.122667235228865	0.05
0.593673806	0.122667235228865	0.05
0.593673808	0.122667235228865	0.05
0.593754277	0.122667235228865	0.05
0.593754278	0.122667235228865	0.05
0.593824895	0.122667235228865	0.05
0.593834769	0.122667235228865	0.05
0.593915284	0.122667235228865	0.05
0.594237558	0.122667235228865	0.05
0.594318181	0.122667235228865	0.05
0.595015574	0.127175319037421	0.05
0.595196772	0.127175319037421	0.05
0.595887104	0.126017516942463	0.05
0.596219211	0.12955594270818	0.05
0.596894832	0.127175319037421	0.05
0.597117526	0.127175319037421	0.05
0.602674298	0.122667235228865	0.05
0.604813246	0.122667235228865	0.05
0.604905308	0.122667235228865	0.05
0.60490531	0.122667235228865	0.05
0.604988853	0.122667235228865	0.05
0.605716504	0.13726439270207	0.04
0.606051871	0.13726439270207	0.04
0.60631275	0.13726439270207	0.04
0.606404306	0.13726439270207	0.04
0.607971158	0.135916575810419	0.04
0.608524688	0.132027393461696	0.04
0.608756287	0.132027393461696	0.04
0.61827716	0.13726439270207	0.03
0.624510489	0.133298818993235	0.04
0.630942519	0.138145052721441	0.04
0.635412418	0.132027393461696	0.05
0.636066531	0.132027393461696	0.05
0.63624959	0.132027393461696	0.05
0.637260654	0.132027393461696	0.05
0.637881775	0.132027393461696	0.05
0.641599528	0.129729402289254	0.05
0.64559646	0.123291580064716	0.06
0.646569798	0.123291580064716	0.06
0.64801212	0.123291580064716	0.06
0.648110758	0.123291580064716	0.06
0.648827538	0.123291580064716	0.06
0.659386285	0.128057729142025	0.07
0.667472678	0.125233680695469	0.08
0.667969788	0.125233680695469	0.08
0.669490645	0.125233680695469	0.08
0.680410924	0.119943470210076	0.09
0.680589305	0.119943470210076	0.09
0.68060848	0.119943470210076	0.09
0.680702493	0.119943470210076	0.09
0.680786967	0.119943470210076	0.09
0.689921535	0.130233127006059	0.1
0.692614054	0.132943195460788	0.1
0.696262833	0.156627590642788	0.1
0.712401774	0.150715529290899	0.11
0.713541741	0.152151304177971	0.11
0.71365913	0.152151304177971	0.11
0.714295462	0.152151304177971	0.11
0.715679053	0.141376818665602	0.12
0.717816093	0.149306598452674	0.12
0.725609694	0.137719624979055	0.13
0.725869057	0.137719624979055	0.13
0.726772429	0.137719624979055	0.13
0.742183791	0.125788481672563	0.14
0.744518666	0.120112599614237	0.14
0.7500464	0.0449939136665105	0.14
0.75180067	0.0589418303851785	0.14
0.765321243	0.0617923292200849	0.13
0.766651587	0.0610541657326692	0.13
0.772093843	0.0618778288573237	0.12
0.772264397	0.0637543911302543	0.12
0.779184816	0.0642017107190366	0.12
0.779976345	0.0640472383065612	0.12
0.793117932	0.0655381051763293	0.1
0.794958533	0.0650475252635327	0.1
0.797194853	0.063364491509354	0.1
0.799403767	0.0646042348829103	0.1
0.8034392	0.0677466694210777	0.09
0.812482547	0.0598131563830849	0.08
0.817085993	0.0597290646179825	0.08
0.828284953	0.0632380566576452	0.07
0.849686346	0.0579789787680792	0.05
0.856064956	0.057599309015199	0.04
0.861362559	0.0554622815104526	0.03
0.866065884	0.0579291730193174	0.03
0.867661243	0.0601063749929171	0.03
0.870144812	0.0586173460769032	0.03
0.874413626	0.0610772063869503	0.02
0.875954975	0.0584311144936557	0.02
0.877564409	0.0613178641438326	0.02
0.880342154	0.0597689787042844	0.02
0.88244613	0.0605183362605981	0.01
0.883236842	0.0623958369817447	0.01
0.883671839	0.0647939041229507	0.01
0.884296127	0.0635722636739793	0.01
0.885048106	0.0625888751062785	0.01
0.885800269	0.0610772063869503	0.01
0.886381245	0.0608933666123773	0.01
0.888469193	0.0635123897511303	0.01
0.888863234	0.062763633507135	0.01
0.889014569	0.0623958369817447	0.01
0.889576687	0.0620323259377389	0.01
0.889752182	0.0620323259377389	0.01
0.890068113	0.0618521541329321	0.01
0.890083013	0.0618521541329321	0.01
0.890218543	0.0618521541329321	0.01
0.890218544	0.0618521541329321	0.01
0.890228158	0.0618521541329321	0.01
0.890309475	0.0618521541329321	0.01
0.890339212	0.0618521541329321	0.01
0.890354074	0.0620323259377389	0.01
0.890354075	0.0620323259377389	0.01
0.890419078	0.0620323259377389	0.01
0.890459913	0.0620323259377389	0.01
0.890474761	0.0620323259377389	0.01
0.890489605	0.0620323259377389	0.01
0.890489606	0.0620323259377389	0.01
0.890595481	0.0620323259377389	0.01
0.89061031	0.0620323259377389	0.01
0.890610311	0.0620323259377389	0.01
0.890716233	0.0620323259377389	0.01
0.890731048	0.0620323259377389	0.01
0.890731049	0.0620323259377389	0.01
0.890737499	0.0620323259377389	0.01
0.890822213	0.0620323259377389	0.01
0.890851819	0.0620323259377389	0.01
0.890928251	0.0620323259377389	0.01
0.890957836	0.0620323259377389	0.01
0.890972622	0.0620323259377389	0.01
0.890972623	0.0620323259377389	0.01
0.891093459	0.0618521541329321	0.01
0.89119957	0.0618521541329321	0.01
0.891214328	0.0618521541329321	0.01
0.891246709	0.0618521541329321	0.01
0.891320486	0.0618521541329321	0.01
0.891382479	0.0618521541329321	0.01
0.891441435	0.0618521541329321	0.01
0.891456164	0.0618521541329321	0.01
0.89149835	0.0618521541329321	0.01
0.891562417	0.0616730259087698	0.01
0.891577132	0.0611418128326062	0.01
0.891686849	0.0611418128326062	0.01
0.891698132	0.0611418128326062	0.01
0.891793338	0.0611418128326062	0.01
0.891881522	0.0611418128326062	0.01
0.892012117	0.0609667695581571	0.01
0.89206133	0.0609667695581571	0.01
0.89216782	0.0609667695581571	0.01
0.892182462	0.0609667695581571	0.01
0.892215798	0.0609667695581571	0.01
0.89229733	0.0606196726857764	0.01
0.892307805	0.0606196726857764	0.01
0.89273031	0.0609667695581571	0.01
0.892951888	0.0609667695581571	0.01
0.892952212	0.0609667695581571	0.01
0.89308003	0.0609667695581571	0.01
0.893142511	0.0609667695581571	0.01
0.893352088	0.0613178641438326	0.01
0.893395592	0.0613178641438326	0.01
0.894189143	0.060792725687457	0.01
0.894232534	0.060792725687457	0.01
0.894511483	0.060792725687457	0.01
0.894690708	0.0606196726857764	0.01
0.894906463	0.0606196726857764	0.01
0.894913415	0.0606196726857764	0.01
0.894970751	0.0606196726857764	0.01
0.895081202	0.060792725687457	0.01
0.895086463	0.060792725687457	0.01
0.895300675	0.060792725687457	0.01
0.89539422	0.060792725687457	0.01
0.895524497	0.0636389227930098	0.01
0.89592425	0.0640032397689049	0.01
0.896329745	0.0634583152052186	0.01
0.896396617	0.0638205613631799	0.01
0.897197773	0.0666405704229447	0.01
0.897282137	0.0697534651545538	0.01
0.898662437	0.072130427890345	0.01
0.898755243	0.0716889368516622	0.01
0.89889623	0.071397599788953	0.01
0.898920463	0.071397599788953	0.01
0.899413875	0.0757047998960589	0.01
0.899974537	0.0746724585180306	0.01
0.901007608	0.0851846962550968	0.01
0.90151373	0.0779208575775009	0.01
0.901568195	0.0779208575775009	0.01
0.901947653	0.0830122080326919	0.01
0.902291602	0.0814993753952346	0.01
0.903685884	0.0754069440139793	0.01
0.903876527	0.0742385952538454	0.01
0.904039961	0.0733858200257845	0.01
0.904508173	0.0751114227378573	0.01
0.904513058	0.0757047998960589	0.01
0.905424433	0.0757047998960589	0.01
0.906210372	0.0760050181587424	0.01
0.906786831	0.0763076270190075	0.01
0.906922556	0.0763076270190075	0.01
0.906983581	0.0763076270190075	0.01
0.907060652	0.0763076270190075	0.01
0.90712089	0.0763076270190075	0.01
0.907185931	0.0763076270190075	0.01
0.907198748	0.0769201316651088	0.01
0.907199842	0.0769201316651088	0.01
0.907298438	0.0726656804545899	0.01
0.907311244	0.0726656804545899	0.01
0.907324045	0.0726656804545899	0.01
0.907336843	0.0726656804545899	0.01
0.907336844	0.0726656804545899	0.01
0.907436592	0.0726656804545899	0.01
0.907449378	0.0726656804545899	0.01
0.90746216	0.0726656804545899	0.01
0.907536422	0.0726656804545899	0.01
0.9075492	0.0726656804545899	0.01
0.907574745	0.0726656804545899	0.01
0.907587512	0.0726656804545899	0.01
0.907700146	0.0726656804545899	0.01
0.907712898	0.0726656804545899	0.01
0.907951053	0.0726656804545899	0.01
0.907963773	0.0720869041755271	0.01
0.907963774	0.0720869041755271	0.01
0.908076559	0.0720869041755271	0.01
0.908089264	0.0720869041755271	0.01
0.908189407	0.0720869041755271	0.01
0.908202099	0.0720869041755271	0.01
0.908214789	0.0720869041755271	0.01
0.908453284	0.0718009597512954	0.01
0.908566283	0.0718009597512954	0.01
0.908577365	0.0718009597512954	0.01
0.908691978	0.0720869041755271	0.01
0.908729307	0.0720869041755271	0.01
0.908816452	0.072958567830582	0.01
0.908855181	0.0723751352304301	0.01
0.908943472	0.072958567830582	0.01
0.908956071	0.072958567830582	0.01
0.909094444	0.072958567830582	0.01
0.909183517	0.0723751352304301	0.01
0.909207673	0.0723751352304301	0.01
0.909308419	0.0723751352304301	0.01
0.909346075	0.0723751352304301	0.01
0.90938549	0.0723751352304301	0.01
0.909409249	0.0723751352304301	0.01
0.909434338	0.072958567830582	0.01
0.909446878	0.072958567830582	0.01
0.909620416	0.072958567830582	0.01
0.909642167	0.072958567830582	0.01
0.909896599	0.072958567830582	0.01
0.909914657	0.072958567830582	0.01
0.910014581	0.0732538257939556	0.01
0.910051995	0.0732538257939556	0.01
0.910204731	0.0732538257939556	0.01
0.911049792	0.0735514832424364	0.01
0.911062134	0.0735514832424364	0.01
0.911383512	0.0732538257939556	0.01
0.911404622	0.0732538257939556	0.01
0.911518912	0.0735514832424364	0.01
0.911632099	0.0744591486080543	0.01
0.911747931	0.0744591486080543	0.01
0.911776598	0.0744591486080543	0.01
0.912630246	0.0741541145533082	0.01
0.912707801	0.0741541145533082	0.01
0.912811242	0.0741541145533082	0.01
0.913006436	0.0741541145533082	0.01
0.913244462	0.0741541145533082	0.01
0.913751419	0.0741541145533082	0.01
0.914018042	0.0744591486080543	0.01
0.914696902	0.0744591486080543	0.01
0.914870556	0.0744591486080543	0.01
0.914968567	0.0744591486080543	0.01
0.914983658	0.0744591486080543	0.01
0.915026039	0.0744591486080543	0.01
0.915269563	0.0744591486080543	0.01
0.915559183	0.0700978752189329	0.01
0.916208994	0.0698106316141968	0.01
0.916688985	0.0706795126435856	0.01
0.917248255	0.0609086443132067	0.01
0.917957453	0.0513601942458716	0.01
0.918238351	0.0404628511384086	0.01
0.918816837	0.0704198198605999	0.02
0.918837351	0.0704198198605999	0.02
0.919120121	0.070941127895767	0.02
0.921364075	0.07173772434115	0.02
0.922455062	0.0736678932260825	0.02
0.922504312	0.0736678932260825	0.02
0.923268187	0.0731058986936799	0.02
0.923473233	0.0731058986936799	0.02
0.924412009	0.0745272750649586	0.02
0.924507726	0.0745272750649586	0.02
0.925553967	0.0712358228080327	0.02
0.926193857	0.0712358228080327	0.02
0.927872541	0.0546222727378754	0.02
0.929379518	0.0653755211885584	0.03
0.933174706	0.0658245815184464	0.03
0.934071327	0.066974693884012	0.03
0.934700606	0.0672095561187371	0.03
0.93534835	0.0672095561187371	0.03
0.941112169	0.0168837630981247	0.03
0.942896738	0.0094173511461779	0.03
0.947518522	0.0369522513462504	0.04
0.949342587	0.0386279523623619	0.04
0.951999424	0.0164915113423572	0.04
0.955603107	0.0206491880809281	0.04
0.955985355	0.0206491880809281	0.04
0.956018846	0.0206491880809281	0.04
0.956549025	0.0208513743222361	0.04
0.956766863	0.0210575591229901	0.04
0.956780018	0.0210575591229901	0.04
0.956793172	0.0210575591229901	0.04
0.957016096	0.0210575591229901	0.04
0.957486775	0.0212678622847811	0.04
0.959031973	0.0377157788886898	0.05
0.959642592	0.0214104137132363	0.05
0.959665139	0.0214104137132363	0.05
0.960039043	0.022000255379258	0.05
0.960819071	0.0226235171828423	0.05
0.960911853	0.0226235171828423	0.05
0.964458654	0.0186589840871759	0.05
0.966290332	0.0208513743222361	0.05
0.966653906	0.0208513743222361	0.05
0.966980911	0.0210575591229901	0.05
0.966986309	0.0210575591229901	0.05
0.967144414	0.0210575591229901	0.05
0.967297226	0.0212678622847811	0.05
0.967302571	0.0212678622847811	0.05
0.967302572	0.0212678622847811	0.05
0.96746078	0.0212678622847811	0.05
0.967772081	0.0212678622847811	0.05
0.967935716	0.0212678622847811	0.05
0.968083686	0.0315661214650796	0.06
0.968088909	0.0315661214650796	0.06
0.968237002	0.0330351587201102	0.06
0.968861479	0.0352206425511873	0.06
0.969666194	0.0196943524350146	0.06
0.970442597	0.0205826611965903	0.06
0.973457204	0.0151969475902061	0.06
0.973766743	0.0154169866556767	0.06
0.974203145	0.0157592579275528	0.06
0.978183481	0.0171557976665601	0.06
0.981915796	0.0177270409255166	0.06
0.985118954	0.0188239187618294	0.06
0.9860103	0.0189917952959207	0.06
1.021711423	0.0360148455114421	0.07
1.022530753	0.0363219845808942	0.07
1.028094642	0.0420612401462302	0.07
1.029271857	0.0424807656302038	0.07
1.029637844	0.0424807656302038	0.07
1.030397618	0.0360148455114421	0.08
1.030958443	0.0360148455114421	0.08
1.031531241	0.0360148455114421	0.08
1.0327094	0.0363219845808942	0.08
1.033463082	0.0342758251632716	0.08
1.035677928	0.0424807656302038	0.08
1.036124234	0.0438813398617898	0.08
1.038905957	0.0473973522436118	0.08
1.039046839	0.0478231132181498	0.08
1.043349328	0.0520294444434352	0.08
1.048661279	0.0435226090116695	0.09
1.049025044	0.0435226090116695	0.09
1.056246636	0.0478231132181498	0.09
1.058571278	0.0435226090116695	0.1
1.067971123	0.0428224600397966	0.11
1.068168044	0.0428224600397966	0.11
1.068277144	0.0428224600397966	0.11
1.06860264	0.0428224600397966	0.11
1.068892568	0.0428224600397966	0.11
1.070020858	0.0438813398617898	0.11
1.088762574	0.0713561733970266	0.12
1.112743253	0.0640032397689049	0.14
1.113082372	0.0634583152052186	0.14
1.113233383	0.0634583152052186	0.14
1.11414031	0.0741975377423278	0.13
1.115076799	0.0741975377423278	0.13
1.116382888	0.0674799951935802	0.14
1.127882011	0.0617923292200849	0.12
1.133642817	0.0606196726857764	0.12
1.133988353	0.0606196726857764	0.12
1.136767134	0.0606196726857764	0.12
1.137302108	0.0606196726857764	0.12
1.162829766	0.0548904495255803	0.14
1.183360064	0.0606196726857764	0.15
1.187305519	0.0718722329752999	0.15
1.187446683	0.0718722329752999	0.15
1.18762744	0.0718722329752999	0.15
1.192009701	0.0700978752189329	0.15
1.192075895	0.0700978752189329	0.15
1.203309389	0.0743826550681648	0.14
1.208724051	0.0500720494522157	0.14
1.209768181	0.0510319842686252	0.14
1.210085375	0.0525429409477737	0.13
1.21086869	0.0525429409477737	0.13
1.212614931	0.0520294444434352	0.13
1.224141399	0.0530666742300622	0.12
1.22465873	0.0530666742300622	0.12
1.226416878	0.0530666742300622	0.12
1.226767373	0.0530666742300622	0.12
1.243346642	0.0584030007675091	0.12
1.245566855	0.0584030007675091	0.12
1.246668032	0.0578739335619199	0.12
1.248955951	0.0573543658399788	0.12
1.252855937	0.0558501682049642	0.12
1.265568721	0.0589418303851785	0.11
1.268447511	0.0636389227930098	0.1
1.270253663	0.0612003841697474	0.1
1.270604589	0.0612003841697474	0.1
1.275739262	0.0600498779984094	0.1
1.278899002	0.0573543658399788	0.1
1.285172518	0.0578739335619199	0.1
1.297280078	0.0424807656302038	0.09
1.302603198	0.0420612401462302	0.1
1.303502827	0.0424807656302038	0.1
1.325958837	0.0412465662387867	0.12
1.33510162	0.0500720494522157	0.12
1.335711503	0.0500720494522157	0.12
1.335892556	0.0500720494522157	0.12
1.336051433	0.0500720494522157	0.12
1.33638917	0.0500720494522157	0.12
1.336595099	0.0500720494522157	0.12
1.336979907	0.0500720494522157	0.12
1.337117106	0.0500720494522157	0.12
1.337777279	0.0500720494522157	0.12
1.338686534	0.048698002124862	0.12
1.340005107	0.048698002124862	0.12
1.342368518	0.048698002124862	0.12
1.350085516	0.0515258874929993	0.11
1.360774481	0.0515258874929993	0.12
1.360981621	0.0515258874929993	0.12
1.36116959	0.0515258874929993	0.12
1.361338457	0.0515258874929993	0.12
1.361545683	0.0515258874929993	0.12
1.361952473	0.0515258874929993	0.12
1.362110213	0.0515258874929993	0.12
1.365659238	0.0687244005989561	0.12
1.368077892	0.0700155646975928	0.12
1.368578346	0.0700155646975928	0.12
1.369020462	0.0706795126435856	0.12
1.370127164	0.0706795126435856	0.12
1.373967278	0.0713561733970266	0.12
1.377139612	0.0720459156110905	0.11
1.377274175	0.0720459156110905	0.11
1.385801753	0.0687244005989561	0.12
1.430594094	0.0734661917081759	0.13
1.436494579	0.0727491223319619	0.14
1.450674974	0.0734661917081759	0.15
1.450928234	0.0734661917081759	0.15
1.454003033	0.0720459156110905	0.16
1.454856842	0.0720459156110905	0.16
1.457818346	0.0727491223319619	0.16
1.484067531	0.0741975377423278	0.17
1.484117024	0.0741975377423278	0.17
1.485393153	0.0741975377423278	0.17
1.485917469	0.0741975377423278	0.17
1.494140559	0.0741975377423278	0.17
1.502972103	0.0741975377423278	0.18
1.506038743	0.0741975377423278	0.19
1.511964569	0.0741975377423278	0.19
1.512821455	0.0741975377423278	0.19
1.517647523	0.0734661917081759	0.2
1.523536021	0.0720459156110905	0.2
1.611568792	0.186645653831011	0.18
1.652341299	0.204718930400035	0.14
1.707257935	0.21023077283576	0.09
1.718627381	0.230958489639088	0.07
1.730827961	0.218058777951163	0.06
1.745720251	0.217706327533359	0.05
1.75282717	0.218058777951163	0.04
1.77492366	0.228703585144923	0.02
1.77861633	0.227833171180669	0.02
1.780657571	0.227833171180669	0.02
1.780657572	0.227833171180669	0.02
1.780839524	0.227833171180669	0.02
1.780928629	0.227833171180669	0.02
1.78092863	0.227833171180669	0.02
1.781140367	0.227833171180669	0.02
1.781170031	0.227833171180669	0.02
1.781170032	0.227833171180669	0.02
1.781411498	0.227833171180669	0.02
1.781411499	0.227833171180669	0.02
1.781623424	0.227833171180669	0.02
1.781653031	0.227833171180669	0.02
1.7818108	0.227833171180669	0.02
1.781835463	0.227833171180669	0.02
1.781894629	0.223671444198401	0.02
1.782136293	0.223671444198401	0.02
1.782378022	0.230958489639088	0.01
1.782531315	0.230958489639088	0.01
1.782619816	0.230958489639088	0.01
1.783103602	0.230958489639088	0.01
1.783286774	0.230958489639088	0.01
1.783345594	0.230958489639088	0.01
1.78377107	0.230958489639088	0.01
1.783829774	0.230958489639088	0.01
1.784013316	0.230958489639088	0.01
1.784314217	0.230958489639088	0.01
1.78446873	0.230958489639088	0.01
1.784933025	0.223671444198401	0.02
1.785322292	0.241302505426552	0.01
1.785988286	0.236639192123131	0.01
1.788266632	0.232152704128837	0.01
1.78918715	0.234374479565324	0.01
1.789358594	0.234374479565324	0.01
1.789747139	0.234374479565324	0.01
1.790033715	0.234374479565324	0.01
1.790095821	0.234374479565324	0.01
1.790737455	0.238948098624481	0.01
1.792147241	0.223671444198401	0.02
1.794856772	0.187137709659082	0.02
1.795060195	0.176781050243595	0.02
1.795643534	0.164280019360854	0.02
1.796645824	0.154357001636314	0.02
1.796696941	0.154357001636314	0.02
1.801889818	0.0743826550681648	0.02
1.813716026	0.0640032397689049	0.03
1.814069382	0.0662798536509558	0.03
1.814345569	0.0573543658399788	0.03
1.814621756	0.0578739335619199	0.03
1.814621757	0.0578739335619199	0.03
1.814846808	0.0578739335619199	0.03
1.814872379	0.0578739335619199	0.03
1.815123071	0.0584030007675091	0.03
1.815169565	0.0584030007675091	0.03
1.815373832	0.0589418303851785	0.03
1.815875562	0.0589418303851785	0.03
1.816101116	0.0303658238108726	0.03
1.816374833	0.0303658238108726	0.03
1.816377569	0.0303658238108726	0.03
1.81637757	0.0303658238108726	0.03
1.816628678	0.0300798779512925	0.03
1.817382419	0.0300798779512925	0.03
1.817399416	0.0300798779512925	0.03
1.817633804	0.0300798779512925	0.03
1.818363245	0.0303658238108726	0.03
1.819395454	0.0309543412056654	0.03
1.819581019	0.0309543412056654	0.03
1.820606159	0.136776110134728	0.04
1.82134289	0.111322130628722	0.04
1.822065256	0.0657681118921141	0.04
1.823267442	0.0706795126435856	0.04
1.823345161	0.0623958369817447	0.04
1.824985083	0.0578739335619199	0.04
1.829613575	0.0309543412056654	0.04
1.835137623	0.0544228535379189	0.05
1.836263396	0.0282197213582095	0.05
1.83758722	0.0282197213582095	0.05
1.837659261	0.0282197213582095	0.05
1.842215909	0.0309543412056654	0.05
1.846490238	0.0282197213582095	0.06
1.876458705	0.0200654904272215	0.07
1.877534086	0.0195138847797736	0.07
1.919145255	0.0186589840871759	0.11
1.933588634	0.0263569460575579	0.12
1.934242286	0.0270259362726813	0.12
1.93486401	0.0259290538011379	0.13
1.937910579	0.0257202756904852	0.13
1.938309591	0.0257202756904852	0.13
1.938319698	0.0257202756904852	0.13
1.939501786	0.0257202756904852	0.13
1.940502926	0.0257202756904852	0.13
1.945075766	0.0241637623844239	0.14
1.947078383	0.0241637623844239	0.14
1.95745413	0.0241637623844239	0.15
1.961031557	0.0241637623844239	0.15
2.03833515	0.0540773514589944	0.23
2.039242563	0.0540773514589944	0.23
2.045755957	0.0680965132603064	0.23
2.04617014	0.0713561733970266	0.23
2.049316864	0.0533993427645224	0.24
2.057190684	0.0734661917081759	0.24
2.058810915	0.0533993427645224	0.25
2.067556414	0.0533993427645224	0.26
2.077653506	0.0533993427645224	0.27
2.077935092	0.0533993427645224	0.27
2.079378601	0.0533993427645224	0.27
2.080200147	0.0533993427645224	0.27
2.112854786	0.0527381249664481	0.3
2.114638141	0.0546222727378754	0.3
2.116340052	0.0687244005989561	0.3
2.117539144	0.0734661917081759	0.3
2.119081815	0.0524136189341029	0.31
2.122322709	0.0524136189341029	0.31
2.21647999	0.0700155646975928	0.4
2.22342495	0.0520930819535385	0.41
2.225736601	0.0640032397689049	0.41
2.22607531	0.0662798536509558	0.41
2.226678687	0.0700155646975928	0.41
2.226980498	0.0700155646975928	0.41
2.244892022	0.149866997864511	0.43
2.268175967	0.202244450660923	0.41
2.283420782	0.215550624399727	0.39
2.287430653	0.213604741873928	0.39
2.36737444	0.254439427426721	0.32
2.396315913	0.239825597311174	0.32
2.416816988	0.220688344639149	0.31
2.57811595	0.216332661363453	0.17
2.634889835	0.21844610678493	0.11
2.63880046	0.21844610678493	0.11
2.644514931	0.21844610678493	0.1
2.669724846	0.220601253895305	0.08
2.670697515	0.220601253895305	0.08
2.67074212	0.220601253895305	0.08
2.671148642	0.220601253895305	0.08
2.671193019	0.220601253895305	0.08
2.671193179	0.220601253895305	0.08
2.671237705	0.220601253895305	0.08
2.671599486	0.220601253895305	0.08
2.671599646	0.220601253895305	0.08
2.671872794	0.220601253895305	0.07
2.671961685	0.220601253895305	0.07
2.672323822	0.220601253895305	0.07
2.672686057	0.220601253895305	0.07
2.67300408	0.220601253895305	0.07
2.673410821	0.220601253895305	0.07
2.674498542	0.220601253895305	0.07
2.67498819	0.220601253895305	0.07
2.675753192	0.220601253895305	0.07
2.675906626	0.220601253895305	0.07
2.67595059	0.220601253895305	0.07
2.677404052	0.220601253895305	0.07
2.679543675	0.220601253895305	0.07
2.679587204	0.220601253895305	0.07
2.681604422	0.220601253895305	0.07
2.684222358	0.220601253895305	0.06
2.690797174	0.220601253895305	0.06
2.700424629	0.220601253895305	0.06
2.716197088	0.21023077283576	0.07
2.720992773	0.21023077283576	0.07
2.721223607	0.21023077283576	0.07
2.721339166	0.21023077283576	0.07
2.721753239	0.21023077283576	0.07
2.722090639	0.21023077283576	0.07
2.72212898	0.21023077283576	0.07
2.722504826	0.21023077283576	0.07
2.725892101	0.21023077283576	0.06
2.727362573	0.21023077283576	0.06
2.728042156	0.21023077283576	0.06
2.728457177	0.21023077283576	0.06
2.730687704	0.206160296387022	0.07
2.734951629	0.206160296387022	0.07
2.741703646	0.202244450660923	0.08
2.758261585	0.202244450660923	0.09
2.784781798	0.189637424982415	0.12
2.795646082	0.189637424982415	0.13
2.814579483	0.189637424982415	0.15
2.870516676	0.191341335502693	0.2
2.874914635	0.189637424982415	0.21
2.884109016	0.189637424982415	0.22
2.885327778	0.189637424982415	0.22
2.901070252	0.180259525265646	0.23
3.116410384	0.204256135420407	0.45
3.116832706	0.204256135420407	0.45
3.190582361	0.166963377644166	0.5
3.479484296	0.17903960319331	0.78
3.557717034	0.17903960319331	0.860000000000001
3.561529658	0.17903960319331	0.870000000000001
3.561648443	0.17903960319331	0.870000000000001
3.562131134	0.17903960319331	0.870000000000001
3.563861522	0.17903960319331	0.870000000000001
3.565454716	0.17903960319331	0.870000000000001
3.566965252	0.17903960319331	0.870000000000001
3.571210711	0.204183600667068	0.880000000000001
3.571812505	0.204183600667068	0.880000000000001
3.572123566	0.247878189386228	0.880000000000001
3.572497766	0.247878189386228	0.880000000000001
3.579984214	0.206160296387022	0.870000000000001
3.62901857	0.235097680930879	0.910000000000001
3.6300627	0.235097680930879	0.910000000000001
3.631023885	0.240794092047115	0.910000000000001
3.631970124	0.257262767533168	0.910000000000001
3.633483005	0.271859401216007	0.910000000000001
3.778072999	0.279796994105324	1.05
3.82876748	0.282546873942071	1.1
3.963711323	0.261950978247028	1.24
4.445571488	0.330569333137416	1.64
4.452121847	0.330569333137416	1.64
4.45272527	0.330569333137416	1.64
4.453328856	0.330569333137416	1.64
4.453932605	0.330569333137416	1.64
4.459832487	0.330569333137416	1.65
4.478685952	0.330569333137416	1.67
4.492707945	0.330569333137416	1.68
4.536342962	0.321220006056376	1.7
4.537444354	0.321220006056376	1.7
4.537596069	0.321220006056376	1.7
4.550359745	0.321220006056376	1.69
4.895921957	0.333807901925679	1.78
5.342582978	0.34380393159915	1.89
5.343129076	0.34380393159915	1.89
5.343307119	0.34380393159915	1.89
5.346842194	0.34380393159915	1.88
5.445157132	0.347422619808545	1.89
6.232084175	0.33695180429901	2.65999999999999
6.234722781	0.396494651739846	2.66999999999999
6.244676548	0.396494651739846	2.67999999999999
6.35095118	0.376940566275933	2.77999999999998
7	0.354221350422264	2.55999999999999
