thrs	post_p	finalwindow
0	0.203172959669404	0.23
0.03256001	0.203172959669404	0.2
0.070216248	0.203172959669404	0.17
0.082355146	0.180815876597879	0.17
0.089689176	0.180815876597879	0.16
0.093809574	0.180815876597879	0.16
0.106977596	0.172385121115573	0.16
0.113424721	0.170398858709754	0.17
0.115659216	0.170398858709754	0.17
0.127695348	0.132291503693414	0.17
0.128068503	0.138578273747099	0.17
0.129609166	0.133917293303752	0.17
0.130460633	0.13170243502406	0.17
0.148447444	0.138578273747099	0.15
0.151339737	0.129559647847955	0.15
0.155752372	0.115246733089086	0.15
0.161204767	0.129559647847955	0.14
0.172569069	0.118918300544789	0.13
0.178062567	0.142292636429094	0.12
0.178113806	0.142292636429094	0.12
0.178140913	0.142292636429094	0.12
0.178358463	0.142292636429094	0.12
0.181430774	0.13170243502406	0.12
0.181486035	0.13170243502406	0.12
0.191788381	0.132800629915325	0.11
0.194681585	0.121829257264351	0.11
0.206482242	0.118446611767429	0.1
0.222049977	0.100141769330443	0.08
0.222622275	0.0888448073239712	0.08
0.22265244	0.0888448073239712	0.08
0.222656148	0.0888448073239712	0.08
0.222686318	0.0888448073239712	0.08
0.222716495	0.0888448073239712	0.08
0.222812147	0.0888448073239712	0.08
0.223196808	0.0952949216990739	0.08
0.226728961	0.0879291829623268	0.08
0.226867021	0.0879291829623268	0.08
0.226923294	0.0879291829623268	0.08
0.226982815	0.0879291829623268	0.08
0.227081991	0.0879291829623268	0.08
0.241897099	0.0627201169334837	0.07
0.24235868	0.0627201169334837	0.07
0.242615688	0.0632180412893439	0.07
0.242941212	0.0632180412893439	0.07
0.243116147	0.0632180412893439	0.07
0.249436037	0.0206318746426781	0.06
0.254481698	0.0208206812310663	0.06
0.256259656	0.0222457069631003	0.05
0.256650521	0.0220303047129998	0.05
0.263775407	0.021208854534524	0.05
0.272151172	0.0208206812310663	0.05
0.295749179	0.0214084199813444	0.06
0.296834617	0.0200854564258251	0.06
0.296839561	0.0200854564258251	0.06
0.296879772	0.0200854564258251	0.06
0.296960227	0.0200854564258251	0.06
0.297161557	0.0197369780149591	0.06
0.29723727	0.0197369780149591	0.06
0.29736316	0.0197369780149591	0.06
0.298033592	0.0192363579173301	0.06
0.298062423	0.0192363579173301	0.06
0.29855614	0.0192363579173301	0.06
0.29926506	0.0192363579173301	0.06
0.299931082	0.0192363579173301	0.06
0.300128238	0.0192363579173301	0.06
0.300638986	0.0192363579173301	0.06
0.301159527	0.0192363579173301	0.06
0.301373268	0.0192363579173301	0.06
0.302397905	0.0197369780149591	0.06
0.302406093	0.0197369780149591	0.06
0.30240618	0.0197369780149591	0.06
0.302452098	0.0197369780149591	0.06
0.302453753	0.0197369780149591	0.06
0.302493847	0.0197369780149591	0.06
0.302535608	0.0197369780149591	0.06
0.302844832	0.0199096924868525	0.06
0.303037639	0.0200854564258251	0.06
0.303062807	0.0200854564258251	0.06
0.304168238	0.0199096924868525	0.06
0.305094409	0.0199096924868525	0.06
0.306047128	0.0199096924868525	0.06
0.306464617	0.0222457069631003	0.05
0.307314933	0.0220303047129998	0.05
0.308759935	0.0214084199813444	0.05
0.319078068	0.0218190338821367	0.04
0.320217262	0.0218190338821367	0.04
0.322066605	0.0218190338821367	0.04
0.322435043	0.0218190338821367	0.04
0.323165924	0.0218190338821367	0.04
0.323537089	0.0216117767385132	0.04
0.323808824	0.0216117767385132	0.04
0.327195424	0.0210129753515338	0.04
0.328591896	0.0210129753515338	0.04
0.330254195	0.0210129753515338	0.04
0.333944256	0.0208206812310663	0.04
0.334029253	0.0208206812310663	0.04
0.338071632	0.0383834114561341	0.05
0.340262381	0.0368300606963664	0.05
0.343625259	0.0368300606963664	0.05
0.350684009	0.0359569681543143	0.06
0.356200611	0.0343293467984679	0.06
0.356206548	0.0343293467984679	0.06
0.356351443	0.0343293467984679	0.06
0.356437896	0.0340722951150319	0.06
0.357086112	0.0393799486097969	0.06
0.357959666	0.04116103489145	0.06
0.363236679	0.0326073489862562	0.07
0.363936107	0.0326073489862562	0.07
0.366130409	0.0330814640260123	0.07
0.37384574	0.0888448073239712	0.08
0.381649088	0.107445762580089	0.07
0.382008897	0.106940733980791	0.07
0.386863037	0.0912195257397195	0.06
0.386909127	0.112800829101332	0.06
0.387745392	0.110494231672418	0.06
0.389222512	0.111061991916393	0.06
0.389825341	0.115637230866895	0.06
0.395214438	0.111300284433598	0.06
0.398731854	0.114594980364304	0.05
0.411578949	0.132469253224118	0.04
0.412388288	0.13170243502406	0.04
0.415094538	0.123370687545232	0.04
0.415772448	0.0425465348109355	0.03
0.416416237	0.0836948491267407	0.03
0.418471182	0.121370502496816	0.03
0.419019267	0.121370502496816	0.03
0.423143546	0.128399069125776	0.03
0.438307149	0.139794659167513	0.01
0.438815006	0.139794659167513	0.01
0.440249622	0.145765529996676	0.01
0.441698853	0.145765529996676	0.01
0.444236336	0.125873340870807	0.01
0.444499874	0.121829257264351	0.01
0.444770984	0.120538363795299	0.01
0.445049535	0.120538363795299	0.01
0.445117302	0.131012991017511	0.01
0.445156208	0.131012991017511	0.01
0.445185068	0.130330727708775	0.01
0.445245414	0.130330727708775	0.01
0.44525283	0.130330727708775	0.01
0.445252832	0.130330727708775	0.01
0.445252833	0.130330727708775	0.01
0.445252835	0.130330727708775	0.01
0.445305777	0.130330727708775	0.01
0.44531318	0.130330727708775	0.01
0.445313188	0.130330727708775	0.01
0.44531319	0.130330727708775	0.01
0.445373562	0.130330727708775	0.01
0.445419149	0.130330727708775	0.01
0.445433949	0.130330727708775	0.01
0.445494353	0.128325917399772	0.01
0.445540001	0.128325917399772	0.01
0.445554774	0.127023294881714	0.01
0.445578303	0.127023294881714	0.01
0.445615211	0.127023294881714	0.01
0.445653547	0.127023294881714	0.01
0.445675664	0.126381850628526	0.01
0.445691925	0.126381850628526	0.01
0.445736134	0.126381850628526	0.01
0.445849774	0.130065685487886	0.01
0.445857123	0.130065685487886	0.01
0.445917642	0.130065685487886	0.01
0.445970843	0.130065685487886	0.01
0.446038729	0.130065685487886	0.01
0.446188208	0.128785288440811	0.01
0.446341735	0.128785288440811	0.01
0.446351359	0.128785288440811	0.01
0.446395102	0.128785288440811	0.01
0.446455777	0.128785288440811	0.01
0.44656991	0.128785288440811	0.01
0.446633323	0.128785288440811	0.01
0.446772341	0.128785288440811	0.01
0.446888185	0.128154497010596	0.01
0.446967543	0.128154497010596	0.01
0.447542535	0.128154497010596	0.01
0.447649603	0.125691936348408	0.01
0.449552291	0.127400486547819	0.01
0.449715173	0.127400486547819	0.01
0.451750007	0.128600667077459	0.01
0.453117722	0.12799776347902	0.01
0.453607731	0.126808757882419	0.01
0.453670383	0.126808757882419	0.01
0.45367678	0.126808757882419	0.01
0.453739439	0.126808757882419	0.01
0.453789353	0.126808757882419	0.01
0.453802119	0.126808757882419	0.01
0.453864814	0.126808757882419	0.01
0.453927527	0.126808757882419	0.01
0.453952078	0.126808757882419	0.01
0.453977538	0.126808757882419	0.01
0.453990257	0.126808757882419	0.01
0.454053004	0.126808757882419	0.01
0.454172215	0.126808757882419	0.01
0.454228692	0.126808757882419	0.01
0.454278877	0.127400486547819	0.01
0.454291524	0.127400486547819	0.01
0.454423548	0.127400486547819	0.01
0.454618511	0.128600667077459	0.01
0.454637485	0.128600667077459	0.01
0.455078808	0.129823675337859	0.01
0.455180191	0.132340830696509	0.01
0.455439212	0.162985851661899	0.01
0.455550168	0.172068427881101	0.01
0.455665947	0.180699595184305	0.01
0.455755613	0.186951405900008	0.01
0.455804735	0.186951405900008	0.01
0.456159276	0.173015359168051	0.01
0.456880284	0.121180372764621	0.02
0.45760535	0.120114123779914	0.02
0.457901934	0.120114123779914	0.02
0.458022431	0.120114123779914	0.02
0.458619789	0.119588004797979	0.02
0.458664131	0.119588004797979	0.02
0.459124851	0.119588004797979	0.02
0.460382332	0.11906647468584	0.02
0.462114195	0.119588004797979	0.02
0.46331093	0.119588004797979	0.02
0.464728436	0.117528824951818	0.02
0.473676694	0.112215198331205	0.03
0.474072423	0.112215198331205	0.03
0.47699163	0.068669604566431	0.03
0.477096915	0.068669604566431	0.03
0.478409458	0.0704932862371721	0.03
0.478419311	0.0704932862371721	0.03
0.478888149	0.0704932862371721	0.03
0.479732593	0.0599650186178831	0.03
0.479936634	0.0599650186178831	0.03
0.483511101	0.0610374929838777	0.03
0.483671852	0.0638943700249662	0.03
0.484225862	0.105698691925135	0.04
0.484458594	0.106109487828878	0.04
0.485802156	0.137133833837974	0.04
0.48628356	0.116824765035982	0.04
0.489424331	0.0632180412893439	0.04
0.499369323	0.0644981407517728	0.05
0.50407637	0.0559354268855307	0.05
0.508934563	0.0602295883372817	0.06
0.511690912	0.0534571372257774	0.06
0.514839037	0.0564909593166989	0.06
0.516063638	0.111567824352022	0.07
0.518492841	0.0598336034769241	0.07
0.518564452	0.0598336034769241	0.07
0.520735072	0.0531006687223189	0.07
0.534226929	0.0218190338821367	0.06
0.534308248	0.0218190338821367	0.06
0.534453117	0.0216117767385132	0.06
0.534888196	0.0216117767385132	0.06
0.536755919	0.04116103489145	0.06
0.543234343	0.0431108639565951	0.06
0.544416783	0.0443720256177189	0.06
0.55657045	0.080465746443456	0.05
0.556645891	0.080465746443456	0.05
0.556807604	0.080465746443456	0.05
0.55802857	0.0797605297207632	0.05
0.562444529	0.080465746443456	0.05
0.566766402	0.0849736004590396	0.05
0.579525048	0.0857744771014338	0.05
0.59079165	0.0744475428607258	0.05
0.591193432	0.0744475428607258	0.05
0.591819223	0.0744475428607258	0.05
0.593673806	0.0758660892304385	0.05
0.593673808	0.0758660892304385	0.05
0.593754277	0.0758660892304385	0.05
0.59375428	0.0758660892304385	0.05
0.593824895	0.0758660892304385	0.05
0.593834769	0.0758660892304385	0.05
0.593915284	0.0758660892304385	0.05
0.594036974	0.0758660892304385	0.05
0.594152812	0.0737579784347269	0.05
0.594318181	0.0737579784347269	0.05
0.595015574	0.0765958294720743	0.05
0.595887104	0.0751501224617234	0.05
0.596219211	0.0751501224617234	0.05
0.596894832	0.0751501224617234	0.05
0.597117526	0.0751501224617234	0.05
0.602148457	0.0717638574234698	0.05
0.602674298	0.0717638574234698	0.05
0.604317115	0.0717638574234698	0.05
0.604813246	0.0717638574234698	0.05
0.604905308	0.0717638574234698	0.05
0.60490531	0.0717638574234698	0.05
0.605716504	0.0717638574234698	0.05
0.605724938	0.0717638574234698	0.05
0.606051871	0.0717638574234698	0.05
0.60631275	0.0717638574234698	0.05
0.606404306	0.0717638574234698	0.05
0.606824709	0.0758660892304385	0.05
0.608524688	0.0744475428607258	0.05
0.608756287	0.0744475428607258	0.05
0.61827716	0.0765958294720743	0.04
0.624510489	0.0758660892304385	0.04
0.630942519	0.0811835450055498	0.04
0.635412418	0.0751501224617234	0.05
0.636066531	0.0751501224617234	0.05
0.636422142	0.0751501224617234	0.05
0.637881775	0.0751501224617234	0.05
0.644129804	0.0694178798147883	0.06
0.64559646	0.0694178798147883	0.06
0.64801212	0.0694178798147883	0.06
0.648110758	0.0694178798147883	0.06
0.648827538	0.0694178798147883	0.06
0.65703705	0.0618673663758021	0.07
0.659386285	0.0614496279604848	0.07
0.667472678	0.0559354268855307	0.07
0.667879261	0.0559354268855307	0.07
0.667879263	0.0559354268855307	0.07
0.669490645	0.0559354268855307	0.07
0.671132308	0.0559354268855307	0.07
0.678915807	0.0518558230944351	0.08
0.680410924	0.0518558230944351	0.08
0.68060848	0.0518558230944351	0.08
0.680702493	0.0518558230944351	0.08
0.680786967	0.0518558230944351	0.08
0.689921535	0.0680824999222211	0.09
0.690723937	0.0680824999222211	0.09
0.692614054	0.068669604566431	0.09
0.696262833	0.0637239347846346	0.1
0.697379755	0.0647604069035648	0.1
0.712354258	0.0642379902784401	0.11
0.7123899	0.0642379902784401	0.11
0.712401774	0.0642379902784401	0.11
0.71365913	0.0647604069035648	0.11
0.714295462	0.0647604069035648	0.11
0.715653707	0.0323753513788643	0.11
0.717816093	0.0637239347846346	0.12
0.725869057	0.0330014897099339	0.12
0.725979546	0.0330014897099339	0.12
0.72717465	0.0627201169334837	0.13
0.735438378	0.0314794601561474	0.13
0.742183791	0.0339874645372146	0.13
0.744518666	0.0339874645372146	0.13
0.7500464	0.0323753513788643	0.13
0.75180067	0.0320711082916914	0.13
0.756122282	0.0306318160694063	0.13
0.762884543	0.0998267975023443	0.13
0.763284143	0.101569870644308	0.13
0.763387603	0.100448799490029	0.13
0.772264397	0.104007527061486	0.12
0.778829055	0.0991717635943521	0.12
0.779184816	0.0983919898463487	0.12
0.786383987	0.100110182734403	0.11
0.793117932	0.110044185979546	0.1
0.794958533	0.106456496490373	0.1
0.817085993	0.108754600432442	0.08
0.849686346	0.107615167118753	0.05
0.856064956	0.11145696233731	0.04
0.861783488	0.113616124280662	0.03
0.870144812	0.106940733980791	0.03
0.875213305	0.114952248185603	0.02
0.875954975	0.112598198212694	0.02
0.877564409	0.112958031095897	0.02
0.87832845	0.112585389433535	0.02
0.880342154	0.107276890546166	0.02
0.882218863	0.114936228650049	0.01
0.882485476	0.122022856003442	0.01
0.884296127	0.121739343110138	0.01
0.885800269	0.116166574551462	0.01
0.886381245	0.116166574551462	0.01
0.887670141	0.116426219478834	0.01
0.888469193	0.116030383938325	0.01
0.889209764	0.113710764081392	0.01
0.889576687	0.112585389433535	0.01
0.889752182	0.112585389433535	0.01
0.889857915	0.112585389433535	0.01
0.890068113	0.111119089015612	0.01
0.890218544	0.111119089015612	0.01
0.890228158	0.111119089015612	0.01
0.890309475	0.110758462338314	0.01
0.890339212	0.110758462338314	0.01
0.890354074	0.111119089015612	0.01
0.890354075	0.111119089015612	0.01
0.890407894	0.111119089015612	0.01
0.890419078	0.111119089015612	0.01
0.890459913	0.111119089015612	0.01
0.890474761	0.111119089015612	0.01
0.890489605	0.111119089015612	0.01
0.890489606	0.111119089015612	0.01
0.890506418	0.111119089015612	0.01
0.890580647	0.111119089015612	0.01
0.890595481	0.111119089015612	0.01
0.890610311	0.111119089015612	0.01
0.890701414	0.110758462338314	0.01
0.890716233	0.110758462338314	0.01
0.890731049	0.110758462338314	0.01
0.890737499	0.110758462338314	0.01
0.890837018	0.110758462338314	0.01
0.890851819	0.110758462338314	0.01
0.890957836	0.110758462338314	0.01
0.890972623	0.110758462338314	0.01
0.891093459	0.110758462338314	0.01
0.89119957	0.110758462338314	0.01
0.891214328	0.110758462338314	0.01
0.891244043	0.110758462338314	0.01
0.891246709	0.110758462338314	0.01
0.891320486	0.110758462338314	0.01
0.89133523	0.110758462338314	0.01
0.891441435	0.110758462338314	0.01
0.891456164	0.110758462338314	0.01
0.89149835	0.110758462338314	0.01
0.891521465	0.109339063261797	0.01
0.891562417	0.109339063261797	0.01
0.891686849	0.109339063261797	0.01
0.891698132	0.109339063261797	0.01
0.891793338	0.109339063261797	0.01
0.892017347	0.108989879706565	0.01
0.89206133	0.108989879706565	0.01
0.89216782	0.107955583817068	0.01
0.892182462	0.107955583817068	0.01
0.892215798	0.107955583817068	0.01
0.892245091	0.108298161014998	0.01
0.892307805	0.107615167118753	0.01
0.892546055	0.108298161014998	0.01
0.892568748	0.108298161014998	0.01
0.89273031	0.108298161014998	0.01
0.892793389	0.108298161014998	0.01
0.892924751	0.11080486322692	0.01
0.892952212	0.110457801249219	0.01
0.893142511	0.110457801249219	0.01
0.893172464	0.110457801249219	0.01
0.893313967	0.110457801249219	0.01
0.893320622	0.110457801249219	0.01
0.894085351	0.109429538653214	0.01
0.894189143	0.109429538653214	0.01
0.894232534	0.109429538653214	0.01
0.894332391	0.109770159075548	0.01
0.894482721	0.109770159075548	0.01
0.894511483	0.109429538653214	0.01
0.894690708	0.109429538653214	0.01
0.894906463	0.109429538653214	0.01
0.894913415	0.109429538653214	0.01
0.894970751	0.109429538653214	0.01
0.895086463	0.109429538653214	0.01
0.895300675	0.109429538653214	0.01
0.89539422	0.109091025604428	0.01
0.895638516	0.109091025604428	0.01
0.89592425	0.109770159075548	0.01
0.896396617	0.109429538653214	0.01
0.89685771	0.109091025604428	0.01
0.896928207	0.10808793692701	0.01
0.89693811	0.10808793692701	0.01
0.897197773	0.105817627210974	0.01
0.897282137	0.106627494926985	0.01
0.89799116	0.0959198747697521	0.01
0.898455429	0.0937246774099098	0.01
0.898485328	0.0939396652898708	0.01
0.89889623	0.0922468806904907	0.01
0.898920463	0.0922468806904907	0.01
0.899310528	0.0906140238604655	0.01
0.899974537	0.0904139722827501	0.01
0.900031532	0.0902148020801642	0.01
0.900274359	0.0904139722827501	0.01
0.900690942	0.0741701756352484	0.01
0.90151373	0.0510033490362533	0.01
0.901947653	0.0523730859745743	0.01
0.902162268	0.0525747915920314	0.01
0.902291602	0.0414107597342674	0.01
0.902860993	0.0369797151079462	0.01
0.902919093	0.0369797151079462	0.01
0.902932441	0.037282702438953	0.01
0.903685884	0.0319852291587907	0.01
0.903876527	0.0319852291587907	0.01
0.904039961	0.0318572693773966	0.01
0.904508173	0.0330471419056369	0.01
0.905345526	0.0336049863275362	0.01
0.906154318	0.0338910310737184	0.01
0.906786831	0.0337474025789629	0.01
0.906922556	0.0337474025789629	0.01
0.906983581	0.0343293467984679	0.01
0.907060652	0.0343293467984679	0.01
0.907185931	0.0343293467984679	0.01
0.907198748	0.0346279107015588	0.01
0.907199842	0.0346279107015588	0.01
0.907298438	0.0296988357664326	0.01
0.907311244	0.0296988357664326	0.01
0.907324045	0.0296988357664326	0.01
0.907336843	0.0296988357664326	0.01
0.907336844	0.0296988357664326	0.01
0.907436592	0.0296988357664326	0.01
0.907449378	0.0296988357664326	0.01
0.90746216	0.0296988357664326	0.01
0.907536422	0.0296988357664326	0.01
0.9075492	0.0296988357664326	0.01
0.907574745	0.0296988357664326	0.01
0.907587512	0.0296988357664326	0.01
0.907674633	0.0296988357664326	0.01
0.907712898	0.0296988357664326	0.01
0.907951053	0.0296988357664326	0.01
0.907963773	0.0295701722125116	0.01
0.907963774	0.0295701722125116	0.01
0.908089263	0.0296988357664326	0.01
0.908089264	0.0296988357664326	0.01
0.908151307	0.0296988357664326	0.01
0.90817671	0.0296988357664326	0.01
0.908202099	0.0296988357664326	0.01
0.908566283	0.0293161608117266	0.01
0.908577365	0.0293161608117266	0.01
0.908691978	0.0293161608117266	0.01
0.908729307	0.0293161608117266	0.01
0.908830322	0.0291907846043432	0.01
0.908943472	0.0293161608117266	0.01
0.908956071	0.0293161608117266	0.01
0.909094444	0.0293161608117266	0.01
0.909183517	0.0290664762211951	0.01
0.909195105	0.0290664762211951	0.01
0.909207673	0.0290664762211951	0.01
0.909446878	0.0294426186618081	0.01
0.909620416	0.0294426186618081	0.01
0.909914657	0.0290664762211951	0.01
0.909925885	0.0290664762211951	0.01
0.910014581	0.0290664762211951	0.01
0.910051995	0.0294426186618081	0.01
0.910204731	0.0294426186618081	0.01
0.910267	0.0294426186618081	0.01
0.910467776	0.0295701722125116	0.01
0.911049792	0.0296988357664326	0.01
0.911062134	0.0296988357664326	0.01
0.91113001	0.0296988357664326	0.01
0.911383512	0.0295701722125116	0.01
0.911404622	0.0295701722125116	0.01
0.911776598	0.0300916332567835	0.01
0.912015459	0.0302248849330581	0.01
0.912630246	0.0307699057344132	0.01
0.912707801	0.0307699057344132	0.01
0.912776305	0.030359321987734	0.01
0.912811242	0.0352408940441194	0.01
0.912967277	0.0307699057344132	0.01
0.913006436	0.0307699057344132	0.01
0.913139907	0.0307699057344132	0.01
0.913244462	0.0307699057344132	0.01
0.913630289	0.0307699057344132	0.01
0.914018042	0.0310498541348791	0.01
0.914696902	0.030494960308788	0.01
0.914870556	0.030494960308788	0.01
0.914968567	0.030494960308788	0.01
0.914983658	0.030494960308788	0.01
0.915026039	0.030494960308788	0.01
0.915269563	0.030494960308788	0.01
0.916024822	0.0306318160694063	0.01
0.916163647	0.030909246066874	0.01
0.916208994	0.0306318160694063	0.01
0.916688985	0.0306318160694063	0.01
0.916912552	0.0307699057344132	0.01
0.917248255	0.0279248681927551	0.01
0.917957453	0.0278792440852318	0.01
0.918238351	0.010423465134336	0.01
0.918456927	0.010423465134336	0.01
0.918483627	0.010423465134336	0.01
0.918816837	0.0111378373316297	0.01
0.918837351	0.0112479629251323	0.01
0.919120121	0.0390420693783321	0.02
0.919822583	0.0394938783739807	0.02
0.920002472	0.0396468141478441	0.02
0.921364075	0.0404296106270466	0.02
0.922504312	0.0420917504359012	0.02
0.922763582	0.0420917504359012	0.02
0.922787758	0.0420917504359012	0.02
0.924412009	0.0380623466844614	0.02
0.924507726	0.0380623466844614	0.02
0.924627878	0.0382222048498432	0.02
0.926193857	0.0387099388184971	0.02
0.927872541	0.0416127319728865	0.02
0.929379518	0.032685422164521	0.02
0.93064775	0.0353975459007075	0.03
0.933174706	0.0326073489862562	0.03
0.93534835	0.0330814640260123	0.03
0.938446291	0.0178294037058051	0.03
0.942896738	0.0231511525134514	0.03
0.947518522	0.0278792440852318	0.03
0.948845214	0.030359321987734	0.03
0.950306111	0.0320711082916914	0.03
0.951999424	0.0320711082916914	0.03
0.953473419	0.0224653630144201	0.03
0.954191796	0.0224653630144201	0.03
0.955603107	0.0343293467984679	0.04
0.955985355	0.0343293467984679	0.04
0.956018846	0.0343293467984679	0.04
0.956296714	0.0351243120490858	0.04
0.956549025	0.0351243120490858	0.04
0.956766863	0.0353975459007075	0.04
0.95679317	0.0353975459007075	0.04
0.957016096	0.0356750640810521	0.04
0.957077957	0.0356750640810521	0.04
0.957486775	0.0359569681543143	0.04
0.959031973	0.0393799486097969	0.04
0.959642592	0.0400735606070901	0.04
0.959665139	0.0400735606070901	0.04
0.960039043	0.0415367619274926	0.04
0.960819071	0.0415367619274926	0.04
0.960911853	0.0415367619274926	0.04
0.964458654	0.0336523246663368	0.04
0.966290332	0.0351243120490858	0.05
0.966980911	0.0356750640810521	0.05
0.966980912	0.0356750640810521	0.05
0.966986309	0.0356750640810521	0.05
0.967139043	0.0356750640810521	0.05
0.967144414	0.0356750640810521	0.05
0.967297223	0.0359569681543143	0.05
0.967297226	0.0359569681543143	0.05
0.967302571	0.0359569681543143	0.05
0.967302572	0.0359569681543143	0.05
0.96761904	0.0359569681543143	0.05
0.967772081	0.0359569681543143	0.05
0.967925221	0.0359569681543143	0.05
0.967935716	0.0359569681543143	0.05
0.968083686	0.0362433629204959	0.05
0.968237002	0.0362433629204959	0.05
0.968861479	0.0393799486097969	0.05
0.969035555	0.0393799486097969	0.05
0.970442597	0.0415367619274926	0.05
0.973457204	0.032685422164521	0.05
0.978183481	0.0312631813470369	0.06
0.981915796	0.0333237296795079	0.05
0.985118954	0.010423465134336	0.05
0.9860103	0.0105198558986646	0.05
1.021711423	0.0274310707535264	0.07
1.027042278	0.0323753513788643	0.07
1.027349785	0.032685422164521	0.07
1.028094642	0.0333237296795079	0.07
1.029078227	0.0336523246663368	0.07
1.029271857	0.0336523246663368	0.07
1.029637844	0.0336523246663368	0.07
1.030392053	0.0274310707535264	0.08
1.030958443	0.0274310707535264	0.08
1.031720423	0.0274310707535264	0.08
1.0327094	0.0278792440852318	0.08
1.033463082	0.0274310707535264	0.08
1.034014818	0.0283423053166398	0.08
1.034376329	0.0285796526621144	0.08
1.039046839	0.0323753513788643	0.08
1.043349328	0.0261690285671004	0.09
1.049025044	0.0295701722125116	0.09
1.057424783	0.0290664762211951	0.1
1.067971123	0.0293161608117266	0.11
1.068168044	0.0293161608117266	0.11
1.06860264	0.0293161608117266	0.11
1.068892568	0.0293161608117266	0.11
1.070020858	0.0306318160694063	0.11
1.070326964	0.0311917473185131	0.11
1.076612069	0.0333237296795079	0.11
1.088407982	0.0410126404848129	0.13
1.088762574	0.0410126404848129	0.13
1.091073782	0.0448973955007899	0.13
1.112743253	0.0416127319728865	0.15
1.113233383	0.0416127319728865	0.15
1.11414031	0.0416127319728865	0.15
1.116382888	0.0422306451427395	0.15
1.125633627	0.0564909593166989	0.15
1.127882011	0.0559354268855307	0.15
1.13205703	0.0564909593166989	0.15
1.133642817	0.0564909593166989	0.15
1.136767134	0.0538184240710984	0.16
1.137302108	0.0538184240710984	0.16
1.162829766	0.0448089716051597	0.14
1.183360064	0.0531006687223189	0.16
1.187305519	0.0647604069035648	0.15
1.18762744	0.0637239347846346	0.15
1.192075895	0.0612723191487701	0.15
1.203309389	0.0632180412893439	0.14
1.208724051	0.0528188986949776	0.13
1.209751115	0.0528188986949776	0.13
1.209768181	0.0528188986949776	0.13
1.209825949	0.0528188986949776	0.13
1.210085375	0.0518558230944351	0.13
1.210771389	0.0518558230944351	0.13
1.21086869	0.0518558230944351	0.13
1.224141399	0.0533139770429233	0.12
1.225416562	0.0533139770429233	0.12
1.245566855	0.0830774581870952	0.12
1.246668032	0.0837570932921956	0.12
1.248955951	0.0844479399526212	0.12
1.252855937	0.0920395625762761	0.11
1.265568721	0.0904139722827501	0.1
1.268447511	0.0896225218589474	0.1
1.270253663	0.0873291799752738	0.1
1.270604589	0.0873291799752738	0.1
1.275739262	0.0912195257397195	0.09
1.278899002	0.0737579784347269	0.09
1.285172518	0.0765958294720743	0.08
1.293113698	0.0711228977703127	0.09
1.302603198	0.080465746443456	0.1
1.303502827	0.0819142651484348	0.1
1.325958837	0.0811835450055498	0.12
1.33510162	0.096371312012409	0.12
1.335508208	0.096371312012409	0.12
1.335711503	0.096371312012409	0.12
1.335892556	0.096371312012409	0.12
1.33625481	0.096371312012409	0.12
1.33638917	0.096371312012409	0.12
1.336413828	0.096371312012409	0.12
1.336595099	0.096371312012409	0.12
1.336665633	0.096371312012409	0.12
1.336979907	0.096371312012409	0.12
1.337117106	0.096371312012409	0.12
1.337161305	0.096371312012409	0.12
1.337524247	0.096371312012409	0.12
1.337529375	0.096371312012409	0.12
1.337777279	0.096371312012409	0.12
1.337887386	0.0945905876659802	0.12
1.340005107	0.0945905876659802	0.12
1.350085516	0.0972870554948569	0.11
1.360774481	0.0972870554948569	0.12
1.360981621	0.0972870554948569	0.12
1.36116959	0.0972870554948569	0.12
1.361338457	0.0972870554948569	0.12
1.36135761	0.0972870554948569	0.12
1.361545683	0.0972870554948569	0.12
1.361952473	0.0972870554948569	0.12
1.362110213	0.0972870554948569	0.12
1.362279458	0.0972870554948569	0.12
1.364721715	0.0928744769397186	0.12
1.368077892	0.0928744769397186	0.12
1.369020462	0.0937246774099098	0.12
1.370127164	0.0937246774099098	0.12
1.377139612	0.096371312012409	0.11
1.379222918	0.0972870554948569	0.11
1.384187356	0.100141769330443	0.11
1.418305639	0.095472647190333	0.1
1.448119954	0.0865905939158754	0.12
1.450462129	0.0865905939158754	0.12
1.450674974	0.0865905939158754	0.12
1.450928234	0.0865905939158754	0.12
1.454856842	0.0865905939158754	0.12
1.457818346	0.0865905939158754	0.13
1.484067531	0.0851502779016888	0.15
1.484117024	0.0851502779016888	0.15
1.485917469	0.0844479399526212	0.16
1.494140559	0.0844479399526212	0.16
1.502972103	0.0844479399526212	0.17
1.506038743	0.0844479399526212	0.18
1.511734415	0.0844479399526212	0.18
1.511964569	0.0844479399526212	0.18
1.512194724	0.0844479399526212	0.18
1.513239565	0.0844479399526212	0.18
1.517647523	0.0844479399526212	0.19
1.519065464	0.0844479399526212	0.19
1.558319819	0.1526950139116	0.23
1.55916507	0.150797418790358	0.23
1.561070241	0.151870617843383	0.22
1.595407686	0.157375905159244	0.19
1.595579044	0.155421253030088	0.19
1.652341299	0.181491232309959	0.14
1.745720251	0.209759849117787	0.04
1.758275756	0.223314980395321	0.03
1.768990518	0.221425116974243	0.02
1.778615293	0.22918321680986	0.01
1.77861633	0.22918321680986	0.01
1.780115455	0.219566972087187	0.01
1.780657571	0.219566972087187	0.01
1.780657572	0.219566972087187	0.01
1.780839524	0.217739753857083	0.01
1.780928629	0.217739753857083	0.01
1.78092863	0.217739753857083	0.01
1.781081012	0.217739753857083	0.01
1.781170032	0.217739753857083	0.01
1.781381862	0.217739753857083	0.01
1.781411498	0.217739753857083	0.01
1.781411499	0.217739753857083	0.01
1.781623424	0.217739753857083	0.01
1.781653031	0.217739753857083	0.01
1.7818108	0.217739753857083	0.01
1.781894629	0.217739753857083	0.01
1.782378022	0.212436126102988	0.01
1.782531315	0.212436126102988	0.01
1.782590324	0.212436126102988	0.01
1.783103602	0.212436126102988	0.01
1.783286774	0.212436126102988	0.01
1.783345594	0.212436126102988	0.01
1.783587651	0.212436126102988	0.01
1.78377107	0.212436126102988	0.01
1.784314217	0.212436126102988	0.01
1.78446873	0.212436126102988	0.01
1.784506241	0.212436126102988	0.01
1.784933025	0.212436126102988	0.01
1.785009515	0.212436126102988	0.01
1.785497332	0.210725202834206	0.01
1.785988286	0.209041618335118	0.01
1.788266632	0.202567968534348	0.01
1.788780487	0.207384722531927	0.01
1.788872102	0.207384722531927	0.01
1.78918715	0.207384722531927	0.01
1.789747139	0.2057538857991	0.01
1.790033715	0.2057538857991	0.01
1.790737455	0.182223017552133	0.01
1.79204453	0.199479209098492	0.02
1.795172249	0.156637176099194	0.02
1.795643534	0.148138244905248	0.02
1.796645824	0.138377597872967	0.02
1.796669094	0.138377597872967	0.02
1.796696941	0.138377597872967	0.02
1.799436111	0.140485208462527	0.02
1.808733518	0.0222457069631003	0.02
1.812688451	0.0678649156245886	0.03
1.813215031	0.0688923878122071	0.03
1.813793197	0.0551223170924839	0.03
1.814069384	0.0551223170924839	0.03
1.814345569	0.0463611869180836	0.03
1.814596154	0.0377466085621924	0.03
1.814621756	0.0377466085621924	0.03
1.814621757	0.0377466085621924	0.03
1.814846808	0.0377466085621924	0.03
1.814872379	0.0377466085621924	0.03
1.815123071	0.0390420693783321	0.03
1.815169565	0.0390420693783321	0.03
1.815288509	0.0390420693783321	0.03
1.815373832	0.0390420693783321	0.03
1.815624663	0.0397237270668816	0.03
1.815850116	0.0397237270668816	0.03
1.815875562	0.0397237270668816	0.03
1.816101116	0.0202643513138298	0.03
1.816374833	0.0202643513138298	0.03
1.816377569	0.0202643513138298	0.03
1.81637757	0.0202643513138298	0.03
1.816879855	0.0202643513138298	0.03
1.817382419	0.0202643513138298	0.03
1.817399416	0.0202643513138298	0.03
1.818036082	0.0202643513138298	0.03
1.819395454	0.021208854534524	0.03
1.819410514	0.021208854534524	0.03
1.81989941	0.0214084199813444	0.03
1.820606159	0.0216117767385132	0.03
1.82134289	0.0218190338821367	0.03
1.822065256	0.0224653630144201	0.03
1.823267442	0.0224653630144201	0.03
1.823345161	0.0224653630144201	0.03
1.824280416	0.0224653630144201	0.03
1.824985083	0.0224653630144201	0.03
1.829051906	0.0210129753515338	0.04
1.835137623	0.0224653630144201	0.04
1.83758722	0.0197369780149591	0.05
1.837659261	0.0197369780149591	0.05
1.839735229	0.0206318746426781	0.05
1.842215909	0.0218190338821367	0.05
1.876458705	0.0208206812310663	0.07
1.877534086	0.0208206812310663	0.07
1.932723098	0.0293161608117266	0.12
1.933588634	0.0295701722125116	0.12
1.937910579	0.0267851919408268	0.13
1.938309591	0.0267851919408268	0.13
1.938319698	0.0267851919408268	0.13
1.939501786	0.0269970786888455	0.13
1.945075766	0.0338190643306116	0.14
1.956133657	0.0338190643306116	0.15
1.961031557	0.0340722951150319	0.15
2.045755957	0.0294426186618081	0.24
2.04617014	0.0294426186618081	0.24
2.049316864	0.029634364335455	0.24
2.057190684	0.0294426186618081	0.25
2.057670659	0.0294426186618081	0.25
2.058434493	0.0294426186618081	0.25
2.058810915	0.029634364335455	0.25
2.060706206	0.029634364335455	0.25
2.077371996	0.0294426186618081	0.27
2.077653506	0.0294426186618081	0.27
2.077935092	0.0294426186618081	0.27
2.080200147	0.029634364335455	0.27
2.116340052	0.0290664762211951	0.31
2.117539144	0.0290664762211951	0.31
2.119081815	0.0292533383719038	0.31
2.122322709	0.0292533383719038	0.31
2.201956234	0.0292533383719038	0.39
2.21647999	0.0290664762211951	0.41
2.225736601	0.032685422164521	0.41
2.22607531	0.0286998233187386	0.42
2.226980498	0.0286998233187386	0.42
2.268175967	0.172832817551771	0.41
2.273953022	0.170630157686151	0.4
2.283420782	0.175269407500878	0.39
2.36737444	0.209208765230448	0.33
2.416816988	0.163190946453284	0.31
2.634889835	0.199817745097098	0.09
2.664122924	0.199817745097098	0.06
2.670697515	0.209208765230448	0.06
2.670831293	0.209208765230448	0.06
2.671193179	0.209208765230448	0.06
2.671237545	0.209208765230448	0.06
2.671237705	0.209208765230448	0.06
2.671599646	0.209208765230448	0.06
2.671872794	0.209208765230448	0.06
2.671961685	0.209208765230448	0.06
2.672323822	0.209208765230448	0.06
2.672686057	0.199817745097098	0.05
2.67300408	0.199817745097098	0.05
2.673366554	0.199817745097098	0.05
2.674498542	0.199817745097098	0.05
2.674640938	0.199817745097098	0.05
2.67595059	0.197886703286716	0.05
2.677404052	0.195992627472816	0.05
2.678640892	0.192311207738498	0.05
2.679543675	0.192311207738498	0.05
2.679587204	0.192311207738498	0.05
2.68050645	0.192311207738498	0.05
2.681604422	0.209208765230448	0.05
2.690797174	0.213128299915436	0.04
2.692790444	0.213128299915436	0.04
2.700424629	0.178094014854562	0.03
2.703341222	0.20359251489633	0.04
2.714352711	0.183685580712813	0.05
2.716197088	0.183685580712813	0.05
2.720992773	0.185348244942884	0.05
2.721223607	0.169787504942925	0.05
2.721339166	0.196557032126214	0.06
2.721753239	0.196557032126214	0.06
2.722090639	0.196557032126214	0.06
2.722504826	0.196557032126214	0.06
2.725138453	0.178871876579083	0.06
2.727362573	0.178871876579083	0.06
2.728457177	0.178871876579083	0.06
2.730687704	0.178871876579083	0.06
2.734951629	0.17580049925881	0.07
2.741703646	0.191591457631419	0.08
2.742221604	0.191591457631419	0.08
2.744776734	0.17580049925881	0.08
2.758261585	0.17580049925881	0.09
2.767264537	0.174304027462851	0.1
2.784781798	0.169963667190375	0.12
2.795646082	0.169963667190375	0.13
2.857457722	0.169963667190375	0.19
2.870516676	0.169963667190375	0.2
2.893176138	0.180926482644211	0.23
3.091199805	0.155300698187185	0.42
3.116410384	0.166373176868621	0.45
3.557717034	0.13170243502406	0.870000000000001
3.561529658	0.13429369929267	0.870000000000001
3.561648443	0.13429369929267	0.870000000000001
3.562131134	0.13429369929267	0.870000000000001
3.565454716	0.130443944365632	0.880000000000001
3.567214517	0.148946408913606	0.880000000000001
3.568359469	0.148946408913606	0.880000000000001
3.572123566	0.194873486616035	0.880000000000001
3.572497766	0.194873486616035	0.880000000000001
3.575584373	0.176278422244354	0.880000000000001
3.579984214	0.174852385778141	0.880000000000001
3.62901857	0.197021241307594	0.910000000000001
3.629519691	0.197021241307594	0.910000000000001
3.631169027	0.200172899869577	0.910000000000001
3.633483005	0.188134870440923	0.920000000000001
3.639968026	0.193967288126288	0.920000000000001
3.778072999	0.191006566192939	1.06
3.82876748	0.196483229849764	1.11
4.442577106	0.261760575020854	1.71
4.445571488	0.269922374089496	1.72
4.452121847	0.261760575020854	1.72
4.45272527	0.261760575020854	1.72
4.453328856	0.261760575020854	1.72
4.453932605	0.261760575020854	1.72
4.459832487	0.277520300160103	1.73
4.464002998	0.261760575020854	1.73
4.475601202	0.269922374089496	1.75
4.478685952	0.277520300160103	1.75
4.536342962	0.269725453570705	1.8
4.536969429	0.269725453570705	1.8
4.550359745	0.267191387733216	1.81
4.773228095	0.27494057311159	2.03
4.848628454	0.267191387733216	2.11
4.895921957	0.277624496556436	2.15
5.342582978	0.311022093216772	2.23
5.343129076	0.311022093216772	2.23
5.343307119	0.311022093216772	2.23
5.346842194	0.311022093216772	2.24
5.443653327	0.317976985855501	2.17
6.232084175	0.321572391954293	2.65999999999999
6.2338777	0.362568468417883	2.66999999999999
6.244676548	0.362568468417883	2.67999999999999
6.358499262	0.312732137131253	2.77999999999998
7	0.342123443076296	3.17999999999998
