thrs	post_p	finalwindow
0	0.0789926866336415	0.23
0.03256001	0.0789926866336415	0.2
0.082355146	0.0660319242288057	0.17
0.089689176	0.0660319242288057	0.16
0.093809574	0.0621122703363833	0.17
0.098963073	0.0644061594501709	0.16
0.106977596	0.0621122703363833	0.16
0.123778241	0.0927865115105966	0.18
0.127200542	0.0478965718953659	0.17
0.127695348	0.0446280690111214	0.17
0.129609166	0.091706031654842	0.17
0.14705261	0.0501941700378618	0.15
0.148427326	0.061383525333675	0.15
0.148447444	0.0854429826940563	0.15
0.148782099	0.0847509330463707	0.15
0.151339737	0.0895652018492296	0.15
0.161204767	0.0895652018492296	0.14
0.178062567	0.0619022978027587	0.12
0.178140913	0.0619022978027587	0.12
0.178189211	0.0619022978027587	0.12
0.181486035	0.0888736322132891	0.12
0.181824923	0.0888736322132891	0.12
0.191788381	0.0888736322132891	0.11
0.194681585	0.0953891683584329	0.11
0.205298456	0.0995789447308499	0.1
0.206482242	0.09743903834712	0.1
0.222049977	0.0930403685853475	0.08
0.22265244	0.0847509330463707	0.08
0.222686318	0.0847509330463707	0.08
0.222697977	0.0847509330463707	0.08
0.222812147	0.0924425669706117	0.08
0.222924291	0.100005999305372	0.08
0.223196808	0.0976722530631291	0.08
0.226694446	0.0947249111441132	0.08
0.226728961	0.0947249111441132	0.08
0.226867021	0.0947249111441132	0.08
0.226923294	0.0947249111441132	0.08
0.226929675	0.0947249111441132	0.08
0.226957829	0.0947249111441132	0.08
0.227432153	0.0947249111441132	0.08
0.237068117	0.0883280187428419	0.07
0.241897099	0.0861464275136856	0.07
0.24235868	0.0861464275136856	0.07
0.242615688	0.0861464275136856	0.07
0.243116147	0.0901890288599458	0.06
0.249436037	0.0845227343627075	0.06
0.256228734	0.091950235878926	0.05
0.259750174	0.089333485854466	0.05
0.263775407	0.089333485854466	0.05
0.296834617	0.0758435981333104	0.05
0.296839561	0.0758435981333104	0.05
0.296839653	0.0758435981333104	0.05
0.296874128	0.0758435981333104	0.05
0.296879772	0.0758435981333104	0.05
0.29691506	0.0758435981333104	0.05
0.296919994	0.0758435981333104	0.05
0.296960227	0.0758435981333104	0.05
0.297156652	0.0758435981333104	0.05
0.297161557	0.0758435981333104	0.05
0.297207868	0.0758435981333104	0.05
0.29723727	0.0758435981333104	0.05
0.297242165	0.0758435981333104	0.05
0.297345093	0.0758435981333104	0.05
0.297631463	0.0758435981333104	0.05
0.298062423	0.0758435981333104	0.05
0.298432807	0.0758435981333104	0.05
0.29855614	0.0758435981333104	0.05
0.299120783	0.0758435981333104	0.05
0.29926506	0.0758435981333104	0.05
0.300638986	0.0817705619201955	0.04
0.301159527	0.0817705619201955	0.04
0.301373268	0.0817705619201955	0.04
0.302406093	0.0817705619201955	0.04
0.30240618	0.0817705619201955	0.04
0.302452098	0.0817705619201955	0.04
0.302453753	0.0817705619201955	0.04
0.302493847	0.0817705619201955	0.04
0.302531356	0.0817705619201955	0.04
0.302757814	0.0817705619201955	0.04
0.302844832	0.0817705619201955	0.04
0.303037639	0.0817705619201955	0.04
0.303062807	0.0817705619201955	0.04
0.303998368	0.0825772089862127	0.04
0.306047128	0.0817705619201955	0.04
0.306464617	0.0817705619201955	0.04
0.307314933	0.0817705619201955	0.04
0.308759935	0.0817705619201955	0.04
0.319078068	0.0817705619201955	0.03
0.320217262	0.0817705619201955	0.03
0.320290117	0.0817705619201955	0.03
0.322066605	0.0786956404843948	0.03
0.322591403	0.0786956404843948	0.03
0.322777267	0.0786956404843948	0.03
0.323808824	0.0786956404843948	0.03
0.324596864	0.0786956404843948	0.03
0.327195424	0.0657208708742024	0.04
0.330254195	0.0647048640831799	0.04
0.333944256	0.0632384197914281	0.04
0.334029253	0.0632384197914281	0.04
0.338071632	0.061383525333675	0.05
0.340262381	0.0600622269954773	0.05
0.343625259	0.0600622269954773	0.05
0.345554528	0.0592125158461878	0.05
0.350684009	0.0583865113481466	0.06
0.351815198	0.0579820912060734	0.06
0.356200611	0.0564189253795314	0.06
0.356206548	0.0564189253795314	0.06
0.356351443	0.0564189253795314	0.06
0.356437896	0.0553007663115965	0.06
0.356490553	0.0553007663115965	0.06
0.357086112	0.0637197928059399	0.06
0.360733393	0.0191830568689196	0.06
0.363936107	0.0553007663115965	0.07
0.366130409	0.0553007663115965	0.07
0.367161303	0.0642085504885009	0.07
0.367663989	0.070717772108245	0.07
0.37384574	0.0856253801138761	0.08
0.382008897	0.066592239778783	0.07
0.386863037	0.0656178366300648	0.06
0.386909127	0.0717090808180701	0.06
0.387745392	0.0717090808180701	0.06
0.389222512	0.0695427745720971	0.06
0.389299853	0.0695427745720971	0.06
0.389825341	0.0749383077173361	0.06
0.395214438	0.0763044954401879	0.06
0.403209246	0.0817705619201955	0.05
0.411578949	0.0984379712772293	0.04
0.412388288	0.0976722530631291	0.04
0.415094538	0.0941566599527459	0.04
0.415772448	0.0980536172853883	0.04
0.416416237	0.0802036397278705	0.03
0.438307149	0.106134522706643	0.02
0.438815006	0.113388074665583	0.01
0.440249622	0.11895435419618	0.01
0.440316292	0.11895435419618	0.01
0.441698853	0.11895435419618	0.01
0.441750067	0.117838003019081	0.01
0.444499874	0.108472562334985	0.01
0.444770984	0.106269260896164	0.01
0.445049535	0.106269260896164	0.01
0.445117302	0.106269260896164	0.01
0.445156208	0.106269260896164	0.01
0.445185067	0.10555458380375	0.01
0.445185068	0.10555458380375	0.01
0.44525283	0.10555458380375	0.01
0.445252833	0.10555458380375	0.01
0.445252835	0.10555458380375	0.01
0.44531318	0.10555458380375	0.01
0.44531319	0.10555458380375	0.01
0.445373562	0.10555458380375	0.01
0.445494353	0.10555458380375	0.01
0.445554774	0.104849455123106	0.01
0.445615211	0.104849455123106	0.01
0.445653547	0.104849455123106	0.01
0.445691925	0.104153684767357	0.01
0.445736134	0.104153684767357	0.01
0.445849774	0.11033117055465	0.01
0.445857123	0.11033117055465	0.01
0.445970843	0.11033117055465	0.01
0.446038729	0.11033117055465	0.01
0.446341735	0.108895892316887	0.01
0.446351359	0.108895892316887	0.01
0.446395102	0.108895892316887	0.01
0.446455777	0.108895892316887	0.01
0.446465528	0.108895892316887	0.01
0.446633323	0.108895892316887	0.01
0.446772341	0.108895892316887	0.01
0.446888185	0.106811652127989	0.01
0.446967543	0.106811652127989	0.01
0.447533088	0.106811652127989	0.01
0.447542535	0.106811652127989	0.01
0.447876705	0.106134522706643	0.01
0.448701687	0.118579894341022	0.01
0.448791313	0.118579894341022	0.01
0.449051315	0.119331186534189	0.01
0.449552291	0.117105337216697	0.01
0.449715173	0.117105337216697	0.01
0.451750007	0.119331186534189	0.01
0.453102774	0.100165553991511	0.01
0.453117722	0.100165553991511	0.01
0.453312195	0.0995303706163015	0.01
0.453607731	0.0995303706163015	0.01
0.453670383	0.0995303706163015	0.01
0.45367678	0.0995303706163015	0.01
0.453739439	0.0995303706163015	0.01
0.453782962	0.0995303706163015	0.01
0.453802119	0.0995303706163015	0.01
0.453864814	0.0995303706163015	0.01
0.453927527	0.0995303706163015	0.01
0.453952078	0.0995303706163015	0.01
0.453977538	0.0995303706163015	0.01
0.453990257	0.0995303706163015	0.01
0.454053004	0.0995303706163015	0.01
0.454131662	0.0995303706163015	0.01
0.454172215	0.0995303706163015	0.01
0.454266222	0.0995303706163015	0.01
0.454278877	0.0995303706163015	0.01
0.454291524	0.0995303706163015	0.01
0.454379121	0.0995303706163015	0.01
0.454543029	0.100165553991511	0.01
0.454618511	0.100165553991511	0.01
0.454637485	0.100165553991511	0.01
0.455180191	0.10555458380375	0.01
0.455550168	0.133881783704492	0.01
0.455665947	0.110899604670131	0.02
0.455755613	0.110899604670131	0.02
0.456133439	0.110899604670131	0.02
0.456880284	0.110899604670131	0.02
0.45760535	0.110250441023118	0.02
0.458619789	0.110899604670131	0.02
0.458664131	0.110899604670131	0.02
0.459124851	0.111556458253807	0.02
0.460382332	0.112221139229781	0.02
0.462114195	0.095882241877923	0.02
0.46331093	0.095882241877923	0.02
0.46499053	0.0930403685853475	0.02
0.473676694	0.0878337252470569	0.03
0.47699163	0.095203719787949	0.04
0.478409458	0.0961760068634315	0.04
0.479732593	0.0966696358821777	0.04
0.479936634	0.0966696358821777	0.04
0.483511101	0.082740451946114	0.04
0.483671852	0.082740451946114	0.04
0.484225862	0.082740451946114	0.04
0.484927676	0.083622097548466	0.04
0.485802156	0.110052224589327	0.04
0.485999254	0.097949313826952	0.04
0.490830832	0.0989688386043976	0.05
0.499369323	0.0794424844358386	0.05
0.50407637	0.0821719058720831	0.06
0.508934563	0.0738366392264445	0.06
0.514553924	0.0813731194005044	0.07
0.514645345	0.0813731194005044	0.07
0.51473946	0.0813731194005044	0.07
0.514742139	0.0813731194005044	0.07
0.514839037	0.0817705619201955	0.07
0.516063638	0.0940156608463918	0.07
0.520735072	0.0646334929007391	0.07
0.534226929	0.0791919663609045	0.08
0.534308248	0.0807192317806189	0.08
0.534380672	0.0812414957289053	0.08
0.534453117	0.0812414957289053	0.08
0.539174229	0.0722089384004782	0.07
0.544416783	0.0727668927198655	0.07
0.546060858	0.0845227343627075	0.06
0.55657045	0.0876701878469439	0.05
0.556807604	0.0876701878469439	0.05
0.55802857	0.0868615512880667	0.05
0.559788571	0.0876701878469439	0.05
0.562444529	0.0876701878469439	0.05
0.566766402	0.0928568883038869	0.05
0.57444178	0.0845227343627075	0.06
0.583655412	0.0910611173186912	0.05
0.586308239	0.0817705619201955	0.05
0.591193432	0.0758435981333104	0.05
0.591819223	0.0744937187782559	0.05
0.593402747	0.0744937187782559	0.05
0.593573546	0.0744937187782559	0.05
0.593673806	0.0744937187782559	0.05
0.593673808	0.0744937187782559	0.05
0.593754278	0.0744937187782559	0.05
0.59375428	0.0744937187782559	0.05
0.593834769	0.0744937187782559	0.05
0.594036974	0.0744937187782559	0.05
0.594237558	0.0744937187782559	0.05
0.595015574	0.0751625981697855	0.05
0.595887104	0.0738366392264445	0.05
0.596219211	0.0744937187782559	0.05
0.596894832	0.0731910499993404	0.05
0.602148457	0.0786956404843948	0.04
0.602674298	0.0794424844358386	0.04
0.604317115	0.0794424844358386	0.04
0.604813246	0.0794424844358386	0.04
0.604905308	0.0794424844358386	0.04
0.60490531	0.0794424844358386	0.04
0.604988853	0.0794424844358386	0.04
0.605724938	0.077962708007184	0.04
0.606051871	0.077962708007184	0.04
0.606404306	0.077962708007184	0.04
0.606824709	0.0772433018970253	0.04
0.624510489	0.0744937187782559	0.04
0.635412418	0.082740451946114	0.05
0.636066531	0.082740451946114	0.05
0.63624959	0.082740451946114	0.05
0.636422142	0.0840700039080027	0.05
0.637031954	0.0840700039080027	0.05
0.637260654	0.0840700039080027	0.05
0.637881775	0.0840700039080027	0.05
0.638075882	0.0840700039080027	0.05
0.641599528	0.0840700039080027	0.05
0.64559646	0.0789926866336415	0.06
0.646569798	0.0802036397278705	0.06
0.64801212	0.0802036397278705	0.06
0.648110758	0.0802036397278705	0.06
0.648827538	0.0802036397278705	0.06
0.659386285	0.0825772089862127	0.06
0.667879263	0.0765370511311818	0.07
0.669490645	0.0765370511311818	0.07
0.671132308	0.0765370511311818	0.07
0.680410924	0.0738366392264445	0.08
0.68060848	0.0738366392264445	0.08
0.689921535	0.0652089101699601	0.09
0.690723937	0.0652089101699601	0.09
0.692614054	0.0662409340860545	0.09
0.697379755	0.0642085504885009	0.1
0.712401774	0.0642085504885009	0.11
0.713541741	0.0647048640831799	0.11
0.71365913	0.0647048640831799	0.11
0.714295462	0.0647048640831799	0.11
0.715653707	0.0501941700378618	0.11
0.715679053	0.0501941700378618	0.11
0.717816093	0.0627642653367708	0.12
0.719314887	0.0627642653367708	0.12
0.725869057	0.0516816716448455	0.12
0.725979546	0.0516816716448455	0.12
0.726772429	0.0604962938021292	0.13
0.735438378	0.0470353692736805	0.13
0.742183791	0.050680397686217	0.13
0.75180067	0.0466162781015402	0.13
0.756122282	0.0462045892856344	0.13
0.763284143	0.0995789447308499	0.13
0.763387603	0.098855275047297	0.13
0.763491091	0.098142047719887	0.13
0.765321243	0.0949452999000194	0.13
0.7676628	0.103435373155681	0.13
0.772093843	0.0977591602580238	0.12
0.772264397	0.104978638508462	0.12
0.797194853	0.0975901856518129	0.1
0.8034392	0.10557377298833	0.09
0.817085993	0.095744619603157	0.08
0.828284953	0.105256534812573	0.07
0.856064956	0.103547393584386	0.04
0.861362559	0.0923832090463235	0.03
0.864973627	0.106015919489527	0.03
0.866065884	0.104153684767357	0.03
0.875213305	0.105700936308345	0.02
0.877564409	0.112715994858564	0.02
0.87832845	0.111765505288256	0.02
0.88244613	0.113388074665583	0.01
0.883671839	0.112378687470029	0.01
0.884296127	0.111323740939265	0.01
0.885048106	0.108274485028142	0.01
0.886381245	0.106972234234147	0.01
0.888469193	0.115667002301317	0.01
0.889014569	0.113358687190757	0.01
0.889576687	0.112715994858564	0.01
0.889857915	0.112715994858564	0.01
0.890083013	0.112080548990153	0.01
0.890218543	0.111765505288256	0.01
0.890218544	0.111765505288256	0.01
0.890228158	0.111765505288256	0.01
0.890339212	0.111140701460385	0.01
0.890354074	0.111140701460385	0.01
0.890354075	0.111140701460385	0.01
0.890474761	0.111140701460385	0.01
0.890489605	0.111140701460385	0.01
0.890489606	0.111140701460385	0.01
0.890580647	0.111140701460385	0.01
0.890595481	0.111140701460385	0.01
0.89061031	0.111140701460385	0.01
0.890610311	0.111140701460385	0.01
0.89068659	0.111140701460385	0.01
0.890716233	0.110830911879914	0.01
0.890731048	0.110830911879914	0.01
0.890731049	0.110830911879914	0.01
0.890737499	0.110830911879914	0.01
0.890837018	0.110830911879914	0.01
0.890851819	0.110830911879914	0.01
0.890928251	0.110830911879914	0.01
0.890957836	0.110830911879914	0.01
0.890972622	0.110830911879914	0.01
0.890972623	0.110830911879914	0.01
0.891093459	0.109608833056853	0.01
0.89119957	0.109608833056853	0.01
0.891214328	0.109608833056853	0.01
0.891246709	0.109608833056853	0.01
0.891320486	0.109608833056853	0.01
0.89133523	0.109608833056853	0.01
0.891382479	0.109608833056853	0.01
0.891441435	0.109608833056853	0.01
0.891456164	0.109608833056853	0.01
0.89149835	0.109608833056853	0.01
0.891521465	0.109608833056853	0.01
0.891562417	0.109608833056853	0.01
0.891686849	0.109307512797178	0.01
0.891698132	0.109307512797178	0.01
0.892017347	0.109007844685118	0.01
0.89206133	0.109007844685118	0.01
0.892215798	0.109007844685118	0.01
0.892245091	0.109007844685118	0.01
0.892568748	0.109307512797178	0.01
0.892924751	0.109007844685118	0.01
0.892951888	0.108413410847604	0.01
0.892952212	0.108413410847604	0.01
0.893016766	0.108413410847604	0.01
0.89308003	0.108413410847604	0.01
0.893313967	0.108118618461494	0.01
0.893320622	0.108118618461494	0.01
0.893395592	0.108118618461494	0.01
0.894085351	0.108118618461494	0.01
0.894189143	0.108118618461494	0.01
0.894232534	0.107825424897705	0.01
0.894332391	0.108118618461494	0.01
0.894482721	0.108118618461494	0.01
0.894511483	0.107533817184466	0.01
0.894690708	0.107533817184466	0.01
0.894913415	0.107533817184466	0.01
0.894970751	0.107533817184466	0.01
0.895081202	0.108118618461494	0.01
0.895300675	0.108118618461494	0.01
0.89539422	0.108118618461494	0.01
0.895524497	0.108118618461494	0.01
0.895638516	0.108118618461494	0.01
0.896329745	0.107533817184466	0.01
0.896396617	0.107825424897705	0.01
0.89685771	0.107243782489952	0.01
0.89693811	0.106668381518277	0.01
0.897197773	0.11233541374926	0.01
0.897282137	0.118342826734558	0.01
0.897316929	0.117737554666717	0.01
0.89799116	0.10972151479572	0.01
0.898455429	0.107511012682244	0.01
0.898485328	0.10772804675754	0.01
0.898662437	0.107079557486651	0.01
0.898755243	0.107079557486651	0.01
0.89889623	0.106438828905481	0.01
0.899413875	0.107021741297871	0.01
0.899974537	0.106186304633469	0.01
0.900113547	0.106393938606024	0.01
0.900307304	0.107232658550533	0.01
0.900690942	0.105166730227132	0.01
0.901007608	0.114820836844277	0.01
0.901568195	0.0921850426284752	0.01
0.901947653	0.0950992196419894	0.01
0.902919093	0.082740451946114	0.01
0.902932441	0.0830688817951345	0.01
0.903166806	0.0795617049330071	0.01
0.903685884	0.0802036397278705	0.01
0.904220945	0.0792445756196304	0.01
0.904508173	0.0808560175405008	0.01
0.906197141	0.0802036397278705	0.01
0.906210372	0.0802036397278705	0.01
0.906508268	0.0808560175405008	0.01
0.906786831	0.0798813826881771	0.01
0.906922556	0.0805285073945356	0.01
0.906983581	0.0808560175405008	0.01
0.907060652	0.0808560175405008	0.01
0.90712089	0.0808560175405008	0.01
0.907185931	0.0808560175405008	0.01
0.907198748	0.0811862025383853	0.01
0.907199842	0.0811862025383853	0.01
0.907298438	0.0649391123760463	0.01
0.907311244	0.0649391123760463	0.01
0.907336843	0.0654809591350845	0.01
0.907336844	0.0654809591350845	0.01
0.907436592	0.0654809591350845	0.01
0.907449378	0.0654809591350845	0.01
0.90746216	0.0654809591350845	0.01
0.907536422	0.0654809591350845	0.01
0.9075492	0.0654809591350845	0.01
0.907574745	0.0654809591350845	0.01
0.907587512	0.0654809591350845	0.01
0.907674633	0.0654809591350845	0.01
0.907712898	0.0654809591350845	0.01
0.907951053	0.0654809591350845	0.01
0.907963774	0.0652089101699601	0.01
0.908089263	0.0660319242288057	0.01
0.908089264	0.0660319242288057	0.01
0.90817671	0.0660319242288057	0.01
0.908189407	0.0660319242288057	0.01
0.908202099	0.0660319242288057	0.01
0.908453284	0.0654809591350845	0.01
0.908566283	0.0663108983827028	0.01
0.908577365	0.0663108983827028	0.01
0.908855181	0.0660319242288057	0.01
0.908943472	0.066875978676369	0.01
0.908956071	0.066875978676369	0.01
0.909183517	0.066875978676369	0.01
0.909195105	0.066875978676369	0.01
0.909270732	0.066875978676369	0.01
0.909308419	0.066875978676369	0.01
0.90938549	0.066875978676369	0.01
0.909409249	0.066875978676369	0.01
0.909642167	0.0674507726141139	0.01
0.909896599	0.0671621458527106	0.01
0.909914657	0.0671621458527106	0.01
0.909925885	0.0671621458527106	0.01
0.910051995	0.0677418908073584	0.01
0.910204731	0.0680355328314109	0.01
0.910267	0.0680355328314109	0.01
0.911049792	0.0701645374371178	0.01
0.911062134	0.0701645374371178	0.01
0.91113001	0.0701645374371178	0.01
0.911351929	0.0701645374371178	0.01
0.911383512	0.0695427745720971	0.01
0.911404622	0.0695427745720971	0.01
0.911632099	0.0698522724368659	0.01
0.912015459	0.0695427745720971	0.01
0.912488931	0.0692360072236162	0.01
0.912707801	0.068931934415529	0.01
0.912811242	0.0683317316494452	0.01
0.912967277	0.0692360072236162	0.01
0.913006436	0.0692360072236162	0.01
0.913244462	0.0695427745720971	0.01
0.913630289	0.0695427745720971	0.01
0.913751419	0.0698522724368659	0.01
0.914018042	0.0698522724368659	0.01
0.914696902	0.0701645374371178	0.01
0.914870556	0.0701645374371178	0.01
0.914968567	0.0701645374371178	0.01
0.915026039	0.0701645374371178	0.01
0.915269563	0.0701645374371178	0.01
0.916024822	0.0701645374371178	0.01
0.916163647	0.0701645374371178	0.01
0.916688985	0.0711183113983063	0.01
0.916912552	0.0714420245122873	0.01
0.917248255	0.0467551428745359	0.01
0.917957453	0.0298566202420258	0.01
0.918238351	0.067433725916092	0.02
0.918456927	0.0676903345464965	0.02
0.918816837	0.0684720135676663	0.02
0.918837351	0.0684720135676663	0.02
0.919655338	0.0698157180144289	0.02
0.921364075	0.0712132162082378	0.02
0.921783065	0.0714994565110644	0.02
0.922071236	0.0717880071763424	0.02
0.922504312	0.0717880071763424	0.02
0.922763582	0.0717880071763424	0.02
0.924412009	0.0729658820774069	0.02
0.924627878	0.0735694340722853	0.02
0.929379518	0.0633510285382998	0.03
0.93220206	0.0654488356145571	0.03
0.933174706	0.0664264564367454	0.03
0.934071327	0.0666754421519392	0.03
0.93534835	0.0669263014318278	0.03
0.938446291	0.0244498806452608	0.03
0.938770844	0.0250348568755107	0.03
0.941112169	0.0222411661050114	0.03
0.944027825	0.0174259678103468	0.03
0.948845214	0.034442936016334	0.04
0.951999424	0.0284366679194451	0.04
0.953473419	0.0311916360916494	0.04
0.954191796	0.0329083531243026	0.04
0.955985355	0.0357165813766889	0.04
0.956018846	0.0357165813766889	0.04
0.956296714	0.03665496477699	0.04
0.956549025	0.03665496477699	0.04
0.956766863	0.0376439869945499	0.04
0.956793172	0.0376439869945499	0.04
0.957077957	0.0379856290367114	0.04
0.957486775	0.038333529092149	0.04
0.959642592	0.0409594867646245	0.04
0.959665139	0.0413642829189119	0.04
0.959857154	0.0413642829189119	0.04
0.964446178	0.0329083531243026	0.05
0.966290332	0.03665496477699	0.05
0.966653906	0.03665496477699	0.05
0.966980911	0.0379856290367114	0.05
0.966980912	0.0379856290367114	0.05
0.966986309	0.0379856290367114	0.05
0.967139043	0.0379856290367114	0.05
0.967144414	0.0379856290367114	0.05
0.967297223	0.038333529092149	0.05
0.967302571	0.038333529092149	0.05
0.967302572	0.038333529092149	0.05
0.967460779	0.038333529092149	0.05
0.96746078	0.038333529092149	0.05
0.967608447	0.038333529092149	0.05
0.967619041	0.038333529092149	0.05
0.967772081	0.038333529092149	0.05
0.967925221	0.038333529092149	0.05
0.967935716	0.038333529092149	0.05
0.968083686	0.0386878606965588	0.05
0.968237002	0.0386878606965588	0.05
0.969666194	0.0413642829189119	0.05
0.970292984	0.0409594867646245	0.05
0.970442597	0.0409594867646245	0.05
0.973457204	0.0267980390454981	0.06
0.973766743	0.0275023911777379	0.06
0.978183481	0.0311916360916494	0.06
0.985118954	0.0193605253859897	0.05
0.9860103	0.0193605253859897	0.05
1.019804062	0.0417771600090448	0.06
1.021711423	0.0342550089376037	0.07
1.022530753	0.0348250447430982	0.07
1.023898132	0.0351172367900602	0.07
1.027042278	0.0386878606965588	0.07
1.027349785	0.0390488038617277	0.07
1.028094642	0.0394165453804753	0.07
1.029078227	0.0394165453804753	0.07
1.029271857	0.0394165453804753	0.07
1.029637844	0.0394165453804753	0.07
1.030397618	0.0413642829189119	0.07
1.030958443	0.0413642829189119	0.07
1.031720423	0.0413642829189119	0.07
1.032104884	0.0413642829189119	0.07
1.0327094	0.0413642829189119	0.07
1.034854243	0.0339769322248258	0.08
1.035677928	0.0421134438739674	0.08
1.038905957	0.0466162781015402	0.08
1.043349328	0.0487898994045966	0.08
1.044012776	0.0487898994045966	0.08
1.048661279	0.0428025187868114	0.09
1.049025044	0.0428025187868114	0.09
1.057424783	0.0424551854824673	0.1
1.067766296	0.0428025187868114	0.11
1.067971123	0.0428025187868114	0.11
1.068277144	0.0428025187868114	0.11
1.06860264	0.0428025187868114	0.11
1.068892568	0.0428025187868114	0.11
1.070020858	0.0446280690111214	0.11
1.070326964	0.0446280690111214	0.11
1.076612069	0.0454026478567447	0.11
1.088407982	0.0484029967207323	0.13
1.088762574	0.0484029967207323	0.13
1.091073782	0.0682468405736406	0.12
1.112743253	0.0516816716448455	0.12
1.113082372	0.0516816716448455	0.12
1.11414031	0.0516816716448455	0.12
1.115076799	0.0516816716448455	0.12
1.125633627	0.0516816716448455	0.11
1.133642817	0.0497171834650897	0.12
1.133988353	0.0497171834650897	0.12
1.134317617	0.0497171834650897	0.12
1.137302108	0.0497171834650897	0.12
1.183360064	0.0528564707060018	0.16
1.187305519	0.0647048640831799	0.15
1.18762744	0.0637197928059399	0.15
1.192075895	0.061836972215432	0.15
1.192725439	0.061836972215432	0.15
1.203309389	0.0652089101699601	0.14
1.208724051	0.0544612637500289	0.13
1.208769953	0.0544612637500289	0.13
1.209215802	0.0544612637500289	0.13
1.209751115	0.0544612637500289	0.13
1.209768181	0.0544612637500289	0.13
1.210085375	0.0544612637500289	0.13
1.210771389	0.0544612637500289	0.13
1.21086869	0.0544612637500289	0.13
1.224141399	0.0554228126721098	0.12
1.22465873	0.0554228126721098	0.12
1.225416562	0.0554228126721098	0.12
1.226416878	0.0554228126721098	0.12
1.226767373	0.0554228126721098	0.12
1.243346642	0.0492491769987854	0.11
1.246668032	0.0521972929952404	0.11
1.252855937	0.0782054971817308	0.11
1.265568721	0.0782054971817308	0.1
1.268447511	0.0782054971817308	0.1
1.270253663	0.0750876856561806	0.1
1.275739262	0.0788603897380428	0.09
1.278899002	0.0652089101699601	0.09
1.285172518	0.0708888780160254	0.08
1.289511656	0.0708888780160254	0.08
1.297280078	0.108660301948497	0.09
1.302603198	0.121251737318998	0.09
1.325958837	0.11895435419618	0.11
1.33510162	0.11895435419618	0.11
1.335485912	0.120092059422522	0.11
1.335508208	0.120092059422522	0.11
1.335711503	0.120092059422522	0.11
1.335892556	0.120092059422522	0.11
1.336051433	0.120092059422522	0.11
1.33625481	0.120092059422522	0.11
1.33638917	0.120092059422522	0.11
1.336413828	0.120092059422522	0.11
1.336665633	0.124869162356918	0.1
1.336979907	0.124869162356918	0.1
1.337117106	0.124869162356918	0.1
1.337161305	0.124869162356918	0.1
1.337524247	0.124869162356918	0.1
1.337777279	0.124869162356918	0.1
1.337887386	0.124869162356918	0.1
1.338686534	0.124869162356918	0.1
1.343443085	0.123639607433969	0.1
1.346883901	0.119739685175738	0.11
1.360774481	0.120803066630376	0.1
1.360981621	0.120803066630376	0.1
1.36116959	0.120803066630376	0.1
1.361338457	0.120803066630376	0.1
1.36135761	0.120803066630376	0.1
1.361545683	0.120803066630376	0.1
1.362110213	0.120803066630376	0.1
1.362279458	0.120803066630376	0.1
1.368578346	0.126416448121059	0.09
1.369707356	0.127602312819579	0.09
1.379222918	0.135212580052857	0.08
1.384187356	0.133881783704492	0.09
1.38563755	0.133881783704492	0.09
1.385801753	0.133881783704492	0.09
1.434752614	0.125582807731749	0.1
1.436494579	0.125582807731749	0.11
1.440102642	0.125582807731749	0.11
1.448119954	0.120421126208747	0.12
1.450674974	0.119439291836782	0.12
1.450928234	0.119439291836782	0.12
1.454003033	0.119439291836782	0.12
1.454856842	0.119439291836782	0.12
1.45657643	0.119439291836782	0.13
1.457818346	0.119439291836782	0.13
1.484117024	0.116587557877677	0.15
1.485393153	0.118473338440526	0.15
1.485917469	0.111197212996545	0.15
1.488337206	0.116587557877677	0.16
1.494140559	0.114760869942967	0.16
1.502972103	0.114760869942967	0.17
1.511964569	0.114760869942967	0.18
1.512194724	0.114760869942967	0.18
1.512403577	0.114760869942967	0.18
1.512821455	0.114760869942967	0.18
1.516740221	0.114760869942967	0.19
1.519065464	0.114760869942967	0.19
1.523536021	0.114760869942967	0.19
1.558319819	0.156760426059595	0.23
1.558531046	0.156760426059595	0.23
1.55916507	0.1554298212248	0.23
1.56916589	0.176710244627784	0.22
1.595407686	0.159310183734562	0.19
1.611568792	0.166574761323757	0.17
1.652341299	0.166500515346367	0.14
1.718627381	0.203509646773517	0.07
1.730827961	0.196239737120665	0.06
1.745720251	0.21133892177129	0.04
1.758275756	0.209325665611025	0.03
1.777374698	0.217617951337526	0.01
1.778615293	0.217617951337526	0.01
1.780627841	0.207350404847911	0.01
1.780657571	0.207350404847911	0.01
1.780657572	0.207350404847911	0.01
1.780839524	0.205412073928403	0.01
1.780928629	0.205412073928403	0.01
1.78092863	0.205412073928403	0.01
1.781081012	0.205412073928403	0.01
1.781170031	0.205412073928403	0.01
1.781170032	0.205412073928403	0.01
1.781381862	0.205412073928403	0.01
1.781411498	0.205412073928403	0.01
1.781411499	0.205412073928403	0.01
1.781623424	0.205412073928403	0.01
1.781653031	0.205412073928403	0.01
1.7818108	0.205412073928403	0.01
1.781835463	0.205412073928403	0.01
1.782136292	0.201642134967636	0.01
1.782136293	0.201642134967636	0.01
1.782378022	0.199808586046132	0.01
1.782531315	0.199808586046132	0.01
1.782619816	0.199808586046132	0.01
1.783044725	0.199808586046132	0.01
1.783103602	0.199808586046132	0.01
1.783345594	0.199808586046132	0.01
1.783587651	0.199808586046132	0.01
1.78377107	0.199808586046132	0.01
1.783829774	0.199808586046132	0.01
1.783925287	0.199808586046132	0.01
1.784013316	0.199808586046132	0.01
1.784506241	0.199808586046132	0.01
1.785009515	0.199808586046132	0.01
1.785322292	0.19800808187556	0.01
1.785497332	0.19800808187556	0.01
1.786357195	0.196239737120665	0.01
1.788872102	0.192121872409395	0.01
1.78918715	0.192121872409395	0.01
1.789358594	0.192121872409395	0.01
1.790095821	0.190374155181782	0.01
1.790737455	0.197073420194465	0.01
1.79204453	0.194502697792791	0.02
1.792147241	0.194502697792791	0.02
1.795172249	0.171872605139228	0.02
1.795643534	0.16729277924002	0.02
1.799436111	0.151297923961549	0.02
1.812688451	0.0730086643294533	0.03
1.813716026	0.14099372485909	0.04
1.813793197	0.14099372485909	0.04
1.814345569	0.14099372485909	0.04
1.814621757	0.14099372485909	0.04
1.814846808	0.14099372485909	0.04
1.814872379	0.14099372485909	0.04
1.815039963	0.14099372485909	0.04
1.815123071	0.14099372485909	0.04
1.815169565	0.14099372485909	0.04
1.815288509	0.14099372485909	0.04
1.815373832	0.14099372485909	0.04
1.815850116	0.14099372485909	0.04
1.815875562	0.14099372485909	0.04
1.816377569	0.14099372485909	0.04
1.816879855	0.14099372485909	0.04
1.817399416	0.135917465897892	0.04
1.819217405	0.137470219038154	0.04
1.819410514	0.137470219038154	0.04
1.81989941	0.137470219038154	0.04
1.820606159	0.137470219038154	0.04
1.823267442	0.0708888780160254	0.04
1.823345161	0.0708888780160254	0.04
1.824985083	0.137896880782884	0.05
1.828939845	0.13365301037061	0.05
1.829051906	0.13365301037061	0.05
1.835137623	0.137143810041368	0.06
1.837659261	0.13218483176707	0.06
1.846490238	0.137143810041368	0.07
1.860668056	0.129311572160158	0.08
1.860714054	0.129311572160158	0.08
1.876458705	0.12676004227699	0.1
1.919145255	0.127506625520479	0.14
1.934242286	0.0854429826940563	0.15
1.937910579	0.0626077899819991	0.14
1.938309591	0.0626077899819991	0.14
1.938319698	0.0626077899819991	0.14
1.939501786	0.0626077899819991	0.14
1.945075766	0.0619896135896484	0.14
1.947078383	0.0619896135896484	0.14
1.95745413	0.0619896135896484	0.15
1.959079535	0.0619896135896484	0.15
2.03833515	0.104957322636938	0.23
2.045755957	0.101058542115164	0.24
2.049316864	0.0995789447308499	0.24
2.057190684	0.0995789447308499	0.25
2.057670659	0.0995789447308499	0.25
2.058434493	0.0995789447308499	0.25
2.067556414	0.0995789447308499	0.26
2.077371996	0.0995789447308499	0.27
2.077653506	0.0995789447308499	0.27
2.07768814	0.0995789447308499	0.27
2.079378601	0.0995789447308499	0.27
2.080200147	0.0995789447308499	0.27
2.116340052	0.0967460289114815	0.31
2.119081815	0.0967460289114815	0.31
2.122322709	0.0967460289114815	0.31
2.130868897	0.0967460289114815	0.32
2.175983465	0.0967460289114815	0.37
2.201956234	0.0953891683584329	0.39
2.21647999	0.0953891683584329	0.41
2.22607531	0.101133677036715	0.41
2.226678687	0.103127172572365	0.41
2.226980498	0.0927865115105966	0.42
2.230993963	0.0927865115105966	0.42
2.244892022	0.129311572160158	0.43
2.268175967	0.168414700336438	0.41
2.273953022	0.170493585369877	0.4
2.279085054	0.173057012186038	0.4
2.283420782	0.171765735183703	0.39
2.287430653	0.174257856456607	0.39
2.36737444	0.171637666538153	0.31
2.396315913	0.179299996385013	0.28
2.416816988	0.187767052463909	0.26
2.57811595	0.16723414468009	0.15
2.634889835	0.171563608783433	0.09
2.64482266	0.171563608783433	0.08
2.65353762	0.174576643036513	0.07
2.664122924	0.174576643036513	0.06
2.669724846	0.168652814430202	0.06
2.670697515	0.168652814430202	0.06
2.67074212	0.168652814430202	0.06
2.670831293	0.168652814430202	0.06
2.671148642	0.168652814430202	0.06
2.671193019	0.168652814430202	0.06
2.671193179	0.168652814430202	0.06
2.671237545	0.168652814430202	0.06
2.671237705	0.168652814430202	0.06
2.671599486	0.168652814430202	0.06
2.671599646	0.168652814430202	0.06
2.671872794	0.173057012186038	0.05
2.671961685	0.173057012186038	0.05
2.672323822	0.166922119894578	0.05
2.672686057	0.174576643036513	0.05
2.67300408	0.174576643036513	0.05
2.673366554	0.174576643036513	0.05
2.674201502	0.174576643036513	0.05
2.674640938	0.174576643036513	0.05
2.67498819	0.174576643036513	0.05
2.675753192	0.173057012186038	0.05
2.675906626	0.173057012186038	0.05
2.67595059	0.173057012186038	0.05
2.677404052	0.173057012186038	0.05
2.678640892	0.168652814430202	0.05
2.679587204	0.168652814430202	0.05
2.681604422	0.168652814430202	0.05
2.684222358	0.1776974001548	0.04
2.690995907	0.174576643036513	0.04
2.692790444	0.182593501603162	0.03
2.697875326	0.173057012186038	0.03
2.700424629	0.171481397307769	0.03
2.703341222	0.174576643036513	0.04
2.714352711	0.165455763124419	0.05
2.716197088	0.165455763124419	0.05
2.721223607	0.161379959892913	0.05
2.721339166	0.173057012186038	0.06
2.721714851	0.173057012186038	0.06
2.721753239	0.173057012186038	0.06
2.72212898	0.173057012186038	0.06
2.722504826	0.173057012186038	0.06
2.725138453	0.164014944944786	0.06
2.728042156	0.164014944944786	0.06
2.728457177	0.164014944944786	0.06
2.734951629	0.164014944944786	0.07
2.744776734	0.164014944944786	0.08
2.784781798	0.15087636319556	0.12
2.857457722	0.149677357701983	0.19
2.870516676	0.152094733319095	0.2
2.874914635	0.149677357701983	0.21
2.884109016	0.156689826507073	0.22
2.885327778	0.149677357701983	0.22
2.901070252	0.146058644377019	0.23
3.017087015	0.143957258791984	0.35
3.116410384	0.149558504447142	0.45
3.153761559	0.147191694937519	0.48
3.190582361	0.14411461628072	0.51
3.479484296	0.142710662600027	0.79
3.561648443	0.133881783704492	0.870000000000001
3.563861522	0.138658267566158	0.880000000000001
3.566965252	0.1484972588096	0.880000000000001
3.567214517	0.1484972588096	0.880000000000001
3.571210711	0.139983250150736	0.880000000000001
3.571812505	0.139983250150736	0.880000000000001
3.572123566	0.16056059276869	0.880000000000001
3.575584373	0.132392593613181	0.880000000000001
3.579984214	0.133600014047357	0.880000000000001
3.62939674	0.127773540686519	0.910000000000001
3.629519691	0.127773540686519	0.910000000000001
3.6300627	0.127773540686519	0.910000000000001
3.630972932	0.127773540686519	0.910000000000001
3.631023885	0.127773540686519	0.910000000000001
3.633483005	0.124515372609091	0.920000000000001
3.707141358	0.126668702745503	0.990000000000001
3.778072999	0.125582807731749	1.06
3.82876748	0.122434030634527	1.11
4.078052931	0.174757179529355	1.35
4.442577106	0.176491084293526	1.66
4.445571488	0.176491084293526	1.67
4.452121847	0.176491084293526	1.67
4.45272527	0.176491084293526	1.67
4.453932605	0.176491084293526	1.67
4.459832487	0.176491084293526	1.68
4.464002998	0.176491084293526	1.68
4.475601202	0.176491084293526	1.7
4.480518943	0.176491084293526	1.7
4.536342962	0.176491084293526	1.7
4.536969429	0.176491084293526	1.7
4.537444354	0.176491084293526	1.7
4.537596069	0.176491084293526	1.7
4.550359745	0.173057012186038	1.7
4.773228095	0.176491084293526	1.89
4.895921957	0.176491084293526	2.02
5.342582978	0.195930949842721	2.16
5.346842194	0.195930949842721	2.16
5.443653327	0.200344394415936	2.05
6.234722781	0.124251343141002	2.60999999999999
6.244676548	0.124251343141002	2.61999999999999
6.35095118	0.124251343141002	2.72999999999999
6.358499262	0.124251343141002	2.72999999999999
7	0.166185706934806	3.29999999999997
