thrs	post_p	finalwindow
0	0.0612789588907487	0.23
0.082355146	0.079293740688459	0.22
0.093809574	0.105270805497503	0.21
0.098963073	0.0729322403537844	0.2
0.103967892	0.105270805497503	0.2
0.113424721	0.105270805497503	0.19
0.127200542	0.098268064309663	0.18
0.127695348	0.034446919189743	0.17
0.128068503	0.0543337069481218	0.17
0.129609166	0.0816682394001214	0.17
0.129730945	0.0816682394001214	0.17
0.130460633	0.0816682394001214	0.17
0.14705261	0.098268064309663	0.16
0.148427326	0.0975470699798771	0.16
0.148782099	0.0954461991963639	0.16
0.151339737	0.079293740688459	0.15
0.155752372	0.101261869611175	0.15
0.172569069	0.0920229221491134	0.13
0.178140913	0.0975470699798771	0.13
0.178189211	0.0975470699798771	0.13
0.181486035	0.079293740688459	0.12
0.181824923	0.079293740688459	0.12
0.186084933	0.100496445984271	0.12
0.194681585	0.106964689218291	0.11
0.206482242	0.105270805497503	0.1
0.222049977	0.091276284544449	0.09
0.222622275	0.0866665607485545	0.08
0.22265244	0.0866665607485545	0.08
0.222656148	0.0866665607485545	0.08
0.222697977	0.0858581369597179	0.08
0.222812147	0.102973039979714	0.08
0.226694446	0.0943379684442042	0.08
0.226728961	0.0943379684442042	0.08
0.226867021	0.0943379684442042	0.08
0.226957829	0.0943379684442042	0.08
0.226982815	0.0943379684442042	0.08
0.227432153	0.0943379684442042	0.08
0.230426372	0.0943379684442042	0.08
0.241897099	0.0872415757371068	0.07
0.242875367	0.0879921889307128	0.07
0.242941212	0.0879921889307128	0.07
0.243116147	0.0879921889307128	0.07
0.256228734	0.100042721027376	0.05
0.259750174	0.094496453351458	0.05
0.263775407	0.094496453351458	0.05
0.272151172	0.0895328427406508	0.05
0.295749179	0.0990735690747389	0.04
0.296044019	0.0990735690747389	0.04
0.296839561	0.100042721027376	0.04
0.296839653	0.100042721027376	0.04
0.296874128	0.100042721027376	0.04
0.296879772	0.100042721027376	0.04
0.29691506	0.100042721027376	0.04
0.296919994	0.100042721027376	0.04
0.296960227	0.100042721027376	0.04
0.297156652	0.100042721027376	0.04
0.297161557	0.100042721027376	0.04
0.297207868	0.100042721027376	0.04
0.297345093	0.100042721027376	0.04
0.29736316	0.100042721027376	0.04
0.298033592	0.100042721027376	0.04
0.298062423	0.100042721027376	0.04
0.298432807	0.0990735690747389	0.04
0.29855614	0.0990735690747389	0.04
0.299120783	0.0990735690747389	0.04
0.29926506	0.0990735690747389	0.04
0.301159527	0.0962755940009178	0.04
0.302406093	0.0962755940009178	0.04
0.302452098	0.0962755940009178	0.04
0.302453753	0.0962755940009178	0.04
0.302493847	0.0962755940009178	0.04
0.302694303	0.0962755940009178	0.04
0.302757814	0.0962755940009178	0.04
0.303062807	0.0962755940009178	0.04
0.305094409	0.0981230140549097	0.04
0.306047128	0.0971905257735578	0.04
0.306464617	0.0971905257735578	0.04
0.307314933	0.0971905257735578	0.04
0.308759935	0.0971905257735578	0.04
0.319078068	0.0981230140549097	0.03
0.320217262	0.0981230140549097	0.03
0.320290117	0.0981230140549097	0.03
0.322066605	0.0962755940009178	0.03
0.322435043	0.0962755940009178	0.03
0.322591403	0.0962755940009178	0.03
0.323097253	0.0962755940009178	0.03
0.323165924	0.0962755940009178	0.03
0.323808824	0.0962755940009178	0.03
0.327195424	0.0803844208484252	0.04
0.328591896	0.0797575296787905	0.04
0.330254195	0.0797575296787905	0.04
0.333944256	0.0791403406736752	0.04
0.338071632	0.0761923385347513	0.05
0.340262381	0.073987492959005	0.05
0.343625259	0.073987492959005	0.05
0.345554528	0.073987492959005	0.05
0.351815198	0.0510773816769381	0.05
0.356200611	0.0724158220926278	0.06
0.356206548	0.0724158220926278	0.06
0.356437896	0.0719066657154998	0.06
0.357959666	0.0843629588624365	0.06
0.362945858	0.0694646330304952	0.07
0.363236679	0.0694646330304952	0.07
0.366130409	0.0714046191167168	0.07
0.367161303	0.0810212447709346	0.07
0.367663989	0.0836727438748202	0.07
0.37384574	0.0703060032894915	0.08
0.382008897	0.0446371110787005	0.07
0.386909127	0.0519421015899546	0.06
0.387745392	0.0519421015899546	0.06
0.389222512	0.0499682357334259	0.06
0.389299853	0.0499682357334259	0.06
0.389825341	0.0499682357334259	0.06
0.398731854	0.0550486054717366	0.05
0.403209246	0.0519421015899546	0.05
0.412388288	0.0600790134846398	0.04
0.415772448	0.0255531805903404	0.03
0.416416237	0.0609745011926599	0.03
0.419019267	0.0661212534331942	0.03
0.438307149	0.074708124812694	0.01
0.438815006	0.0729322403537844	0.01
0.440249622	0.0706916936840653	0.01
0.441750067	0.0685847072980063	0.01
0.444236336	0.0668635765393779	0.01
0.444499874	0.0656922423218746	0.01
0.444770984	0.0653108645257056	0.01
0.445049535	0.0653108645257056	0.01
0.445117302	0.0653108645257056	0.01
0.445156208	0.0653108645257056	0.01
0.445185068	0.0653108645257056	0.01
0.445245414	0.0653108645257056	0.01
0.44525283	0.0653108645257056	0.01
0.445252832	0.0653108645257056	0.01
0.445252833	0.0653108645257056	0.01
0.445252835	0.0653108645257056	0.01
0.445305777	0.0653108645257056	0.01
0.44531318	0.0653108645257056	0.01
0.445313187	0.0653108645257056	0.01
0.445313188	0.0653108645257056	0.01
0.44531319	0.0653108645257056	0.01
0.445373562	0.0653108645257056	0.01
0.445419149	0.0653108645257056	0.01
0.445433949	0.0653108645257056	0.01
0.445494353	0.0653108645257056	0.01
0.445554774	0.0641928454838009	0.01
0.445615211	0.0641928454838009	0.01
0.445736134	0.0749890428372501	0.01
0.445849774	0.0749890428372501	0.01
0.445857123	0.0749890428372501	0.01
0.445970843	0.0749890428372501	0.01
0.445978177	0.0749890428372501	0.01
0.446038729	0.0749890428372501	0.01
0.446188208	0.0741525559258714	0.01
0.446319857	0.0741525559258714	0.01
0.446351359	0.0741525559258714	0.01
0.446394864	0.0741525559258714	0.01
0.446395102	0.0741525559258714	0.01
0.44656991	0.0741525559258714	0.01
0.446633323	0.0741525559258714	0.01
0.447158639	0.0737412717812842	0.01
0.447876705	0.0733345248130932	0.01
0.448701687	0.0823256503516866	0.01
0.448791313	0.0823256503516866	0.01
0.449051315	0.0832188409451702	0.01
0.451750007	0.0836727438748202	0.01
0.453102774	0.0785326303273788	0.01
0.453607731	0.0781042344732102	0.01
0.453670383	0.0781042344732102	0.01
0.45367678	0.0781042344732102	0.01
0.453739439	0.0781042344732102	0.01
0.453782962	0.0781042344732102	0.01
0.453789353	0.0781042344732102	0.01
0.453802119	0.0781042344732102	0.01
0.453864805	0.0781042344732102	0.01
0.453864814	0.0781042344732102	0.01
0.453952078	0.0781042344732102	0.01
0.453990257	0.0781042344732102	0.01
0.454131662	0.0781042344732102	0.01
0.454159539	0.0781042344732102	0.01
0.454172215	0.0781042344732102	0.01
0.454228692	0.0781042344732102	0.01
0.454278877	0.0785326303273788	0.01
0.454423548	0.0785326303273788	0.01
0.454618511	0.0794036767217975	0.01
0.455550168	0.0777367208640282	0.02
0.455678249	0.0777367208640282	0.02
0.456133439	0.0777367208640282	0.02
0.456880284	0.0777367208640282	0.02
0.45760535	0.0765726525297281	0.02
0.457901934	0.0765726525297281	0.02
0.458022431	0.0765726525297281	0.02
0.458619789	0.0754429325232632	0.02
0.458664131	0.0754429325232632	0.02
0.46331093	0.0704212677787426	0.02
0.46499053	0.0693972955561604	0.02
0.472596627	0.0649874763018835	0.03
0.473676694	0.0649874763018835	0.03
0.477096915	0.0572751531486851	0.03
0.478409458	0.0589251594430913	0.03
0.478419311	0.0589251594430913	0.03
0.478888149	0.0606730538663582	0.03
0.479936634	0.0638286303075522	0.04
0.483511101	0.0598279707823231	0.04
0.483671852	0.0598279707823231	0.04
0.484225862	0.0598279707823231	0.04
0.484458594	0.0600790134846398	0.04
0.485999254	0.0825673407207396	0.04
0.48628356	0.0690995906214001	0.04
0.486776039	0.0490365108746318	0.04
0.489107131	0.0532955095024616	0.04
0.489424331	0.0523855348045428	0.04
0.490830832	0.0523855348045428	0.04
0.499369323	0.0554274572112442	0.05
0.50407637	0.0591523709043869	0.06
0.508934563	0.0507155386564005	0.06
0.511690912	0.0521945682875009	0.06
0.514645345	0.0589251594430913	0.07
0.51473946	0.0589251594430913	0.07
0.514742139	0.0589251594430913	0.07
0.516063638	0.0770534176178659	0.07
0.51682809	0.047360425519931	0.07
0.518492841	0.0483194042002743	0.07
0.518564452	0.0483194042002743	0.07
0.520735072	0.0507155386564005	0.07
0.529143364	0.0562992394366832	0.07
0.534226929	0.0468643715755311	0.06
0.534308248	0.0464387711207671	0.06
0.534380672	0.0460208313069094	0.06
0.534453117	0.0460208313069094	0.06
0.539174229	0.066806852328964	0.06
0.544416783	0.0674361619715347	0.06
0.546060858	0.0959471478675318	0.06
0.556645891	0.102039042307019	0.05
0.556807604	0.102039042307019	0.05
0.55802857	0.102039042307019	0.05
0.559788571	0.102039042307019	0.05
0.566766402	0.110022554065961	0.05
0.568776608	0.100220971210274	0.06
0.574371638	0.101121835636596	0.06
0.583655412	0.111109198912864	0.06
0.586308239	0.110022554065961	0.06
0.59079165	0.105880520010018	0.06
0.591819223	0.105880520010018	0.06
0.593573546	0.105880520010018	0.06
0.593673806	0.105880520010018	0.06
0.593673808	0.105880520010018	0.06
0.593754278	0.105880520010018	0.06
0.59375428	0.105880520010018	0.06
0.593824895	0.105880520010018	0.06
0.593915284	0.105880520010018	0.06
0.594152812	0.105880520010018	0.06
0.594237558	0.107911805213434	0.06
0.594318181	0.100042721027376	0.06
0.595015574	0.102973039979714	0.07
0.595196772	0.102973039979714	0.07
0.595887104	0.102973039979714	0.07
0.596219211	0.102973039979714	0.07
0.597117526	0.102973039979714	0.07
0.602148457	0.100220971210274	0.07
0.604317115	0.094496453351458	0.07
0.604813246	0.0981230140549097	0.07
0.604905308	0.0981230140549097	0.07
0.60490531	0.0981230140549097	0.07
0.604988853	0.0981230140549097	0.07
0.605716504	0.0981230140549097	0.07
0.605724938	0.0981230140549097	0.07
0.606051871	0.0981230140549097	0.07
0.60631275	0.0981230140549097	0.07
0.606404306	0.0981230140549097	0.07
0.608756287	0.102039042307019	0.06
0.61827716	0.0895328427406508	0.07
0.630942519	0.0971905257735578	0.05
0.635412418	0.0981230140549097	0.05
0.63624959	0.0981230140549097	0.05
0.637031954	0.100042721027376	0.05
0.637881775	0.100042721027376	0.05
0.638075882	0.100042721027376	0.05
0.644129804	0.0936313157141465	0.06
0.646569798	0.0953777275408408	0.06
0.64801212	0.0953777275408408	0.06
0.648110758	0.0953777275408408	0.06
0.65703705	0.0995557864908743	0.07
0.667472678	0.0956751497793675	0.08
0.667879263	0.0956751497793675	0.08
0.667969788	0.0956751497793675	0.08
0.678915807	0.0894023973135126	0.09
0.680410924	0.0894023973135126	0.09
0.680589305	0.0894023973135126	0.09
0.68060848	0.0894023973135126	0.09
0.680702493	0.0894023973135126	0.09
0.680786967	0.0894023973135126	0.09
0.689921535	0.090262258318214	0.1
0.696262833	0.0661891794419124	0.1
0.697379755	0.066806852328964	0.1
0.712401774	0.0644028407421202	0.11
0.713541741	0.0644028407421202	0.11
0.71365913	0.0644028407421202	0.11
0.714295462	0.0644028407421202	0.11
0.715653707	0.0600790134846398	0.12
0.715679053	0.0600790134846398	0.12
0.725609694	0.0303569745029436	0.12
0.725869057	0.0595790173350932	0.13
0.725979546	0.0600790134846398	0.13
0.726772429	0.0595790173350932	0.13
0.72717465	0.0600790134846398	0.13
0.735438378	0.0283906331177926	0.13
0.744518666	0.0292012681362503	0.13
0.75180067	0.0306603375897114	0.12
0.756122282	0.0297679082855413	0.12
0.763491091	0.0289259614043942	0.12
0.766651587	0.0286557973186524	0.12
0.7676628	0.0286557973186524	0.12
0.772093843	0.0878946106331494	0.12
0.772264397	0.099287309963153	0.12
0.778829055	0.0303569745029436	0.11
0.779184816	0.0292012681362503	0.11
0.779976345	0.027874759266312	0.11
0.786383987	0.10355098938999	0.11
0.793117932	0.108418465768928	0.1
0.794958533	0.110656044608709	0.1
0.8034392	0.114901188478651	0.09
0.812482547	0.105763411494245	0.08
0.828284953	0.110890156157887	0.07
0.849686346	0.10871397605418	0.05
0.856064956	0.116403726790759	0.04
0.861362559	0.092432473716677	0.03
0.861783488	0.101316989127752	0.03
0.866065884	0.117105243787258	0.03
0.867661243	0.117696332952156	0.03
0.874413626	0.123037197163061	0.02
0.875213305	0.120369623951584	0.02
0.87832845	0.117696332952156	0.02
0.880342154	0.109912303886767	0.02
0.882218863	0.112543447445581	0.01
0.88244613	0.118940702333541	0.01
0.882485476	0.118940702333541	0.01
0.883236842	0.124539739595803	0.01
0.883671839	0.127476600055811	0.01
0.884296127	0.126234391851657	0.01
0.885048106	0.125016159649819	0.01
0.887670141	0.122391392717808	0.01
0.888469193	0.121644843336385	0.01
0.888863234	0.119458857840687	0.01
0.889014569	0.117005800199102	0.01
0.889209764	0.117005800199102	0.01
0.889576687	0.115985061298206	0.01
0.889752182	0.115985061298206	0.01
0.890068113	0.114651461239265	0.01
0.890083013	0.114651461239265	0.01
0.890218543	0.114651461239265	0.01
0.890218544	0.114651461239265	0.01
0.890228158	0.114651461239265	0.01
0.890339212	0.113348180126972	0.01
0.890354074	0.113671214708345	0.01
0.890354075	0.113671214708345	0.01
0.890459913	0.113671214708345	0.01
0.890474761	0.113671214708345	0.01
0.890489605	0.113671214708345	0.01
0.890489606	0.113671214708345	0.01
0.890580647	0.113671214708345	0.01
0.890595481	0.113671214708345	0.01
0.89061031	0.113671214708345	0.01
0.890610311	0.113671214708345	0.01
0.89068659	0.113671214708345	0.01
0.890716233	0.113348180126972	0.01
0.890731048	0.113348180126972	0.01
0.890731049	0.113348180126972	0.01
0.890822213	0.113348180126972	0.01
0.890837018	0.113348180126972	0.01
0.890851819	0.113348180126972	0.01
0.890928251	0.113348180126972	0.01
0.890957836	0.113348180126972	0.01
0.890972623	0.113348180126972	0.01
0.891093459	0.113026976363231	0.01
0.89119957	0.113026976363231	0.01
0.891214328	0.113026976363231	0.01
0.891244043	0.113026976363231	0.01
0.891246709	0.113026976363231	0.01
0.891320486	0.113026976363231	0.01
0.89133523	0.113026976363231	0.01
0.891382479	0.113026976363231	0.01
0.891441435	0.113026976363231	0.01
0.891456164	0.113026976363231	0.01
0.89149835	0.113026976363231	0.01
0.891562417	0.113026976363231	0.01
0.891686849	0.113026976363231	0.01
0.891698132	0.113026976363231	0.01
0.89216782	0.113026976363231	0.01
0.892182462	0.113026976363231	0.01
0.892215798	0.113026976363231	0.01
0.892245091	0.113671214708345	0.01
0.892546055	0.114651461239265	0.01
0.892568748	0.114651461239265	0.01
0.89273031	0.114651461239265	0.01
0.892793389	0.114651461239265	0.01
0.892924751	0.113671214708345	0.01
0.892951888	0.113671214708345	0.01
0.893016766	0.113671214708345	0.01
0.89308003	0.113671214708345	0.01
0.893172464	0.113671214708345	0.01
0.893352088	0.113996095805203	0.01
0.894085351	0.114322839295379	0.01
0.894482721	0.114322839295379	0.01
0.894906463	0.113348180126972	0.01
0.894913415	0.113348180126972	0.01
0.895081202	0.113671214708345	0.01
0.89539422	0.113671214708345	0.01
0.895524497	0.118807941461443	0.01
0.895638516	0.118138470835667	0.01
0.895840307	0.118138470835667	0.01
0.89592425	0.118138470835667	0.01
0.896329745	0.116821911733795	0.01
0.896396617	0.116821911733795	0.01
0.896928207	0.115216910927348	0.01
0.89693811	0.115216910927348	0.01
0.897131294	0.116420331887027	0.01
0.897282137	0.115128627931772	0.01
0.89799116	0.112857663203121	0.01
0.898155973	0.111173788035418	0.01
0.898485328	0.110937327592613	0.01
0.898662437	0.109769954753816	0.01
0.898755243	0.108401132833432	0.01
0.89889623	0.107286257476456	0.01
0.898920463	0.107286257476456	0.01
0.899310528	0.106846702087989	0.01
0.899325427	0.106846702087989	0.01
0.899413875	0.107832238739325	0.01
0.899974537	0.107396711993389	0.01
0.900031532	0.107396711993389	0.01
0.900274359	0.109610252070248	0.01
0.900307304	0.109610252070248	0.01
0.900690942	0.107226105265902	0.01
0.901007608	0.106650075070456	0.01
0.902919093	0.0791725860697991	0.01
0.904220945	0.0643642388196859	0.01
0.904508173	0.0651847207363243	0.01
0.904513058	0.0651847207363243	0.01
0.905424433	0.0649089123588994	0.01
0.905541598	0.0651847207363243	0.01
0.906154318	0.0660263909052267	0.01
0.906197141	0.0660263909052267	0.01
0.906210372	0.0654628830239399	0.01
0.906508268	0.0660263909052267	0.01
0.906786831	0.0651847207363243	0.01
0.906922556	0.0649089123588994	0.01
0.906983581	0.0654628830239399	0.01
0.907060652	0.0654628830239399	0.01
0.90712089	0.0654628830239399	0.01
0.907185931	0.0660263909052267	0.01
0.907198748	0.0660263909052267	0.01
0.907199842	0.0660263909052267	0.01
0.907311244	0.061630654893948	0.01
0.907324045	0.061630654893948	0.01
0.907336843	0.061630654893948	0.01
0.907336844	0.061630654893948	0.01
0.907449378	0.061630654893948	0.01
0.90746216	0.061630654893948	0.01
0.907536422	0.061630654893948	0.01
0.9075492	0.061630654893948	0.01
0.907574745	0.061630654893948	0.01
0.907587512	0.061630654893948	0.01
0.907712898	0.061630654893948	0.01
0.907963773	0.061630654893948	0.01
0.907963774	0.061630654893948	0.01
0.908089263	0.0621658339109664	0.01
0.908089264	0.0621658339109664	0.01
0.90817671	0.0624369240991409	0.01
0.908566283	0.0632645686137226	0.01
0.908577365	0.0632645686137226	0.01
0.908578929	0.0632645686137226	0.01
0.908691978	0.063545347758748	0.01
0.908729307	0.063545347758748	0.01
0.908816452	0.0638286303075522	0.01
0.908855181	0.0632645686137226	0.01
0.908943472	0.065283792630544	0.01
0.908956071	0.065283792630544	0.01
0.909207673	0.0649874763018835	0.01
0.909308419	0.0649874763018835	0.01
0.909346075	0.0655828234990788	0.01
0.909409249	0.0655828234990788	0.01
0.909434338	0.0658846063807906	0.01
0.909446878	0.0658846063807906	0.01
0.909620416	0.0658846063807906	0.01
0.909925885	0.0649874763018835	0.01
0.910051995	0.0658846063807906	0.01
0.910267	0.0658846063807906	0.01
0.910628128	0.0671200320990957	0.01
0.911062134	0.0677552838277626	0.01
0.91113001	0.0677552838277626	0.01
0.911518912	0.0677552838277626	0.01
0.911632099	0.0677552838277626	0.01
0.912015459	0.066806852328964	0.01
0.912776305	0.065283792630544	0.01
0.912967277	0.0749362098988015	0.01
0.913139907	0.0749362098988015	0.01
0.913244462	0.0749362098988015	0.01
0.913751419	0.0749362098988015	0.01
0.914018042	0.0749362098988015	0.01
0.914696902	0.0756288985676147	0.01
0.914870556	0.0756288985676147	0.01
0.914983658	0.0756288985676147	0.01
0.915269563	0.0756288985676147	0.01
0.915559183	0.0671200320990957	0.01
0.916024822	0.0671200320990957	0.01
0.916208994	0.0677552838277626	0.01
0.916688985	0.0687310321767551	0.01
0.916912552	0.0690625570023987	0.01
0.917248255	0.0658846063807906	0.01
0.918483627	0.0740438791087785	0.02
0.918816837	0.075189929737082	0.02
0.918837351	0.075189929737082	0.02
0.919120121	0.0772832618360838	0.02
0.919655338	0.0782165164341178	0.02
0.919822583	0.0782165164341178	0.02
0.920002472	0.0788513097527873	0.02
0.921783065	0.0814969779282121	0.02
0.922071236	0.0814969779282121	0.02
0.922455062	0.0814969779282121	0.02
0.922504312	0.0814969779282121	0.02
0.922763582	0.0814969779282121	0.02
0.922787758	0.0814969779282121	0.02
0.924412009	0.0814969779282121	0.02
0.924507726	0.0814969779282121	0.02
0.925553967	0.0751386211324876	0.02
0.927872541	0.0803844208484252	0.02
0.93064775	0.0737628045394067	0.03
0.93220206	0.0740438791087785	0.03
0.933174706	0.07490010391964	0.03
0.934700606	0.0754820072283306	0.03
0.938446291	0.0428272144780895	0.03
0.938770844	0.0458440082789814	0.03
0.942896738	0.0415351347090292	0.03
0.944027825	0.0436630766521616	0.03
0.950306111	0.0486477525844151	0.04
0.951999424	0.0447456092882339	0.04
0.954119877	0.0482651099112003	0.04
0.954191796	0.0482651099112003	0.04
0.955985355	0.0510773816769381	0.04
0.956018846	0.0510773816769381	0.04
0.956549025	0.0528366044502079	0.04
0.957077957	0.0547213333183844	0.04
0.959031973	0.0567454958331523	0.04
0.959642592	0.0572751531486851	0.04
0.959665139	0.0583646946905398	0.04
0.959857154	0.0589251594430913	0.04
0.960039043	0.0594964926299838	0.04
0.960911853	0.0594964926299838	0.04
0.964446178	0.0482651099112003	0.05
0.964458654	0.0482651099112003	0.05
0.966653906	0.0528366044502079	0.05
0.966980911	0.0547213333183844	0.05
0.966980912	0.0547213333183844	0.05
0.966986309	0.0547213333183844	0.05
0.967139043	0.0547213333183844	0.05
0.967144414	0.0547213333183844	0.05
0.967297223	0.0552137139400427	0.05
0.967297226	0.0552137139400427	0.05
0.967302571	0.0552137139400427	0.05
0.967302572	0.0552137139400427	0.05
0.96746078	0.0552137139400427	0.05
0.967608447	0.0552137139400427	0.05
0.96761904	0.0552137139400427	0.05
0.967619041	0.0552137139400427	0.05
0.967772081	0.0552137139400427	0.05
0.967935716	0.0552137139400427	0.05
0.968083686	0.0552137139400427	0.05
0.968088909	0.0552137139400427	0.05
0.968237002	0.0552137139400427	0.05
0.969035555	0.0567454958331523	0.05
0.969666194	0.0583646946905398	0.05
0.973457204	0.0446990455374048	0.06
0.974203145	0.040070493025559	0.05
0.97801719	0.0489805939999983	0.06
0.978183481	0.0404668741124525	0.05
0.985118954	0.0180937452837174	0.05
0.9860103	0.0180937452837174	0.05
1.019804062	0.0477394126344141	0.06
1.022530753	0.0491150093294896	0.06
1.023898132	0.0491150093294896	0.06
1.027042278	0.0440391144307479	0.07
1.028094642	0.0444216855465457	0.07
1.029078227	0.045207120899092	0.07
1.029271857	0.045207120899092	0.07
1.029637844	0.045207120899092	0.07
1.030020301	0.0468643715755311	0.07
1.030392053	0.047297845243311	0.07
1.030397618	0.047297845243311	0.07
1.031531241	0.0477394126344141	0.07
1.031720423	0.0477394126344141	0.07
1.032104884	0.0477394126344141	0.07
1.033463082	0.0477394126344141	0.07
1.034014818	0.0477394126344141	0.07
1.034376329	0.0477394126344141	0.07
1.036124234	0.0486477525844151	0.07
1.043349328	0.0515061125115353	0.08
1.048661279	0.0460899647444125	0.09
1.056246636	0.0498329702914697	0.09
1.057424783	0.0572751531486851	0.09
1.068168044	0.0457463591454734	0.11
1.06860264	0.0457463591454734	0.11
1.068892568	0.0457463591454734	0.11
1.070020858	0.0478884396726189	0.11
1.076612069	0.0486477525844151	0.11
1.088407982	0.0707693401251642	0.12
1.088762574	0.0707693401251642	0.12
1.112743253	0.0638286303075522	0.14
1.113082372	0.0638286303075522	0.14
1.113233383	0.0638286303075522	0.14
1.11414031	0.071475910416671	0.13
1.115076799	0.071475910416671	0.13
1.116382888	0.0661891794419124	0.14
1.127882011	0.0612789588907487	0.13
1.134317617	0.0612789588907487	0.12
1.136767134	0.0612789588907487	0.12
1.137302108	0.0612789588907487	0.12
1.162829766	0.0562255448679957	0.14
1.183360064	0.0575437070219003	0.16
1.187305519	0.0644028407421202	0.15
1.187446683	0.0644028407421202	0.15
1.192009701	0.0638286303075522	0.15
1.192075895	0.0638286303075522	0.15
1.192725439	0.0638286303075522	0.15
1.203309389	0.0674361619715347	0.14
1.208769953	0.0408711756269684	0.14
1.209751115	0.0674361619715347	0.15
1.210085375	0.0674361619715347	0.15
1.210771389	0.066806852328964	0.15
1.224141399	0.0368241905395933	0.14
1.226416878	0.0361729584180074	0.14
1.226767373	0.0361729584180074	0.14
1.243346642	0.0385596935316441	0.13
1.246668032	0.0297679082855413	0.13
1.248955951	0.0294818657626757	0.13
1.265568721	0.0306603375897114	0.12
1.268447511	0.0404668741124525	0.12
1.270060331	0.0306603375897114	0.11
1.270604589	0.0306603375897114	0.11
1.275739262	0.0408711756269684	0.11
1.285172518	0.0408711756269684	0.11
1.289511656	0.0408711756269684	0.11
1.297280078	0.0408711756269684	0.12
1.303502827	0.0404668741124525	0.12
1.325958837	0.0385596935316441	0.13
1.33510162	0.0404668741124525	0.12
1.335485912	0.0404668741124525	0.12
1.335508208	0.0404668741124525	0.12
1.335711503	0.0404668741124525	0.12
1.335892556	0.0404668741124525	0.12
1.336413828	0.0404668741124525	0.12
1.336595099	0.040070493025559	0.12
1.336979907	0.040070493025559	0.12
1.337529375	0.040070493025559	0.12
1.360533959	0.0583646946905398	0.13
1.360981621	0.0583646946905398	0.13
1.36116959	0.0583646946905398	0.13
1.361338457	0.0583646946905398	0.13
1.36135761	0.0583646946905398	0.13
1.361952473	0.0583646946905398	0.13
1.362110213	0.0583646946905398	0.13
1.362279458	0.0583646946905398	0.13
1.364721715	0.0567454958331523	0.13
1.368578346	0.0612789588907487	0.12
1.369020462	0.0567454958331523	0.13
1.370127164	0.0567454958331523	0.13
1.373967278	0.0572751531486851	0.13
1.377139612	0.0600790134846398	0.12
1.379222918	0.0600790134846398	0.12
1.38563755	0.0612789588907487	0.12
1.418305639	0.0600790134846398	0.13
1.434752614	0.0612789588907487	0.13
1.440102642	0.0612789588907487	0.12
1.448119954	0.0612789588907487	0.13
1.450462129	0.0612789588907487	0.13
1.450674974	0.0612789588907487	0.13
1.450928234	0.0612789588907487	0.13
1.454003033	0.0612789588907487	0.13
1.454856842	0.0612789588907487	0.13
1.45657643	0.0606730538663582	0.14
1.484117024	0.0606730538663582	0.15
1.485393153	0.0600790134846398	0.16
1.488337206	0.0606730538663582	0.16
1.494140559	0.0606730538663582	0.16
1.506038743	0.0606730538663582	0.18
1.511734415	0.0606730538663582	0.18
1.511964569	0.0606730538663582	0.18
1.512194724	0.0606730538663582	0.18
1.512403577	0.0606730538663582	0.18
1.513239565	0.0606730538663582	0.18
1.515375804	0.0600790134846398	0.19
1.519065464	0.0600790134846398	0.19
1.558319819	0.137252609306709	0.23
1.558531046	0.137252609306709	0.23
1.595579044	0.159448953402297	0.19
1.611568792	0.160230979763353	0.18
1.707257935	0.213266893667928	0.08
1.730827961	0.191486364203358	0.06
1.745720251	0.199641981780468	0.04
1.75282717	0.189870439577744	0.04
1.758275756	0.211264379433124	0.03
1.768990518	0.20929912142808	0.02
1.77492366	0.196503493270436	0.02
1.77861633	0.221671536386319	0.01
1.780115455	0.207370089522492	0.01
1.780627841	0.207370089522492	0.01
1.780657571	0.207370089522492	0.01
1.780657572	0.207370089522492	0.01
1.780839524	0.203616769938125	0.01
1.780928629	0.203616769938125	0.01
1.78092863	0.203616769938125	0.01
1.781081012	0.203616769938125	0.01
1.781170031	0.203616769938125	0.01
1.781170032	0.203616769938125	0.01
1.781381862	0.203616769938125	0.01
1.781411498	0.203616769938125	0.01
1.781411499	0.203616769938125	0.01
1.781623424	0.203616769938125	0.01
1.781653031	0.203616769938125	0.01
1.7818108	0.203616769938125	0.01
1.781894629	0.203616769938125	0.01
1.782136292	0.201790603431794	0.01
1.782136293	0.201790603431794	0.01
1.782378022	0.199996902233509	0.01
1.782531315	0.199996902233509	0.01
1.782619816	0.199996902233509	0.01
1.783044725	0.199996902233509	0.01
1.783103602	0.199996902233509	0.01
1.783286774	0.199996902233509	0.01
1.783345594	0.199996902233509	0.01
1.783587651	0.199996902233509	0.01
1.78377107	0.199996902233509	0.01
1.783925287	0.199996902233509	0.01
1.784013316	0.199996902233509	0.01
1.784314217	0.199996902233509	0.01
1.784506241	0.199996902233509	0.01
1.784933025	0.203616769938125	0.01
1.785497332	0.210919948632762	0.01
1.785988286	0.210919948632762	0.01
1.786357195	0.210919948632762	0.01
1.787927091	0.207204026722541	0.01
1.788266632	0.207204026722541	0.01
1.788872102	0.209045475738063	0.01
1.78918715	0.209045475738063	0.01
1.789358594	0.209045475738063	0.01
1.790033715	0.20539473649999	0.01
1.790737455	0.203616769938125	0.01
1.79204453	0.218688280648467	0.02
1.792147241	0.218688280648467	0.02
1.795060195	0.162542515926218	0.02
1.796645824	0.144050801619861	0.02
1.796669094	0.144050801619861	0.02
1.799436111	0.141161821431072	0.02
1.808733518	0.047297845243311	0.02
1.809599251	0.0495913290309332	0.02
1.812688451	0.0612789588907487	0.02
1.813215031	0.0612789588907487	0.02
1.813240824	0.0612789588907487	0.02
1.813716026	0.0612789588907487	0.02
1.813793197	0.0612789588907487	0.02
1.814069382	0.0612789588907487	0.02
1.814069384	0.0612789588907487	0.02
1.814345569	0.0612789588907487	0.02
1.814621756	0.0612789588907487	0.02
1.814621757	0.0612789588907487	0.02
1.814846808	0.0612789588907487	0.02
1.814872379	0.0612789588907487	0.02
1.815123071	0.0706916936840653	0.03
1.815169565	0.0706916936840653	0.03
1.815288509	0.0706916936840653	0.03
1.815322808	0.0706916936840653	0.03
1.815373832	0.0706916936840653	0.03
1.815624663	0.0717944906511703	0.03
1.815875562	0.0717944906511703	0.03
1.816101116	0.0567454958331523	0.03
1.816628678	0.0612789588907487	0.02
1.816879855	0.0571988832640102	0.03
1.817382419	0.0571988832640102	0.03
1.818036082	0.0606730538663582	0.02
1.818363245	0.0606730538663582	0.02
1.819217405	0.0606730538663582	0.02
1.819410514	0.0606730538663582	0.02
1.81989941	0.0612789588907487	0.02
1.820606159	0.0612789588907487	0.02
1.822065256	0.0612789588907487	0.02
1.823267442	0.0600790134846398	0.02
1.823345161	0.0600790134846398	0.02
1.824759677	0.0578147911699867	0.02
1.824985083	0.0578147911699867	0.02
1.829051906	0.0583646946905398	0.02
1.829613575	0.0300595557419768	0.02
1.830016016	0.0300595557419768	0.02
1.836263396	0.0578147911699867	0.03
1.83758722	0.0578147911699867	0.03
1.839735229	0.0300595557419768	0.03
1.842215909	0.0300595557419768	0.03
1.844053766	0.0557150358620408	0.04
1.872927722	0.0286557973186524	0.06
1.876458705	0.0506557293321057	0.07
1.877534086	0.0502409816099825	0.07
1.917919203	0.0486477525844151	0.11
1.933588634	0.0335064467228745	0.12
1.93486401	0.0529669117749053	0.13
1.937910579	0.0529669117749053	0.13
1.939501786	0.0533617189112611	0.13
1.940502926	0.0312060720836575	0.13
1.945075766	0.0510773816769381	0.14
1.947078383	0.0510773816769381	0.14
1.956133657	0.0510773816769381	0.15
1.95745413	0.0510773816769381	0.15
1.959079535	0.0514444251249659	0.15
1.961031557	0.0300595557419768	0.15
2.039242563	0.0956751497793675	0.23
2.045755957	0.0922240929898591	0.24
2.049316864	0.0916729769646116	0.24
2.057190684	0.0911284085694155	0.25
2.058434493	0.0911284085694155	0.25
2.060706206	0.074708124812694	0.25
2.077653506	0.0911284085694155	0.27
2.077935092	0.0911284085694155	0.27
2.080200147	0.074708124812694	0.27
2.112854786	0.0738095020162823	0.3
2.114638141	0.0934886638668996	0.3
2.117539144	0.122391392717808	0.3
2.119081815	0.0879921889307128	0.31
2.122322709	0.0716547630339032	0.31
2.130868897	0.0716547630339032	0.32
2.175983465	0.112310881713815	0.36
2.22342495	0.0729322403537844	0.41
2.22607531	0.108344839048025	0.41
2.226678687	0.111292396667733	0.41
2.230993963	0.0785326303273788	0.42
2.268175967	0.192441752331424	0.41
2.273953022	0.20186932057325	0.4
2.279085054	0.198672414342553	0.4
2.283420782	0.207204026722541	0.39
2.287430653	0.198672414342553	0.39
2.36737444	0.254233617265098	0.32
2.396315913	0.259189902287414	0.31
2.416816988	0.261741225216732	0.3
2.57811595	0.21374929080945	0.15
2.634889835	0.237046542309724	0.1
2.63880046	0.21374929080945	0.09
2.644514931	0.237046542309724	0.09
2.64482266	0.237046542309724	0.09
2.65353762	0.229435725775039	0.08
2.664122924	0.241715341178816	0.07
2.670831293	0.234000599241436	0.06
2.671193019	0.234000599241436	0.06
2.671193179	0.234000599241436	0.06
2.671237545	0.234000599241436	0.06
2.671237705	0.234000599241436	0.06
2.671599486	0.234000599241436	0.06
2.671599646	0.234000599241436	0.06
2.671872794	0.234000599241436	0.06
2.671961685	0.234000599241436	0.06
2.672323822	0.234000599241436	0.06
2.672686057	0.234000599241436	0.06
2.67300408	0.234000599241436	0.06
2.673410821	0.234000599241436	0.06
2.674498542	0.241715341178816	0.06
2.675753192	0.23935817710528	0.06
2.675906626	0.23935817710528	0.06
2.67595059	0.23935817710528	0.06
2.677404052	0.23935817710528	0.06
2.679543675	0.23935817710528	0.06
2.679587204	0.23935817710528	0.06
2.68050645	0.23935817710528	0.06
2.690797174	0.234779130293885	0.06
2.700424629	0.237046542309724	0.06
2.703341222	0.237046542309724	0.06
2.714352711	0.234779130293885	0.07
2.720992773	0.221671536386319	0.07
2.721339166	0.221671536386319	0.07
2.721714851	0.221671536386319	0.07
2.721753239	0.221671536386319	0.07
2.72212898	0.221671536386319	0.07
2.722504826	0.221671536386319	0.07
2.725138453	0.223877232876225	0.07
2.725892101	0.219508878059613	0.07
2.727362573	0.219508878059613	0.07
2.728042156	0.219508878059613	0.07
2.730687704	0.219508878059613	0.07
2.733911556	0.219508878059613	0.07
2.734951629	0.203616769938125	0.07
2.741703646	0.219508878059613	0.08
2.742221604	0.219508878059613	0.08
2.758261585	0.203616769938125	0.09
2.767264537	0.201609786773094	0.1
2.784781798	0.186874134424477	0.12
2.795646082	0.186874134424477	0.13
2.857457722	0.186874134424477	0.19
2.870516676	0.186874134424477	0.2
2.874914635	0.186874134424477	0.21
2.885327778	0.185182263767008	0.22
2.893176138	0.198234808226109	0.23
2.901070252	0.186874134424477	0.23
3.091199805	0.172829251531258	0.42
3.116832706	0.172296223401965	0.45
3.153761559	0.143229228655549	0.48
3.190582361	0.129968928212538	0.47
3.479484296	0.144259204236274	0.76
3.561529658	0.141596136316094	0.850000000000001
3.561648443	0.141596136316094	0.850000000000001
3.562131134	0.141596136316094	0.850000000000001
3.563861522	0.141596136316094	0.850000000000001
3.566965252	0.144259204236274	0.850000000000001
3.567214517	0.144259204236274	0.850000000000001
3.568359469	0.144259204236274	0.850000000000001
3.571812505	0.141596136316094	0.860000000000001
3.579984214	0.144259204236274	0.860000000000001
3.62901857	0.146728312212109	0.910000000000001
3.6300627	0.146728312212109	0.910000000000001
3.631023885	0.14784469890026	0.910000000000001
3.631169027	0.14784469890026	0.910000000000001
3.633483005	0.145628659011533	0.910000000000001
3.639968026	0.161432356604239	0.910000000000001
3.778072999	0.159855303834582	1.05
3.82876748	0.142725315693391	1.09
3.963711323	0.149897599446536	1.23
4.442577106	0.201609786773094	1.66
4.445571488	0.201609786773094	1.67
4.452121847	0.201609786773094	1.67
4.45272527	0.201609786773094	1.67
4.475601202	0.201609786773094	1.7
4.480518943	0.201609786773094	1.7
4.492707945	0.201609786773094	1.71
4.536342962	0.199641981780468	1.71
4.536969429	0.199641981780468	1.71
4.537444354	0.199641981780468	1.71
4.550359745	0.199641981780468	1.7
4.848628454	0.203616769938125	1.97
4.895921957	0.203616769938125	2.02
5.341769851	0.226127265168076	2.08
5.342582978	0.226127265168076	2.08
5.343307119	0.226127265168076	2.08
5.346842194	0.226127265168076	2.07
6.232084175	0.240184849693073	2.66999999999999
6.244676548	0.254233617265098	2.67999999999999
6.35095118	0.213422506783519	2.72999999999999
6.358499262	0.213422506783519	2.72999999999999
7	0.236169297023626	3.36999999999997
