thrs	post_p	finalwindow
0	0.0777509368093865	0.23
0.03256001	0.0777509368093865	0.2
0.082355146	0.0675397170150733	0.17
0.089689176	0.0649795406409484	0.17
0.093809574	0.063377928220464	0.17
0.098963073	0.063377928220464	0.17
0.103967892	0.063377928220464	0.17
0.106977596	0.063377928220464	0.18
0.113424721	0.061853369507448	0.18
0.123778241	0.0959375207233082	0.18
0.127200542	0.0503477547303909	0.17
0.127695348	0.0847249590131344	0.17
0.129730945	0.0907911786988901	0.17
0.14705261	0.0513532754170244	0.15
0.148427326	0.0847249590131344	0.15
0.148447444	0.0932608960594642	0.15
0.178062567	0.0855075886300147	0.12
0.178140913	0.0855075886300147	0.12
0.178358463	0.0855075886300147	0.12
0.181430774	0.0876947574538831	0.12
0.181486006	0.0876947574538831	0.12
0.181486035	0.0876947574538831	0.12
0.181824923	0.0876947574538831	0.12
0.191788381	0.0876947574538831	0.11
0.205298456	0.0995073978999676	0.1
0.206482242	0.0980480337830732	0.1
0.222049977	0.0808051360309238	0.09
0.222622275	0.0810173032361297	0.08
0.22265244	0.0810173032361297	0.08
0.222656148	0.0810173032361297	0.08
0.222686318	0.0810173032361297	0.08
0.226694446	0.0820950739858808	0.08
0.226929675	0.0820950739858808	0.08
0.226957829	0.0820950739858808	0.08
0.227081991	0.0827556112311362	0.08
0.227432153	0.0820950739858808	0.08
0.241897099	0.0751015576387027	0.07
0.24235868	0.0751015576387027	0.07
0.242615688	0.0751015576387027	0.07
0.249436037	0.0887882421099513	0.06
0.256228734	0.0914188287949133	0.06
0.256650521	0.0914188287949133	0.06
0.259750174	0.0905248163636652	0.06
0.287097646	0.0774581674554021	0.06
0.295749179	0.0767358002534875	0.06
0.296044019	0.0767358002534875	0.06
0.296839561	0.0739762206121249	0.06
0.296839653	0.0739762206121249	0.06
0.296874128	0.0739762206121249	0.06
0.296879772	0.0739762206121249	0.06
0.296919994	0.0739762206121249	0.06
0.296960227	0.0739762206121249	0.06
0.297156652	0.0733170619442104	0.06
0.297161557	0.0733170619442104	0.06
0.297207868	0.0733170619442104	0.06
0.29723727	0.0733170619442104	0.06
0.298432807	0.0733170619442104	0.06
0.29855614	0.0733170619442104	0.06
0.29926506	0.0733170619442104	0.06
0.299931082	0.0733170619442104	0.06
0.300128238	0.0733170619442104	0.06
0.300638986	0.0733170619442104	0.06
0.301159527	0.0733170619442104	0.06
0.301373268	0.0733170619442104	0.06
0.302406093	0.0789444856276516	0.06
0.30240618	0.0789444856276516	0.06
0.302443572	0.0789444856276516	0.06
0.302452098	0.0789444856276516	0.06
0.302493847	0.0789444856276516	0.06
0.302531356	0.0789444856276516	0.06
0.302535608	0.0789444856276516	0.06
0.302694303	0.0797092422644654	0.06
0.302844832	0.0797092422644654	0.06
0.303037639	0.0789444856276516	0.06
0.303998368	0.0774581674554021	0.06
0.305094409	0.0774581674554021	0.06
0.306047128	0.0774581674554021	0.06
0.306464617	0.0767358002534875	0.06
0.307314933	0.0760267820105354	0.06
0.308759935	0.0753307460917361	0.06
0.319078068	0.0797092422644654	0.05
0.320217262	0.0797092422644654	0.05
0.322066605	0.0797092422644654	0.05
0.322435043	0.0797092422644654	0.05
0.322591403	0.0797092422644654	0.05
0.322777267	0.0797092422644654	0.05
0.323097253	0.0797092422644654	0.05
0.323165924	0.0797092422644654	0.05
0.323537089	0.0820950739858808	0.04
0.324596864	0.0820950739858808	0.04
0.327195424	0.0820950739858808	0.04
0.330254195	0.0812840841893165	0.04
0.333944256	0.0797092422644654	0.04
0.334029253	0.0797092422644654	0.04
0.338071632	0.0832019064464748	0.05
0.340262381	0.0832019064464748	0.05
0.343625259	0.0832019064464748	0.05
0.343706753	0.0832019064464748	0.05
0.350684009	0.0810173032361297	0.06
0.351815198	0.0803143744700404	0.06
0.356206548	0.0796235383972313	0.06
0.356351443	0.0796235383972313	0.06
0.357086112	0.0905248163636652	0.06
0.362945858	0.0757158512605708	0.07
0.363236679	0.0757158512605708	0.07
0.366130409	0.0776205443243456	0.07
0.367161303	0.0887882421099513	0.07
0.367663989	0.0947551252306894	0.08
0.37384574	0.0993753336249374	0.08
0.381649088	0.0937330707292567	0.07
0.382008897	0.0937330707292567	0.07
0.386909127	0.0932608960594642	0.06
0.387745392	0.0894748147689195	0.06
0.395214438	0.08844889191926	0.06
0.398731854	0.0932608960594642	0.05
0.403209246	0.10429373720513	0.05
0.411578949	0.115339493239866	0.04
0.412388288	0.115339493239866	0.04
0.415094538	0.0976898567166301	0.04
0.415772448	0.047998188371825	0.03
0.428769674	0.103296184222585	0.02
0.440249622	0.125354112784618	0.01
0.440316292	0.125354112784618	0.01
0.441698853	0.125354112784618	0.01
0.444236336	0.10884402200384	0.01
0.444499874	0.105324259135468	0.01
0.445049535	0.102025007362617	0.01
0.445117302	0.102025007362617	0.01
0.445185067	0.102025007362617	0.01
0.445185068	0.102025007362617	0.01
0.445245414	0.102025007362617	0.01
0.44525283	0.102025007362617	0.01
0.445252832	0.102025007362617	0.01
0.445252833	0.102025007362617	0.01
0.445252835	0.102025007362617	0.01
0.44531318	0.102025007362617	0.01
0.445313187	0.102025007362617	0.01
0.445313188	0.102025007362617	0.01
0.44531319	0.102025007362617	0.01
0.445373562	0.102025007362617	0.01
0.445419149	0.102025007362617	0.01
0.445433949	0.102025007362617	0.01
0.445479567	0.101495123162186	0.01
0.445494353	0.101495123162186	0.01
0.445554774	0.100970714610191	0.01
0.445578303	0.100970714610191	0.01
0.445615211	0.100970714610191	0.01
0.445736134	0.104647448052701	0.01
0.445849774	0.108757486392991	0.01
0.445857123	0.108757486392991	0.01
0.445970843	0.108757486392991	0.01
0.445978177	0.108757486392991	0.01
0.446341735	0.10821260686898	0.01
0.446351359	0.10821260686898	0.01
0.446394864	0.10821260686898	0.01
0.446465528	0.107673159865907	0.01
0.446633323	0.107673159865907	0.01
0.446772341	0.107673159865907	0.01
0.446967543	0.106086613509261	0.01
0.447158639	0.106086613509261	0.01
0.447533088	0.106086613509261	0.01
0.447542535	0.106086613509261	0.01
0.447649603	0.104546143230041	0.01
0.447876705	0.104546143230041	0.01
0.447928306	0.103543779160915	0.01
0.448791313	0.102075761228031	0.01
0.449051315	0.102075761228031	0.01
0.449552291	0.101595628714473	0.01
0.449715173	0.101595628714473	0.01
0.452986292	0.104546143230041	0.01
0.453102774	0.104546143230041	0.01
0.453117722	0.104546143230041	0.01
0.453312195	0.104546143230041	0.01
0.453607731	0.104546143230041	0.01
0.453670383	0.104546143230041	0.01
0.45367678	0.104546143230041	0.01
0.453739439	0.104546143230041	0.01
0.453782962	0.104546143230041	0.01
0.453789353	0.104546143230041	0.01
0.453802119	0.104546143230041	0.01
0.453864814	0.104546143230041	0.01
0.453927527	0.104546143230041	0.01
0.453952078	0.104546143230041	0.01
0.453990257	0.104546143230041	0.01
0.454115767	0.104546143230041	0.01
0.454131662	0.104546143230041	0.01
0.454291524	0.105054638262494	0.01
0.454297847	0.105054638262494	0.01
0.454379121	0.105054638262494	0.01
0.454543029	0.105568103941679	0.01
0.454618511	0.105568103941679	0.01
0.454637485	0.105568103941679	0.01
0.455439212	0.11972145048972	0.01
0.455550168	0.122392681535321	0.01
0.455665947	0.129114573594194	0.01
0.455678249	0.129114573594194	0.01
0.455755613	0.132226855802238	0.01
0.455804735	0.132226855802238	0.01
0.456133439	0.118988978841452	0.01
0.456455968	0.0995815073302625	0.01
0.456880284	0.099719432400942	0.02
0.45760535	0.0988070826933525	0.02
0.457901934	0.0988070826933525	0.02
0.458022431	0.0988070826933525	0.02
0.458664131	0.098357139760769	0.02
0.459124851	0.0974694365130565	0.02
0.462114195	0.099719432400942	0.02
0.46499053	0.0974694365130565	0.02
0.472596627	0.0398987306390881	0.02
0.47699163	0.0579688494512869	0.03
0.478419311	0.0636018790615758	0.03
0.478888149	0.0647458006861256	0.03
0.479732593	0.0387707357126702	0.03
0.479936634	0.0387707357126702	0.03
0.483671852	0.084503975072426	0.04
0.484225862	0.084503975072426	0.04
0.484458594	0.0848358849675499	0.04
0.484927676	0.0851704124574364	0.04
0.485999254	0.0838979925972999	0.04
0.48628356	0.0838979925972999	0.04
0.486776039	0.0502774364970245	0.04
0.489107131	0.0566016565376679	0.04
0.489424331	0.0557254679681706	0.04
0.490830832	0.0328829593112861	0.04
0.50407637	0.0874031503144186	0.06
0.508934563	0.0637269814214418	0.06
0.511690912	0.044342397119151	0.06
0.514645345	0.0858177851251036	0.07
0.51473946	0.0858177851251036	0.07
0.514742139	0.0858177851251036	0.07
0.514839037	0.0858177851251036	0.07
0.514971335	0.0858177851251036	0.07
0.51502476	0.0858177851251036	0.07
0.515124567	0.0874031503144186	0.07
0.516063638	0.0850362853714493	0.07
0.51682809	0.0553446986463873	0.07
0.529143364	0.037704767308549	0.07
0.534308248	0.0373623519451305	0.07
0.539174229	0.0410943281113063	0.06
0.544416783	0.0595265113392041	0.07
0.55657045	0.0797092422644654	0.05
0.556645891	0.0797092422644654	0.05
0.556807604	0.0797092422644654	0.05
0.55802857	0.0767358002534875	0.05
0.562444529	0.0760267820105354	0.05
0.568776608	0.0746473391668485	0.06
0.572491616	0.0746473391668485	0.06
0.579525048	0.0812840841893165	0.06
0.583655412	0.0812840841893165	0.06
0.586308239	0.0797092422644654	0.06
0.591193432	0.0774581674554021	0.06
0.593673806	0.0774581674554021	0.06
0.593673808	0.0774581674554021	0.06
0.593754277	0.0774581674554021	0.06
0.59375428	0.0774581674554021	0.06
0.593824895	0.0774581674554021	0.06
0.593834769	0.0774581674554021	0.06
0.594036974	0.0774581674554021	0.06
0.594152812	0.0774581674554021	0.06
0.594237558	0.0774581674554021	0.06
0.595015574	0.0592407964749384	0.06
0.595196772	0.0592407964749384	0.06
0.595887104	0.0592407964749384	0.06
0.596219211	0.0592407964749384	0.06
0.602148457	0.0609974467637505	0.05
0.602674298	0.0609974467637505	0.05
0.604813246	0.0609974467637505	0.05
0.604905308	0.0609974467637505	0.05
0.604905312	0.0609974467637505	0.05
0.604988853	0.0609974467637505	0.05
0.605716504	0.0609974467637505	0.05
0.605724938	0.0609974467637505	0.05
0.606051871	0.0609974467637505	0.05
0.606404306	0.0609974467637505	0.05
0.606824709	0.0604004345296461	0.06
0.607971158	0.0604004345296461	0.06
0.608524688	0.0604004345296461	0.06
0.608756287	0.0604004345296461	0.06
0.630942519	0.0581248477910021	0.06
0.636066531	0.0565275898229472	0.06
0.63624959	0.0565275898229472	0.06
0.636422142	0.0560145011202598	0.06
0.637031954	0.0560145011202598	0.06
0.637260654	0.0560145011202598	0.06
0.637881775	0.0560145011202598	0.06
0.644129804	0.05867751674112	0.06
0.64559646	0.05867751674112	0.06
0.648110758	0.0598149955316239	0.06
0.65703705	0.0522224090538448	0.07
0.671132308	0.0517841956591049	0.08
0.678915807	0.0481479823798376	0.09
0.680410924	0.0481479823798376	0.09
0.680589305	0.0481479823798376	0.09
0.68060848	0.0481479823798376	0.09
0.680702493	0.0481479823798376	0.09
0.680786967	0.0481479823798376	0.09
0.689921535	0.0459948531767351	0.1
0.690723937	0.0459948531767351	0.1
0.692614054	0.0463402346010664	0.1
0.696262833	0.0398987306390881	0.1
0.712354258	0.0387707357126702	0.11
0.7123899	0.0387707357126702	0.11
0.712401774	0.0387707357126702	0.11
0.71365913	0.0391395799245862	0.11
0.714295462	0.0391395799245862	0.11
0.715653707	0.0373623519451305	0.12
0.717816093	0.0384087784397116	0.12
0.719314887	0.0384087784397116	0.12
0.725869057	0.0370260998912068	0.13
0.725979546	0.0373623519451305	0.13
0.72717465	0.037704767308549	0.13
0.75180067	0.0655921196986134	0.14
0.762884543	0.0678963969786812	0.13
0.763284143	0.0691463843096092	0.13
0.763491091	0.0712479262908723	0.13
0.765321243	0.0738617282840738	0.13
0.766651587	0.0736792758850645	0.13
0.772093843	0.0678496600067221	0.12
0.772264397	0.0695962727969119	0.12
0.786383987	0.076318573671671	0.11
0.793117932	0.0729013301362178	0.1
0.794958533	0.0815340506967323	0.1
0.8034392	0.0787207012573173	0.09
0.812482547	0.0757933452734205	0.08
0.849686346	0.0840616869102705	0.05
0.856064956	0.0893497354166827	0.04
0.861783488	0.0831044767459039	0.03
0.866065884	0.0893497354166827	0.03
0.867661243	0.0880312213538946	0.03
0.874413626	0.0929702073611339	0.02
0.875213305	0.0904333293016258	0.02
0.87832845	0.0880312213538946	0.02
0.880342154	0.0845381900931974	0.02
0.882218863	0.0849192702344956	0.01
0.88244613	0.0832019064464748	0.01
0.882485476	0.0832019064464748	0.01
0.883236842	0.0866154086852648	0.01
0.883671839	0.0890730294494081	0.01
0.884296127	0.0944420589268523	0.01
0.885048106	0.0929702073611339	0.01
0.885800269	0.0921089132530095	0.01
0.886381245	0.0915435285346018	0.01
0.888469193	0.0904333293016258	0.01
0.888863234	0.0890828822906044	0.01
0.889014569	0.0888176183924148	0.01
0.889209764	0.0888176183924148	0.01
0.890083013	0.0875146477202693	0.01
0.890218543	0.0872586277213761	0.01
0.890218544	0.0872586277213761	0.01
0.890228158	0.0872586277213761	0.01
0.890339212	0.0867510554304772	0.01
0.890354074	0.0877721744841101	0.01
0.890354075	0.0877721744841101	0.01
0.890459913	0.0877721744841101	0.01
0.890474761	0.0877721744841101	0.01
0.890489605	0.0877721744841101	0.01
0.890489606	0.0877721744841101	0.01
0.890580647	0.0877721744841101	0.01
0.890595481	0.0877721744841101	0.01
0.89061031	0.0877721744841101	0.01
0.890610311	0.0877721744841101	0.01
0.890716233	0.0872586277213761	0.01
0.890731048	0.0872586277213761	0.01
0.890731049	0.0872586277213761	0.01
0.890822213	0.0872586277213761	0.01
0.890851819	0.0872586277213761	0.01
0.890928251	0.0872586277213761	0.01
0.890957836	0.0872586277213761	0.01
0.890972622	0.0872586277213761	0.01
0.890972623	0.0872586277213761	0.01
0.891093459	0.087004101302093	0.01
0.89119957	0.087004101302093	0.01
0.891214328	0.087004101302093	0.01
0.891244043	0.087004101302093	0.01
0.891246709	0.087004101302093	0.01
0.891320486	0.087004101302093	0.01
0.891441435	0.087004101302093	0.01
0.891456164	0.087004101302093	0.01
0.891521465	0.087004101302093	0.01
0.891562417	0.087004101302093	0.01
0.891577132	0.0867510554304772	0.01
0.891698132	0.0867510554304772	0.01
0.891793338	0.0867510554304772	0.01
0.891881522	0.0867510554304772	0.01
0.892012117	0.0864994772257567	0.01
0.89206133	0.0864994772257567	0.01
0.89216782	0.0864994772257567	0.01
0.892182462	0.0864994772257567	0.01
0.892215798	0.0864994772257567	0.01
0.89229733	0.0864994772257567	0.01
0.892307805	0.0864994772257567	0.01
0.892546055	0.0872586277213761	0.01
0.892568748	0.0872586277213761	0.01
0.892793389	0.0872586277213761	0.01
0.892952212	0.0867510554304772	0.01
0.893016766	0.0867510554304772	0.01
0.89308003	0.0867510554304772	0.01
0.893142511	0.0867510554304772	0.01
0.893172464	0.0864994772257567	0.01
0.893313967	0.0867510554304772	0.01
0.893352088	0.0867510554304772	0.01
0.894189143	0.0875146477202693	0.01
0.89420355	0.0875146477202693	0.01
0.894232534	0.0872586277213761	0.01
0.894482721	0.0877721744841101	0.01
0.894511483	0.087004101302093	0.01
0.894690708	0.0867510554304772	0.01
0.894970751	0.0867510554304772	0.01
0.895081202	0.0875146477202693	0.01
0.895086463	0.0875146477202693	0.01
0.895300675	0.0875146477202693	0.01
0.895524497	0.0872586277213761	0.01
0.89592425	0.087004101302093	0.01
0.896329745	0.085753422027171	0.01
0.896396617	0.0860006730366903	0.01
0.89685771	0.085753422027171	0.01
0.896928207	0.085753422027171	0.01
0.897197773	0.0900984775011744	0.01
0.89799116	0.0891170051176076	0.01
0.898155973	0.0873700417812985	0.01
0.898485328	0.0868028422042996	0.01
0.898662437	0.0860579335754196	0.01
0.89889623	0.0846058242450519	0.01
0.899325427	0.0835484996828026	0.01
0.900031532	0.0820111515332827	0.01
0.900113547	0.0823478750566544	0.01
0.900307304	0.0828581769502607	0.01
0.900690942	0.0726112479104736	0.01
0.901007608	0.0751930654665005	0.01
0.901568195	0.0716154011656907	0.01
0.901947653	0.0657059850365235	0.01
0.902291602	0.0636393581656035	0.01
0.902919093	0.0606548598867589	0.01
0.902932441	0.0606548598867589	0.01
0.903166806	0.0622275913352352	0.01
0.904220945	0.0450546146154264	0.01
0.904508173	0.0454528253106844	0.01
0.904513058	0.0458581378656489	0.01
0.905345526	0.0452528439480121	0.01
0.905541598	0.0454528253106844	0.01
0.906154318	0.0452528439480121	0.01
0.906210372	0.0448581143891284	0.01
0.906786831	0.0450546146154264	0.01
0.907060652	0.0448581143891284	0.01
0.90712089	0.0448581143891284	0.01
0.907185931	0.0448581143891284	0.01
0.907198748	0.0450546146154264	0.01
0.907199842	0.0450546146154264	0.01
0.907298438	0.0450546146154264	0.01
0.907311244	0.0450546146154264	0.01
0.907324045	0.0450546146154264	0.01
0.907336843	0.0450546146154264	0.01
0.907336844	0.0450546146154264	0.01
0.907449378	0.0450546146154264	0.01
0.90746216	0.0450546146154264	0.01
0.907536422	0.0450546146154264	0.01
0.9075492	0.0450546146154264	0.01
0.907574745	0.0450546146154264	0.01
0.907587512	0.0450546146154264	0.01
0.907674633	0.0450546146154264	0.01
0.907700146	0.0450546146154264	0.01
0.907712898	0.0450546146154264	0.01
0.907951053	0.0450546146154264	0.01
0.907963773	0.0446633207435001	0.01
0.908076559	0.0448581143891284	0.01
0.908089264	0.0448581143891284	0.01
0.908151307	0.0448581143891284	0.01
0.90817671	0.0450546146154264	0.01
0.908202099	0.0450546146154264	0.01
0.908289632	0.0444702115424963	0.01
0.908453284	0.0444702115424963	0.01
0.908566283	0.0444702115424963	0.01
0.908578929	0.0444702115424963	0.01
0.908691978	0.0446633207435001	0.01
0.908729307	0.0446633207435001	0.01
0.908830322	0.0446633207435001	0.01
0.908855181	0.0442787650312589	0.01
0.908943472	0.0444702115424963	0.01
0.908956071	0.0444702115424963	0.01
0.909195105	0.0444702115424963	0.01
0.909207673	0.0444702115424963	0.01
0.909270732	0.0444702115424963	0.01
0.909308419	0.0444702115424963	0.01
0.909346075	0.0452528439480121	0.01
0.909642167	0.0452528439480121	0.01
0.909925885	0.0448581143891284	0.01
0.910014581	0.0448581143891284	0.01
0.910051995	0.0450546146154264	0.01
0.910204731	0.0452528439480121	0.01
0.910267	0.0452528439480121	0.01
0.911049792	0.0462707439761135	0.01
0.911062134	0.0462707439761135	0.01
0.911351929	0.0462707439761135	0.01
0.911518912	0.0458581378656489	0.01
0.911747931	0.0460635169771679	0.01
0.912015459	0.0458581378656489	0.01
0.912488931	0.0452528439480121	0.01
0.912630246	0.0452528439480121	0.01
0.912707801	0.0452528439480121	0.01
0.912776305	0.0452528439480121	0.01
0.912967277	0.0499918047426202	0.01
0.913630289	0.0495538829296897	0.01
0.913751419	0.0495538829296897	0.01
0.914018042	0.0495538829296897	0.01
0.914870556	0.055015768662054	0.01
0.914968567	0.055015768662054	0.01
0.914983658	0.055015768662054	0.01
0.915269563	0.055015768662054	0.01
0.915559183	0.055262097959992	0.01
0.916163647	0.0555106430236463	0.01
0.916208994	0.055262097959992	0.01
0.916688985	0.056269875864683	0.01
0.916912552	0.0565275898229472	0.01
0.917957453	0.0171340300946022	0.01
0.918238351	0.0193957976599199	0.01
0.918456927	0.0199604110133861	0.01
0.918483627	0.0199604110133861	0.01
0.918837351	0.0550859240928309	0.02
0.919655338	0.0561601449731985	0.02
0.921364075	0.0572770955003347	0.02
0.921783065	0.0575058384160193	0.02
0.922071236	0.057736415681658	0.02
0.922455062	0.0579688494512869	0.02
0.922787758	0.0579688494512869	0.02
0.923473233	0.0584393769168797	0.02
0.924160807	0.0584393769168797	0.02
0.925553967	0.0604004345296461	0.02
0.926193857	0.0606548598867589	0.02
0.927872541	0.0302255381303876	0.02
0.93064775	0.0515370742013692	0.03
0.93220206	0.0519086472386083	0.03
0.933174706	0.0526681023319509	0.03
0.934071327	0.0526681023319509	0.03
0.938446291	0.0230982391665253	0.03
0.941112169	0.0289494283007602	0.03
0.942896738	0.0313781804823465	0.03
0.947518522	0.0370260998912068	0.03
0.948845214	0.0410943281113063	0.03
0.950306111	0.0342517808369622	0.04
0.955985355	0.04280455869963	0.04
0.956018846	0.04280455869963	0.04
0.956766863	0.0439007749157761	0.04
0.956780018	0.0439007749157761	0.04
0.956793172	0.0439007749157761	0.04
0.957077957	0.0450546146154264	0.04
0.958321379	0.0471186387742844	0.04
0.959031973	0.0498596176392629	0.04
0.959642592	0.0498596176392629	0.04
0.959665139	0.0508455442693324	0.04
0.959857154	0.0508455442693324	0.04
0.960039043	0.0508455442693324	0.04
0.960819071	0.0508455442693324	0.04
0.960911853	0.0508455442693324	0.04
0.966290332	0.0435291836766529	0.05
0.966980911	0.0450546146154264	0.05
0.966986309	0.0450546146154264	0.05
0.967139043	0.0450546146154264	0.05
0.967144414	0.0450546146154264	0.05
0.967297223	0.0450546146154264	0.05
0.967297226	0.0450546146154264	0.05
0.967302571	0.0450546146154264	0.05
0.967302572	0.0450546146154264	0.05
0.967460779	0.0450546146154264	0.05
0.967608447	0.0450546146154264	0.05
0.96761904	0.0450546146154264	0.05
0.967772081	0.0450546146154264	0.05
0.968083686	0.0458581378656489	0.05
0.968088909	0.0458581378656489	0.05
0.969666194	0.0508455442693324	0.05
0.970292984	0.0498596176392629	0.05
0.970442597	0.0498596176392629	0.05
0.973457204	0.0397701670435957	0.06
0.973766743	0.0400281281361712	0.06
0.974203145	0.0400281281361712	0.06
0.981915796	0.0402894575005849	0.05
0.985118954	0.0205588818485406	0.05
0.9860103	0.020155991904692	0.05
1.019804062	0.0604004345296461	0.07
1.021711423	0.0604004345296461	0.07
1.022530753	0.0604004345296461	0.07
1.023898132	0.0604004345296461	0.07
1.027042278	0.0641687421709328	0.07
1.027349785	0.0653333321597562	0.07
1.029637844	0.0697648688853242	0.07
1.029659545	0.0704475016029315	0.07
1.030020301	0.0598979338810106	0.08
1.031531241	0.0604004345296461	0.08
1.031720423	0.0604004345296461	0.08
1.033463082	0.0589176053409781	0.08
1.034014818	0.0589176053409781	0.08
1.034376329	0.0584393769168797	0.08
1.034854243	0.0584393769168797	0.08
1.035677928	0.0584393769168797	0.08
1.036124234	0.0598979338810106	0.08
1.038905957	0.0630449435271092	0.08
1.039046839	0.0641687421709328	0.08
1.043349328	0.0690953385590338	0.08
1.049025044	0.0604004345296461	0.09
1.054783865	0.065931624311215	0.09
1.057424783	0.0579688494512869	0.1
1.058571278	0.0604004345296461	0.1
1.067766296	0.0570501651316634	0.11
1.068168044	0.0570501651316634	0.11
1.06860264	0.0594037253418159	0.11
1.068892568	0.0594037253418159	0.11
1.070020858	0.0624976770362964	0.11
1.076612069	0.0641687421709328	0.11
1.088762574	0.059622363051651	0.13
1.091073782	0.0863048118165903	0.12
1.113082372	0.0812840841893165	0.1
1.11414031	0.0812840841893165	0.1
1.116382888	0.0812840841893165	0.1
1.125633627	0.0774581674554021	0.11
1.127882011	0.0774581674554021	0.11
1.13205703	0.0797092422644654	0.11
1.133642817	0.0781942641878339	0.11
1.137302108	0.0767358002534875	0.11
1.162829766	0.067161695204313	0.13
1.183360064	0.065931624311215	0.15
1.187305519	0.0651854518949157	0.15
1.187446683	0.0651854518949157	0.15
1.18762744	0.0651854518949157	0.15
1.192009701	0.0641687421709328	0.15
1.192725439	0.0604004345296461	0.15
1.208724051	0.0285476713073731	0.13
1.208769953	0.0285476713073731	0.13
1.209215802	0.0285476713073731	0.13
1.209751115	0.0285476713073731	0.13
1.209825949	0.0285476713073731	0.13
1.210085375	0.0285476713073731	0.13
1.210771389	0.0285476713073731	0.13
1.21086869	0.0285476713073731	0.13
1.224141399	0.0268112793250061	0.12
1.22465873	0.0268112793250061	0.12
1.225416562	0.0268112793250061	0.12
1.226416878	0.0268112793250061	0.12
1.243346642	0.0308295319229177	0.1
1.245566855	0.0305245474901458	0.1
1.246668032	0.0305245474901458	0.1
1.252855937	0.0305245474901458	0.1
1.265568721	0.0769750876024967	0.1
1.268447511	0.0769750876024967	0.1
1.270060331	0.0727409271061961	0.1
1.270253663	0.0727409271061961	0.1
1.278899002	0.0774581674554021	0.09
1.289511656	0.0697648688853242	0.08
1.293113698	0.0630449435271092	0.09
1.297280078	0.071408231470917	0.09
1.335485912	0.0781942641878339	0.12
1.335508208	0.0781942641878339	0.12
1.335711503	0.0781942641878339	0.12
1.335892556	0.0781942641878339	0.12
1.33638917	0.0781942641878339	0.12
1.336413828	0.0781942641878339	0.12
1.336595099	0.0781942641878339	0.12
1.336665633	0.0781942641878339	0.12
1.337117106	0.0781942641878339	0.12
1.337777279	0.0781942641878339	0.12
1.337887386	0.0781942641878339	0.12
1.342315002	0.0820950739858808	0.11
1.342368518	0.0820950739858808	0.11
1.343443085	0.0820950739858808	0.11
1.360774481	0.0820950739858808	0.12
1.360981621	0.0820950739858808	0.12
1.36116959	0.0820950739858808	0.12
1.361545683	0.0820950739858808	0.12
1.362110213	0.0820950739858808	0.12
1.364721715	0.0804889606495764	0.12
1.368578346	0.102560453423126	0.12
1.369020462	0.102560453423126	0.12
1.369707356	0.102560453423126	0.12
1.373967278	0.0949833993070014	0.13
1.379222918	0.102560453423126	0.12
1.384187356	0.101547863769601	0.12
1.418305639	0.101547863769601	0.11
1.434752614	0.101547863769601	0.1
1.440102642	0.101547863769601	0.11
1.450462129	0.095868733957192	0.12
1.450928234	0.095868733957192	0.12
1.484067531	0.0932608960594642	0.15
1.484117024	0.0932608960594642	0.15
1.485393153	0.0932608960594642	0.15
1.485917469	0.0932608960594642	0.16
1.488337206	0.0932608960594642	0.16
1.494140559	0.0915997544736127	0.16
1.502972103	0.0915997544736127	0.17
1.511734415	0.0915997544736127	0.18
1.511964569	0.0915997544736127	0.18
1.512194724	0.0915997544736127	0.18
1.513239565	0.0915997544736127	0.18
1.515375804	0.0915997544736127	0.18
1.516740221	0.0915997544736127	0.19
1.517647523	0.0907911786988901	0.19
1.519065464	0.0907911786988901	0.19
1.523536021	0.0907911786988901	0.19
1.558531046	0.102560453423126	0.22
1.55916507	0.100555073434045	0.22
1.561070241	0.146336510690311	0.22
1.56916589	0.163817094782933	0.22
1.595407686	0.149890853723796	0.19
1.611568792	0.14757157407114	0.17
1.652341299	0.156837401970332	0.13
1.707257935	0.186774939076257	0.08
1.718627381	0.186774939076257	0.07
1.730827961	0.181056881089662	0.06
1.745720251	0.183030817660958	0.04
1.758275756	0.192865945695212	0.03
1.768990518	0.196062896001237	0.02
1.77492366	0.20830487680118	0.01
1.777374698	0.209985814569997	0.01
1.77861633	0.209985814569997	0.01
1.780657572	0.201062111199217	0.01
1.780928629	0.201062111199217	0.01
1.78092863	0.201062111199217	0.01
1.781081012	0.201062111199217	0.01
1.781140367	0.201062111199217	0.01
1.781170031	0.201062111199217	0.01
1.781170032	0.201062111199217	0.01
1.781411499	0.201062111199217	0.01
1.781623424	0.201062111199217	0.01
1.781653031	0.201062111199217	0.01
1.7818108	0.201062111199217	0.01
1.781835463	0.201062111199217	0.01
1.781894629	0.201062111199217	0.01
1.782136293	0.197701447851152	0.01
1.782378022	0.196062896001237	0.01
1.782590324	0.196062896001237	0.01
1.783103602	0.196062896001237	0.01
1.783286774	0.196062896001237	0.01
1.783345594	0.196062896001237	0.01
1.783587651	0.196062896001237	0.01
1.783829774	0.196062896001237	0.01
1.784013316	0.196062896001237	0.01
1.784314217	0.196062896001237	0.01
1.78446873	0.196062896001237	0.01
1.784506241	0.196062896001237	0.01
1.784933025	0.199367618178338	0.01
1.785009515	0.199367618178338	0.01
1.785322292	0.213011105263249	0.01
1.785988286	0.213011105263249	0.01
1.788872102	0.204539003965291	0.01
1.78918715	0.204539003965291	0.01
1.789358594	0.204539003965291	0.01
1.790033715	0.199577866207787	0.01
1.79204453	0.207597066357487	0.02
1.792147241	0.207597066357487	0.02
1.794856772	0.175818430804204	0.02
1.795060195	0.172656207165251	0.02
1.796645824	0.154170418888947	0.02
1.796696941	0.154170418888947	0.02
1.799436111	0.14937255586281	0.02
1.801889818	0.103419833501689	0.02
1.808733518	0.138843510723885	0.03
1.809599251	0.138843510723885	0.03
1.813240824	0.103353216360113	0.03
1.813716026	0.0984692408819741	0.03
1.813793197	0.0984692408819741	0.03
1.814069384	0.100883839585086	0.03
1.814345569	0.0862244211648329	0.03
1.814621756	0.071408231470917	0.03
1.814621757	0.071408231470917	0.03
1.814846808	0.071408231470917	0.03
1.814872379	0.071408231470917	0.03
1.815123071	0.0726695462840404	0.03
1.815288509	0.0726695462840404	0.03
1.815373832	0.0733170619442104	0.03
1.815624663	0.0733170619442104	0.03
1.815850116	0.0733170619442104	0.03
1.815875562	0.0733170619442104	0.03
1.816101116	0.0647458006861256	0.03
1.816377569	0.0647458006861256	0.03
1.816879855	0.0636018790615758	0.03
1.817399416	0.0636018790615758	0.03
1.818036082	0.0636018790615758	0.03
1.818363245	0.0636018790615758	0.03
1.819395454	0.066540975496497	0.03
1.819410514	0.066540975496497	0.03
1.81989941	0.066540975496497	0.03
1.820606159	0.067161695204313	0.03
1.822065256	0.0684385369807086	0.03
1.824280416	0.0690953385590338	0.03
1.824985083	0.0697648688853242	0.03
1.828541204	0.0630449435271092	0.04
1.828939845	0.0641687421709328	0.04
1.829051906	0.0641687421709328	0.04
1.835137623	0.0498596176392629	0.04
1.836263396	0.0498596176392629	0.04
1.83758722	0.0503477547303909	0.04
1.837659261	0.0503477547303909	0.04
1.842215909	0.066540975496497	0.05
1.844053766	0.066540975496497	0.05
1.846490238	0.0489111991602458	0.05
1.860668056	0.0508455442693324	0.06
1.872927722	0.0458581378656489	0.07
1.876458705	0.0454528253106844	0.07
1.917919203	0.0435291836766529	0.11
1.919145255	0.0439007749157761	0.11
1.932723098	0.0263533018936587	0.12
1.933588634	0.026580318024175	0.12
1.934242286	0.0272854560766538	0.12
1.93486401	0.0407685514841989	0.13
1.937910579	0.0407685514841989	0.13
1.938319698	0.0407685514841989	0.13
1.939501786	0.0410943281113063	0.13
1.940502926	0.0250686689089673	0.13
1.945075766	0.0552974680439107	0.14
1.956133657	0.0552974680439107	0.15
1.95745413	0.0552974680439107	0.15
1.959079535	0.0557254679681706	0.15
1.961031557	0.0404478994414662	0.15
2.045755957	0.139260238028552	0.23
2.04617014	0.112454697838695	0.24
2.057670659	0.112454697838695	0.25
2.058434493	0.112454697838695	0.25
2.058810915	0.113182630534471	0.25
2.060706206	0.101214762598631	0.25
2.077371996	0.112454697838695	0.27
2.079378601	0.113182630534471	0.27
2.116340052	0.143421424180602	0.3
2.117539144	0.111026565854073	0.31
2.122322709	0.0999039279187514	0.31
2.175983465	0.137926320408351	0.36
2.201956234	0.0999039279187514	0.39
2.22342495	0.100555073434045	0.41
2.22607531	0.136617714455044	0.41
2.226678687	0.108276426797858	0.42
2.226980498	0.108276426797858	0.42
2.230993963	0.0973815466908484	0.42
2.268175967	0.268196977197096	0.41
2.273953022	0.250701863743301	0.4
2.279085054	0.272786073125645	0.4
2.283420782	0.255311611076906	0.39
2.416816988	0.297885389041937	0.31
2.634889835	0.242757533538719	0.14
2.63880046	0.242757533538719	0.13
2.64482266	0.242757533538719	0.13
2.65353762	0.242757533538719	0.12
2.664122924	0.242757533538719	0.11
2.669724846	0.242757533538719	0.1
2.67074212	0.242757533538719	0.1
2.671193179	0.242757533538719	0.1
2.671237545	0.242757533538719	0.1
2.671237705	0.242757533538719	0.1
2.671599486	0.242757533538719	0.1
2.671599646	0.242757533538719	0.1
2.671961685	0.242757533538719	0.1
2.672323822	0.242757533538719	0.1
2.672686057	0.242757533538719	0.1
2.674201502	0.242757533538719	0.1
2.674817434	0.242757533538719	0.1
2.67595059	0.242757533538719	0.1
2.677404052	0.242757533538719	0.09
2.678640892	0.242757533538719	0.09
2.684222358	0.242757533538719	0.09
2.690797174	0.242757533538719	0.08
2.690995907	0.242757533538719	0.08
2.692790444	0.242757533538719	0.08
2.697875326	0.242757533538719	0.07
2.700424629	0.242757533538719	0.07
2.703341222	0.242757533538719	0.07
2.716197088	0.240393428181868	0.08
2.720992773	0.242757533538719	0.08
2.721339166	0.242757533538719	0.08
2.721753239	0.242757533538719	0.08
2.72212898	0.242757533538719	0.08
2.722504826	0.242757533538719	0.08
2.727362573	0.233569545051197	0.09
2.728042156	0.233569545051197	0.09
2.728457177	0.233569545051197	0.09
2.733911556	0.235800716039735	0.09
2.742221604	0.242757533538719	0.08
2.744776734	0.242757533538719	0.09
2.758261585	0.242757533538719	0.1
2.767264537	0.238074924626339	0.11
2.784781798	0.210519726513041	0.12
2.795646082	0.210519726513041	0.13
2.814579483	0.210519726513041	0.15
2.870516676	0.206494459782604	0.2
2.874914635	0.204539003965291	0.21
2.884109016	0.225051694550394	0.22
2.901070252	0.193023315079935	0.23
3.017087015	0.206322937107205	0.35
3.091199805	0.186040507991569	0.42
3.116410384	0.209342576693239	0.45
3.116832706	0.209342576693239	0.45
3.153761559	0.158256937401133	0.48
3.190582361	0.129348768932628	0.5
3.479484296	0.111671193936991	0.76
3.557717034	0.111671193936991	0.840000000000001
3.560201153	0.111671193936991	0.840000000000001
3.561529658	0.110579736544333	0.850000000000001
3.561648443	0.110579736544333	0.850000000000001
3.563861522	0.110579736544333	0.850000000000001
3.565454716	0.110579736544333	0.850000000000001
3.566965252	0.111671193936991	0.850000000000001
3.567214517	0.111671193936991	0.850000000000001
3.571210711	0.110579736544333	0.860000000000001
3.572123566	0.110579736544333	0.860000000000001
3.572497766	0.110579736544333	0.860000000000001
3.575584373	0.110579736544333	0.860000000000001
3.579984214	0.111671193936991	0.860000000000001
3.62901857	0.153220662555108	0.910000000000001
3.6300627	0.153220662555108	0.910000000000001
3.630972932	0.153220662555108	0.910000000000001
3.631023885	0.156911479176627	0.910000000000001
3.631169027	0.156911479176627	0.910000000000001
3.631970124	0.167522909414808	0.910000000000001
3.633483005	0.172197378077024	0.910000000000001
3.639968026	0.174006243688639	0.900000000000001
3.707141358	0.174006243688639	0.970000000000001
3.82876748	0.174006243688639	1.09
3.963711323	0.182375174548835	1.23
4.078052931	0.212591788529702	1.32
4.442577106	0.212591788529702	1.68
4.445571488	0.212591788529702	1.68
4.452121847	0.212591788529702	1.69
4.453932605	0.212591788529702	1.69
4.459832487	0.212591788529702	1.7
4.464002998	0.212591788529702	1.7
4.478685952	0.212591788529702	1.72
4.492707945	0.212591788529702	1.73
4.536342962	0.23270792937881	1.73
4.536969429	0.23270792937881	1.73
4.537444354	0.23270792937881	1.73
4.537596069	0.23270792937881	1.73
5.341769851	0.243785016100192	2.19
5.342582978	0.243785016100192	2.19
5.343129076	0.243785016100192	2.19
5.443653327	0.252328968959869	2.26
6.2338777	0.279603664715175	2.66999999999999
6.234722781	0.279603664715175	2.66999999999999
6.244676548	0.279603664715175	2.67999999999999
6.35095118	0.247132211588083	2.72999999999999
6.358499262	0.247132211588083	2.72999999999999
7	0.264050975317013	3.36999999999997
