thrs	post_p	finalwindow
0	0.121285318555432	0.23
0.03256001	0.119343305323581	0.2
0.070216248	0.101471069916068	0.19
0.089689176	0.100108189545687	0.19
0.098963073	0.0928732619423143	0.2
0.103967892	0.139300095220465	0.2
0.106977596	0.0797552038581118	0.19
0.113424721	0.139300095220465	0.19
0.123778241	0.139300095220465	0.18
0.127200542	0.0780841222952397	0.17
0.127695348	0.0890748681784264	0.17
0.129609166	0.0978383991671114	0.17
0.129730945	0.0978383991671114	0.17
0.130460633	0.0978383991671114	0.17
0.14705261	0.136480838154768	0.16
0.148427326	0.0962307020520639	0.15
0.148447444	0.0962307020520639	0.15
0.148782099	0.0928732619423143	0.15
0.151339737	0.0978383991671114	0.15
0.155752372	0.13740782479302	0.15
0.161204767	0.0978383991671114	0.14
0.178062567	0.0989125251545803	0.12
0.178140913	0.0989125251545803	0.12
0.181486006	0.0995007276060203	0.12
0.181824923	0.0995007276060203	0.12
0.186084933	0.140265910063952	0.12
0.194681585	0.141245211055765	0.11
0.205298456	0.144266916056989	0.1
0.206482242	0.143245417367285	0.1
0.222049977	0.0934164707783271	0.08
0.222656148	0.122280220639937	0.08
0.222686318	0.122280220639937	0.08
0.222697977	0.122280220639937	0.08
0.222812147	0.144691780176057	0.08
0.222924291	0.144691780176057	0.08
0.226929675	0.139131036298544	0.08
0.226957829	0.139131036298544	0.08
0.227177477	0.140208726846601	0.08
0.227432153	0.140208726846601	0.08
0.230426372	0.128832449546284	0.08
0.241897099	0.124319808583108	0.07
0.24235868	0.124319808583108	0.07
0.242875367	0.128354593321271	0.06
0.242941212	0.128354593321271	0.06
0.243116147	0.126017516942463	0.06
0.254481698	0.127175319037421	0.05
0.256650521	0.132027393461696	0.05
0.259750174	0.132027393461696	0.05
0.272151172	0.124880605879832	0.05
0.295749179	0.121946777963775	0.05
0.296834617	0.121946777963775	0.05
0.296839561	0.121946777963775	0.05
0.296874128	0.121946777963775	0.05
0.296879772	0.121946777963775	0.05
0.296960227	0.121946777963775	0.05
0.297156652	0.121946777963775	0.05
0.297207868	0.121946777963775	0.05
0.29723727	0.121946777963775	0.05
0.297242165	0.121946777963775	0.05
0.297345093	0.121946777963775	0.05
0.29736316	0.121946777963775	0.05
0.297631463	0.121946777963775	0.05
0.298033592	0.121946777963775	0.05
0.298062423	0.121946777963775	0.05
0.29855614	0.121946777963775	0.05
0.298682719	0.121946777963775	0.05
0.299120783	0.121946777963775	0.05
0.29926506	0.121946777963775	0.05
0.301373268	0.119662643833869	0.05
0.302397905	0.118552366420867	0.05
0.302443572	0.118552366420867	0.05
0.302452098	0.118552366420867	0.05
0.302493847	0.118552366420867	0.05
0.302531356	0.118552366420867	0.05
0.302535608	0.118552366420867	0.05
0.302757814	0.118552366420867	0.05
0.303037639	0.118552366420867	0.05
0.303998368	0.126787028344211	0.04
0.304168238	0.126787028344211	0.04
0.306464617	0.126787028344211	0.04
0.319078068	0.114309915697247	0.04
0.320217262	0.114309915697247	0.04
0.320290117	0.114309915697247	0.04
0.322066605	0.124319808583108	0.03
0.322435043	0.124319808583108	0.03
0.322777267	0.124319808583108	0.03
0.323097253	0.124319808583108	0.03
0.323537089	0.124319808583108	0.03
0.323808824	0.124319808583108	0.03
0.324596864	0.124319808583108	0.03
0.327195424	0.105791844121054	0.04
0.334029253	0.104068530623756	0.04
0.340262381	0.106606617685198	0.05
0.343625259	0.106606617685198	0.05
0.350684009	0.10498943040355	0.06
0.351815198	0.103420574350042	0.06
0.356200611	0.102653598480322	0.06
0.356206548	0.102653598480322	0.06
0.356351443	0.102653598480322	0.06
0.356437896	0.102653598480322	0.06
0.356490553	0.102653598480322	0.06
0.357086112	0.118467813243831	0.06
0.360733393	0.0989832567746429	0.07
0.362945858	0.0989832567746429	0.07
0.363236679	0.0989832567746429	0.07
0.363936107	0.0989832567746429	0.07
0.366130409	0.0996961768106905	0.07
0.367161303	0.116474110766845	0.07
0.367663989	0.10975733520417	0.07
0.37384574	0.117844864965211	0.08
0.381649088	0.0753476538713798	0.07
0.386863037	0.0702906877850794	0.06
0.387745392	0.0684090162050413	0.06
0.389222512	0.0673276060200622	0.06
0.389299853	0.0673276060200622	0.06
0.403209246	0.0854224018688222	0.05
0.411578949	0.0974044507463038	0.04
0.412388288	0.0968140189717815	0.04
0.415772448	0.0340021857236828	0.03
0.418471182	0.0761973090359383	0.03
0.419019267	0.0757047998960589	0.03
0.423143546	0.0932217396867019	0.03
0.428769674	0.0787592093724332	0.02
0.438815006	0.0832369478634801	0.01
0.440249622	0.102166521241992	0.01
0.441698853	0.102166521241992	0.01
0.441750067	0.101471069916068	0.01
0.444236336	0.126787028344211	0.01
0.444499874	0.121946777963775	0.01
0.444770984	0.121285318555432	0.01
0.445049535	0.121285318555432	0.01
0.445117302	0.121285318555432	0.01
0.445156208	0.121285318555432	0.01
0.445185067	0.121285318555432	0.01
0.445185068	0.121285318555432	0.01
0.44525283	0.121285318555432	0.01
0.445252832	0.121285318555432	0.01
0.445252833	0.121285318555432	0.01
0.445252835	0.121285318555432	0.01
0.445305777	0.121285318555432	0.01
0.44531318	0.121285318555432	0.01
0.445313187	0.121285318555432	0.01
0.44531319	0.121285318555432	0.01
0.445373562	0.121285318555432	0.01
0.445419149	0.121285318555432	0.01
0.445479567	0.121285318555432	0.01
0.445494353	0.121285318555432	0.01
0.445540001	0.121285318555432	0.01
0.445554774	0.121285318555432	0.01
0.445578303	0.121285318555432	0.01
0.445615211	0.121285318555432	0.01
0.445675664	0.120630996164278	0.01
0.445691925	0.120630996164278	0.01
0.445736134	0.120630996164278	0.01
0.445857123	0.119983695899617	0.01
0.445917642	0.119983695899617	0.01
0.446038729	0.119983695899617	0.01
0.446188208	0.119983695899617	0.01
0.446319857	0.119983695899617	0.01
0.446341735	0.119983695899617	0.01
0.446395102	0.119983695899617	0.01
0.446455777	0.119983695899617	0.01
0.446465528	0.119343305323581	0.01
0.44656991	0.119343305323581	0.01
0.446633323	0.119343305323581	0.01
0.446967543	0.118709714386022	0.01
0.447158639	0.118709714386022	0.01
0.447533088	0.118709714386022	0.01
0.447542535	0.118709714386022	0.01
0.447876705	0.117462502788058	0.01
0.448701687	0.124005058515348	0.01
0.449552291	0.125273719142747	0.01
0.449715173	0.125273719142747	0.01
0.451750007	0.125917833988468	0.01
0.452986292	0.121106164069941	0.01
0.453102774	0.121106164069941	0.01
0.453117722	0.121106164069941	0.01
0.453312195	0.120483269933018	0.01
0.453607731	0.120483269933018	0.01
0.453670383	0.120483269933018	0.01
0.45367678	0.120483269933018	0.01
0.453782962	0.120483269933018	0.01
0.453802119	0.120483269933018	0.01
0.453864805	0.120483269933018	0.01
0.453927527	0.120483269933018	0.01
0.453990257	0.120483269933018	0.01
0.454053004	0.120483269933018	0.01
0.454131662	0.120483269933018	0.01
0.454172215	0.120483269933018	0.01
0.454266222	0.121106164069941	0.01
0.454278877	0.121106164069941	0.01
0.454379121	0.121106164069941	0.01
0.454423548	0.121106164069941	0.01
0.454637485	0.12237147626028	0.01
0.455665947	0.118600210757303	0.02
0.455804735	0.118600210757303	0.02
0.456455968	0.118600210757303	0.02
0.456880284	0.118600210757303	0.02
0.45760535	0.117462502788058	0.02
0.457901934	0.117462502788058	0.02
0.458022431	0.117462502788058	0.02
0.458619789	0.115796287048522	0.02
0.458664131	0.115796287048522	0.02
0.460382332	0.115251336994547	0.02
0.46331093	0.111322130628722	0.02
0.46499053	0.109245466911642	0.02
0.472596627	0.103455709297171	0.03
0.474072423	0.103455709297171	0.03
0.47699163	0.0997586554882086	0.04
0.477096915	0.0997586554882086	0.04
0.478419311	0.0997586554882086	0.04
0.478888149	0.0997586554882086	0.04
0.479732593	0.0997586554882086	0.04
0.479936634	0.0997586554882086	0.04
0.483988273	0.0966276525324804	0.04
0.484225862	0.0966276525324804	0.04
0.484458594	0.0970278914093402	0.04
0.484927676	0.0982487521835453	0.04
0.485802156	0.146354252318399	0.04
0.48628356	0.146119348062038	0.04
0.486776039	0.109415558368198	0.04
0.489107131	0.119662643833869	0.04
0.489424331	0.118552366420867	0.04
0.508934563	0.0999962668819521	0.06
0.511690912	0.0781751208876486	0.06
0.514553924	0.0889245831364677	0.07
0.514645345	0.0889245831364677	0.07
0.51473946	0.0889245831364677	0.07
0.514742139	0.0889245831364677	0.07
0.514839037	0.0892634403285845	0.07
0.514971335	0.0892634403285845	0.07
0.516063638	0.129492153418192	0.07
0.518492841	0.0969609548360685	0.07
0.529143364	0.00901852975794606	0.07
0.534226929	0.0102318069873649	0.06
0.534308248	0.0102318069873649	0.06
0.534380672	0.0102318069873649	0.06
0.536755919	0.00994510744300058	0.06
0.539174229	0.0104323033373289	0.06
0.543234343	0.0100388719171261	0.06
0.544416783	0.0104323033373289	0.06
0.55657045	0.0382807631580002	0.05
0.556645891	0.0382807631580002	0.05
0.568776608	0.0424807656302038	0.05
0.574371638	0.0424807656302038	0.05
0.583655412	0.0416499198108527	0.05
0.59079165	0.0420612401462302	0.05
0.593573546	0.0420612401462302	0.05
0.593673806	0.0420612401462302	0.05
0.593673808	0.0420612401462302	0.05
0.593754277	0.0420612401462302	0.05
0.59375428	0.0420612401462302	0.05
0.593824895	0.0420612401462302	0.05
0.593834769	0.0420612401462302	0.05
0.593915284	0.0420612401462302	0.05
0.594036974	0.0420612401462302	0.05
0.595196772	0.0366344073505547	0.06
0.595887104	0.0416499198108527	0.05
0.596219211	0.0416499198108527	0.05
0.596894832	0.0416499198108527	0.05
0.597117526	0.0416499198108527	0.05
0.602148457	0.0393415729000258	0.05
0.602674298	0.0393415729000258	0.05
0.604317115	0.0393415729000258	0.05
0.604813246	0.0393415729000258	0.05
0.604905308	0.0393415729000258	0.05
0.604905312	0.0393415729000258	0.05
0.604988853	0.0393415729000258	0.05
0.605716504	0.0393415729000258	0.05
0.605724938	0.0393415729000258	0.05
0.606051871	0.0393415729000258	0.05
0.606404306	0.0393415729000258	0.05
0.606824709	0.0408509501906284	0.05
0.608524688	0.0416499198108527	0.04
0.608756287	0.0416499198108527	0.04
0.61827716	0.0416499198108527	0.04
0.624510489	0.0416499198108527	0.04
0.630942519	0.0393415729000258	0.04
0.635412418	0.0332068692820606	0.05
0.636066531	0.0332068692820606	0.05
0.636422142	0.0332068692820606	0.05
0.637031954	0.0332068692820606	0.05
0.637260654	0.0332068692820606	0.05
0.638075882	0.0332068692820606	0.05
0.641599528	0.0329499676499529	0.05
0.644129804	0.0317228637917125	0.06
0.64559646	0.0317228637917125	0.06
0.64801212	0.0317228637917125	0.06
0.648110758	0.0317228637917125	0.06
0.648827538	0.0317228637917125	0.06
0.65703705	0.0515258874929993	0.06
0.659386285	0.0510319842686252	0.06
0.667472678	0.0469791053265715	0.07
0.667879261	0.0469791053265715	0.07
0.667879263	0.0469791053265715	0.07
0.667969788	0.0469791053265715	0.07
0.671132308	0.0469791053265715	0.07
0.678915807	0.0465681752888209	0.08
0.680410924	0.0465681752888209	0.08
0.680589305	0.0465681752888209	0.08
0.68060848	0.0465681752888209	0.08
0.680702493	0.0465681752888209	0.08
0.680786967	0.0465681752888209	0.08
0.690723937	0.0580241149662928	0.09
0.692614054	0.0594116608796421	0.09
0.697379755	0.0416499198108527	0.09
0.712354258	0.0408509501906284	0.09
0.7123899	0.0408509501906284	0.09
0.712401774	0.0408509501906284	0.09
0.713541741	0.0404628511384086	0.09
0.71365913	0.0404628511384086	0.09
0.714295462	0.0404628511384086	0.09
0.715679053	0.0408509501906284	0.09
0.717816093	0.0408509501906284	0.09
0.725609694	0.0408509501906284	0.09
0.725869057	0.0408509501906284	0.09
0.725979546	0.0408509501906284	0.09
0.726772429	0.0424807656302038	0.09
0.72717465	0.0397083630305221	0.1
0.735438378	0.0408509501906284	0.1
0.742183791	0.0400820568556778	0.11
0.762884543	0.0372756589083337	0.12
0.763284143	0.0372756589083337	0.12
0.763387603	0.0372756589083337	0.12
0.763491091	0.0372756589083337	0.12
0.765321243	0.0366344073505547	0.12
0.766651587	0.0372756589083337	0.12
0.772264397	0.0834147887852477	0.12
0.779184816	0.0416499198108527	0.11
0.786383987	0.10189791478483	0.11
0.793117932	0.0972965644489705	0.1
0.794958533	0.109128020742697	0.1
0.797194853	0.10498943040355	0.1
0.8034392	0.108114409569832	0.09
0.812482547	0.0906701551020402	0.08
0.849686346	0.105500672633648	0.05
0.856064956	0.111156110501918	0.04
0.861362559	0.0696520667293272	0.03
0.861783488	0.0791902856544029	0.03
0.866065884	0.111156110501918	0.03
0.867661243	0.110043784537476	0.03
0.870144812	0.106084627265852	0.03
0.875213305	0.112159726145193	0.02
0.877564409	0.110679266480231	0.02
0.880342154	0.106379035486155	0.02
0.882218863	0.0832369478634801	0.01
0.88244613	0.0958973594013668	0.01
0.883671839	0.114031687776696	0.01
0.884296127	0.118962341750211	0.01
0.885048106	0.116726676580861	0.01
0.885800269	0.116362209787389	0.01
0.887670141	0.114651821358271	0.01
0.888469193	0.113632185729849	0.01
0.889014569	0.11164637134575	0.01
0.889752182	0.110999767762331	0.01
0.890083013	0.110360610703404	0.01
0.890218543	0.110360610703404	0.01
0.890218544	0.110360610703404	0.01
0.890228158	0.110360610703404	0.01
0.890309475	0.110043784537476	0.01
0.890339212	0.110043784537476	0.01
0.890354074	0.110360610703404	0.01
0.890354075	0.110360610703404	0.01
0.890419078	0.110360610703404	0.01
0.890474761	0.110360610703404	0.01
0.890489605	0.110360610703404	0.01
0.890489606	0.110360610703404	0.01
0.890580647	0.110360610703404	0.01
0.890595481	0.110360610703404	0.01
0.89061031	0.110360610703404	0.01
0.890610311	0.110360610703404	0.01
0.89068659	0.110360610703404	0.01
0.890701414	0.110043784537476	0.01
0.890716233	0.110043784537476	0.01
0.890731048	0.110043784537476	0.01
0.890731049	0.110043784537476	0.01
0.890737499	0.110043784537476	0.01
0.890837018	0.110043784537476	0.01
0.890851819	0.110043784537476	0.01
0.890957836	0.110043784537476	0.01
0.890972622	0.110043784537476	0.01
0.890972623	0.110043784537476	0.01
0.891093459	0.110043784537476	0.01
0.89119957	0.110043784537476	0.01
0.891214328	0.110043784537476	0.01
0.891244043	0.110043784537476	0.01
0.891320486	0.110043784537476	0.01
0.89133523	0.110043784537476	0.01
0.891382479	0.110043784537476	0.01
0.891441435	0.110043784537476	0.01
0.891456164	0.110043784537476	0.01
0.89149835	0.110043784537476	0.01
0.891698132	0.109104127475738	0.01
0.891793338	0.109104127475738	0.01
0.891881522	0.109104127475738	0.01
0.892017347	0.109104127475738	0.01
0.89216782	0.109104127475738	0.01
0.892182462	0.109104127475738	0.01
0.892215798	0.109104127475738	0.01
0.892245091	0.109415558368198	0.01
0.89229733	0.108794464410891	0.01
0.892307805	0.108794464410891	0.01
0.892546055	0.109415558368198	0.01
0.892568748	0.109415558368198	0.01
0.89273031	0.109415558368198	0.01
0.892951888	0.107875932927624	0.01
0.892952212	0.107875932927624	0.01
0.893016766	0.107875932927624	0.01
0.89308003	0.107875932927624	0.01
0.893142511	0.107875932927624	0.01
0.893313967	0.107272147034275	0.01
0.893320622	0.107272147034275	0.01
0.893352088	0.107272147034275	0.01
0.894085351	0.106675082349442	0.01
0.89420355	0.106675082349442	0.01
0.894232534	0.106084627265852	0.01
0.894906463	0.106084627265852	0.01
0.894913415	0.106084627265852	0.01
0.894970751	0.106084627265852	0.01
0.895081202	0.106379035486155	0.01
0.895086463	0.106379035486155	0.01
0.895840307	0.106084627265852	0.01
0.896396617	0.105211099532837	0.01
0.89685771	0.104351840009671	0.01
0.896928207	0.104068530623756	0.01
0.89693811	0.104068530623756	0.01
0.897131294	0.108924634356718	0.01
0.897197773	0.107764199032774	0.01
0.897282137	0.107434038886721	0.01
0.897316929	0.107434038886721	0.01
0.89799116	0.0992898539239105	0.01
0.898155973	0.0980431463009483	0.01
0.898455429	0.0960334473219147	0.01
0.898485328	0.0964287687808435	0.01
0.898662437	0.0956413539657339	0.01
0.898755243	0.0954465054951283	0.01
0.899310528	0.0939158405977932	0.01
0.899413875	0.0977673830810971	0.01
0.900031532	0.0968012629835013	0.01
0.900307304	0.0969929564534537	0.01
0.900690942	0.104068530623756	0.01
0.90151373	0.100594588481301	0.01
0.901568195	0.100594588481301	0.01
0.902291602	0.0886042452409566	0.01
0.902919093	0.0811723715619875	0.01
0.903166806	0.0769201316651088	0.01
0.903685884	0.0616220368264482	0.01
0.903876527	0.0611167451364312	0.01
0.904039961	0.0606196726857763	0.01
0.904220945	0.0528471884235207	0.01
0.904513058	0.0530666742300622	0.01
0.905345526	0.0535111610873805	0.01
0.905541598	0.0535111610873805	0.01
0.906154318	0.0535111610873805	0.01
0.906210372	0.0528471884235207	0.01
0.906508268	0.0530666742300622	0.01
0.906786831	0.0524136189341029	0.01
0.906922556	0.0526295107419872	0.01
0.906983581	0.0535111610873805	0.01
0.90712089	0.0535111610873805	0.01
0.907185931	0.0539631568901149	0.01
0.907198748	0.0544228535379189	0.01
0.907199842	0.0544228535379189	0.01
0.907324045	0.050330249872261	0.01
0.907336843	0.050330249872261	0.01
0.907336844	0.050330249872261	0.01
0.907436592	0.050330249872261	0.01
0.907449378	0.050330249872261	0.01
0.90746216	0.050330249872261	0.01
0.907536422	0.050330249872261	0.01
0.9075492	0.050330249872261	0.01
0.907574745	0.050330249872261	0.01
0.907587512	0.050330249872261	0.01
0.907674633	0.050330249872261	0.01
0.907712898	0.050330249872261	0.01
0.907951053	0.050330249872261	0.01
0.908076559	0.0505474597976711	0.01
0.908089263	0.0505474597976711	0.01
0.908089264	0.0505474597976711	0.01
0.908151307	0.0505474597976711	0.01
0.90817671	0.0507665526721798	0.01
0.908202099	0.0507665526721798	0.01
0.908214789	0.0507665526721798	0.01
0.908289632	0.0505474597976711	0.01
0.908453284	0.0505474597976711	0.01
0.908566283	0.0505474597976711	0.01
0.908577365	0.0505474597976711	0.01
0.908691978	0.0512104860623561	0.01
0.908855181	0.0509875530867339	0.01
0.908943472	0.0509875530867339	0.01
0.909094444	0.0509875530867339	0.01
0.909183517	0.0509875530867339	0.01
0.909207673	0.0509875530867339	0.01
0.909270732	0.0509875530867339	0.01
0.909308419	0.0509875530867339	0.01
0.909409249	0.0512104860623561	0.01
0.909446878	0.0514353770595892	0.01
0.909620416	0.0514353770595892	0.01
0.909642167	0.0514353770595892	0.01
0.909925885	0.0509875530867339	0.01
0.910014581	0.0507665526721798	0.01
0.910051995	0.0512104860623561	0.01
0.910204731	0.0512104860623561	0.01
0.910267	0.0512104860623561	0.01
0.910467776	0.0514353770595892	0.01
0.911062134	0.0516622519881884	0.01
0.91113001	0.0516622519881884	0.01
0.911383512	0.0516622519881884	0.01
0.911632099	0.05235504640877	0.01
0.911747931	0.05235504640877	0.01
0.911776598	0.05235504640877	0.01
0.912015459	0.05235504640877	0.01
0.912488931	0.0521220595845432	0.01
0.912630246	0.0518911372170731	0.01
0.912707801	0.0518911372170731	0.01
0.912776305	0.0514353770595892	0.01
0.912967277	0.0525901254985692	0.01
0.913006436	0.0525901254985692	0.01
0.913244462	0.0530666742300622	0.01
0.913751419	0.0525901254985692	0.01
0.914018042	0.0528273251644665	0.01
0.914696902	0.0612907133662343	0.01
0.914870556	0.0612907133662343	0.01
0.914968567	0.0612907133662343	0.01
0.914983658	0.0612907133662343	0.01
0.915269563	0.0612907133662343	0.01
0.915559183	0.062115836659431	0.01
0.916163647	0.0626783730563063	0.01
0.916208994	0.0623958369817447	0.01
0.916688985	0.063251191507806	0.01
0.916912552	0.0635415450032771	0.01
0.918238351	0.0520294444434352	0.01
0.918456927	0.0518734586815162	0.02
0.918483627	0.0518734586815162	0.02
0.918837351	0.0526628828229676	0.02
0.919655338	0.0530666742300622	0.02
0.920002472	0.0530666742300622	0.02
0.922071236	0.0543160759078483	0.02
0.922455062	0.0547457202861675	0.02
0.922504312	0.0547457202861675	0.02
0.922763582	0.0547457202861675	0.02
0.923473233	0.0560764269617317	0.02
0.924160807	0.0556257279413773	0.02
0.924412009	0.0560764269617317	0.02
0.924507726	0.0560764269617317	0.02
0.924627878	0.0563045264026769	0.02
0.926193857	0.0574734363539552	0.02
0.927872541	0.0396344588763575	0.02
0.929379518	0.0515258874929993	0.02
0.93064775	0.0482565925774621	0.03
0.934071327	0.0507327225372263	0.03
0.934700606	0.0505474597976711	0.03
0.938446291	0.0318176585958541	0.03
0.938770844	0.0332068692820606	0.03
0.941112169	0.0232831222892799	0.03
0.942896738	0.0170186933705719	0.03
0.944027825	0.0186589840871759	0.03
0.947518522	0.0210575591229901	0.03
0.949342587	0.0464520838208289	0.04
0.950306111	0.0366344073505547	0.04
0.951999424	0.0310295137446372	0.04
0.954119877	0.0354158912414467	0.04
0.954191796	0.0354158912414467	0.04
0.956549025	0.0389814969048087	0.04
0.956766863	0.0400820568556778	0.04
0.956780018	0.0400820568556778	0.04
0.95679317	0.0400820568556778	0.04
0.957016096	0.0404628511384086	0.04
0.957077957	0.0404628511384086	0.04
0.957486775	0.0404628511384086	0.04
0.958321379	0.0408509501906284	0.04
0.959642592	0.0344979283860999	0.05
0.959665139	0.0344979283860999	0.05
0.959857154	0.0344979283860999	0.05
0.960819071	0.036888242087702	0.05
0.964446178	0.0354158912414467	0.05
0.964458654	0.0354158912414467	0.05
0.966290332	0.0389814969048087	0.05
0.966653906	0.0389814969048087	0.05
0.966980911	0.0404628511384086	0.05
0.966980912	0.0404628511384086	0.05
0.966986309	0.0404628511384086	0.05
0.967139043	0.0404628511384086	0.05
0.967144414	0.0404628511384086	0.05
0.967302572	0.0404628511384086	0.05
0.96746078	0.0404628511384086	0.05
0.967608447	0.0404628511384086	0.05
0.967772081	0.0404628511384086	0.05
0.967935716	0.0404628511384086	0.05
0.968083686	0.0404628511384086	0.05
0.968237002	0.0404628511384086	0.05
0.968861479	0.043984923127225	0.06
0.974203145	0.0379397594523323	0.06
0.97801719	0.0408509501906284	0.06
0.981915796	0.0428224600397966	0.06
0.9860103	0.0292534646313247	0.06
1.023898132	0.0510319842686252	0.07
1.027349785	0.049147561484777	0.08
1.029078227	0.049605498467119	0.08
1.029659545	0.0500720494522157	0.08
1.030020301	0.0500720494522157	0.08
1.030397618	0.0505474597976711	0.08
1.031531241	0.0505474597976711	0.08
1.031720423	0.0505474597976711	0.08
1.0327094	0.0510319842686252	0.08
1.033463082	0.049147561484777	0.08
1.034014818	0.049147561484777	0.08
1.034376329	0.0500720494522157	0.08
1.034854243	0.0500720494522157	0.08
1.035677928	0.0500720494522157	0.08
1.036124234	0.0500720494522157	0.08
1.038905957	0.0465681752888209	0.09
1.039046839	0.0465681752888209	0.09
1.043349328	0.0473973522436118	0.09
1.044012776	0.0453774155071424	0.09
1.049025044	0.0478231132181498	0.09
1.054783865	0.0530666742300622	0.09
1.056246636	0.0530666742300622	0.09
1.057424783	0.0469791053265715	0.1
1.058571278	0.0478231132181498	0.1
1.068168044	0.0473973522436118	0.11
1.06860264	0.0478231132181498	0.11
1.070326964	0.0500720494522157	0.11
1.076612069	0.0652642118273099	0.12
1.088407982	0.0628562611388978	0.13
1.091073782	0.0662798536509558	0.13
1.112743253	0.0784952930737041	0.14
1.113082372	0.0784952930737041	0.14
1.113233383	0.0784952930737041	0.14
1.11414031	0.0784952930737041	0.14
1.116382888	0.0799691316990946	0.14
1.125633627	0.0623958369817447	0.13
1.13205703	0.0623958369817447	0.12
1.133988353	0.0623958369817447	0.12
1.134317617	0.0623958369817447	0.12
1.136767134	0.0636389227930098	0.11
1.137302108	0.0636389227930098	0.11
1.187305519	0.0438813398617898	0.15
1.18762744	0.0435226090116695	0.15
1.192009701	0.0431696958657598	0.15
1.208724051	0.030657258374284	0.13
1.209215802	0.030657258374284	0.13
1.209751115	0.030657258374284	0.13
1.209825949	0.030657258374284	0.13
1.210085375	0.030657258374284	0.13
1.210771389	0.030657258374284	0.13
1.21086869	0.030657258374284	0.13
1.212614931	0.030657258374284	0.13
1.224141399	0.0303658238108726	0.12
1.226416878	0.0303658238108726	0.12
1.226767373	0.0303658238108726	0.12
1.245566855	0.0465681752888209	0.12
1.246668032	0.0465681752888209	0.12
1.248955951	0.046164371791265	0.12
1.265568721	0.0530666742300622	0.1
1.270253663	0.0520294444434352	0.1
1.275739262	0.0525429409477737	0.09
1.278899002	0.0500720494522157	0.1
1.289511656	0.0424807656302038	0.1
1.297280078	0.0584030007675091	0.11
1.302603198	0.0584030007675091	0.12
1.303502827	0.0584030007675091	0.12
1.325958837	0.0295238435829179	0.12
1.335485912	0.0424807656302038	0.12
1.335508208	0.0424807656302038	0.12
1.335711503	0.0424807656302038	0.12
1.335892556	0.0424807656302038	0.12
1.33638917	0.0424807656302038	0.12
1.336413828	0.0424807656302038	0.12
1.336595099	0.0420612401462302	0.12
1.336665633	0.0420612401462302	0.12
1.337161305	0.0420612401462302	0.12
1.337524247	0.0420612401462302	0.12
1.337777279	0.0420612401462302	0.12
1.338686534	0.0420612401462302	0.12
1.343443085	0.0420612401462302	0.12
1.346883901	0.0420612401462302	0.13
1.360533959	0.0612003841697474	0.13
1.360981621	0.0612003841697474	0.13
1.36116959	0.0612003841697474	0.13
1.361338457	0.0612003841697474	0.13
1.36135761	0.0612003841697474	0.13
1.361952473	0.0612003841697474	0.13
1.364721715	0.0420612401462302	0.12
1.365659238	0.0636389227930098	0.12
1.368578346	0.0612003841697474	0.13
1.373967278	0.0606196726857764	0.13
1.377139612	0.0636389227930098	0.13
1.384187356	0.0589418303851785	0.13
1.385801753	0.0578739335619199	0.13
1.430594094	0.0636389227930098	0.1
1.434752614	0.0636389227930098	0.1
1.436494579	0.0636389227930098	0.11
1.440102642	0.0636389227930098	0.11
1.448119954	0.0612003841697474	0.12
1.450462129	0.0612003841697474	0.12
1.450674974	0.0612003841697474	0.12
1.450928234	0.0612003841697474	0.12
1.45657643	0.0612003841697474	0.13
1.484067531	0.0600498779984094	0.15
1.484117024	0.0600498779984094	0.15
1.485393153	0.0600498779984094	0.15
1.488337206	0.0600498779984094	0.16
1.502972103	0.0594906951368906	0.17
1.511734415	0.0594906951368906	0.18
1.511964569	0.0594906951368906	0.18
1.512194724	0.0594906951368906	0.18
1.512403577	0.0594906951368906	0.18
1.513239565	0.0594906951368906	0.18
1.515375804	0.0594906951368906	0.18
1.516740221	0.0594906951368906	0.19
1.517647523	0.0584030007675091	0.19
1.519065464	0.0584030007675091	0.19
1.523536021	0.0584030007675091	0.19
1.558531046	0.130233127006059	0.23
1.55916507	0.12791528374868	0.23
1.561070241	0.154160963832275	0.22
1.595579044	0.148800768952999	0.19
1.611568792	0.172225607850597	0.17
1.652341299	0.157067678837916	0.14
1.707257935	0.197249006547436	0.08
1.730827961	0.182740683604885	0.06
1.745720251	0.183530113579421	0.04
1.758275756	0.200791547519931	0.03
1.768990518	0.197249006547436	0.02
1.77492366	0.185777247327945	0.02
1.777374698	0.212226125972587	0.01
1.780115455	0.199004512815172	0.01
1.780627841	0.199004512815172	0.01
1.780657571	0.199004512815172	0.01
1.780657572	0.199004512815172	0.01
1.780839524	0.197249006547436	0.01
1.780928629	0.197249006547436	0.01
1.78092863	0.197249006547436	0.01
1.781081012	0.197249006547436	0.01
1.781140367	0.197249006547436	0.01
1.781170031	0.197249006547436	0.01
1.781170032	0.197249006547436	0.01
1.781411498	0.197249006547436	0.01
1.781411499	0.197249006547436	0.01
1.781653031	0.197249006547436	0.01
1.7818108	0.197249006547436	0.01
1.781835463	0.197249006547436	0.01
1.781894629	0.197249006547436	0.01
1.782136292	0.195524201634185	0.01
1.782136293	0.195524201634185	0.01
1.782378022	0.193829299671146	0.01
1.782531315	0.193829299671146	0.01
1.782590324	0.193829299671146	0.01
1.783103602	0.193829299671146	0.01
1.783587651	0.193829299671146	0.01
1.78377107	0.193829299671146	0.01
1.783829774	0.193829299671146	0.01
1.784314217	0.193829299671146	0.01
1.78446873	0.193829299671146	0.01
1.784506241	0.193829299671146	0.01
1.784933025	0.199004512815172	0.01
1.785322292	0.199004512815172	0.01
1.785497332	0.199004512815172	0.01
1.785988286	0.197249006547436	0.01
1.787927091	0.189637424982415	0.01
1.788780487	0.189637424982415	0.01
1.788872102	0.189637424982415	0.01
1.78918715	0.189637424982415	0.01
1.790033715	0.186319051653346	0.01
1.790095821	0.186319051653346	0.01
1.790737455	0.188664749807655	0.01
1.79204453	0.187333689700353	0.02
1.792147241	0.187333689700353	0.02
1.795643534	0.146758707351379	0.02
1.799436111	0.133532622795011	0.02
1.801889818	0.0548904495255803	0.02
1.813240824	0.077778559982486	0.03
1.813716026	0.0784952930737041	0.03
1.814069382	0.0792253584811875	0.03
1.814069384	0.0792253584811875	0.03
1.814345569	0.0807270024558784	0.03
1.814596154	0.0727491223319619	0.03
1.814621757	0.0727491223319619	0.03
1.814872379	0.0727491223319619	0.03
1.815123071	0.0734661917081759	0.03
1.815169565	0.0734661917081759	0.03
1.815288509	0.0734661917081759	0.03
1.815322808	0.0741975377423278	0.03
1.815624663	0.138639208584988	0.04
1.815850116	0.138639208584988	0.04
1.815875562	0.138639208584988	0.04
1.816374833	0.138639208584988	0.04
1.816377569	0.138639208584988	0.04
1.81637757	0.138639208584988	0.04
1.816879855	0.138639208584988	0.04
1.817382419	0.134021571508924	0.04
1.817633804	0.134021571508924	0.04
1.818036082	0.134021571508924	0.04
1.819217405	0.134021571508924	0.04
1.819395454	0.134021571508924	0.04
1.819410514	0.134021571508924	0.04
1.81989941	0.134021571508924	0.04
1.820606159	0.134699752205044	0.04
1.823267442	0.0706795126435856	0.04
1.823345161	0.0706795126435856	0.04
1.824759677	0.0674799951935802	0.04
1.824985083	0.0680965132603064	0.04
1.829613575	0.128832449546284	0.05
1.830016016	0.128832449546284	0.05
1.836263396	0.049605498467119	0.05
1.839735229	0.0525429409477737	0.05
1.842215909	0.0642792266860071	0.06
1.844053766	0.0724838170045899	0.06
1.846490238	0.049605498467119	0.06
1.860668056	0.121946777963775	0.08
1.860714054	0.121946777963775	0.08
1.872927722	0.0525429409477737	0.07
1.877534086	0.0515258874929993	0.07
1.933588634	0.0573543658399788	0.12
1.934242286	0.0594906951368906	0.12
1.93486401	0.0548904495255803	0.13
1.938309591	0.0548904495255803	0.13
1.938319698	0.0548904495255803	0.13
1.939501786	0.0548904495255803	0.13
1.945075766	0.0613683508876408	0.14
1.947078383	0.0613683508876408	0.14
1.956133657	0.0613683508876408	0.15
1.95745413	0.0613683508876408	0.15
1.961031557	0.0613683508876408	0.15
2.03833515	0.0691494646859107	0.23
2.039242563	0.0691494646859107	0.23
2.045755957	0.0925146188465156	0.23
2.049316864	0.0649325463905426	0.24
2.057190684	0.0649325463905426	0.25
2.058434493	0.0649325463905426	0.25
2.058810915	0.0649325463905426	0.25
2.060706206	0.0649325463905426	0.25
2.077371996	0.0649325463905426	0.27
2.077653506	0.0649325463905426	0.27
2.079378601	0.0649325463905426	0.27
2.119081815	0.0632190937242179	0.31
2.122322709	0.0632190937242179	0.31
2.130868897	0.0632190937242179	0.32
2.175983465	0.0890748681784264	0.36
2.201956234	0.0628047676176873	0.39
2.21647999	0.0916300135510636	0.4
2.22607531	0.0866583596770313	0.41
2.230993963	0.0684090162050413	0.42
2.268175967	0.164925383956713	0.41
2.273953022	0.175566515099289	0.4
2.279085054	0.173084829376398	0.4
2.283420782	0.176892296301946	0.39
2.287430653	0.174316839970128	0.39
2.36737444	0.197804207681091	0.31
2.401471639	0.21023077283576	0.28
2.416816988	0.212226125972587	0.26
2.57811595	0.220688344639149	0.15
2.634889835	0.228257877593909	0.09
2.644514931	0.228257877593909	0.08
2.65353762	0.230232097679567	0.07
2.664122924	0.230232097679567	0.06
2.669724846	0.222533267716135	0.06
2.67074212	0.222533267716135	0.06
2.671148642	0.222533267716135	0.06
2.671193019	0.222533267716135	0.06
2.671193179	0.222533267716135	0.06
2.671237545	0.222533267716135	0.06
2.671237705	0.222533267716135	0.06
2.671599486	0.261950978247028	0.05
2.671599646	0.261950978247028	0.05
2.671872794	0.236365118399988	0.05
2.671961685	0.236365118399988	0.05
2.672323822	0.232240766076602	0.05
2.672686057	0.230232097679567	0.05
2.673410821	0.230232097679567	0.05
2.674201502	0.230232097679567	0.05
2.674498542	0.230232097679567	0.05
2.674817434	0.230232097679567	0.05
2.67498819	0.230232097679567	0.05
2.675906626	0.222533267716135	0.05
2.67595059	0.222533267716135	0.05
2.678640892	0.222533267716135	0.05
2.679543675	0.222533267716135	0.05
2.679587204	0.222533267716135	0.05
2.68050645	0.222533267716135	0.05
2.681604422	0.222533267716135	0.05
2.690797174	0.219249334147529	0.04
2.690995907	0.219249334147529	0.04
2.692790444	0.229076339912228	0.03
2.714352711	0.21023077283576	0.05
2.716197088	0.21023077283576	0.05
2.721339166	0.223828697238468	0.06
2.721753239	0.223828697238468	0.06
2.722090639	0.223828697238468	0.06
2.72212898	0.223828697238468	0.06
2.722504826	0.223828697238468	0.06
2.725138453	0.205167187488807	0.06
2.725892101	0.205167187488807	0.06
2.733911556	0.2185282181213	0.07
2.734951629	0.205167187488807	0.07
2.741703646	0.216816741702318	0.08
2.758261585	0.20353309874823	0.09
2.784781798	0.197249006547436	0.12
2.814579483	0.197249006547436	0.15
2.857457722	0.197249006547436	0.19
2.884109016	0.208646326222191	0.22
2.885327778	0.195738150825974	0.22
3.091199805	0.180992563456809	0.42
3.116410384	0.20169715465951	0.45
3.116832706	0.20169715465951	0.45
3.153761559	0.229076339912228	0.49
3.194633906	0.216517495447795	0.53
3.479484296	0.212701137735262	0.81
3.557717034	0.216332661363453	0.890000000000001
3.561529658	0.224476883679112	0.890000000000001
3.561648443	0.205167187488807	0.890000000000001
3.565454716	0.194842696270542	0.890000000000001
3.566965252	0.198474588649076	0.890000000000001
3.567214517	0.198474588649076	0.890000000000001
3.568359469	0.198474588649076	0.890000000000001
3.571812505	0.197737418575758	0.900000000000001
3.572123566	0.205365043094618	0.900000000000001
3.579984214	0.212226125972587	0.900000000000001
3.62901857	0.168615885975086	0.920000000000001
3.62939674	0.168615885975086	0.920000000000001
3.6300627	0.168615885975086	0.920000000000001
3.631023885	0.168615885975086	0.920000000000001
3.631169027	0.168615885975086	0.920000000000001
3.633483005	0.168615885975086	0.920000000000001
3.707141358	0.168615885975086	1
3.778072999	0.165342945539663	1.07
4.078052931	0.196641874010067	1.36
4.442577106	0.187963593535525	1.73
4.445571488	0.189637424982415	1.73
4.452121847	0.187963593535525	1.74
4.453328856	0.187963593535525	1.74
4.459832487	0.193076143237546	1.74
4.464002998	0.187963593535525	1.75
4.478685952	0.193076143237546	1.76
4.492707945	0.187963593535525	1.78
4.536342962	0.189637424982415	1.82
4.537444354	0.189637424982415	1.82
4.537596069	0.189637424982415	1.82
4.773228095	0.184703037218012	2.06
4.895921957	0.186319051653346	2.18
5.341769851	0.229292701195505	2.60999999999999
5.342582978	0.229292701195505	2.60999999999999
5.343129076	0.229292701195505	2.60999999999999
5.346842194	0.229292701195505	2.61999999999999
5.443653327	0.223191803587893	2.68999999999999
5.445157132	0.223191803587893	2.68999999999999
6.35095118	0.270262089530138	2.79999999999998
7	0.251633326552446	3.42999999999997
