thrs	post_p	finalwindow
0	0.103007578066989	0.23
0.070216248	0.084674289396376	0.18
0.082355146	0.084674289396376	0.17
0.089689176	0.0786733138229948	0.17
0.093809574	0.0777548824362123	0.17
0.098963073	0.0786733138229948	0.16
0.103967892	0.0777548824362123	0.16
0.106977596	0.0777548824362123	0.16
0.115659216	0.0777548824362123	0.17
0.123778241	0.0910398615164735	0.18
0.127200542	0.0636393142139415	0.17
0.127695348	0.0671207589908017	0.17
0.128068503	0.0671207589908017	0.17
0.129609166	0.0818978734979882	0.17
0.130460633	0.0812319872459304	0.17
0.14705261	0.0642532346513096	0.15
0.148427326	0.0671207589908017	0.15
0.155752372	0.08981225609189	0.15
0.161204767	0.0799321796381213	0.14
0.172569069	0.0935985796494054	0.13
0.178140913	0.0671207589908017	0.12
0.178358463	0.0671207589908017	0.12
0.181430774	0.0799321796381213	0.12
0.181486035	0.0799321796381213	0.12
0.181824923	0.0799321796381213	0.12
0.186084933	0.0880316923703134	0.12
0.194681585	0.0916663355393769	0.11
0.205298456	0.0942608913221021	0.1
0.22265244	0.100741389650893	0.08
0.222656148	0.100741389650893	0.08
0.222686318	0.100741389650893	0.08
0.222716495	0.0991061229643964	0.08
0.226728961	0.0930635714884328	0.08
0.226867021	0.0930635714884328	0.08
0.226923294	0.0930635714884328	0.08
0.226929675	0.0930635714884328	0.08
0.226982815	0.0930635714884328	0.08
0.227177477	0.0937782852963201	0.08
0.230426372	0.0930635714884328	0.08
0.237068117	0.0805768418928342	0.07
0.241897099	0.0792977508659574	0.07
0.24235868	0.0792977508659574	0.07
0.242615688	0.0830898257750944	0.06
0.242875367	0.081563571318201	0.06
0.243116147	0.0800923761989843	0.06
0.254481698	0.081563571318201	0.05
0.256228734	0.0800923761989843	0.05
0.256259656	0.0800923761989843	0.05
0.256650521	0.0793765031558108	0.05
0.263775407	0.0779824740690151	0.05
0.287097646	0.0580890766945173	0.05
0.295749179	0.0655173090853502	0.04
0.296044019	0.0655173090853502	0.04
0.296834617	0.0612966303435394	0.05
0.296839561	0.0612966303435394	0.05
0.296874128	0.0612966303435394	0.05
0.296879772	0.0612966303435394	0.05
0.296960227	0.0612966303435394	0.05
0.297161557	0.0612966303435394	0.05
0.29723727	0.0612966303435394	0.05
0.297242165	0.0612966303435394	0.05
0.297345093	0.0612966303435394	0.05
0.29736316	0.0612966303435394	0.05
0.297631463	0.0612966303435394	0.05
0.298432807	0.0612966303435394	0.05
0.299120783	0.0612966303435394	0.05
0.29926506	0.0612966303435394	0.05
0.299931082	0.0612966303435394	0.05
0.301159527	0.0607376631954354	0.05
0.302397905	0.0601887984240063	0.05
0.302406093	0.0601887984240063	0.05
0.302443572	0.0601887984240063	0.05
0.302452098	0.0601887984240063	0.05
0.302453753	0.0601887984240063	0.05
0.302493847	0.0601887984240063	0.05
0.302531356	0.0601887984240063	0.05
0.302535608	0.0601887984240063	0.05
0.302694303	0.0601887984240063	0.05
0.303037639	0.0601887984240063	0.05
0.303062807	0.0601887984240063	0.05
0.303998368	0.0661681829979912	0.04
0.305094409	0.0661681829979912	0.04
0.306047128	0.0655173090853502	0.04
0.306464617	0.0655173090853502	0.04
0.308759935	0.0655173090853502	0.04
0.319078068	0.0661681829979912	0.03
0.320217262	0.0661681829979912	0.03
0.322066605	0.0648791152933138	0.03
0.322435043	0.0648791152933138	0.03
0.322591403	0.0648791152933138	0.03
0.322777267	0.0648791152933138	0.03
0.323097253	0.0648791152933138	0.03
0.323165924	0.0648791152933138	0.03
0.323537089	0.0648791152933138	0.03
0.323808824	0.0648791152933138	0.03
0.324596864	0.0648791152933138	0.03
0.327195424	0.0575868389845343	0.04
0.333944256	0.0561309165667624	0.04
0.334029253	0.0561309165667624	0.04
0.338071632	0.053004107895658	0.05
0.343625259	0.0513689422716904	0.05
0.343706753	0.0513689422716904	0.05
0.345554528	0.0509757941293855	0.05
0.350684009	0.0509757941293855	0.06
0.351815198	0.0509757941293855	0.06
0.356206548	0.049831646419613	0.06
0.356351443	0.049831646419613	0.06
0.357086112	0.0561309165667624	0.06
0.360733393	0.0328654236171436	0.06
0.363236679	0.0483836889374754	0.07
0.363936107	0.0483836889374754	0.07
0.366130409	0.0490969942900023	0.07
0.367161303	0.0552005225203988	0.07
0.367663989	0.0511323290259926	0.07
0.382008897	0.101846975962729	0.07
0.386863037	0.109799974263014	0.06
0.386909127	0.121152611978994	0.06
0.389222512	0.117116246969429	0.06
0.389825341	0.115829903075834	0.06
0.395214438	0.108821460455958	0.06
0.412388288	0.135123550760918	0.04
0.415094538	0.121852545254291	0.04
0.415772448	0.0707895420027409	0.03
0.418471182	0.145367827145569	0.03
0.419019267	0.144372781789105	0.03
0.440249622	0.154981277753849	0.01
0.440316292	0.154981277753849	0.01
0.441698853	0.154981277753849	0.01
0.444236336	0.129681776115876	0.01
0.444770984	0.123892467536084	0.01
0.445049535	0.123892467536084	0.01
0.445117302	0.134613948860779	0.01
0.445185067	0.133876022475858	0.01
0.445185068	0.133876022475858	0.01
0.445245414	0.133876022475858	0.01
0.44525283	0.133876022475858	0.01
0.445252832	0.133876022475858	0.01
0.445252833	0.133876022475858	0.01
0.445252835	0.133876022475858	0.01
0.44531318	0.133876022475858	0.01
0.445313188	0.133876022475858	0.01
0.44531319	0.133876022475858	0.01
0.445373562	0.133876022475858	0.01
0.445419149	0.133876022475858	0.01
0.445433949	0.133876022475858	0.01
0.445494353	0.133876022475858	0.01
0.445554774	0.133876022475858	0.01
0.445578303	0.133876022475858	0.01
0.445615211	0.133876022475858	0.01
0.445653547	0.133876022475858	0.01
0.445675664	0.132424177471904	0.01
0.445691925	0.137615114251877	0.01
0.445736134	0.137615114251877	0.01
0.445849774	0.136147470244728	0.01
0.445917642	0.136147470244728	0.01
0.445978177	0.136147470244728	0.01
0.446038729	0.136147470244728	0.01
0.446188208	0.13542532512312	0.01
0.446319857	0.13542532512312	0.01
0.446341735	0.13542532512312	0.01
0.446351359	0.13542532512312	0.01
0.446394864	0.13542532512312	0.01
0.446455777	0.13542532512312	0.01
0.44656991	0.13542532512312	0.01
0.446633323	0.13542532512312	0.01
0.446772341	0.13542532512312	0.01
0.446888185	0.13542532512312	0.01
0.446967543	0.13542532512312	0.01
0.447158639	0.13542532512312	0.01
0.447876705	0.13542532512312	0.01
0.447928306	0.13471080029876	0.01
0.448701687	0.139749281288983	0.01
0.449715173	0.1382984116787	0.01
0.451750007	0.139749281288983	0.01
0.453102774	0.137584215671639	0.01
0.453117722	0.137584215671639	0.01
0.453607731	0.134799703292191	0.01
0.453670383	0.134799703292191	0.01
0.45367678	0.134799703292191	0.01
0.453739439	0.134799703292191	0.01
0.453782962	0.134799703292191	0.01
0.453864814	0.134799703292191	0.01
0.453927527	0.134799703292191	0.01
0.453952078	0.134799703292191	0.01
0.453977538	0.134799703292191	0.01
0.453990257	0.134799703292191	0.01
0.454053004	0.134799703292191	0.01
0.454131662	0.134799703292191	0.01
0.454228692	0.134799703292191	0.01
0.454266222	0.13548521115706	0.01
0.454291524	0.13548521115706	0.01
0.454297847	0.13548521115706	0.01
0.454423548	0.13548521115706	0.01
0.454543029	0.13548521115706	0.01
0.454637485	0.13548521115706	0.01
0.455078808	0.134121097366831	0.01
0.455180191	0.13548521115706	0.01
0.455665947	0.161472104603182	0.01
0.455678249	0.164283456875474	0.01
0.455804735	0.168688961749748	0.01
0.456133439	0.142275202102296	0.01
0.457901934	0.124704336816029	0.02
0.458619789	0.123547750609562	0.02
0.459124851	0.122977465549745	0.02
0.460382332	0.121852545254291	0.02
0.462114195	0.122977465549745	0.02
0.46331093	0.122977465549745	0.02
0.464728436	0.120203230243501	0.02
0.46499053	0.120748018534069	0.02
0.472596627	0.115512720178331	0.03
0.474072423	0.115512720178331	0.03
0.47699163	0.0511323290259926	0.03
0.477096915	0.0511323290259926	0.03
0.478419311	0.0536012866993734	0.03
0.478888149	0.054123968888298	0.03
0.479732593	0.054123968888298	0.03
0.479936634	0.054123968888298	0.03
0.483511101	0.107150383318897	0.04
0.483671852	0.107150383318897	0.04
0.484458594	0.107583065746886	0.04
0.485802156	0.119537005898172	0.04
0.485999254	0.0972244485212232	0.04
0.48628356	0.0910398615164735	0.04
0.489424331	0.0468192003295316	0.04
0.499369323	0.0428438281349415	0.05
0.50407637	0.100672176866589	0.06
0.508934563	0.041251717800553	0.06
0.514553924	0.098440325020967	0.07
0.514839037	0.0988054027537245	0.07
0.514971335	0.0988054027537245	0.07
0.51502476	0.0988054027537245	0.07
0.51682809	0.0511997100934974	0.07
0.518492841	0.0386654110717893	0.07
0.518564452	0.0386654110717893	0.07
0.520735072	0.0394907107719287	0.07
0.534226929	0.0520921060224519	0.06
0.534308248	0.0516077555386348	0.06
0.534888196	0.0511323290259926	0.06
0.536755919	0.0601887984240063	0.06
0.539174229	0.061865981374751	0.06
0.544416783	0.0661681829979912	0.06
0.55657045	0.141875562731621	0.05
0.556645891	0.141875562731621	0.05
0.559788571	0.140592099789955	0.05
0.562444529	0.140592099789955	0.05
0.572491616	0.140592099789955	0.06
0.574371638	0.140592099789955	0.06
0.583655412	0.150096958568242	0.06
0.586308239	0.145870511145147	0.06
0.59079165	0.14451409629677	0.06
0.591193432	0.14451409629677	0.06
0.591819223	0.14451409629677	0.06
0.593402747	0.14451409629677	0.06
0.593673806	0.14451409629677	0.06
0.593673808	0.14451409629677	0.06
0.59375428	0.14451409629677	0.06
0.593824895	0.14451409629677	0.06
0.593915284	0.14451409629677	0.06
0.594036974	0.14451409629677	0.06
0.594237558	0.147252629975626	0.06
0.594318181	0.148661190410596	0.06
0.595015574	0.150096958568242	0.06
0.595887104	0.150096958568242	0.06
0.596894832	0.151560730452024	0.06
0.597117526	0.151560730452024	0.06
0.604813246	0.139331650096875	0.07
0.604905308	0.140592099789955	0.07
0.60490531	0.140592099789955	0.07
0.604905312	0.140592099789955	0.07
0.604988853	0.140592099789955	0.07
0.605716504	0.140592099789955	0.07
0.606051871	0.140592099789955	0.07
0.607971158	0.151560730452024	0.06
0.608524688	0.151560730452024	0.06
0.608756287	0.151560730452024	0.06
0.636066531	0.153053333422262	0.05
0.636422142	0.145870511145147	0.06
0.637031954	0.145870511145147	0.06
0.637881775	0.14451409629677	0.06
0.638075882	0.14451409629677	0.06
0.641599528	0.14451409629677	0.06
0.644129804	0.148661190410596	0.06
0.64559646	0.148661190410596	0.06
0.648110758	0.150096958568242	0.06
0.659386285	0.135682353007076	0.07
0.667472678	0.133353866142397	0.08
0.667879263	0.133353866142397	0.08
0.667969788	0.133353866142397	0.08
0.671132308	0.13809360019054	0.08
0.678915807	0.123793780853756	0.09
0.680410924	0.123793780853756	0.09
0.680589305	0.123793780853756	0.09
0.68060848	0.123793780853756	0.09
0.680702493	0.123793780853756	0.09
0.680786967	0.123793780853756	0.09
0.689921535	0.119971251519215	0.1
0.692614054	0.126824445430836	0.1
0.697379755	0.113820737083701	0.11
0.712401774	0.116377716903167	0.12
0.713541741	0.117255766121528	0.12
0.71365913	0.117255766121528	0.12
0.714295462	0.109799974263014	0.13
0.715653707	0.109799974263014	0.13
0.725869057	0.107521040150881	0.14
0.725979546	0.107521040150881	0.14
0.742183791	0.0871676259322533	0.14
0.744518666	0.081563571318201	0.14
0.756100951	0.0868833608978612	0.14
0.763387603	0.0912098672585947	0.13
0.763491091	0.0909833336808056	0.13
0.765321243	0.0877155114748486	0.13
0.766651587	0.0868833608978612	0.13
0.772093843	0.0807940463291857	0.12
0.779976345	0.0870169013693292	0.12
0.786383987	0.0905336256231349	0.11
0.793117932	0.0906680705602069	0.1
0.794958533	0.0959898467414431	0.1
0.797194853	0.0918962873063171	0.1
0.799403767	0.0905665409138977	0.1
0.812482547	0.0953403094079044	0.08
0.817085993	0.0949941863477171	0.08
0.849686346	0.0983548161144591	0.05
0.861783488	0.0963827076911756	0.03
0.866065884	0.103590145940945	0.03
0.867661243	0.103478263758807	0.03
0.875954975	0.103883907955992	0.02
0.880342154	0.0986117896555494	0.02
0.882218863	0.0986486098186374	0.01
0.88244613	0.104625654256784	0.01
0.882485476	0.104625654256784	0.01
0.884296127	0.109799974263014	0.01
0.885800269	0.105682073913096	0.01
0.886381245	0.105378069086642	0.01
0.887670141	0.105503035476884	0.01
0.889014569	0.102078936761572	0.01
0.889209764	0.102078936761572	0.01
0.889576687	0.101257360405703	0.01
0.889752182	0.101257360405703	0.01
0.889857915	0.101257360405703	0.01
0.890068113	0.100986432605693	0.01
0.890083013	0.100986432605693	0.01
0.890218543	0.100986432605693	0.01
0.890218544	0.100986432605693	0.01
0.890228158	0.100986432605693	0.01
0.890309475	0.100182278785686	0.01
0.890339212	0.100182278785686	0.01
0.890354074	0.10071695074502	0.01
0.890354075	0.10071695074502	0.01
0.890419078	0.10071695074502	0.01
0.890459913	0.10071695074502	0.01
0.890474761	0.10071695074502	0.01
0.890489605	0.10071695074502	0.01
0.890489606	0.10071695074502	0.01
0.890580647	0.10071695074502	0.01
0.890595481	0.10071695074502	0.01
0.89061031	0.10071695074502	0.01
0.890610311	0.10071695074502	0.01
0.89068659	0.10071695074502	0.01
0.890701414	0.10044890327904	0.01
0.890716233	0.10044890327904	0.01
0.890731048	0.10044890327904	0.01
0.890731049	0.10044890327904	0.01
0.890837018	0.10044890327904	0.01
0.890851819	0.10044890327904	0.01
0.890957836	0.10044890327904	0.01
0.890972622	0.10044890327904	0.01
0.890972623	0.10044890327904	0.01
0.891093459	0.10044890327904	0.01
0.89119957	0.10044890327904	0.01
0.891214328	0.10044890327904	0.01
0.891320486	0.10044890327904	0.01
0.891441435	0.10044890327904	0.01
0.891456164	0.10044890327904	0.01
0.891521465	0.100182278785686	0.01
0.891562417	0.100182278785686	0.01
0.891577132	0.0996532536317362	0.01
0.891698132	0.0996532536317362	0.01
0.891881522	0.0996532536317362	0.01
0.89206133	0.0991297862970691	0.01
0.89216782	0.0991297862970691	0.01
0.892182462	0.0991297862970691	0.01
0.892215798	0.0991297862970691	0.01
0.892245091	0.0993908307253947	0.01
0.892307805	0.0988701095137266	0.01
0.89273031	0.100182278785686	0.01
0.892924751	0.105453906206572	0.01
0.893016766	0.104352453934655	0.01
0.89308003	0.104352453934655	0.01
0.893172464	0.103810311365379	0.01
0.893320622	0.103810311365379	0.01
0.893352088	0.103810311365379	0.01
0.893395592	0.103810311365379	0.01
0.894085351	0.103007578066989	0.01
0.894189143	0.103007578066989	0.01
0.89422449	0.103007578066989	0.01
0.894482721	0.103273772870579	0.01
0.894511483	0.103007578066989	0.01
0.894913415	0.102479284151535	0.01
0.894970751	0.102479284151535	0.01
0.895081202	0.102479284151535	0.01
0.895086463	0.102479284151535	0.01
0.89539422	0.102217164087866	0.01
0.895524497	0.1047590804205	0.01
0.895840307	0.105296205616766	0.01
0.896329745	0.105026956286388	0.01
0.896396617	0.105296205616766	0.01
0.89685771	0.105026956286388	0.01
0.896928207	0.1047590804205	0.01
0.89693811	0.1047590804205	0.01
0.897131294	0.103963589315359	0.01
0.897197773	0.103439939866549	0.01
0.897282137	0.106295376238452	0.01
0.897316929	0.105518161386349	0.01
0.89799116	0.100741389650893	0.01
0.898155973	0.0983082374760689	0.01
0.898485328	0.0975230966465862	0.01
0.898662437	0.0965591321929142	0.01
0.898755243	0.0958015737081164	0.01
0.898920463	0.095427234639196	0.01
0.899310528	0.0952411599967028	0.01
0.899325427	0.0952411599967028	0.01
0.900031532	0.0939586823264242	0.01
0.900274359	0.0958015737081164	0.01
0.900307304	0.0958015737081164	0.01
0.900690942	0.0943636182686192	0.01
0.90151373	0.0823598054825624	0.01
0.901568195	0.0826826690592379	0.01
0.901947653	0.0755247627206543	0.01
0.902291602	0.0646093938934121	0.01
0.902860993	0.0646093938934121	0.01
0.902932441	0.0648791152933138	0.01
0.903166806	0.0646093938934121	0.01
0.903685884	0.051914930244974	0.01
0.904039961	0.0514772191871814	0.01
0.904508173	0.0525856341183989	0.01
0.904513058	0.0530424814724811	0.01
0.905345526	0.0539804109402438	0.01
0.905424433	0.0542200991454417	0.01
0.906197141	0.0547059184707698	0.01
0.906508268	0.0549521075800731	0.01
0.906922556	0.0549521075800731	0.01
0.907060652	0.0554511936149107	0.01
0.907185931	0.0557041517400876	0.01
0.907198748	0.0559594283384013	0.01
0.907199842	0.0559594283384013	0.01
0.907311244	0.0508978855400224	0.01
0.907324045	0.0513689422716904	0.01
0.907336843	0.0513689422716904	0.01
0.907336844	0.0513689422716904	0.01
0.907449378	0.0513689422716904	0.01
0.90746216	0.0513689422716904	0.01
0.907536422	0.0513689422716904	0.01
0.9075492	0.0513689422716904	0.01
0.907574745	0.0513689422716904	0.01
0.907587512	0.0513689422716904	0.01
0.907700146	0.0513689422716904	0.01
0.907712898	0.0513689422716904	0.01
0.907951053	0.0513689422716904	0.01
0.907963774	0.0513689422716904	0.01
0.908089263	0.0518487996537142	0.01
0.908089264	0.0518487996537142	0.01
0.908151307	0.0518487996537142	0.01
0.908202099	0.0523377066426462	0.01
0.908214789	0.0523377066426462	0.01
0.908289632	0.0520921060224519	0.01
0.908453284	0.0520921060224519	0.01
0.908566283	0.0520921060224519	0.01
0.908577365	0.0520921060224519	0.01
0.908691978	0.0528359216745442	0.01
0.908729307	0.0528359216745442	0.01
0.908816452	0.0533437131204963	0.01
0.908830322	0.0533437131204963	0.01
0.908956071	0.0536012866993734	0.01
0.909094444	0.0536012866993734	0.01
0.909308419	0.0536012866993734	0.01
0.909346075	0.0543891513346897	0.01
0.90938549	0.0543891513346897	0.01
0.909434338	0.0543891513346897	0.01
0.909446878	0.0543891513346897	0.01
0.909642167	0.0543891513346897	0.01
0.909838426	0.054123968888298	0.01
0.909914657	0.054123968888298	0.01
0.909925885	0.054123968888298	0.01
0.910014581	0.0538613597686678	0.01
0.910204731	0.054123968888298	0.01
0.910267	0.054123968888298	0.01
0.910628128	0.0549273890023528	0.01
0.911049792	0.0552005225203988	0.01
0.911062134	0.0552005225203988	0.01
0.911383512	0.0549273890023528	0.01
0.911404622	0.0549273890023528	0.01
0.911518912	0.0552005225203988	0.01
0.911747931	0.0557550205656332	0.01
0.911776598	0.0557550205656332	0.01
0.912488931	0.0554763859967259	0.01
0.912707801	0.0549273890023528	0.01
0.912967277	0.0507170216498405	0.01
0.913006436	0.0507170216498405	0.01
0.913139907	0.0507170216498405	0.01
0.914018042	0.0515013427411727	0.01
0.914696902	0.051768201816781	0.01
0.914870556	0.051768201816781	0.01
0.914968567	0.051768201816781	0.01
0.915269563	0.051768201816781	0.01
0.916163647	0.0465248644391071	0.01
0.916208994	0.0465248644391071	0.01
0.916688985	0.0467698859961972	0.01
0.916912552	0.0467698859961972	0.01
0.917248255	0.0383537019149655	0.01
0.918238351	0.0510468273769128	0.02
0.918456927	0.0508343190581973	0.02
0.919655338	0.0530424814724811	0.02
0.920002472	0.0530424814724811	0.02
0.921364075	0.0539804109402438	0.02
0.921783065	0.0547059184707698	0.02
0.922071236	0.0552005225203988	0.02
0.922455062	0.0557041517400876	0.02
0.922504312	0.0557041517400876	0.02
0.922787758	0.0557041517400876	0.02
0.923268187	0.0473517642530303	0.02
0.924507726	0.0478049111612673	0.02
0.924627878	0.048501130328635	0.02
0.926193857	0.0435583097736611	0.02
0.927872541	0.0201430878134109	0.02
0.929379518	0.0480347526465115	0.03
0.93064775	0.0484156619656763	0.03
0.934071327	0.0425156497753982	0.03
0.934700606	0.0428806054074496	0.03
0.93534835	0.0430654429441247	0.03
0.938446291	0.0071109263178252	0.03
0.938770844	0.00759760909571167	0.03
0.941112169	0.0088025260467123	0.03
0.944027825	0.0100816133689053	0.03
0.947518522	0.010766040037632	0.03
0.948845214	0.0108714756544188	0.03
0.950306111	0.0110886660683827	0.03
0.951999424	0.0174514353789489	0.04
0.954119877	0.018779998112563	0.04
0.954191796	0.018779998112563	0.04
0.955603107	0.0194376752057375	0.04
0.955985355	0.0194376752057375	0.04
0.956018846	0.0194376752057375	0.04
0.956780018	0.0199619777955967	0.04
0.95679317	0.0199619777955967	0.04
0.956793172	0.0199619777955967	0.04
0.957486775	0.0203275142518109	0.04
0.958321379	0.0205153490461665	0.04
0.959665139	0.0211002753432305	0.04
0.960819071	0.0213027339882356	0.04
0.960911853	0.0213027339882356	0.04
0.964458654	0.018779998112563	0.05
0.966290332	0.0197840955399628	0.05
0.966653906	0.0197840955399628	0.05
0.966980911	0.0201430878134109	0.05
0.966980912	0.0201430878134109	0.05
0.966986309	0.0201430878134109	0.05
0.967139043	0.0201430878134109	0.05
0.967144414	0.0201430878134109	0.05
0.967297223	0.0203275142518109	0.05
0.967302571	0.0203275142518109	0.05
0.967302572	0.0203275142518109	0.05
0.967460779	0.0203275142518109	0.05
0.96746078	0.0203275142518109	0.05
0.967619041	0.0203275142518109	0.05
0.967772081	0.0203275142518109	0.05
0.967925221	0.0203275142518109	0.05
0.967935716	0.0203275142518109	0.05
0.968083686	0.0203275142518109	0.05
0.968088909	0.0203275142518109	0.05
0.969035555	0.0209016287545633	0.05
0.969666194	0.0211002753432305	0.05
0.970292984	0.0213027339882356	0.05
0.973457204	0.0167914969306663	0.06
0.973766743	0.0166654537320749	0.06
0.974203145	0.0165412886892661	0.06
0.97801719	0.0171813314973332	0.06
0.981915796	0.0175896972330969	0.06
0.985118954	0.0109789968319953	0.05
0.9860103	0.0110886660683827	0.05
1.022530753	0.0413285077925141	0.06
1.027042278	0.0371762920935546	0.07
1.029078227	0.038464448004881	0.07
1.029271857	0.038464448004881	0.07
1.029637844	0.038464448004881	0.07
1.030392053	0.0391425920380674	0.07
1.030397618	0.0391425920380674	0.07
1.031720423	0.0398450771303894	0.07
1.032104884	0.0398450771303894	0.07
1.033463082	0.0398450771303894	0.07
1.034014818	0.0398450771303894	0.07
1.034376329	0.0398450771303894	0.07
1.036124234	0.0402058608238306	0.07
1.038905957	0.0362654087376538	0.08
1.039046839	0.0362654087376538	0.08
1.041709188	0.0374901740797943	0.08
1.044012776	0.0374901740797943	0.08
1.048661279	0.0337822391451906	0.09
1.049025044	0.0337822391451906	0.09
1.054783865	0.035118135452363	0.09
1.056246636	0.035118135452363	0.09
1.057424783	0.0421124298500843	0.09
1.058571278	0.0337822391451906	0.1
1.067766296	0.0433457064876248	0.1
1.067971123	0.0325442534864365	0.11
1.068168044	0.0325442534864365	0.11
1.068277144	0.0325442534864365	0.11
1.06860264	0.0332759119462752	0.11
1.068892568	0.0332759119462752	0.11
1.070020858	0.0337822391451906	0.11
1.070326964	0.0337822391451906	0.11
1.088407982	0.0511323290259926	0.12
1.091073782	0.0480347526465115	0.12
1.113082372	0.0413285077925141	0.1
1.113233383	0.0413285077925141	0.1
1.116382888	0.0413285077925141	0.1
1.127882011	0.0413285077925141	0.1
1.13205703	0.0402058608238306	0.11
1.133988353	0.0402058608238306	0.11
1.134317617	0.0402058608238306	0.11
1.136767134	0.0391425920380674	0.11
1.162829766	0.0405732377654788	0.13
1.183360064	0.0394907107719287	0.15
1.187305519	0.0653565864569783	0.15
1.187446683	0.0653565864569783	0.15
1.18762744	0.0648791152933138	0.15
1.192009701	0.0663329271412875	0.15
1.192075895	0.0663329271412875	0.15
1.192725439	0.0658411375241208	0.15
1.203309389	0.0716875084341038	0.14
1.208724051	0.0536012866993734	0.13
1.209768181	0.0536012866993734	0.13
1.209825949	0.0536012866993734	0.13
1.210085375	0.0530886031714915	0.13
1.210771389	0.0530886031714915	0.13
1.21086869	0.0530886031714915	0.13
1.212614931	0.0525856341183989	0.13
1.224141399	0.0546569451184145	0.12
1.225416562	0.0546569451184145	0.12
1.226767373	0.0546569451184145	0.12
1.243346642	0.0497571933322629	0.12
1.245566855	0.048880804041238	0.12
1.246668032	0.048880804041238	0.12
1.265568721	0.054123968888298	0.1
1.268447511	0.0525856341183989	0.1
1.270060331	0.0516077555386348	0.1
1.270604589	0.0516077555386348	0.1
1.278899002	0.0586001519092458	0.1
1.297280078	0.0871676259322533	0.09
1.302603198	0.0854894002929618	0.1
1.335508208	0.0876455572470581	0.13
1.335711503	0.0876455572470581	0.13
1.335892556	0.0876455572470581	0.13
1.336051433	0.0876455572470581	0.13
1.33638917	0.0876455572470581	0.13
1.336413828	0.0876455572470581	0.13
1.336595099	0.0989276978247776	0.12
1.336979907	0.0989276978247776	0.12
1.337117106	0.0989276978247776	0.12
1.337161305	0.0989276978247776	0.12
1.337529375	0.0989276978247776	0.12
1.338686534	0.0989276978247776	0.12
1.340005107	0.0989276978247776	0.12
1.342368518	0.0989276978247776	0.12
1.346883901	0.0989276978247776	0.13
1.350085516	0.0989276978247776	0.13
1.360533959	0.108724567454721	0.13
1.360774481	0.108724567454721	0.13
1.360981621	0.108724567454721	0.13
1.36116959	0.108724567454721	0.13
1.36135761	0.108724567454721	0.13
1.361545683	0.108724567454721	0.13
1.361952473	0.108724567454721	0.13
1.362279458	0.108724567454721	0.13
1.364721715	0.10663573641951	0.13
1.368077892	0.10663573641951	0.13
1.369020462	0.10663573641951	0.13
1.369707356	0.10663573641951	0.13
1.373967278	0.105621132705127	0.13
1.377139612	0.108724567454721	0.13
1.377274175	0.108724567454721	0.13
1.377544294	0.108724567454721	0.13
1.379222918	0.108724567454721	0.13
1.384187356	0.108724567454721	0.12
1.385801753	0.109799974263014	0.12
1.418305639	0.108724567454721	0.1
1.436494579	0.105621132705127	0.11
1.440102642	0.105621132705127	0.11
1.450462129	0.102689950111614	0.12
1.450674974	0.102689950111614	0.12
1.450928234	0.102689950111614	0.12
1.454856842	0.102689950111614	0.12
1.45657643	0.102689950111614	0.13
1.484117024	0.0999170659638395	0.15
1.485393153	0.0999170659638395	0.15
1.485917469	0.0999170659638395	0.16
1.494140559	0.0999170659638395	0.16
1.502972103	0.0999170659638395	0.17
1.511964569	0.0999170659638395	0.18
1.512194724	0.0999170659638395	0.18
1.512403577	0.0999170659638395	0.18
1.512821455	0.0999170659638395	0.18
1.516740221	0.0999170659638395	0.19
1.517647523	0.0999170659638395	0.19
1.519065464	0.0999170659638395	0.19
1.558531046	0.142526122030896	0.23
1.55916507	0.141875562731621	0.23
1.595407686	0.127999556120794	0.19
1.595579044	0.127083712700261	0.19
1.730827961	0.17378064658529	0.06
1.745720251	0.165162111852847	0.05
1.758275756	0.186775830221419	0.03
1.77492366	0.17378064658529	0.02
1.777374698	0.167938375591816	0.02
1.778615293	0.170809569282353	0.02
1.77861633	0.170809569282353	0.02
1.780115455	0.188538172738625	0.01
1.780627841	0.188538172738625	0.01
1.780657571	0.188538172738625	0.01
1.780657572	0.188538172738625	0.01
1.780928629	0.18334817127057	0.01
1.78092863	0.18334817127057	0.01
1.781081012	0.18334817127057	0.01
1.781140367	0.18334817127057	0.01
1.781170031	0.18334817127057	0.01
1.781170032	0.18334817127057	0.01
1.781411498	0.18334817127057	0.01
1.781411499	0.18334817127057	0.01
1.781623424	0.18334817127057	0.01
1.781653031	0.18334817127057	0.01
1.781894629	0.18334817127057	0.01
1.782136292	0.18334817127057	0.01
1.782136293	0.18334817127057	0.01
1.782378022	0.180044052071115	0.01
1.782531315	0.180044052071115	0.01
1.782619816	0.180044052071115	0.01
1.783044725	0.180044052071115	0.01
1.783103602	0.180044052071115	0.01
1.783345594	0.180044052071115	0.01
1.783587651	0.180044052071115	0.01
1.78377107	0.180044052071115	0.01
1.783925287	0.180044052071115	0.01
1.784013316	0.180044052071115	0.01
1.784314217	0.180044052071115	0.01
1.784506241	0.180044052071115	0.01
1.784933025	0.17843625135001	0.01
1.785497332	0.176856911920315	0.01
1.785988286	0.175305284679586	0.01
1.787927091	0.164283456875474	0.01
1.788266632	0.164283456875474	0.01
1.788872102	0.168688961749748	0.01
1.78918715	0.168688961749748	0.01
1.789747139	0.167194439352247	0.01
1.790033715	0.167194439352247	0.01
1.790095821	0.167194439352247	0.01
1.790737455	0.169541431488278	0.01
1.792147241	0.178755510147856	0.02
1.794856772	0.147812838907333	0.02
1.795172249	0.141230915392281	0.02
1.795643534	0.136877358221058	0.02
1.796669094	0.129681776115876	0.02
1.796696941	0.129681776115876	0.02
1.799436111	0.126001852998175	0.02
1.801889818	0.09017704739554	0.02
1.808733518	0.112015897707961	0.03
1.809599251	0.112015897707961	0.03
1.812688451	0.0768576471222135	0.03
1.813793197	0.0839626856472624	0.03
1.814069382	0.0868833608978612	0.03
1.814596154	0.0695228487068937	0.03
1.814621756	0.0695228487068937	0.03
1.814621757	0.0695228487068937	0.03
1.814846808	0.0695228487068937	0.03
1.814872379	0.0695228487068937	0.03
1.815123071	0.0701504777132832	0.03
1.815169565	0.0701504777132832	0.03
1.815288509	0.0701504777132832	0.03
1.815322808	0.0701504777132832	0.03
1.815373832	0.0701504777132832	0.03
1.815624663	0.0707895420027409	0.03
1.815850116	0.0707895420027409	0.03
1.815875562	0.0707895420027409	0.03
1.816377569	0.0316173331634541	0.03
1.81637757	0.0316173331634541	0.03
1.816879855	0.0313199828835517	0.03
1.817382419	0.0313199828835517	0.03
1.817399416	0.0313199828835517	0.03
1.817633804	0.0313199828835517	0.03
1.818036082	0.0316173331634541	0.03
1.819410514	0.0325442534864364	0.03
1.820606159	0.111453573834615	0.04
1.822065256	0.0693848977197718	0.04
1.823267442	0.0774534853950987	0.04
1.823345161	0.0774534853950987	0.04
1.824280416	0.0839626856472624	0.04
1.824759677	0.0671207589908017	0.04
1.828939845	0.0313199828835517	0.04
1.829051906	0.0313199828835517	0.04
1.829613575	0.0316173331634541	0.04
1.839735229	0.0296470597194825	0.05
1.846490238	0.0331929960062392	0.05
1.860668056	0.0301844836172597	0.07
1.860714054	0.0301844836172597	0.07
1.872927722	0.0310281734506462	0.07
1.876458705	0.0304605689669984	0.07
1.877534086	0.0304605689669984	0.07
1.917919203	0.0286276496635434	0.11
1.932723098	0.0189402094257395	0.12
1.933588634	0.0189402094257395	0.12
1.93486401	0.0353980942984955	0.13
1.937910579	0.0353980942984955	0.13
1.938309591	0.0353980942984955	0.13
1.939501786	0.0356825526312925	0.13
1.945075766	0.0332759119462752	0.14
1.956133657	0.0332759119462752	0.15
1.961031557	0.0170493908702944	0.15
2.039242563	0.0763541773015975	0.22
2.045755957	0.0740794700844688	0.23
2.04617014	0.0786733138229948	0.23
2.049316864	0.0727785596118379	0.23
2.058434493	0.0714403569715747	0.24
2.058810915	0.0714403569715747	0.24
2.060706206	0.0748825818981278	0.24
2.077653506	0.0808212792474656	0.26
2.07768814	0.0808212792474656	0.26
2.079378601	0.0714403569715747	0.26
2.080200147	0.0741678530159582	0.26
2.112854786	0.0748825818981278	0.29
2.114638141	0.0630370143972991	0.3
2.116340052	0.0747026113592057	0.3
2.117539144	0.0779824740690151	0.3
2.119081815	0.0695228487068937	0.3
2.122322709	0.0748825818981278	0.3
2.130868897	0.0727785596118379	0.31
2.175983465	0.0747026113592057	0.36
2.201956234	0.0714403569715747	0.38
2.22342495	0.0763541773015975	0.4
2.22607531	0.0734666388307992	0.41
2.226678687	0.0747026113592057	0.41
2.226980498	0.0753363250394676	0.41
2.244892022	0.107670021901507	0.42
2.268175967	0.198581392961419	0.41
2.273953022	0.215547282533842	0.4
2.279085054	0.210639266348917	0.4
2.287430653	0.213886059753626	0.39
2.36737444	0.259563054065392	0.31
2.401471639	0.288272368569234	0.29
2.57811595	0.236519887828961	0.15
2.63880046	0.236519887828961	0.09
2.664122924	0.259563054065392	0.06
2.669724846	0.240795292880559	0.06
2.67074212	0.240795292880559	0.06
2.670831293	0.240795292880559	0.06
2.671193019	0.240795292880559	0.06
2.671193179	0.240795292880559	0.06
2.671237545	0.240795292880559	0.06
2.671237705	0.240795292880559	0.06
2.671599486	0.240795292880559	0.06
2.671599646	0.240795292880559	0.06
2.671961685	0.240795292880559	0.06
2.67300408	0.259563054065392	0.05
2.674498542	0.259563054065392	0.05
2.67498819	0.259563054065392	0.05
2.675753192	0.252192042011088	0.05
2.678640892	0.240795292880559	0.05
2.679543675	0.240795292880559	0.05
2.679587204	0.240795292880559	0.05
2.68050645	0.240795292880559	0.05
2.681604422	0.240795292880559	0.05
2.684222358	0.248336832570093	0.05
2.690797174	0.245228110397992	0.04
2.690995907	0.245228110397992	0.04
2.697875326	0.223482159469682	0.03
2.700424629	0.223482159469682	0.03
2.716197088	0.2211691388356	0.05
2.720992773	0.217234512271255	0.05
2.721223607	0.202625833756664	0.05
2.721339166	0.243970554481025	0.06
2.721714851	0.243970554481025	0.06
2.721753239	0.243970554481025	0.06
2.722090639	0.243970554481025	0.06
2.72212898	0.243970554481025	0.06
2.722504826	0.243970554481025	0.06
2.725138453	0.219184169124059	0.06
2.725892101	0.219184169124059	0.06
2.727362573	0.219184169124059	0.06
2.728042156	0.219184169124059	0.06
2.733911556	0.24184448988118	0.07
2.741703646	0.239755160045913	0.08
2.742221604	0.239755160045913	0.08
2.744776734	0.217234512271255	0.08
2.758261585	0.217234512271255	0.09
2.784781798	0.201132719524954	0.12
2.814579483	0.201132719524954	0.15
2.870516676	0.19948977259592	0.2
2.874914635	0.197873448926559	0.21
2.885327778	0.197873448926559	0.22
2.893176138	0.230605633074716	0.23
3.017087015	0.205504976617418	0.35
3.116410384	0.212773308627414	0.45
3.153761559	0.161472104603182	0.48
3.190582361	0.174539636192448	0.5
3.194633906	0.174539636192448	0.51
3.560201153	0.153053333422262	0.860000000000001
3.561529658	0.151560730452024	0.870000000000001
3.561648443	0.151560730452024	0.870000000000001
3.563861522	0.151560730452024	0.870000000000001
3.566965252	0.151560730452024	0.870000000000001
3.568359469	0.153053333422262	0.870000000000001
3.571812505	0.160647366045522	0.880000000000001
3.572123566	0.158922469578685	0.880000000000001
3.575584373	0.154768046400348	0.880000000000001
3.62901857	0.145870511145147	0.910000000000001
3.62939674	0.145870511145147	0.910000000000001
3.631023885	0.147078434492014	0.910000000000001
3.631970124	0.153053333422262	0.910000000000001
3.778072999	0.142362923517384	1.06
3.82876748	0.142362923517384	1.11
4.078052931	0.180339497512938	1.36
4.445571488	0.206595322258733	1.72
4.452121847	0.192720572651173	1.73
4.453328856	0.200697747025324	1.73
4.453932605	0.200697747025324	1.73
4.464002998	0.200697747025324	1.74
4.492707945	0.206595322258733	1.76
4.536342962	0.202625833756664	1.81
4.536969429	0.202625833756664	1.81
4.537444354	0.204591325778511	1.81
4.537596069	0.204591325778511	1.81
4.550359745	0.194030558489908	1.81
5.341769851	0.227110876493879	2.32999999999999
5.342582978	0.227110876493879	2.32999999999999
5.343129076	0.227110876493879	2.32999999999999
5.343307119	0.227110876493879	2.32999999999999
5.346842194	0.227110876493879	2.32999999999999
5.445157132	0.232393656779066	2.32999999999999
6.232084175	0.222681621267494	2.67999999999999
6.244676548	0.222681621267494	2.68999999999999
6.35095118	0.200425297379493	2.78999999999998
6.358499262	0.222681621267494	2.79999999999998
7	0.171175386272744	3.36999999999997
