thrs	post_p	finalwindow
0	0.133485005288765	0.23
0.03256001	0.133485005288765	0.2
0.082355146	0.106449194928873	0.18
0.089689176	0.109047583079589	0.17
0.093809574	0.106449194928873	0.17
0.113424721	0.105195889966609	0.18
0.123778241	0.128298456922443	0.18
0.127200542	0.0894062101666774	0.17
0.128068503	0.0905132045272942	0.17
0.129609166	0.0978246167748154	0.17
0.129730945	0.0978246167748154	0.17
0.148427326	0.0905132045272942	0.15
0.148782099	0.0978246167748154	0.15
0.151339737	0.0945132562626366	0.15
0.161204767	0.0945132562626366	0.14
0.178062567	0.0913356657346343	0.12
0.178113806	0.0913356657346343	0.12
0.178140913	0.0913356657346343	0.12
0.178189211	0.0913356657346343	0.12
0.181430774	0.0929402439476034	0.12
0.186084933	0.128298456922443	0.12
0.194681585	0.129171316112962	0.11
0.206482242	0.131862638805259	0.1
0.222622275	0.0810278671234946	0.08
0.222656148	0.0810278671234946	0.08
0.222686318	0.0810278671234946	0.08
0.222697977	0.0803799118686667	0.08
0.222716495	0.0803799118686667	0.08
0.222812147	0.0965180888450161	0.08
0.222924291	0.112099624718997	0.08
0.223196808	0.111240749042291	0.08
0.226694446	0.110394934222899	0.08
0.226867021	0.110394934222899	0.08
0.226923294	0.110394934222899	0.08
0.226929675	0.110394934222899	0.08
0.226957829	0.110394934222899	0.08
0.227081991	0.110394934222899	0.08
0.227432153	0.108741313313785	0.08
0.237068117	0.115671979286581	0.07
0.241897099	0.113857787718014	0.07
0.242615688	0.0835536390269888	0.06
0.254481698	0.119234214311703	0.05
0.256228734	0.119234214311703	0.05
0.256259656	0.119234214311703	0.05
0.256650521	0.120304518389085	0.05
0.259750174	0.118182786485503	0.05
0.287097646	0.0994703283028133	0.05
0.295749179	0.092173210827168	0.06
0.296839561	0.0873663322290295	0.06
0.296839653	0.0873663322290295	0.06
0.296879772	0.0873663322290295	0.06
0.29691506	0.0873663322290295	0.06
0.296960227	0.0873663322290295	0.06
0.297161557	0.0873663322290295	0.06
0.297207868	0.0873663322290295	0.06
0.29723727	0.0873663322290295	0.06
0.297242165	0.0873663322290295	0.06
0.29736316	0.0873663322290295	0.06
0.298033592	0.086613509327165	0.06
0.298432807	0.086613509327165	0.06
0.29855614	0.086613509327165	0.06
0.299931082	0.086613509327165	0.06
0.300128238	0.086613509327165	0.06
0.300638986	0.086613509327165	0.06
0.301159527	0.086613509327165	0.06
0.301373268	0.086613509327165	0.06
0.302397905	0.0984956224723884	0.05
0.30240618	0.0984956224723884	0.05
0.302443572	0.0984956224723884	0.05
0.302452098	0.0984956224723884	0.05
0.302453753	0.0984956224723884	0.05
0.302493847	0.0984956224723884	0.05
0.302531356	0.0984956224723884	0.05
0.302535608	0.0984956224723884	0.05
0.302694303	0.0984956224723884	0.05
0.302757814	0.0984956224723884	0.05
0.302844832	0.0984956224723884	0.05
0.303037639	0.0984956224723884	0.05
0.304168238	0.0984956224723884	0.05
0.307314933	0.0994703283028133	0.05
0.320290117	0.09389524350247	0.05
0.322066605	0.09389524350247	0.05
0.322435043	0.09389524350247	0.05
0.322777267	0.09389524350247	0.05
0.323097253	0.0984956224723884	0.04
0.323165924	0.0984956224723884	0.04
0.323537089	0.0984956224723884	0.04
0.327195424	0.0975398334846737	0.04
0.328591896	0.0947806163613233	0.04
0.333944256	0.0947806163613233	0.04
0.334029253	0.0947806163613233	0.04
0.340262381	0.10749705764599	0.05
0.350684009	0.103861879866414	0.06
0.351815198	0.100464518188323	0.06
0.356200611	0.098847842879761	0.06
0.356206548	0.098847842879761	0.06
0.356437896	0.0965180888450161	0.06
0.356490553	0.0965180888450161	0.06
0.357086112	0.106564614197732	0.06
0.357959666	0.108254844052586	0.06
0.362945858	0.092173210827168	0.07
0.363936107	0.092173210827168	0.07
0.367161303	0.102134954839437	0.07
0.367663989	0.103250852344662	0.07
0.381649088	0.0507526208612096	0.07
0.386863037	0.0522701719870259	0.06
0.386909127	0.0522701719870259	0.06
0.387745392	0.0513686242568007	0.06
0.389222512	0.0499332235727665	0.06
0.389299853	0.0499332235727665	0.06
0.389825341	0.0552131241268688	0.06
0.395214438	0.0627120583392323	0.06
0.398731854	0.0516656646844875	0.05
0.403209246	0.0574209975827409	0.05
0.411578949	0.0635971875940234	0.04
0.412388288	0.0631973351455984	0.04
0.415094538	0.0699648358898083	0.04
0.415772448	0.0181257056400451	0.03
0.416416237	0.0332228897919408	0.03
0.418471182	0.0456785497929921	0.03
0.419019267	0.0450641824226778	0.03
0.423143546	0.0514955080350653	0.03
0.428769674	0.0476264472296377	0.02
0.438307149	0.0533097447278141	0.01
0.438815006	0.0528889926775702	0.01
0.440249622	0.0597620015431352	0.01
0.441698853	0.0597620015431352	0.01
0.441750067	0.0593086338102494	0.01
0.444499874	0.064869528317975	0.01
0.444770984	0.0623351167054899	0.01
0.445049535	0.0623351167054899	0.01
0.445117302	0.0681438528738734	0.01
0.445185067	0.0673961915007441	0.01
0.445185068	0.0673961915007441	0.01
0.44525283	0.0673961915007441	0.01
0.445252832	0.0673961915007441	0.01
0.445252833	0.0673961915007441	0.01
0.445252835	0.0673961915007441	0.01
0.44531318	0.0673961915007441	0.01
0.445313187	0.0673961915007441	0.01
0.44531319	0.0673961915007441	0.01
0.445373562	0.0673961915007441	0.01
0.445419149	0.0673961915007441	0.01
0.445433949	0.0673961915007441	0.01
0.445479567	0.0673961915007441	0.01
0.445494353	0.0673961915007441	0.01
0.445540001	0.0673961915007441	0.01
0.445554774	0.0673961915007441	0.01
0.445615211	0.0673961915007441	0.01
0.445653547	0.0673961915007441	0.01
0.445691925	0.0718992981799673	0.01
0.445736134	0.0718992981799673	0.01
0.445849774	0.0762077932331399	0.01
0.445970843	0.0762077932331399	0.01
0.445978177	0.0762077932331399	0.01
0.446038729	0.0762077932331399	0.01
0.446188208	0.0762077932331399	0.01
0.446319857	0.0762077932331399	0.01
0.446341735	0.0762077932331399	0.01
0.446394864	0.0762077932331399	0.01
0.446455777	0.0762077932331399	0.01
0.446465528	0.0758098808630422	0.01
0.44656991	0.0758098808630422	0.01
0.446633323	0.0758098808630422	0.01
0.446772341	0.0758098808630422	0.01
0.446967543	0.074640691213799	0.01
0.447158639	0.074640691213799	0.01
0.447649603	0.074640691213799	0.01
0.447928306	0.0742589345673411	0.01
0.448701687	0.0750263932772644	0.01
0.448791313	0.0750263932772644	0.01
0.449051315	0.0758098808630422	0.01
0.449552291	0.0742589345673411	0.01
0.449715173	0.0742589345673411	0.01
0.451750007	0.0750263932772644	0.01
0.452986292	0.0685876991871007	0.01
0.453607731	0.0682384785371105	0.01
0.453670383	0.0682384785371105	0.01
0.45367678	0.0682384785371105	0.01
0.453739439	0.0682384785371105	0.01
0.453782962	0.0682384785371105	0.01
0.453802119	0.0682384785371105	0.01
0.453864805	0.0682384785371105	0.01
0.453864814	0.0682384785371105	0.01
0.453927527	0.0682384785371105	0.01
0.453952078	0.0682384785371105	0.01
0.453977538	0.0682384785371105	0.01
0.454053004	0.0682384785371105	0.01
0.454115767	0.0682384785371105	0.01
0.454159539	0.0682384785371105	0.01
0.454172215	0.0682384785371105	0.01
0.454266222	0.0682384785371105	0.01
0.454278877	0.0682384785371105	0.01
0.454423548	0.0682384785371105	0.01
0.454543029	0.0696571418032828	0.01
0.454618511	0.0696571418032828	0.01
0.455078808	0.0700210725562211	0.01
0.455180191	0.070388826067289	0.01
0.455665947	0.106564614197732	0.01
0.455678249	0.106564614197732	0.01
0.455755613	0.111395927978827	0.01
0.455804735	0.111395927978827	0.01
0.456455968	0.0683187519093974	0.02
0.456880284	0.0683187519093974	0.02
0.457901934	0.0676818037538979	0.02
0.458022431	0.0676818037538979	0.02
0.459124851	0.0683187519093974	0.02
0.460382332	0.0673677627984111	0.02
0.462114195	0.0633966308931268	0.02
0.46331093	0.0633966308931268	0.02
0.464728436	0.0636979425476485	0.02
0.472596627	0.0633966308931268	0.02
0.474072423	0.0589360489152767	0.03
0.47699163	0.0663561247005263	0.03
0.477096915	0.0663561247005263	0.03
0.478409458	0.0692969745109315	0.03
0.478419311	0.0692969745109315	0.03
0.479732593	0.0622193609320632	0.03
0.479936634	0.0622193609320632	0.03
0.483671852	0.0652485088700008	0.03
0.484458594	0.0562167091813915	0.04
0.484927676	0.0576680735611436	0.04
0.485802156	0.0817467473412931	0.04
0.485999254	0.0764083199675666	0.04
0.48628356	0.069778030989111	0.04
0.486776039	0.0588620929823113	0.04
0.489424331	0.0636547227884655	0.04
0.490830832	0.055981887979332	0.04
0.508934563	0.0555180820062475	0.06
0.514645345	0.0506886367447441	0.07
0.51473946	0.0506886367447441	0.07
0.514971335	0.0510749798422925	0.07
0.515124567	0.0514672574998063	0.07
0.516063638	0.0637585489035049	0.07
0.518492841	0.0501735676383194	0.07
0.520735072	0.0447631546782411	0.07
0.529143364	0.0537372449474521	0.07
0.534308248	0.0533946997562888	0.06
0.534453117	0.0514277587847611	0.06
0.534888196	0.0514277587847611	0.06
0.536755919	0.060533216040288	0.06
0.543234343	0.0633966308931268	0.06
0.544416783	0.0628024792401512	0.06
0.55657045	0.104747428580917	0.05
0.556645891	0.104747428580917	0.05
0.556807604	0.104747428580917	0.05
0.55802857	0.102991178722164	0.05
0.559788571	0.101292850122312	0.05
0.566766402	0.115588262710349	0.04
0.572491616	0.112415240637889	0.04
0.574371638	0.113453379717637	0.04
0.57444178	0.113453379717637	0.04
0.579525048	0.121294333576396	0.03
0.583655412	0.121294333576396	0.03
0.586308239	0.121294333576396	0.03
0.59079165	0.11894561038887	0.04
0.591819223	0.117805031921913	0.04
0.593402747	0.117805031921913	0.04
0.593573546	0.117805031921913	0.04
0.593673806	0.117805031921913	0.04
0.593673808	0.117805031921913	0.04
0.593754277	0.117805031921913	0.04
0.593754278	0.117805031921913	0.04
0.59375428	0.117805031921913	0.04
0.594152812	0.117805031921913	0.04
0.594237558	0.117805031921913	0.04
0.594318181	0.117805031921913	0.04
0.595015574	0.117805031921913	0.04
0.596894832	0.104747428580917	0.05
0.597117526	0.121294333576396	0.04
0.602674298	0.115588262710349	0.04
0.604317115	0.11451087165778	0.04
0.604813246	0.11451087165778	0.04
0.604905308	0.11451087165778	0.04
0.60490531	0.11451087165778	0.04
0.604988853	0.11451087165778	0.04
0.605716504	0.11451087165778	0.04
0.60631275	0.11451087165778	0.04
0.606404306	0.11451087165778	0.04
0.606824709	0.113453379717637	0.04
0.607971158	0.113453379717637	0.04
0.608524688	0.111395927978827	0.04
0.608756287	0.111395927978827	0.04
0.61827716	0.116686119880574	0.04
0.624510489	0.132917640125071	0.05
0.630942519	0.142616482156887	0.04
0.63624959	0.129612214684562	0.05
0.636422142	0.131797257020732	0.05
0.637031954	0.131797257020732	0.05
0.637260654	0.131797257020732	0.05
0.637881775	0.131797257020732	0.05
0.638075882	0.131797257020732	0.05
0.641599528	0.129612214684562	0.05
0.644129804	0.125452506889004	0.06
0.646569798	0.127498441613567	0.06
0.64801212	0.127498441613567	0.06
0.648110758	0.127498441613567	0.06
0.65703705	0.128678876994858	0.07
0.667472678	0.125076182136017	0.08
0.667879261	0.125076182136017	0.08
0.667879263	0.125076182136017	0.08
0.667969788	0.125076182136017	0.08
0.669490645	0.125076182136017	0.08
0.678915807	0.10931441580003	0.08
0.680410924	0.10931441580003	0.08
0.68060848	0.10931441580003	0.08
0.690723937	0.10749705764599	0.09
0.692614054	0.10749705764599	0.09
0.7123899	0.0996496238934017	0.11
0.712401774	0.0996496238934017	0.11
0.71365913	0.101292850122312	0.11
0.714295462	0.101292850122312	0.11
0.715653707	0.0980588611454221	0.12
0.715679053	0.0980588611454221	0.12
0.717816093	0.0996496238934017	0.12
0.719314887	0.0996496238934017	0.12
0.725609694	0.0980588611454221	0.13
0.725979546	0.0980588611454221	0.13
0.726772429	0.0972823746342005	0.13
0.72717465	0.098847842879761	0.13
0.735438378	0.0928699865436511	0.14
0.742183791	0.0928699865436511	0.14
0.744518666	0.0935773769369849	0.14
0.7500464	0.0599912946113066	0.14
0.75180067	0.10404297257368	0.14
0.756122282	0.0658900802319539	0.13
0.762884543	0.106873626105082	0.13
0.763284143	0.109823591396884	0.13
0.763387603	0.112388871446925	0.13
0.765321243	0.110668409717082	0.13
0.766651587	0.109582557570106	0.13
0.7676628	0.108517806629749	0.13
0.772093843	0.108502302883803	0.12
0.778829055	0.110122806981376	0.12
0.779184816	0.109852018046565	0.12
0.779976345	0.108517806629749	0.12
0.786383987	0.108939778386306	0.11
0.794958533	0.115324332939555	0.1
0.8034392	0.116809392709616	0.09
0.812482547	0.110044053407952	0.08
0.817085993	0.11102201834948	0.08
0.856064956	0.11793808100325	0.04
0.861783488	0.114017452189129	0.03
0.864973627	0.120177603989061	0.03
0.867661243	0.115078740862383	0.03
0.870144812	0.109756763160735	0.03
0.875213305	0.119798462369634	0.02
0.87832845	0.114731042442723	0.02
0.882218863	0.116343180349783	0.01
0.88244613	0.119022434739485	0.01
0.885048106	0.122109888424497	0.01
0.885800269	0.121718476530935	0.01
0.887670141	0.1175729169443	0.01
0.888469193	0.1175729169443	0.01
0.889014569	0.115780498564942	0.01
0.889209764	0.115780498564942	0.01
0.889576687	0.115428553124614	0.01
0.889752182	0.115428553124614	0.01
0.890068113	0.113023597353836	0.01
0.890218543	0.112688188748879	0.01
0.890218544	0.112688188748879	0.01
0.890228158	0.112688188748879	0.01
0.890309475	0.111693801829744	0.01
0.890354074	0.111693801829744	0.01
0.890354075	0.111693801829744	0.01
0.890459913	0.111693801829744	0.01
0.890474761	0.111693801829744	0.01
0.890489605	0.111693801829744	0.01
0.890489606	0.111693801829744	0.01
0.890580647	0.111693801829744	0.01
0.890595481	0.111693801829744	0.01
0.89061031	0.111693801829744	0.01
0.890610311	0.111693801829744	0.01
0.89068659	0.111693801829744	0.01
0.890731048	0.111693801829744	0.01
0.890731049	0.111693801829744	0.01
0.890837018	0.111693801829744	0.01
0.890851819	0.111693801829744	0.01
0.890928251	0.111693801829744	0.01
0.890957836	0.111693801829744	0.01
0.890972623	0.111693801829744	0.01
0.891093459	0.111693801829744	0.01
0.89119957	0.111693801829744	0.01
0.891214328	0.111693801829744	0.01
0.891244043	0.111693801829744	0.01
0.891320486	0.111693801829744	0.01
0.89133523	0.111693801829744	0.01
0.891382479	0.111693801829744	0.01
0.891441435	0.111693801829744	0.01
0.891456164	0.111693801829744	0.01
0.89149835	0.111693801829744	0.01
0.891521465	0.111040569866428	0.01
0.891562417	0.111040569866428	0.01
0.891686849	0.111040569866428	0.01
0.891698132	0.111040569866428	0.01
0.891793338	0.111040569866428	0.01
0.892017347	0.111040569866428	0.01
0.89206133	0.111040569866428	0.01
0.89216782	0.11007492373346	0.01
0.892182462	0.11007492373346	0.01
0.892215798	0.11007492373346	0.01
0.892245091	0.110716810810362	0.01
0.89229733	0.110716810810362	0.01
0.892307805	0.110716810810362	0.01
0.892568748	0.111366227953724	0.01
0.89273031	0.111366227953724	0.01
0.892793389	0.111366227953724	0.01
0.892924751	0.113934370819465	0.01
0.892952212	0.113934370819465	0.01
0.89308003	0.113934370819465	0.01
0.893142511	0.113934370819465	0.01
0.893172464	0.113934370819465	0.01
0.893352088	0.113934370819465	0.01
0.893395592	0.113934370819465	0.01
0.894189143	0.113274053415456	0.01
0.89420355	0.113274053415456	0.01
0.894332391	0.112946756619127	0.01
0.894511483	0.112621345772088	0.01
0.894906463	0.112621345772088	0.01
0.894913415	0.112621345772088	0.01
0.894970751	0.112621345772088	0.01
0.895086463	0.112946756619127	0.01
0.895300675	0.112946756619127	0.01
0.895524497	0.11580011402837	0.01
0.895840307	0.11580011402837	0.01
0.89592425	0.11580011402837	0.01
0.896329745	0.115136895592189	0.01
0.896396617	0.115136895592189	0.01
0.89685771	0.114481230755665	0.01
0.897131294	0.113511616604247	0.01
0.897197773	0.112244061740072	0.01
0.897316929	0.108605744947386	0.01
0.89799116	0.0972418474275541	0.01
0.898485328	0.093390178858945	0.01
0.898920463	0.0917745724756928	0.01
0.899325427	0.0898320078626821	0.01
0.899974537	0.0881526965478769	0.01
0.900031532	0.0881526965478769	0.01
0.900113547	0.0881526965478769	0.01
0.900274359	0.0892651731874647	0.01
0.900307304	0.0892651731874647	0.01
0.90151373	0.0455543398396806	0.01
0.902162268	0.0601154904009894	0.01
0.902860993	0.0522146328568158	0.01
0.902919093	0.0522146328568158	0.01
0.903876527	0.039027667590621	0.01
0.904220945	0.0347745468333085	0.01
0.904508173	0.0349299166241038	0.01
0.905424433	0.0357280668191031	0.01
0.905541598	0.0358920940176068	0.01
0.906197141	0.0358920940176068	0.01
0.906210372	0.0355655320119573	0.01
0.906508268	0.0360576342569312	0.01
0.906786831	0.0360576342569312	0.01
0.906922556	0.0362247085692595	0.01
0.907185931	0.0363933383784026	0.01
0.907198748	0.036908781093387	0.01
0.907298438	0.036908781093387	0.01
0.907324045	0.0370838552864733	0.01
0.907336843	0.0370838552864733	0.01
0.907336844	0.0370838552864733	0.01
0.907449378	0.0370838552864733	0.01
0.90746216	0.0370838552864733	0.01
0.9075492	0.0370838552864733	0.01
0.907574745	0.0370838552864733	0.01
0.907587512	0.0370838552864733	0.01
0.907674633	0.0370838552864733	0.01
0.907700146	0.0370838552864733	0.01
0.907712898	0.0370838552864733	0.01
0.907951053	0.0370838552864733	0.01
0.908076559	0.036908781093387	0.01
0.908089263	0.036908781093387	0.01
0.908089264	0.036908781093387	0.01
0.908151307	0.036908781093387	0.01
0.90817671	0.036908781093387	0.01
0.908189407	0.036908781093387	0.01
0.908202099	0.036908781093387	0.01
0.908214789	0.036908781093387	0.01
0.908289632	0.0367353521957245	0.01
0.908577365	0.0370838552864733	0.01
0.908578929	0.0370838552864733	0.01
0.908691978	0.0370838552864733	0.01
0.908830322	0.036908781093387	0.01
0.908943472	0.0370838552864733	0.01
0.908956071	0.0370838552864733	0.01
0.909094444	0.0370838552864733	0.01
0.909183517	0.0367353521957245	0.01
0.909195105	0.0367353521957245	0.01
0.909207673	0.0367353521957245	0.01
0.909346075	0.036908781093387	0.01
0.90938549	0.036908781093387	0.01
0.909434338	0.036908781093387	0.01
0.909642167	0.036908781093387	0.01
0.909896599	0.0362247085692595	0.01
0.909914657	0.0362247085692595	0.01
0.909925885	0.0362247085692595	0.01
0.910051995	0.0370838552864733	0.01
0.910467776	0.0378010823300848	0.01
0.911049792	0.0378010823300848	0.01
0.911062134	0.0378010823300848	0.01
0.91113001	0.0378010823300848	0.01
0.911632099	0.0379847450465257	0.01
0.911747931	0.0379847450465257	0.01
0.911776598	0.0379847450465257	0.01
0.912015459	0.0379847450465257	0.01
0.912630246	0.0385465998508146	0.01
0.912707801	0.0385465998508146	0.01
0.912811242	0.0385465998508146	0.01
0.912967277	0.0333884239664881	0.01
0.913006436	0.0333884239664881	0.01
0.913244462	0.0333884239664881	0.01
0.913751419	0.0332228897919408	0.01
0.914968567	0.0385465998508146	0.01
0.915026039	0.0385465998508146	0.01
0.915269563	0.0385465998508146	0.01
0.915559183	0.0333884239664881	0.01
0.916208994	0.0330589889008844	0.01
0.917957453	0.0386896702933307	0.01
0.918238351	0.0502909328898351	0.02
0.918456927	0.0500859025631171	0.02
0.918483627	0.0500859025631171	0.02
0.918816837	0.0509162207760506	0.02
0.919120121	0.0511281197679019	0.02
0.919822583	0.0513417898585931	0.02
0.920002472	0.0522146328568158	0.02
0.921364075	0.0535809993263703	0.02
0.923268187	0.0502703543504673	0.02
0.924160807	0.0502703543504673	0.02
0.924412009	0.0504976487297766	0.02
0.924507726	0.0504976487297766	0.02
0.924627878	0.0507270078403352	0.02
0.926193857	0.0460975198116358	0.02
0.927872541	0.0602223539458704	0.02
0.93064775	0.0473815358503513	0.03
0.93220206	0.0477498548249808	0.03
0.933174706	0.0437690747357996	0.03
0.934700606	0.0442897869981064	0.03
0.938446291	0.0444661219644717	0.03
0.941112169	0.0547406155169897	0.03
0.944027825	0.0358920940176068	0.03
0.947518522	0.0377099153959657	0.03
0.949342587	0.0408102836575617	0.03
0.951999424	0.0427635382341629	0.03
0.953473419	0.0431768427156767	0.03
0.955603107	0.0451857302318095	0.04
0.955985355	0.0451857302318095	0.04
0.956549025	0.0459290128912145	0.04
0.956766863	0.0459290128912145	0.04
0.95679317	0.0459290128912145	0.04
0.957016096	0.0459290128912145	0.04
0.957077957	0.0459290128912145	0.04
0.957486775	0.0459290128912145	0.04
0.958321379	0.0474914335422085	0.04
0.959665139	0.0496005845085341	0.04
0.959857154	0.0514277587847611	0.04
0.960039043	0.0523927749390805	0.04
0.960819071	0.0523927749390805	0.04
0.960911853	0.0523927749390805	0.04
0.964446178	0.0435982142409492	0.04
0.966290332	0.0459290128912145	0.05
0.966980911	0.0459290128912145	0.05
0.966980912	0.0459290128912145	0.05
0.966986309	0.0459290128912145	0.05
0.967139043	0.0459290128912145	0.05
0.967144414	0.0459290128912145	0.05
0.967302571	0.0459290128912145	0.05
0.967302572	0.0459290128912145	0.05
0.96746078	0.0459290128912145	0.05
0.96761904	0.0459290128912145	0.05
0.967619041	0.0459290128912145	0.05
0.967772081	0.0459290128912145	0.05
0.967925221	0.0459290128912145	0.05
0.967935716	0.0459290128912145	0.05
0.968083686	0.0470909466662956	0.05
0.968861479	0.0487348357347697	0.05
0.969035555	0.0487348357347697	0.05
0.969666194	0.0496005845085341	0.05
0.970292984	0.0519057819293902	0.05
0.970442597	0.0519057819293902	0.05
0.973766743	0.0514277587847611	0.05
0.974203145	0.0404408508173319	0.05
0.981915796	0.0751234424413768	0.05
0.9860103	0.0474914335422085	0.05
1.019804062	0.0680898988001029	0.06
1.021711423	0.0725105850283539	0.06
1.022530753	0.0725105850283539	0.06
1.023898132	0.0725105850283539	0.06
1.027042278	0.0626347616876738	0.07
1.028094642	0.0636547227884655	0.07
1.029078227	0.0641772625860903	0.07
1.029271857	0.0641772625860903	0.07
1.029637844	0.0641772625860903	0.07
1.029659545	0.0641772625860903	0.07
1.030020301	0.0663561247005263	0.07
1.030392053	0.0675019942182049	0.07
1.030397618	0.0675019942182049	0.07
1.030958443	0.0692969745109315	0.07
1.031531241	0.0692969745109315	0.07
1.032104884	0.0692969745109315	0.07
1.033463082	0.0692969745109315	0.07
1.034376329	0.0692969745109315	0.07
1.034854243	0.0699167048801139	0.07
1.035677928	0.0699167048801139	0.07
1.036124234	0.0699167048801139	0.07
1.038905957	0.0616469714637869	0.08
1.039046839	0.0616469714637869	0.08
1.041709188	0.0663561247005263	0.08
1.043349328	0.0663561247005263	0.08
1.044012776	0.0663561247005263	0.08
1.048661279	0.0575619239746298	0.09
1.049025044	0.0575619239746298	0.09
1.056246636	0.0621369411013196	0.09
1.057424783	0.0767835402795541	0.09
1.067766296	0.0567265911708404	0.11
1.068168044	0.0567265911708404	0.11
1.06860264	0.0571412048561424	0.11
1.068892568	0.0571412048561424	0.11
1.070020858	0.0588620929823113	0.11
1.076612069	0.061164668506372	0.11
1.088407982	0.0876520257638882	0.12
1.088762574	0.0876520257638882	0.12
1.091073782	0.0868004961208927	0.12
1.112743253	0.0775451461873368	0.12
1.113082372	0.0775451461873368	0.12
1.113233383	0.0775451461873368	0.12
1.125633627	0.0775451461873368	0.11
1.13205703	0.0738810631083509	0.12
1.133642817	0.0731894090501746	0.12
1.134317617	0.0731894090501746	0.12
1.162829766	0.0692969745109315	0.14
1.183360064	0.0656748258239497	0.16
1.187446683	0.0483131966435649	0.15
1.18762744	0.0470909466662956	0.15
1.192075895	0.0483131966435649	0.15
1.209768181	0.0318037893800702	0.14
1.210085375	0.0321085677489225	0.14
1.210771389	0.0312112672106198	0.14
1.21086869	0.0312112672106198	0.14
1.212614931	0.0333884239664881	0.13
1.224141399	0.0330589889008844	0.13
1.226416878	0.0330589889008844	0.13
1.226767373	0.0330589889008844	0.13
1.243346642	0.0377099153959657	0.12
1.245566855	0.036778556443553	0.12
1.246668032	0.0373942651279509	0.12
1.248955951	0.0370838552864733	0.12
1.252855937	0.0408102836575617	0.11
1.265568721	0.0400780465134326	0.1
1.268447511	0.0397216939336514	0.1
1.270060331	0.0386896702933307	0.1
1.270604589	0.0380309399257792	0.1
1.278899002	0.0321085677489225	0.09
1.293113698	0.0300900776640918	0.09
1.297280078	0.0330589889008844	0.08
1.302603198	0.0327359912227996	0.08
1.303502827	0.0327359912227996	0.08
1.325958837	0.0444661219644717	0.09
1.33510162	0.0444661219644717	0.09
1.335508208	0.0444661219644717	0.09
1.335711503	0.0440278913213878	0.1
1.335892556	0.0440278913213878	0.1
1.336051433	0.0440278913213878	0.1
1.33625481	0.0440278913213878	0.1
1.33638917	0.0440278913213878	0.1
1.336413828	0.0440278913213878	0.1
1.336665633	0.0435982142409492	0.1
1.336979907	0.0435982142409492	0.1
1.337524247	0.0435982142409492	0.1
1.337777279	0.0435982142409492	0.1
1.338686534	0.0435982142409492	0.1
1.342315002	0.0431768427156767	0.1
1.342368518	0.0431768427156767	0.1
1.346883901	0.0444661219644717	0.1
1.350085516	0.0444661219644717	0.1
1.360774481	0.041186528366716	0.1
1.360981621	0.041186528366716	0.1
1.36116959	0.041186528366716	0.1
1.361338457	0.041186528366716	0.1
1.36135761	0.041186528366716	0.1
1.361545683	0.041186528366716	0.1
1.361952473	0.041186528366716	0.1
1.362110213	0.041186528366716	0.1
1.364721715	0.041186528366716	0.1
1.365659238	0.0444661219644717	0.09
1.368578346	0.0431768427156767	0.09
1.369020462	0.0435982142409492	0.09
1.370127164	0.0435982142409492	0.09
1.373967278	0.0435982142409492	0.09
1.377139612	0.0435982142409492	0.09
1.377274175	0.0435982142409492	0.09
1.379222918	0.0435982142409492	0.09
1.38563755	0.0444661219644717	0.09
1.385801753	0.0444661219644717	0.09
1.418305639	0.060533216040288	0.09
1.436494579	0.0550618980842216	0.11
1.440102642	0.0550618980842216	0.11
1.448119954	0.0533097447278141	0.12
1.450674974	0.0533097447278141	0.12
1.450928234	0.0533097447278141	0.12
1.454003033	0.0533097447278141	0.12
1.454856842	0.0533097447278141	0.12
1.45657643	0.0533097447278141	0.13
1.457818346	0.0533097447278141	0.13
1.484067531	0.0524748302662987	0.15
1.484117024	0.0524748302662987	0.15
1.485393153	0.0528889926775702	0.15
1.485917469	0.041186528366716	0.15
1.488337206	0.0524748302662987	0.16
1.494140559	0.0520671038906661	0.16
1.502972103	0.0520671038906661	0.17
1.506038743	0.0408102836575617	0.17
1.511734415	0.0520671038906661	0.18
1.512194724	0.0520671038906661	0.18
1.512403577	0.0520671038906661	0.18
1.512821455	0.0520671038906661	0.18
1.517647523	0.0520671038906661	0.19
1.523536021	0.0520671038906661	0.19
1.558531046	0.0431768427156767	0.22
1.55916507	0.0431768427156767	0.22
1.595579044	0.149908933132504	0.19
1.611568792	0.156930249072384	0.18
1.652341299	0.176510611917868	0.14
1.718627381	0.195360921963991	0.08
1.730827961	0.2055813023743	0.06
1.75282717	0.203608734258509	0.04
1.758275756	0.197084639382773	0.04
1.768990518	0.204294812711133	0.03
1.77492366	0.204294812711133	0.03
1.77861633	0.20810141911743	0.02
1.780657572	0.20810141911743	0.02
1.780928629	0.20810141911743	0.02
1.78092863	0.20810141911743	0.02
1.781081012	0.20810141911743	0.02
1.781140367	0.20810141911743	0.02
1.781170031	0.20810141911743	0.02
1.781170032	0.20810141911743	0.02
1.781411498	0.20810141911743	0.02
1.781411499	0.20810141911743	0.02
1.781653031	0.20810141911743	0.02
1.781894629	0.20810141911743	0.02
1.782136292	0.20810141911743	0.02
1.782136293	0.20810141911743	0.02
1.782378022	0.20810141911743	0.02
1.782590324	0.20810141911743	0.02
1.782619816	0.20810141911743	0.02
1.783044725	0.20810141911743	0.02
1.783286774	0.20810141911743	0.02
1.783345594	0.20810141911743	0.02
1.783587651	0.20810141911743	0.02
1.78377107	0.20810141911743	0.02
1.783925287	0.20810141911743	0.02
1.784013316	0.20810141911743	0.02
1.78446873	0.20810141911743	0.02
1.784506241	0.20810141911743	0.02
1.784933025	0.20810141911743	0.02
1.785497332	0.20810141911743	0.02
1.785988286	0.20810141911743	0.02
1.788266632	0.214084957010788	0.01
1.788872102	0.216156673859923	0.01
1.78918715	0.216156673859923	0.01
1.789358594	0.216156673859923	0.01
1.789747139	0.216156673859923	0.01
1.790033715	0.216156673859923	0.01
1.790095821	0.216156673859923	0.01
1.790737455	0.20810141911743	0.02
1.792147241	0.20810141911743	0.02
1.794856772	0.16818345404984	0.02
1.795060195	0.159058783179012	0.02
1.795643534	0.148956851263274	0.02
1.796645824	0.142616482156887	0.02
1.796669094	0.142616482156887	0.02
1.796696941	0.142616482156887	0.02
1.808733518	0.0199022020584396	0.02
1.812688451	0.0415697751011365	0.02
1.813215031	0.0415697751011365	0.02
1.813716026	0.0415697751011365	0.02
1.813793197	0.0415697751011365	0.02
1.814069382	0.0415697751011365	0.02
1.814345569	0.0415697751011365	0.02
1.814596154	0.0415697751011365	0.02
1.814621756	0.0415697751011365	0.02
1.814621757	0.0415697751011365	0.02
1.814872379	0.0419602211613744	0.02
1.815039963	0.0419602211613744	0.02
1.815123071	0.0318037893800702	0.02
1.815169565	0.0315047425918934	0.02
1.815373832	0.0315047425918934	0.02
1.815624663	0.0315047425918934	0.02
1.815850116	0.0324192440714654	0.02
1.815875562	0.0324192440714654	0.02
1.816101116	0.0324192440714654	0.02
1.816374833	0.0427635382341629	0.02
1.816377569	0.0427635382341629	0.02
1.816879855	0.0444661219644717	0.02
1.817382419	0.0444661219644717	0.02
1.817399416	0.0444661219644717	0.02
1.817633804	0.0440278913213878	0.02
1.819395454	0.0435982142409492	0.02
1.819410514	0.0435982142409492	0.02
1.819581019	0.0435982142409492	0.02
1.81989941	0.0435982142409492	0.02
1.820606159	0.0435982142409492	0.02
1.82134289	0.0435982142409492	0.02
1.822065256	0.0435982142409492	0.02
1.823267442	0.0431768427156767	0.02
1.824280416	0.0423580713308829	0.02
1.824759677	0.0423580713308829	0.02
1.824985083	0.0423580713308829	0.02
1.828541204	0.0419602211613744	0.02
1.828939845	0.0427635382341629	0.02
1.829051906	0.0427635382341629	0.02
1.830016016	0.0427635382341629	0.02
1.835137623	0.0419602211613744	0.03
1.836263396	0.0419602211613744	0.03
1.83758722	0.0419602211613744	0.03
1.837659261	0.0419602211613744	0.03
1.842215909	0.0427635382341629	0.03
1.844053766	0.0400780465134326	0.04
1.846490238	0.0400780465134326	0.04
1.872927722	0.0415697751011365	0.06
1.876458705	0.0373942651279509	0.07
1.877534086	0.0370838552864733	0.07
1.933588634	0.0466971577776998	0.12
1.934242286	0.0478987907611637	0.12
1.938309591	0.0424385484266556	0.13
1.938319698	0.0424385484266556	0.13
1.939501786	0.0430935439262663	0.13
1.940502926	0.0430935439262663	0.13
1.945075766	0.0490200409784003	0.14
1.947078383	0.0490200409784003	0.14
1.95745413	0.0490200409784003	0.15
2.03833515	0.0701677118672852	0.23
2.04617014	0.0975398334846737	0.23
2.049316864	0.0688696598390872	0.24
2.057190684	0.0984956224723884	0.24
2.057670659	0.0680306479141381	0.25
2.058434493	0.0680306479141381	0.25
2.067556414	0.0680306479141381	0.26
2.077371996	0.0984956224723884	0.26
2.07768814	0.0680306479141381	0.27
2.079378601	0.0688696598390872	0.27
2.080200147	0.0688696598390872	0.27
2.112854786	0.0688696598390872	0.3
2.114638141	0.0761190076951404	0.3
2.116340052	0.0930262586014602	0.3
2.117539144	0.0984956224723884	0.3
2.119081815	0.0994703283028133	0.3
2.122322709	0.0676187615520953	0.31
2.130868897	0.0676187615520953	0.32
2.21647999	0.0930262586014602	0.4
2.22342495	0.0692969745109315	0.41
2.22607531	0.0873663322290295	0.41
2.226980498	0.0913356657346343	0.41
2.230993963	0.0641246228666984	0.42
2.268175967	0.211650720641833	0.41
2.273953022	0.220139420543429	0.4
2.279085054	0.218268878847437	0.4
2.283420782	0.225948485944845	0.39
2.401471639	0.240773456511906	0.29
2.416816988	0.27128731260715	0.29
2.57811595	0.23347867433521	0.15
2.634889835	0.237618206671111	0.09
2.63880046	0.231462527027721	0.09
2.67074212	0.23347867433521	0.06
2.671148642	0.23347867433521	0.06
2.671193019	0.23347867433521	0.06
2.671193179	0.23347867433521	0.06
2.671237545	0.23347867433521	0.06
2.671237705	0.23347867433521	0.06
2.671599486	0.23347867433521	0.06
2.671599646	0.23347867433521	0.06
2.671872794	0.247739775528918	0.05
2.671961685	0.247739775528918	0.05
2.672323822	0.23418820101623	0.05
2.672686057	0.239743510009483	0.05
2.67300408	0.239743510009483	0.05
2.673366554	0.239743510009483	0.05
2.674201502	0.239743510009483	0.05
2.674498542	0.239743510009483	0.05
2.674640938	0.239743510009483	0.05
2.675753192	0.237618206671111	0.05
2.675906626	0.237618206671111	0.05
2.67595059	0.237618206671111	0.05
2.677404052	0.237618206671111	0.05
2.678640892	0.23347867433521	0.05
2.679543675	0.23347867433521	0.05
2.684222358	0.258220073463249	0.04
2.692790444	0.258220073463249	0.03
2.697875326	0.255756244267353	0.03
2.700424629	0.250966997579066	0.03
2.703341222	0.254634880835086	0.04
2.714352711	0.248107905131299	0.05
2.716197088	0.248107905131299	0.05
2.720992773	0.222042300068653	0.05
2.721223607	0.222216921649717	0.05
2.721339166	0.243939357974741	0.06
2.721714851	0.243939357974741	0.06
2.721753239	0.243939357974741	0.06
2.72212898	0.243939357974741	0.06
2.722504826	0.243939357974741	0.06
2.725138453	0.241907174710054	0.06
2.728042156	0.241907174710054	0.06
2.728457177	0.241907174710054	0.06
2.733911556	0.239908570686287	0.07
2.741703646	0.237942720441988	0.08
2.742221604	0.237942720441988	0.08
2.744776734	0.237942720441988	0.08
2.758261585	0.237942720441988	0.09
2.767264537	0.236008825351674	0.1
2.784781798	0.221600259995397	0.12
2.795646082	0.221600259995397	0.13
2.814579483	0.221600259995397	0.15
2.857457722	0.219921954191826	0.19
2.874914635	0.219921954191826	0.21
2.884109016	0.219921954191826	0.22
2.885327778	0.219921954191826	0.22
2.893176138	0.218268878847437	0.23
3.017087015	0.215036177460996	0.35
3.116832706	0.218268878847437	0.45
3.153761559	0.147841843811235	0.48
3.190582361	0.152343249590673	0.5
3.557717034	0.150873264064915	0.850000000000001
3.561529658	0.150873264064915	0.850000000000001
3.561648443	0.150873264064915	0.850000000000001
3.562131134	0.150873264064915	0.850000000000001
3.563861522	0.150873264064915	0.850000000000001
3.566965252	0.150873264064915	0.860000000000001
3.567214517	0.150873264064915	0.860000000000001
3.571210711	0.150873264064915	0.860000000000001
3.571812505	0.150873264064915	0.860000000000001
3.572497766	0.150873264064915	0.860000000000001
3.62939674	0.154221509702129	0.910000000000001
3.629519691	0.154221509702129	0.910000000000001
3.6300627	0.154221509702129	0.910000000000001
3.630972932	0.154221509702129	0.910000000000001
3.631023885	0.156930249072384	0.910000000000001
3.631169027	0.156930249072384	0.910000000000001
3.633483005	0.146628728597584	0.920000000000001
3.707141358	0.151604693602593	0.990000000000001
3.778072999	0.150329306819397	1.06
3.82876748	0.149075199609612	1.11
3.963711323	0.144261259095877	1.25
4.078052931	0.176804746933752	1.36
4.445571488	0.186166243623491	1.72
4.452121847	0.180942269640618	1.73
4.45272527	0.184358566220272	1.73
4.453328856	0.184358566220272	1.73
4.453932605	0.184358566220272	1.73
4.459832487	0.172703721443018	1.74
4.537444354	0.175416267713632	1.8
4.550359745	0.172038642337533	1.81
4.773228095	0.18946897448773	2.04
4.895921957	0.172038642337533	2.16
5.341769851	0.201076470373135	2.45999999999999
5.342582978	0.201076470373135	2.45999999999999
5.343129076	0.201076470373135	2.45999999999999
5.343307119	0.201076470373135	2.45999999999999
5.443653327	0.201076470373135	2.55999999999999
5.445157132	0.205705857694089	2.55999999999999
6.2338777	0.22948090149814	2.67999999999999
6.234722781	0.22948090149814	2.67999999999999
6.244676548	0.22948090149814	2.68999999999999
6.358499262	0.235530253450082	2.79999999999998
7	0.193108993808361	3.36999999999997
