thrs	post_p	finalwindow
0	0.0852214177696291	0.23
0.03256001	0.0828163812050512	0.2
0.082355146	0.0753716504118928	0.17
0.089689176	0.0716891070383212	0.17
0.098963073	0.0716891070383212	0.16
0.103967892	0.0699795599903294	0.16
0.106977596	0.0699795599903294	0.16
0.113424721	0.0699795599903294	0.17
0.115659216	0.0683496479477932	0.18
0.123778241	0.0924721189591078	0.18
0.128068503	0.0876511572034916	0.17
0.129609166	0.0941030434236484	0.17
0.129730945	0.0941030434236484	0.17
0.130460633	0.0918929839245	0.17
0.14705261	0.0554375457046349	0.15
0.148427326	0.0876511572034916	0.15
0.148447444	0.0948635442736265	0.15
0.148782099	0.0941030434236484	0.15
0.155752372	0.0880336208803362	0.15
0.161204767	0.0904763934472813	0.14
0.178113806	0.0883710250826964	0.12
0.178140913	0.0883710250826964	0.12
0.178358463	0.0883710250826964	0.12
0.181486006	0.0911791868614915	0.12
0.181824923	0.0911791868614915	0.12
0.186084933	0.0880336208803362	0.12
0.191788381	0.0911791868614915	0.11
0.205298456	0.0924721189591078	0.1
0.206482242	0.0901983002832861	0.1
0.222656148	0.0972826112502996	0.08
0.222686318	0.0972826112502996	0.08
0.222697977	0.0951000236647237	0.08
0.222716495	0.0951000236647237	0.08
0.222812147	0.10167164274424	0.08
0.222924291	0.10167164274424	0.08
0.223196808	0.0980325748945472	0.08
0.226728961	0.0902775808783918	0.08
0.226867021	0.0902775808783918	0.08
0.226923294	0.0902775808783918	0.08
0.226929675	0.0902775808783918	0.08
0.226957829	0.0902775808783918	0.08
0.227081991	0.0908766572003482	0.08
0.227432153	0.0908766572003482	0.08
0.230426372	0.0761046558529057	0.07
0.237068117	0.0748473625835846	0.07
0.24235868	0.0733173680773031	0.07
0.242615688	0.0773585364075901	0.06
0.242941212	0.0830507590380301	0.06
0.249436037	0.0725755900755616	0.06
0.254481698	0.0809879306617151	0.05
0.256228734	0.078391786589194	0.05
0.259750174	0.0753716504118928	0.05
0.263775407	0.0961062481134923	0.04
0.287097646	0.0801766034061626	0.04
0.295749179	0.0856359039644259	0.03
0.296044019	0.0856359039644259	0.03
0.296839561	0.0856359039644259	0.03
0.296874128	0.0856359039644259	0.03
0.296879772	0.0856359039644259	0.03
0.29691506	0.0856359039644259	0.03
0.296960227	0.0856359039644259	0.03
0.297156652	0.0856359039644259	0.03
0.297161557	0.0856359039644259	0.03
0.297207868	0.0856359039644259	0.03
0.29723727	0.0856359039644259	0.03
0.297242165	0.0856359039644259	0.03
0.297345093	0.0856359039644259	0.03
0.29736316	0.0856359039644259	0.03
0.297631463	0.0856359039644259	0.03
0.298062423	0.0856359039644259	0.03
0.298432807	0.0856359039644259	0.03
0.29855614	0.0856359039644259	0.03
0.299931082	0.0856359039644259	0.03
0.300128238	0.0856359039644259	0.03
0.300638986	0.0832077493314285	0.03
0.302397905	0.0832077493314285	0.03
0.30240618	0.0832077493314285	0.03
0.302443572	0.0832077493314285	0.03
0.302452098	0.0832077493314285	0.03
0.302453753	0.0832077493314285	0.03
0.302493847	0.0832077493314285	0.03
0.302531356	0.0832077493314285	0.03
0.302535608	0.0832077493314285	0.03
0.302694303	0.0832077493314285	0.03
0.302757814	0.0832077493314285	0.03
0.303037639	0.0832077493314285	0.03
0.303062807	0.0832077493314285	0.03
0.303998368	0.0856359039644259	0.02
0.304168238	0.0856359039644259	0.02
0.305094409	0.0856359039644259	0.02
0.306047128	0.0856359039644259	0.02
0.306464617	0.0856359039644259	0.02
0.308759935	0.0873349669019493	0.02
0.320290117	0.0780443166220014	0.03
0.322591403	0.0780443166220014	0.03
0.322777267	0.0780443166220014	0.03
0.323097253	0.0780443166220014	0.03
0.323165924	0.0780443166220014	0.03
0.323537089	0.0780443166220014	0.03
0.330254195	0.0678230862628428	0.04
0.333944256	0.0678230862628428	0.04
0.334029253	0.0678230862628428	0.04
0.338071632	0.0725755900755616	0.05
0.340262381	0.0709953621120228	0.05
0.343706753	0.0709953621120228	0.05
0.356206548	0.0680327343432832	0.06
0.356351443	0.0680327343432832	0.06
0.356437896	0.0680327343432832	0.06
0.356490553	0.0680327343432832	0.06
0.357086112	0.0777685506326022	0.06
0.360733393	0.037295272789034	0.06
0.363936107	0.0648743365356208	0.07
0.367161303	0.077155146301569	0.07
0.367663989	0.0669845135128738	0.07
0.381649088	0.0535166525199385	0.07
0.382008897	0.0535166525199385	0.07
0.386863037	0.0612201734315214	0.06
0.387745392	0.0593625609426417	0.06
0.389222512	0.0579557141166941	0.06
0.389299853	0.0579557141166941	0.06
0.398731854	0.0631978007800482	0.05
0.403209246	0.0597250098478738	0.05
0.411578949	0.0694824820783642	0.04
0.415094538	0.0570039094161266	0.04
0.415772448	0.0586005079692274	0.03
0.418471182	0.0662909807622907	0.03
0.423143546	0.0634254525172308	0.03
0.428769674	0.0699795599903294	0.02
0.438307149	0.0747318431820493	0.01
0.438815006	0.0747318431820493	0.01
0.440249622	0.0734842715040735	0.01
0.440316292	0.0734842715040735	0.01
0.441698853	0.0734842715040735	0.01
0.444236336	0.0561446406319799	0.01
0.444770984	0.0527787293764021	0.01
0.445117302	0.0583011370919012	0.01
0.445156208	0.0583011370919012	0.01
0.445185067	0.0576143601621308	0.01
0.445185068	0.0576143601621308	0.01
0.44525283	0.0576143601621308	0.01
0.445252832	0.0576143601621308	0.01
0.445252833	0.0576143601621308	0.01
0.445252835	0.0576143601621308	0.01
0.44531318	0.0576143601621308	0.01
0.445313188	0.0576143601621308	0.01
0.44531319	0.0576143601621308	0.01
0.445373562	0.0576143601621308	0.01
0.445433949	0.0576143601621308	0.01
0.445479567	0.0576143601621308	0.01
0.445494353	0.0576143601621308	0.01
0.445540001	0.0576143601621308	0.01
0.445554774	0.0572770037507083	0.01
0.445578303	0.0572770037507083	0.01
0.445615211	0.0572770037507083	0.01
0.445653547	0.0572770037507083	0.01
0.445675664	0.0569435750693016	0.01
0.445691925	0.0675628361961953	0.01
0.445736134	0.0675628361961953	0.01
0.445917642	0.0671761845235269	0.01
0.445970843	0.0671761845235269	0.01
0.445978177	0.0671761845235269	0.01
0.446038729	0.0671761845235269	0.01
0.446351359	0.0667939331641108	0.01
0.446394864	0.0667939331641108	0.01
0.446395102	0.0667939331641108	0.01
0.446633323	0.0664160074259104	0.01
0.447158639	0.0664160074259104	0.01
0.447533088	0.0664160074259104	0.01
0.447649603	0.0660423342978335	0.01
0.447876705	0.0660423342978335	0.01
0.448791313	0.0715546435665301	0.01
0.449051315	0.0719595557811728	0.01
0.449715173	0.0711542626890508	0.01
0.452986292	0.072783285446508	0.01
0.453117722	0.072783285446508	0.01
0.453607731	0.0719595557811728	0.01
0.453670383	0.0719595557811728	0.01
0.45367678	0.0719595557811728	0.01
0.453739439	0.0719595557811728	0.01
0.453782962	0.0719595557811728	0.01
0.453789353	0.0719595557811728	0.01
0.453802119	0.0719595557811728	0.01
0.453864805	0.0719595557811728	0.01
0.453864814	0.0719595557811728	0.01
0.453952078	0.0719595557811728	0.01
0.453977538	0.0719595557811728	0.01
0.453990257	0.0719595557811728	0.01
0.454115767	0.0719595557811728	0.01
0.454131662	0.0719595557811728	0.01
0.454159539	0.0719595557811728	0.01
0.454266222	0.072783285446508	0.01
0.454291524	0.072783285446508	0.01
0.454297847	0.072783285446508	0.01
0.454618511	0.072783285446508	0.01
0.454637485	0.072783285446508	0.01
0.455078808	0.072783285446508	0.01
0.455180191	0.0740548577031043	0.01
0.455550168	0.0570542857910817	0.01
0.455665947	0.0663294003400439	0.02
0.455678249	0.0663294003400439	0.02
0.455804735	0.0663294003400439	0.02
0.456159276	0.0663294003400439	0.02
0.456455968	0.0663294003400439	0.02
0.45760535	0.0656445911248487	0.02
0.457901934	0.0656445911248487	0.02
0.458022431	0.0656445911248487	0.02
0.458619789	0.0663294003400439	0.02
0.459124851	0.0666771910268017	0.02
0.46331093	0.0673838299645759	0.02
0.46499053	0.0670286481400813	0.02
0.472596627	0.0643165358074606	0.03
0.473676694	0.0643165358074606	0.03
0.477096915	0.0576143601621308	0.04
0.478409458	0.0586777656178233	0.04
0.478419311	0.0586777656178233	0.04
0.479936634	0.0581412008618922	0.04
0.484458594	0.0592243261573153	0.04
0.484927676	0.0595014425419789	0.04
0.48628356	0.0481592401004326	0.04
0.489107131	0.0365975959839196	0.04
0.490830832	0.0369431407471008	0.04
0.499369323	0.041138013902168	0.05
0.508934563	0.0391616648627374	0.06
0.511690912	0.0397990050248744	0.06
0.514553924	0.0573729874856973	0.07
0.514645345	0.0573729874856973	0.07
0.51473946	0.0573729874856973	0.07
0.514742139	0.0573729874856973	0.07
0.514971335	0.0576143601621309	0.07
0.51502476	0.0576143601621309	0.07
0.515124567	0.0581032500593076	0.07
0.516063638	0.0469484952594406	0.07
0.518492841	0.0365292612691165	0.07
0.520735072	0.0373665062786058	0.07
0.534226929	0.0570542857910817	0.07
0.534308248	0.0570542857910817	0.07
0.534453117	0.0559661812397282	0.07
0.536755919	0.103204058149523	0.07
0.539174229	0.0973357993366247	0.07
0.543234343	0.0994564877865933	0.07
0.544416783	0.100922374718692	0.07
0.546060858	0.118368712591546	0.06
0.556645891	0.121519760319066	0.05
0.556807604	0.121519760319066	0.05
0.566766402	0.128353455747486	0.05
0.572491616	0.134664185417019	0.04
0.574371638	0.127525979967773	0.04
0.57444178	0.127525979967773	0.04
0.586308239	0.122607724594709	0.05
0.59079165	0.122607724594709	0.05
0.591193432	0.122607724594709	0.05
0.593573546	0.122607724594709	0.05
0.593673806	0.122607724594709	0.05
0.593673808	0.122607724594709	0.05
0.593754277	0.122607724594709	0.05
0.59375428	0.122607724594709	0.05
0.593824895	0.122607724594709	0.05
0.594318181	0.121436869961156	0.05
0.595015574	0.126259791600576	0.05
0.595196772	0.126259791600576	0.05
0.595887104	0.123801377033098	0.05
0.597117526	0.125018499669271	0.05
0.602148457	0.122607724594709	0.05
0.602674298	0.122607724594709	0.05
0.604317115	0.122607724594709	0.05
0.604813246	0.122607724594709	0.05
0.604905308	0.122607724594709	0.05
0.604905312	0.122607724594709	0.05
0.604988853	0.122607724594709	0.05
0.605716504	0.127525979967773	0.04
0.605724938	0.127525979967773	0.04
0.60631275	0.127525979967773	0.04
0.606404306	0.127525979967773	0.04
0.606824709	0.125018499669271	0.05
0.607971158	0.125018499669271	0.05
0.608524688	0.125018499669271	0.05
0.608756287	0.125018499669271	0.05
0.61827716	0.118054743495039	0.05
0.630942519	0.137365718969757	0.04
0.635412418	0.122607724594709	0.05
0.63624959	0.122607724594709	0.05
0.637031954	0.123715345909506	0.05
0.637881775	0.123715345909506	0.05
0.638075882	0.123715345909506	0.05
0.641599528	0.123715345909506	0.05
0.644129804	0.117354366695538	0.06
0.64559646	0.117354366695538	0.06
0.648827538	0.118368712591546	0.06
0.659386285	0.116233809198953	0.07
0.667472678	0.107859410752066	0.07
0.667879261	0.107859410752066	0.07
0.667879263	0.107859410752066	0.07
0.669490645	0.107859410752066	0.07
0.671132308	0.107859410752066	0.07
0.678915807	0.10174031006626	0.08
0.680410924	0.10174031006626	0.08
0.680589305	0.10174031006626	0.08
0.68060848	0.10174031006626	0.08
0.680702493	0.10174031006626	0.08
0.680786967	0.10174031006626	0.08
0.689921535	0.0988581940681978	0.09
0.690723937	0.0988581940681978	0.09
0.692614054	0.099697837897077	0.09
0.697379755	0.0948635442736265	0.1
0.712354258	0.0926180451018464	0.11
0.7123899	0.0926180451018464	0.11
0.712401774	0.0926180451018464	0.11
0.713541741	0.0941030434236484	0.11
0.71365913	0.0941030434236484	0.11
0.714295462	0.0941030434236484	0.11
0.715653707	0.0884315481770019	0.12
0.715679053	0.0884315481770019	0.12
0.725869057	0.0877703196284096	0.13
0.726772429	0.0877703196284096	0.13
0.72717465	0.0897843511853988	0.13
0.742183791	0.0828163812050512	0.14
0.744518666	0.0816640590935905	0.14
0.75180067	0.0391616648627374	0.13
0.756100951	0.0359255425078488	0.13
0.762884543	0.0705402770803178	0.13
0.763284143	0.0812401627227191	0.13
0.763491091	0.08061250566688	0.13
0.7676628	0.0790638036588229	0.13
0.772264397	0.0732803813362111	0.12
0.778829055	0.0788706259612808	0.12
0.779184816	0.0784870887573699	0.12
0.786383987	0.0812401627227191	0.11
0.793117932	0.0795299142630557	0.1
0.794958533	0.0863975280104266	0.1
0.797194853	0.0831831804863074	0.1
0.8034392	0.0880677103501687	0.09
0.812482547	0.0739471988201891	0.08
0.817085993	0.0828163812050512	0.08
0.849686346	0.0821369702651999	0.05
0.856064956	0.0874546322465278	0.04
0.861362559	0.0662909807622907	0.03
0.861783488	0.0745510313985342	0.03
0.866065884	0.0877250819667458	0.03
0.867661243	0.0863893057494321	0.03
0.875213305	0.0899504247842957	0.02
0.875954975	0.0879972095842395	0.02
0.877564409	0.0871858449527935	0.02
0.88244613	0.0804953356189002	0.01
0.883236842	0.0939953946979984	0.01
0.883671839	0.0930375262069822	0.01
0.884296127	0.095075505618903	0.01
0.885048106	0.0932012806899252	0.01
0.885800269	0.0919923167047909	0.01
0.886381245	0.0911059781884773	0.01
0.888469193	0.0891028152459842	0.01
0.888863234	0.0879972095842395	0.01
0.889014569	0.0874546322465278	0.01
0.889209764	0.0874546322465278	0.01
0.889576687	0.0869187048043632	0.01
0.889857915	0.0869187048043632	0.01
0.890068113	0.0869187048043632	0.01
0.890083013	0.0869187048043632	0.01
0.890218543	0.0866531967067731	0.01
0.890218544	0.0866531967067731	0.01
0.890309475	0.0863893057494321	0.01
0.890354074	0.0863893057494321	0.01
0.890354075	0.0863893057494321	0.01
0.890407894	0.0863893057494321	0.01
0.890419078	0.0863893057494321	0.01
0.890459913	0.0863893057494321	0.01
0.890474761	0.0863893057494321	0.01
0.890489605	0.0863893057494321	0.01
0.890489606	0.0863893057494321	0.01
0.890580647	0.0863893057494321	0.01
0.890595481	0.0863893057494321	0.01
0.89061031	0.0863893057494321	0.01
0.890610311	0.0863893057494321	0.01
0.89068659	0.0863893057494321	0.01
0.890716233	0.0863893057494321	0.01
0.890731048	0.0863893057494321	0.01
0.890731049	0.0863893057494321	0.01
0.890737499	0.0863893057494321	0.01
0.890822213	0.0863893057494321	0.01
0.890837018	0.0863893057494321	0.01
0.890851819	0.0863893057494321	0.01
0.890928251	0.0863893057494321	0.01
0.890957836	0.0863893057494321	0.01
0.890972623	0.0863893057494321	0.01
0.891093459	0.0858663165158005	0.01
0.89119957	0.0858663165158005	0.01
0.891214328	0.0858663165158005	0.01
0.891244043	0.0858663165158005	0.01
0.891320486	0.0858663165158005	0.01
0.89133523	0.0858663165158005	0.01
0.891441435	0.0858663165158005	0.01
0.891456164	0.0858663165158005	0.01
0.89149835	0.0858663165158005	0.01
0.891521465	0.0858663165158005	0.01
0.891698132	0.0858663165158005	0.01
0.891793338	0.0858663165158005	0.01
0.891881522	0.0858663165158005	0.01
0.892012117	0.0856071893128228	0.01
0.892017347	0.0856071893128228	0.01
0.89206133	0.0856071893128228	0.01
0.892182462	0.0853496213913866	0.01
0.892215798	0.0853496213913866	0.01
0.892245091	0.0853496213913866	0.01
0.89229733	0.0850935987193937	0.01
0.892793389	0.0853496213913866	0.01
0.892924751	0.0877703196284096	0.01
0.892951888	0.0875085887041363	0.01
0.892952212	0.0875085887041363	0.01
0.893142511	0.0875085887041363	0.01
0.893172464	0.0875085887041363	0.01
0.893313967	0.0877703196284096	0.01
0.893320622	0.0877703196284096	0.01
0.893395592	0.0877703196284096	0.01
0.894085351	0.0880336208803362	0.01
0.894189143	0.0880336208803362	0.01
0.89420355	0.0880336208803362	0.01
0.89422449	0.0880336208803362	0.01
0.894332391	0.088564991238074	0.01
0.894511483	0.0880336208803362	0.01
0.894690708	0.0877703196284096	0.01
0.894970751	0.0877703196284096	0.01
0.895086463	0.0882985066348674	0.01
0.89539422	0.0880336208803362	0.01
0.895524497	0.0907019143117593	0.01
0.895840307	0.0901625417681373	0.01
0.896329745	0.0898952539597391	0.01
0.896928207	0.0891028152459842	0.01
0.89693811	0.0891028152459842	0.01
0.897131294	0.0903893053043213	0.01
0.897197773	0.0903893053043213	0.01
0.89799116	0.0875085887041363	0.01
0.898455429	0.0837619204209142	0.01
0.898485328	0.0839416178665937	0.01
0.898662437	0.0823515718959742	0.01
0.898755243	0.0816640590935905	0.01
0.89889623	0.0813245895777328	0.01
0.898920463	0.0813245895777328	0.01
0.899325427	0.0796687142660545	0.01
0.899413875	0.0844514406683477	0.01
0.900113547	0.0842822203494481	0.01
0.900307304	0.0842822203494481	0.01
0.901007608	0.087871402732607	0.01
0.901947653	0.0828672203067237	0.01
0.902162268	0.0837931168632046	0.01
0.902291602	0.0782424927507741	0.01
0.902860993	0.0773585364075901	0.01
0.902919093	0.0773585364075901	0.01
0.902932441	0.0776509608818652	0.01
0.903876527	0.0607449556074376	0.01
0.904508173	0.0580703994163779	0.01
0.904513058	0.0583011370919012	0.01
0.905345526	0.0585337157143908	0.01
0.905424433	0.0592427202530468	0.01
0.905541598	0.0594828874607682	0.01
0.906154318	0.0602152164457136	0.01
0.906508268	0.0599691113873507	0.01
0.906922556	0.0594828874607682	0.01
0.906983581	0.0599691113873507	0.01
0.907060652	0.0599691113873507	0.01
0.90712089	0.0599691113873507	0.01
0.907198748	0.0604633497911128	0.01
0.907199842	0.0604633497911128	0.01
0.907298438	0.0602152164457136	0.01
0.907324045	0.0602152164457136	0.01
0.907336843	0.0602152164457136	0.01
0.907336844	0.0602152164457136	0.01
0.907436592	0.0602152164457136	0.01
0.907449378	0.0602152164457136	0.01
0.90746216	0.0602152164457136	0.01
0.907536422	0.0602152164457136	0.01
0.907574745	0.0602152164457136	0.01
0.907587512	0.0602152164457136	0.01
0.907700146	0.0602152164457136	0.01
0.907712898	0.0602152164457136	0.01
0.907951053	0.0602152164457136	0.01
0.907963773	0.0599691113873507	0.01
0.907963774	0.0599691113873507	0.01
0.908076559	0.0609658024738636	0.01
0.908089264	0.0609658024738636	0.01
0.908151307	0.0609658024738636	0.01
0.908189407	0.0609658024738636	0.01
0.908202099	0.0609658024738636	0.01
0.908214789	0.0609658024738636	0.01
0.908289632	0.0609658024738636	0.01
0.908453284	0.0609658024738636	0.01
0.908566283	0.0612201734315215	0.01
0.908577365	0.0612201734315215	0.01
0.908578929	0.0612201734315215	0.01
0.908691978	0.0617353368880271	0.01
0.908729307	0.0617353368880271	0.01
0.908830322	0.0619961836520114	0.01
0.908855181	0.0617353368880271	0.01
0.908943472	0.0622592440507616	0.01
0.909094444	0.0622592440507616	0.01
0.909183517	0.0622592440507616	0.01
0.909195105	0.0622592440507616	0.01
0.909270732	0.0622592440507616	0.01
0.909308419	0.0622592440507616	0.01
0.909346075	0.062524546382845	0.01
0.909409249	0.062524546382845	0.01
0.909446878	0.0627921194312422	0.01
0.909620416	0.0627921194312422	0.01
0.909896599	0.0619961836520114	0.01
0.910014581	0.0619961836520114	0.01
0.910204731	0.0622592440507616	0.01
0.910267	0.0622592440507616	0.01
0.910628128	0.062524546382845	0.01
0.911049792	0.0630619924737572	0.01
0.91113001	0.0630619924737572	0.01
0.911351929	0.0630619924737572	0.01
0.911383512	0.0630619924737572	0.01
0.911404622	0.0630619924737572	0.01
0.911518912	0.0630619924737572	0.01
0.911632099	0.0630619924737572	0.01
0.911776598	0.0630619924737572	0.01
0.912015459	0.0630619924737572	0.01
0.912707801	0.0633341952936964	0.01
0.912776305	0.0627921194312422	0.01
0.912967277	0.0633341952936964	0.01
0.913139907	0.0633341952936964	0.01
0.913751419	0.0630619924737572	0.01
0.914018042	0.0633341952936964	0.01
0.914696902	0.065857070094654	0.01
0.914870556	0.065857070094654	0.01
0.915026039	0.065857070094654	0.01
0.916163647	0.062524546382845	0.01
0.916208994	0.062524546382845	0.01
0.916688985	0.0630619924737572	0.01
0.917248255	0.0595014425419789	0.01
0.917957453	0.0607449556074376	0.01
0.918456927	0.0559661812397282	0.01
0.918837351	0.0626030073222665	0.02
0.919655338	0.0635601330666989	0.02
0.919822583	0.0635601330666989	0.02
0.921783065	0.0638040049602286	0.02
0.922504312	0.0645469798457636	0.02
0.922763582	0.0645469798457636	0.02
0.922787758	0.0645469798457636	0.02
0.923473233	0.0612201734315215	0.02
0.924160807	0.0612201734315215	0.02
0.924507726	0.0612201734315215	0.02
0.924627878	0.0619471071124141	0.02
0.925553967	0.0592427202530468	0.02
0.927872541	0.0544096789077052	0.02
0.934071327	0.0557667656611411	0.03
0.934700606	0.0557667656611411	0.03
0.938446291	0.0347554619234485	0.03
0.941112169	0.0231187011704568	0.03
0.942896738	0.017631927966043	0.03
0.944027825	0.0182913343080286	0.03
0.947518522	0.0352777262264522	0.04
0.948845214	0.0349625009608099	0.04
0.950306111	0.021275031905866	0.04
0.954191796	0.017631927966043	0.04
0.955603107	0.0182913343080286	0.04
0.956018846	0.0182913343080286	0.04
0.956296714	0.0186398854911557	0.04
0.95679317	0.019001978378088	0.04
0.956793172	0.019001978378088	0.04
0.957077957	0.019001978378088	0.04
0.959031973	0.0360358321119555	0.05
0.959665139	0.0206754589315515	0.05
0.960039043	0.0209709607518985	0.05
0.960819071	0.0217480396710472	0.05
0.964446178	0.017631927966043	0.05
0.964458654	0.017631927966043	0.05
0.966290332	0.0186398854911557	0.05
0.966653906	0.0186398854911557	0.05
0.966980912	0.019001978378088	0.05
0.966986309	0.019001978378088	0.05
0.967144414	0.019001978378088	0.05
0.967302572	0.0191883519953716	0.05
0.96746078	0.0191883519953716	0.05
0.967608447	0.0191883519953716	0.05
0.967772081	0.0191883519953716	0.05
0.967925221	0.0191883519953716	0.05
0.967935716	0.0191883519953716	0.05
0.968083686	0.019378417774099	0.05
0.968237002	0.019378417774099	0.05
0.968861479	0.0337559899919427	0.06
0.969666194	0.0186992729365611	0.06
0.970292984	0.0191883519953716	0.06
0.970442597	0.018580874071394	0.06
0.973766743	0.0141811120414744	0.06
0.97801719	0.0146045666792041	0.06
0.978183481	0.0146045666792041	0.06
0.981915796	0.0146045666792041	0.06
1.019804062	0.0173197379192924	0.07
1.021711423	0.0174744386940272	0.07
1.022530753	0.0174744386940272	0.07
1.023898132	0.0174744386940272	0.07
1.027042278	0.0167273892611632	0.08
1.029271857	0.0173197379192924	0.08
1.029659545	0.0173197379192924	0.08
1.030392053	0.0174744386940272	0.08
1.030397618	0.0174744386940272	0.08
1.031720423	0.0174744386940272	0.08
1.032104884	0.0174744386940272	0.08
1.0327094	0.0174744386940272	0.08
1.033463082	0.0167273892611632	0.08
1.034014818	0.0167273892611632	0.08
1.034376329	0.0170184107776142	0.08
1.034854243	0.0170184107776142	0.08
1.035677928	0.0255324608673338	0.08
1.038905957	0.0282347098936764	0.08
1.039046839	0.0285090075570359	0.08
1.041709188	0.0242657033548249	0.09
1.044012776	0.0238709290469621	0.09
1.054783865	0.0285090075570359	0.09
1.056246636	0.0285090075570359	0.09
1.057424783	0.0262167658852687	0.1
1.058571278	0.0262167658852687	0.1
1.067971123	0.0262167658852687	0.11
1.068168044	0.0262167658852687	0.11
1.068277144	0.0262167658852687	0.11
1.06860264	0.0262167658852687	0.11
1.076612069	0.0287886870586533	0.11
1.088407982	0.0301182880628852	0.13
1.112743253	0.0391616648627374	0.14
1.113082372	0.0387735903626195	0.14
1.113233383	0.0387735903626195	0.14
1.115076799	0.0296616485318229	0.15
1.125633627	0.0369431407471008	0.15
1.127882011	0.0369431407471008	0.15
1.133642817	0.0383931316809656	0.14
1.133988353	0.0383931316809656	0.14
1.134317617	0.0383931316809656	0.14
1.137302108	0.0383931316809656	0.14
1.187305519	0.048962770456258	0.15
1.18762744	0.0480016885016056	0.15
1.192009701	0.0470776100424349	0.15
1.192725439	0.0461884383839849	0.15
1.203309389	0.0484774665042631	0.14
1.208769953	0.047535158699352	0.15
1.209215802	0.047535158699352	0.15
1.209751115	0.047535158699352	0.15
1.209825949	0.047535158699352	0.15
1.224141399	0.0617028852978438	0.14
1.22465873	0.0617028852978438	0.14
1.225416562	0.0617028852978438	0.14
1.226416878	0.0617028852978438	0.14
1.226767373	0.0617028852978438	0.14
1.246668032	0.0581032500593076	0.12
1.248955951	0.0581032500593076	0.12
1.252855937	0.0612201734315215	0.11
1.265568721	0.0612201734315215	0.1
1.268447511	0.0612201734315215	0.1
1.270060331	0.0601446948374544	0.1
1.270604589	0.0596210021721219	0.1
1.293113698	0.0699795599903294	0.09
1.33510162	0.0873349669019493	0.09
1.335485912	0.0873349669019493	0.09
1.335508208	0.0873349669019493	0.09
1.335711503	0.0873349669019493	0.09
1.335892556	0.0873349669019493	0.09
1.336051433	0.0873349669019493	0.09
1.33625481	0.0873349669019493	0.09
1.336595099	0.0873349669019493	0.09
1.337117106	0.0840016884761502	0.1
1.337524247	0.0840016884761502	0.1
1.337529375	0.0840016884761502	0.1
1.337777279	0.0840016884761502	0.1
1.337887386	0.0840016884761502	0.1
1.338686534	0.0840016884761502	0.1
1.340005107	0.0840016884761502	0.1
1.342368518	0.0832077493314285	0.1
1.350085516	0.0882100344455013	0.09
1.360533959	0.097147485326913	0.1
1.360774481	0.097147485326913	0.1
1.360981621	0.097147485326913	0.1
1.36116959	0.097147485326913	0.1
1.361338457	0.097147485326913	0.1
1.361545683	0.097147485326913	0.1
1.361952473	0.097147485326913	0.1
1.362110213	0.097147485326913	0.1
1.362279458	0.097147485326913	0.1
1.368578346	0.104710539218617	0.09
1.369020462	0.104710539218617	0.09
1.370127164	0.104710539218617	0.09
1.373967278	0.104710539218617	0.09
1.377139612	0.104710539218617	0.09
1.377544294	0.104710539218617	0.09
1.379222918	0.105739533676097	0.08
1.384187356	0.105739533676097	0.08
1.418305639	0.1041194888858	0.09
1.434752614	0.0956364373624888	0.1
1.436494579	0.0956364373624888	0.11
1.440102642	0.0956364373624888	0.11
1.448119954	0.0926180451018464	0.12
1.450928234	0.0926180451018464	0.12
1.45657643	0.0926180451018464	0.13
1.457818346	0.0926180451018464	0.13
1.484067531	0.0911791868614915	0.15
1.484117024	0.0911791868614915	0.15
1.485393153	0.093354639145031	0.15
1.485917469	0.113152564057003	0.15
1.494140559	0.0897843511853988	0.16
1.502972103	0.0897843511853988	0.17
1.511734415	0.0897843511853988	0.18
1.512194724	0.0897843511853988	0.18
1.512821455	0.0897843511853988	0.18
1.513239565	0.0897843511853988	0.18
1.516740221	0.105739533676097	0.18
1.519065464	0.0897843511853988	0.19
1.558319819	0.11425393151582	0.22
1.561070241	0.199255080857822	0.22
1.595407686	0.18453691897531	0.19
1.595579044	0.18453691897531	0.19
1.652341299	0.202861904259407	0.14
1.730827961	0.229651785251418	0.06
1.745720251	0.231349112641006	0.04
1.75282717	0.224706017272864	0.04
1.758275756	0.249812434719927	0.03
1.768990518	0.255940194879086	0.02
1.77492366	0.255046459468119	0.01
1.777374698	0.264593986075367	0.01
1.778615293	0.260195156582385	0.01
1.77861633	0.260195156582385	0.01
1.780115455	0.245887713336937	0.01
1.780657572	0.245887713336937	0.01
1.780928629	0.240226532714974	0.01
1.78092863	0.240226532714974	0.01
1.781081012	0.240226532714974	0.01
1.781140367	0.240226532714974	0.01
1.781170031	0.240226532714974	0.01
1.781411498	0.240226532714974	0.01
1.781411499	0.240226532714974	0.01
1.781623424	0.240226532714974	0.01
1.781653031	0.240226532714974	0.01
1.781835463	0.240226532714974	0.01
1.781894629	0.240226532714974	0.01
1.782136293	0.234820165107929	0.01
1.782378022	0.234820165107929	0.01
1.783044725	0.234820165107929	0.01
1.783103602	0.234820165107929	0.01
1.783286774	0.234820165107929	0.01
1.783345594	0.234820165107929	0.01
1.783587651	0.234820165107929	0.01
1.783829774	0.234820165107929	0.01
1.784314217	0.234820165107929	0.01
1.78446873	0.234820165107929	0.01
1.784933025	0.236595045083747	0.01
1.785009515	0.236595045083747	0.01
1.785322292	0.245887713336937	0.01
1.785988286	0.245887713336937	0.01
1.786357195	0.245887713336937	0.01
1.787927091	0.238617240885958	0.01
1.788266632	0.238617240885958	0.01
1.78918715	0.242197926823365	0.01
1.789358594	0.242197926823365	0.01
1.789747139	0.238617240885958	0.01
1.790033715	0.238617240885958	0.01
1.790095821	0.238617240885958	0.01
1.790737455	0.223422917689987	0.01
1.79204453	0.235443544528443	0.02
1.795060195	0.198844287377899	0.02
1.795172249	0.194199976320576	0.02
1.796669094	0.173892371005516	0.02
1.799436111	0.170330068002379	0.02
1.801889818	0.0753716504118928	0.02
1.808733518	0.165205209360245	0.03
1.812688451	0.0759569163972947	0.03
1.814621756	0.0699795599903294	0.03
1.814621757	0.0699795599903294	0.03
1.814846808	0.0699795599903294	0.03
1.814872379	0.0699795599903294	0.03
1.815123071	0.0732549745914062	0.03
1.815288509	0.0732549745914062	0.03
1.815373832	0.0739471988201891	0.03
1.815624663	0.0739471988201891	0.03
1.815875562	0.0739471988201891	0.03
1.816101116	0.0383931316809656	0.03
1.816374833	0.0387735903626195	0.03
1.816377569	0.0387735903626195	0.03
1.81637757	0.0387735903626195	0.03
1.816628678	0.0387735903626195	0.03
1.817399416	0.0387735903626195	0.03
1.818036082	0.0391616648627374	0.03
1.818363245	0.158329189457981	0.04
1.819217405	0.159807267616944	0.04
1.819395454	0.159807267616944	0.04
1.82134289	0.100839803852224	0.04
1.823345161	0.0673045757528783	0.04
1.824759677	0.0669845135128738	0.04
1.824985083	0.0687499662619905	0.04
1.829613575	0.0391616648627374	0.04
1.835137623	0.0687499662619905	0.05
1.836263396	0.0359255425078488	0.05
1.83758722	0.0362584553715808	0.05
1.839735229	0.0383931316809656	0.05
1.842215909	0.0670993846413217	0.06
1.844053766	0.0711100523349736	0.06
1.860668056	0.0391616648627374	0.07
1.860714054	0.0391616648627374	0.07
1.872927722	0.0369431407471008	0.08
1.876458705	0.0188191903728966	0.08
1.917919203	0.0188191903728966	0.11
1.932723098	0.0186398854911557	0.12
1.934242286	0.0186398854911557	0.12
1.93486401	0.0170184107776142	0.13
1.938309591	0.0167273892611632	0.13
1.938319698	0.0167273892611632	0.13
1.940502926	0.0168716451443681	0.13
1.947078383	0.0244680278800267	0.14
1.956133657	0.0244680278800267	0.15
1.95745413	0.0244680278800267	0.15
1.959079535	0.0246737546883234	0.15
1.961031557	0.0246737546883234	0.15
2.03833515	0.0301182880628852	0.23
2.039242563	0.0303519211841444	0.23
2.045755957	0.0298882242367778	0.24
2.057190684	0.029438482216947	0.25
2.057670659	0.029438482216947	0.25
2.058434493	0.029438482216947	0.25
2.060706206	0.0296616485318229	0.25
2.067556414	0.029438482216947	0.26
2.077371996	0.029438482216947	0.27
2.077653506	0.029438482216947	0.27
2.079378601	0.0296616485318229	0.27
2.116340052	0.0283711957514491	0.31
2.119081815	0.0285784167431465	0.31
2.175983465	0.0283711957514491	0.37
2.201956234	0.0283711957514491	0.39
2.22342495	0.0287886870586533	0.41
2.244892022	0.127700612360605	0.43
2.268175967	0.15705811989	0.41
2.273953022	0.18020516448532	0.4
2.287430653	0.166409700263935	0.39
2.36737444	0.211255091561566	0.32
2.396315913	0.226117511200585	0.31
2.401471639	0.226117511200585	0.31
2.416816988	0.226117511200585	0.3
2.57811595	0.220485254529244	0.15
2.634889835	0.231349112641006	0.09
2.644514931	0.231349112641006	0.08
2.64482266	0.231349112641006	0.08
2.664122924	0.233651632314226	0.06
2.669724846	0.222575627828944	0.06
2.670697515	0.236732686291443	0.06
2.670831293	0.236732686291443	0.06
2.671193019	0.236732686291443	0.06
2.671193179	0.236732686291443	0.06
2.671237545	0.236732686291443	0.06
2.671237705	0.236732686291443	0.06
2.671599486	0.236732686291443	0.06
2.671599646	0.236732686291443	0.06
2.671872794	0.236732686291443	0.06
2.671961685	0.236732686291443	0.06
2.672323822	0.236000444724456	0.05
2.67300408	0.233651632314226	0.05
2.673366554	0.233651632314226	0.05
2.674201502	0.233651632314226	0.05
2.674498542	0.233651632314226	0.05
2.674640938	0.233651632314226	0.05
2.675753192	0.224706017272864	0.05
2.67595059	0.224706017272864	0.05
2.678640892	0.222575627828944	0.05
2.679587204	0.222575627828944	0.05
2.68050645	0.222575627828944	0.05
2.684222358	0.243619607909816	0.05
2.690797174	0.229091530484679	0.04
2.690995907	0.229091530484679	0.04
2.703341222	0.229719200023087	0.04
2.716197088	0.216420129654961	0.05
2.720992773	0.224706017272864	0.05
2.721223607	0.214087709700391	0.05
2.721339166	0.223422917689987	0.06
2.721714851	0.223422917689987	0.06
2.721753239	0.223422917689987	0.06
2.722090639	0.223422917689987	0.06
2.72212898	0.223422917689987	0.06
2.722504826	0.223422917689987	0.06
2.725138453	0.210595938884847	0.06
2.728042156	0.210595938884847	0.06
2.730687704	0.214443265814686	0.06
2.733911556	0.215545837338713	0.07
2.734951629	0.208723583831133	0.07
2.741703646	0.215545837338713	0.08
2.744776734	0.208723583831133	0.08
2.758261585	0.208723583831133	0.09
2.784781798	0.194863713212512	0.12
2.795646082	0.194863713212512	0.13
2.870516676	0.198153204664442	0.2
2.874914635	0.194863713212512	0.21
2.884109016	0.201348223658416	0.22
2.893176138	0.218433780399959	0.23
3.116410384	0.230112217812935	0.45
3.116832706	0.230112217812935	0.45
3.153761559	0.170767353615532	0.48
3.190582361	0.213662595624748	0.52
3.560201153	0.194540760994089	0.880000000000001
3.561648443	0.19802463347598	0.890000000000001
3.562131134	0.232680502776966	0.890000000000001
3.565454716	0.196494692668477	0.890000000000001
3.566965252	0.206046185168776	0.890000000000001
3.571210711	0.196494692668477	0.890000000000001
3.572497766	0.214087709700391	0.880000000000001
3.579984214	0.19830536784502	0.880000000000001
3.62901857	0.192970760169477	0.910000000000001
3.62939674	0.192970760169477	0.910000000000001
3.629519691	0.192970760169477	0.910000000000001
3.630972932	0.192970760169477	0.910000000000001
3.631023885	0.194716783926303	0.910000000000001
3.631169027	0.194716783926303	0.910000000000001
3.631970124	0.191255771283785	0.920000000000001
3.633483005	0.191255771283785	0.920000000000001
3.778072999	0.191255771283785	1.06
3.82876748	0.196494692668477	1.11
4.442577106	0.279847613736585	1.71
4.445571488	0.290670074858499	1.72
4.452121847	0.279847613736585	1.72
4.45272527	0.279847613736585	1.72
4.453328856	0.279847613736585	1.72
4.453932605	0.272830487778754	1.72
4.480518943	0.293483270347497	1.75
4.536342962	0.282635844944536	1.8
4.536969429	0.282635844944536	1.8
4.537596069	0.282635844944536	1.8
4.773228095	0.285480195769862	2.02
4.848628454	0.285480195769862	2.1
4.895921957	0.285480195769862	2.14
5.341769851	0.332298080764096	2.30999999999999
5.342582978	0.332298080764096	2.30999999999999
5.343129076	0.332298080764096	2.30999999999999
5.343307119	0.332298080764096	2.30999999999999
5.346842194	0.332298080764096	2.29999999999999
5.445157132	0.332298080764096	2.32999999999999
6.2338777	0.318721619088353	2.66999999999999
6.244676548	0.318721619088353	2.67999999999999
6.35095118	0.285799772604871	2.72999999999999
7	0.334694020567985	3.36999999999997
