thrs	post_p	finalwindow
0	0.0368447012505721	0.23
0.03256001	0.0368447012505721	0.2
0.070216248	0.0302088203683351	0.18
0.089689176	0.0278904295742827	0.18
0.098963073	0.0268597473078165	0.18
0.106977596	0.0268597473078165	0.18
0.123778241	0.0757626981327807	0.18
0.127200542	0.0211327493473272	0.17
0.127695348	0.0288753417157273	0.17
0.129730945	0.069374914588673	0.17
0.130460633	0.0688274568289288	0.17
0.14705261	0.0213395672035516	0.15
0.148427326	0.0371586446319016	0.15
0.148447444	0.0547212826008686	0.15
0.148782099	0.053381622987325	0.15
0.151339737	0.0682885717187856	0.15
0.161204767	0.0682885717187856	0.14
0.178062567	0.0374779840385221	0.12
0.178140913	0.0374779840385221	0.12
0.178358463	0.0374779840385221	0.12
0.181486006	0.0688274568289288	0.12
0.181824923	0.0688274568289288	0.12
0.186084933	0.0717726266271107	0.12
0.222049977	0.0677580594636558	0.08
0.222622275	0.0612340637579798	0.08
0.22265244	0.0612340637579798	0.08
0.222656148	0.0612340637579798	0.08
0.222686318	0.0612340637579798	0.08
0.222697977	0.0607466544423291	0.08
0.222716495	0.0607466544423291	0.08
0.226694446	0.0701812408012025	0.08
0.226728961	0.0701812408012025	0.08
0.226867021	0.0701812408012025	0.08
0.226923294	0.0701812408012025	0.08
0.227432153	0.0696828376501158	0.08
0.237068117	0.066721384907958	0.07
0.241897099	0.0647403748305038	0.07
0.24235868	0.0647403748305038	0.07
0.242615688	0.0608273497696916	0.06
0.242875367	0.0787734459859585	0.06
0.242941212	0.0787734459859585	0.06
0.256228734	0.073465349458793	0.05
0.256259656	0.073465349458793	0.05
0.263775407	0.0699311512002856	0.05
0.272151172	0.0688274568289288	0.05
0.296839561	0.0802225268080303	0.05
0.296839653	0.0802225268080303	0.05
0.296874128	0.0802225268080303	0.05
0.296879772	0.0802225268080303	0.05
0.29691506	0.0802225268080303	0.05
0.296919994	0.0802225268080303	0.05
0.296960227	0.0802225268080303	0.05
0.297156652	0.0802225268080303	0.05
0.29723727	0.0802225268080303	0.05
0.297242165	0.0802225268080303	0.05
0.297345093	0.0802225268080303	0.05
0.29736316	0.0802225268080303	0.05
0.297631463	0.0802225268080303	0.05
0.298033592	0.0802225268080303	0.05
0.298062423	0.0802225268080303	0.05
0.298432807	0.0802225268080303	0.05
0.29855614	0.0802225268080303	0.05
0.298682719	0.0802225268080303	0.05
0.299120783	0.0802225268080303	0.05
0.29926506	0.0802225268080303	0.05
0.299931082	0.0802225268080303	0.05
0.301159527	0.0857430431800242	0.04
0.302397905	0.0857430431800242	0.04
0.30240618	0.0857430431800242	0.04
0.302452098	0.0857430431800242	0.04
0.302493847	0.0857430431800242	0.04
0.302535608	0.0857430431800242	0.04
0.302694303	0.0857430431800242	0.04
0.302844832	0.0857430431800242	0.04
0.303062807	0.0857430431800242	0.04
0.303998368	0.0857430431800242	0.04
0.304168238	0.0857430431800242	0.04
0.305094409	0.0857430431800242	0.04
0.306047128	0.0849083331342183	0.04
0.306464617	0.0849083331342183	0.04
0.307314933	0.0849083331342183	0.04
0.308759935	0.0849083331342183	0.04
0.319078068	0.0794913829743039	0.04
0.320290117	0.0794913829743039	0.04
0.322066605	0.0840897182360597	0.03
0.322777267	0.0840897182360597	0.03
0.323097253	0.0840897182360597	0.03
0.323165924	0.0840897182360597	0.03
0.323537089	0.0840897182360597	0.03
0.324596864	0.0840897182360597	0.03
0.328591896	0.0747241589589385	0.04
0.338071632	0.0812185669181132	0.05
0.340262381	0.0805518145611775	0.05
0.343625259	0.0805518145611775	0.05
0.343706753	0.0805518145611775	0.05
0.345554528	0.0786156620307861	0.05
0.351815198	0.077990796824699	0.06
0.356200611	0.0761744129508921	0.06
0.356206548	0.0761744129508921	0.06
0.356351443	0.0761744129508921	0.06
0.356437896	0.0755876081903035	0.06
0.356490553	0.0755876081903035	0.06
0.357959666	0.0722482493414155	0.07
0.360733393	0.0711997463364928	0.07
0.362945858	0.0711997463364928	0.07
0.363236679	0.0711997463364928	0.07
0.366130409	0.0711997463364928	0.07
0.381649088	0.0901754932916683	0.07
0.382008897	0.0893064749015807	0.07
0.386863037	0.0988307645709208	0.06
0.389299853	0.0962641869452218	0.06
0.395214438	0.074573829193086	0.06
0.398731854	0.101537950281641	0.05
0.415094538	0.0840420557079337	0.04
0.415772448	0.0584215430131861	0.03
0.416416237	0.0883486352577649	0.03
0.418471182	0.109404618964054	0.03
0.419019267	0.108049292195692	0.03
0.423143546	0.102343933216212	0.03
0.428769674	0.111502584170443	0.02
0.438815006	0.120765910757026	0.01
0.440249622	0.119935584345453	0.01
0.440316292	0.119935584345453	0.01
0.441750067	0.118308720363368	0.01
0.444770984	0.0874626855175857	0.01
0.445049535	0.0874626855175857	0.01
0.445117302	0.0874626855175857	0.01
0.445156208	0.0874626855175857	0.01
0.445185067	0.0870263405554992	0.01
0.445185068	0.0870263405554992	0.01
0.44525283	0.0870263405554992	0.01
0.445252832	0.0870263405554992	0.01
0.445252833	0.0870263405554992	0.01
0.445252835	0.0870263405554992	0.01
0.445305777	0.0870263405554992	0.01
0.44531318	0.0870263405554992	0.01
0.445313187	0.0870263405554992	0.01
0.44531319	0.0870263405554992	0.01
0.445373562	0.0870263405554992	0.01
0.445419149	0.0870263405554992	0.01
0.445433949	0.0870263405554992	0.01
0.445479567	0.0865943277669281	0.01
0.445494353	0.0865943277669281	0.01
0.445554774	0.0865943277669281	0.01
0.445578303	0.0865943277669281	0.01
0.445615211	0.0865943277669281	0.01
0.445653547	0.0865943277669281	0.01
0.445675664	0.0865943277669281	0.01
0.445691925	0.0865943277669281	0.01
0.445736134	0.0865943277669281	0.01
0.445849774	0.094518696653141	0.01
0.445857123	0.094518696653141	0.01
0.445917642	0.094518696653141	0.01
0.445970843	0.094518696653141	0.01
0.445978177	0.094518696653141	0.01
0.446038729	0.094518696653141	0.01
0.446188208	0.093616905613669	0.01
0.446351359	0.093616905613669	0.01
0.446394864	0.093616905613669	0.01
0.446395102	0.093616905613669	0.01
0.446455777	0.093616905613669	0.01
0.446465528	0.0931724323633689	0.01
0.44656991	0.0931724323633689	0.01
0.446633323	0.0931724323633689	0.01
0.446772341	0.0931724323633689	0.01
0.447158639	0.09273215969938	0.01
0.447876705	0.09186398016928	0.01
0.448701687	0.0942797030685562	0.01
0.449715173	0.0942797030685562	0.01
0.451750007	0.0951457882097534	0.01
0.452986292	0.0905917691080348	0.01
0.453102774	0.0905917691080348	0.01
0.453117722	0.0905917691080348	0.01
0.453607731	0.0897630256123833	0.01
0.453670383	0.0897630256123833	0.01
0.45367678	0.0897630256123833	0.01
0.453739439	0.0897630256123833	0.01
0.453782962	0.0897630256123833	0.01
0.453789353	0.0897630256123833	0.01
0.453864805	0.0897630256123833	0.01
0.453864814	0.0897630256123833	0.01
0.453952078	0.0897630256123833	0.01
0.453977538	0.0897630256123833	0.01
0.453990257	0.0897630256123833	0.01
0.454053004	0.0897630256123833	0.01
0.454115767	0.0897630256123833	0.01
0.454159539	0.0897630256123833	0.01
0.454228692	0.0897630256123833	0.01
0.454266222	0.0897630256123833	0.01
0.454297847	0.0897630256123833	0.01
0.454379121	0.0897630256123833	0.01
0.454423548	0.0897630256123833	0.01
0.454543029	0.0897630256123833	0.01
0.455180191	0.09273215969938	0.01
0.455439212	0.095438030184635	0.01
0.455755613	0.115693190186427	0.01
0.455804735	0.115693190186427	0.01
0.456133439	0.115322352580207	0.01
0.456159276	0.115322352580207	0.01
0.456455968	0.0917735375701105	0.02
0.456880284	0.0917735375701105	0.02
0.45760535	0.0901754932916683	0.02
0.457901934	0.0901754932916683	0.02
0.458022431	0.0901754932916683	0.02
0.458619789	0.0901754932916683	0.02
0.458664131	0.0901754932916683	0.02
0.459124851	0.0901754932916683	0.02
0.46331093	0.0850924167310601	0.02
0.46499053	0.0847250442878763	0.02
0.473676694	0.081556099485509	0.03
0.47699163	0.0302088203683351	0.03
0.477096915	0.0302088203683351	0.03
0.478888149	0.0322969038684009	0.03
0.479732593	0.0322969038684009	0.03
0.479936634	0.0322969038684009	0.03
0.483511101	0.0764712452746663	0.04
0.484225862	0.0764712452746663	0.04
0.486776039	0.0265329088067924	0.04
0.489424331	0.0276546110473918	0.04
0.490830832	0.0278904295742827	0.04
0.499369323	0.0256990043077902	0.05
0.50407637	0.0706868249230615	0.06
0.508934563	0.0234846980473634	0.06
0.511690912	0.0236545438120189	0.06
0.514553924	0.0694362812982778	0.07
0.514645345	0.0694362812982778	0.07
0.514839037	0.0699311512002856	0.07
0.51502476	0.0699311512002856	0.07
0.515124567	0.0711997463364928	0.07
0.516063638	0.0722482493414155	0.07
0.518492841	0.0226707873575842	0.07
0.520735072	0.0231522201466664	0.07
0.529143364	0.0104740237894029	0.07
0.534308248	0.0104740237894029	0.07
0.534453117	0.0102765688034356	0.07
0.534888196	0.0203440703679925	0.07
0.539174229	0.0327005314904475	0.07
0.544416783	0.0329475871769978	0.07
0.55657045	0.0402448830350224	0.05
0.556645891	0.0402448830350224	0.05
0.55802857	0.03951555125584	0.05
0.559788571	0.0391607092535772	0.05
0.562444529	0.03951555125584	0.05
0.566766402	0.0430241990580511	0.05
0.568776608	0.0434528935696705	0.05
0.574371638	0.0391607092535772	0.06
0.579525048	0.0378028597958418	0.06
0.59079165	0.041001643362349	0.05
0.593573546	0.041001643362349	0.05
0.593673806	0.041001643362349	0.05
0.593673808	0.041001643362349	0.05
0.593754277	0.041001643362349	0.05
0.59375428	0.041001643362349	0.05
0.593834769	0.041001643362349	0.05
0.593915284	0.041001643362349	0.05
0.594036974	0.041001643362349	0.05
0.594152812	0.041001643362349	0.05
0.595015574	0.0426038806783052	0.05
0.595196772	0.0426038806783052	0.05
0.595887104	0.0421916953174427	0.05
0.596219211	0.0421916953174427	0.05
0.597117526	0.0421916953174427	0.05
0.602674298	0.0417874091806308	0.05
0.604317115	0.0417874091806308	0.05
0.604813246	0.0417874091806308	0.05
0.604905308	0.0417874091806308	0.05
0.60490531	0.0417874091806308	0.05
0.604905312	0.0417874091806308	0.05
0.604988853	0.0417874091806308	0.05
0.605716504	0.0417874091806308	0.05
0.605724938	0.0417874091806308	0.05
0.60631275	0.0417874091806308	0.05
0.606824709	0.0430241990580511	0.05
0.607971158	0.0430241990580511	0.05
0.608524688	0.0384698064214806	0.06
0.608756287	0.0384698064214806	0.06
0.61827716	0.0426038806783052	0.05
0.635412418	0.0591765479276512	0.05
0.636066531	0.0591765479276512	0.05
0.63624959	0.0591765479276512	0.05
0.637031954	0.0591765479276512	0.05
0.637260654	0.0591765479276512	0.05
0.637881775	0.0591765479276512	0.05
0.64559646	0.0551829040590215	0.06
0.648110758	0.0551829040590215	0.06
0.659386285	0.0493540815577438	0.07
0.667472678	0.0479082472803844	0.08
0.667879261	0.0479082472803844	0.08
0.667879263	0.0479082472803844	0.08
0.669490645	0.0479082472803844	0.08
0.678915807	0.0521891321561004	0.08
0.680410924	0.0521891321561004	0.08
0.680589305	0.0521891321561004	0.08
0.68060848	0.0521891321561004	0.08
0.680786967	0.0521891321561004	0.08
0.690723937	0.0671617640989562	0.09
0.692614054	0.0671617640989562	0.09
0.696262833	0.0643310805293972	0.1
0.712354258	0.0627443787702931	0.11
0.712401774	0.0627443787702931	0.11
0.713541741	0.0637933377956613	0.11
0.714295462	0.0637933377956613	0.11
0.715653707	0.0593298967140181	0.12
0.719314887	0.0617293579331398	0.12
0.725609694	0.0434528935696705	0.12
0.725869057	0.0588722162697279	0.13
0.726772429	0.0593298967140181	0.13
0.742183791	0.0546559663912498	0.14
0.744518666	0.0546559663912498	0.14
0.7500464	0.0426038806783052	0.13
0.75180067	0.0413907973489922	0.13
0.756100951	0.0388121833588961	0.13
0.756122282	0.0388121833588961	0.13
0.763387603	0.103304811970808	0.13
0.765321243	0.102947932143345	0.13
0.7676628	0.101803532775037	0.13
0.772093843	0.0945454830008172	0.12
0.778829055	0.102258225730959	0.12
0.779184816	0.101803532775037	0.12
0.779976345	0.101803532775037	0.12
0.786383987	0.103682208508152	0.11
0.793117932	0.0983065583812516	0.1
0.797194853	0.106207287591829	0.1
0.799403767	0.103191532611013	0.1
0.812482547	0.101639190809031	0.08
0.817085993	0.110234259434058	0.08
0.828284953	0.111645313051214	0.07
0.849686346	0.107488622296637	0.05
0.856064956	0.114309921194178	0.04
0.861362559	0.0940656398543353	0.03
0.864973627	0.117553406741876	0.03
0.866065884	0.115585597417046	0.03
0.875213305	0.117220798721007	0.02
0.875954975	0.115908977761908	0.02
0.877564409	0.11244834394906	0.02
0.87832845	0.112143959981483	0.02
0.880342154	0.108901350411308	0.02
0.882218863	0.106685022923877	0.01
0.88244613	0.106349321715783	0.01
0.882485476	0.106349321715783	0.01
0.885048106	0.119935584345453	0.01
0.885800269	0.118562653134281	0.01
0.886381245	0.118562653134281	0.01
0.887670141	0.115264016482419	0.01
0.888469193	0.114944219980801	0.01
0.889014569	0.113682584513576	0.01
0.889576687	0.113062095939812	0.01
0.889752182	0.113062095939812	0.01
0.889857915	0.113062095939812	0.01
0.890068113	0.11244834394906	0.01
0.890083013	0.11244834394906	0.01
0.890218543	0.112143959981483	0.01
0.890218544	0.112143959981483	0.01
0.890228158	0.112143959981483	0.01
0.890339212	0.112143959981483	0.01
0.890354074	0.113062095939812	0.01
0.890354075	0.113062095939812	0.01
0.890459913	0.113062095939812	0.01
0.890474761	0.113062095939812	0.01
0.890489605	0.113062095939812	0.01
0.890489606	0.113062095939812	0.01
0.890580647	0.113062095939812	0.01
0.890595481	0.113062095939812	0.01
0.89061031	0.113062095939812	0.01
0.890610311	0.113062095939812	0.01
0.89068659	0.113062095939812	0.01
0.890701414	0.113062095939812	0.01
0.890716233	0.113062095939812	0.01
0.890731048	0.113062095939812	0.01
0.890731049	0.113062095939812	0.01
0.890737499	0.113062095939812	0.01
0.890822213	0.113062095939812	0.01
0.890837018	0.113062095939812	0.01
0.890851819	0.113062095939812	0.01
0.890928251	0.113062095939812	0.01
0.890957836	0.113062095939812	0.01
0.890972622	0.113062095939812	0.01
0.890972623	0.113062095939812	0.01
0.891093459	0.11244834394906	0.01
0.89119957	0.11244834394906	0.01
0.891214328	0.11244834394906	0.01
0.891244043	0.11244834394906	0.01
0.891246709	0.11244834394906	0.01
0.89133523	0.11244834394906	0.01
0.891382479	0.11244834394906	0.01
0.891441435	0.11244834394906	0.01
0.891456164	0.11244834394906	0.01
0.89149835	0.11244834394906	0.01
0.891562417	0.11244834394906	0.01
0.891577132	0.112143959981483	0.01
0.891698132	0.112143959981483	0.01
0.892012117	0.111841219426024	0.01
0.89216782	0.111540109008995	0.01
0.892182462	0.111540109008995	0.01
0.892307805	0.112143959981483	0.01
0.892546055	0.112754384746947	0.01
0.892568748	0.112754384746947	0.01
0.892793389	0.112754384746947	0.01
0.892924751	0.11244834394906	0.01
0.89308003	0.112143959981483	0.01
0.893142511	0.112143959981483	0.01
0.893172464	0.112143959981483	0.01
0.893313967	0.112143959981483	0.01
0.893320622	0.112143959981483	0.01
0.893352088	0.112143959981483	0.01
0.894085351	0.110646427978628	0.01
0.89420355	0.110646427978628	0.01
0.89422449	0.110646427978628	0.01
0.894332391	0.110646427978628	0.01
0.894482721	0.110646427978628	0.01
0.894906463	0.110351708201248	0.01
0.894913415	0.110351708201248	0.01
0.895081202	0.110646427978628	0.01
0.895086463	0.110646427978628	0.01
0.895300675	0.110646427978628	0.01
0.895638516	0.11834787469323	0.01
0.895840307	0.118977887349362	0.01
0.896329745	0.117724498989119	0.01
0.896396617	0.11834787469323	0.01
0.89685771	0.117724498989119	0.01
0.89693811	0.117724498989119	0.01
0.897131294	0.119622265003935	0.01
0.897197773	0.119310578425907	0.01
0.897316929	0.119022092124908	0.01
0.898155973	0.112946507625876	0.01
0.898455429	0.111740668811888	0.01
0.898485328	0.111979772364067	0.01
0.898755243	0.110095113326045	0.01
0.89889623	0.110095113326045	0.01
0.898920463	0.110095113326045	0.01
0.899310528	0.108272843212218	0.01
0.899325427	0.108272843212218	0.01
0.900031532	0.110234259434058	0.01
0.900113547	0.111360219756803	0.01
0.901007608	0.115536006682599	0.01
0.901568195	0.0987304851954831	0.01
0.901947653	0.109944265439711	0.01
0.902162268	0.110428440151115	0.01
0.902919093	0.101803532775037	0.01
0.902932441	0.102716998569483	0.01
0.903685884	0.0813448137162889	0.01
0.903876527	0.0813448137162889	0.01
0.904039961	0.0813448137162889	0.01
0.904508173	0.0788684207355726	0.01
0.905424433	0.0784898892401169	0.01
0.906197141	0.0788684207355726	0.01
0.906508268	0.0812185669181132	0.01
0.906786831	0.0812185669181132	0.01
0.907060652	0.0812185669181132	0.01
0.90712089	0.0812185669181132	0.01
0.907185931	0.0816239429357581	0.01
0.907198748	0.0820333858566858	0.01
0.907199842	0.0820333858566858	0.01
0.907311244	0.0808171975097582	0.01
0.907336843	0.0816239429357581	0.01
0.907336844	0.0816239429357581	0.01
0.907449378	0.0816239429357581	0.01
0.90746216	0.0816239429357581	0.01
0.907536422	0.0816239429357581	0.01
0.9075492	0.0816239429357581	0.01
0.907574745	0.0816239429357581	0.01
0.907587512	0.0816239429357581	0.01
0.907674633	0.0816239429357581	0.01
0.907712898	0.0816239429357581	0.01
0.907951053	0.0816239429357581	0.01
0.907963774	0.0808171975097582	0.01
0.908076559	0.0808171975097582	0.01
0.908089263	0.0808171975097582	0.01
0.908089264	0.0808171975097582	0.01
0.908151307	0.0808171975097582	0.01
0.90817671	0.0812185669181132	0.01
0.908189407	0.0812185669181132	0.01
0.908214789	0.0812185669181132	0.01
0.908453284	0.0808171975097582	0.01
0.908566283	0.0816239429357581	0.01
0.908577365	0.0816239429357581	0.01
0.908578929	0.0816239429357581	0.01
0.908691978	0.0816239429357581	0.01
0.908729307	0.0816239429357581	0.01
0.908943472	0.0824469571907778	0.01
0.908956071	0.0824469571907778	0.01
0.909195105	0.0816239429357581	0.01
0.909207673	0.0816239429357581	0.01
0.909270732	0.0816239429357581	0.01
0.909308419	0.0816239429357581	0.01
0.909346075	0.0824469571907778	0.01
0.90938549	0.0824469571907778	0.01
0.909409249	0.0824469571907778	0.01
0.909434338	0.0824469571907778	0.01
0.909446878	0.0824469571907778	0.01
0.909620416	0.0824469571907778	0.01
0.909642167	0.0824469571907778	0.01
0.909838426	0.0820333858566858	0.01
0.909896599	0.0820333858566858	0.01
0.909925885	0.0820333858566858	0.01
0.910051995	0.0820333858566858	0.01
0.910204731	0.0824469571907778	0.01
0.910467776	0.0824469571907778	0.01
0.911049792	0.0832867374031949	0.01
0.911062134	0.0832867374031949	0.01
0.91113001	0.0832867374031949	0.01
0.911351929	0.0832867374031949	0.01
0.911404622	0.0824469571907778	0.01
0.911518912	0.0824469571907778	0.01
0.911632099	0.0828647196946092	0.01
0.912630246	0.0824469571907778	0.01
0.912707801	0.0824469571907778	0.01
0.912776305	0.0816239429357581	0.01
0.912811242	0.0865943277669281	0.01
0.913006436	0.0874626855175857	0.01
0.913139907	0.0874626855175857	0.01
0.913244462	0.0874626855175857	0.01
0.914696902	0.0963754231155511	0.01
0.914870556	0.0963754231155511	0.01
0.914983658	0.0963754231155511	0.01
0.915026039	0.0963754231155511	0.01
0.915559183	0.0808171975097582	0.01
0.916912552	0.0832867374031949	0.01
0.917248255	0.0765400738619109	0.01
0.917957453	0.0818964492333468	0.01
0.918238351	0.0809672452908799	0.01
0.918456927	0.0817259200120905	0.01
0.918816837	0.0847250442878763	0.02
0.919120121	0.0854629889427785	0.02
0.919822583	0.0862139013585886	0.02
0.920002472	0.0862139013585886	0.02
0.921364075	0.0877560212096161	0.02
0.922504312	0.0889493075363456	0.02
0.922763582	0.0889493075363456	0.02
0.922787758	0.0889493075363456	0.02
0.923268187	0.0897630256123833	0.02
0.923473233	0.0897630256123833	0.02
0.924160807	0.0905917691080348	0.02
0.924412009	0.0905917691080348	0.02
0.924507726	0.0905917691080348	0.02
0.924627878	0.0910119060444101	0.02
0.925553967	0.0770114143041749	0.02
0.929379518	0.078301982810813	0.03
0.93064775	0.078301982810813	0.03
0.93220206	0.0798959202850165	0.03
0.934700606	0.081556099485509	0.03
0.938446291	0.0507911163019575	0.03
0.941112169	0.0497292794668888	0.03
0.944027825	0.0293943522666443	0.03
0.948845214	0.0520024334003006	0.04
0.950306111	0.0468782685224912	0.04
0.951999424	0.0265329088067924	0.04
0.953473419	0.0291325355670685	0.04
0.954119877	0.0291325355670685	0.04
0.955603107	0.0313676813472319	0.04
0.956549025	0.0313676813472319	0.04
0.956766863	0.0313676813472319	0.04
0.956780018	0.0313676813472319	0.04
0.95679317	0.0313676813472319	0.04
0.957016096	0.0319811057555705	0.04
0.958321379	0.0493540815577438	0.05
0.959031973	0.0529495281904352	0.05
0.959642592	0.0449456947595578	0.05
0.960039043	0.0462158722491105	0.05
0.964446178	0.0291325355670685	0.05
0.966290332	0.0313676813472319	0.05
0.966653906	0.0313676813472319	0.05
0.966980911	0.0319811057555705	0.05
0.966980912	0.0319811057555705	0.05
0.966986309	0.0319811057555705	0.05
0.967139043	0.0319811057555705	0.05
0.967302571	0.0546860929481786	0.06
0.967302572	0.0546860929481786	0.06
0.967460779	0.0438411913915973	0.06
0.96746078	0.0438411913915973	0.06
0.967608447	0.0483806867972104	0.06
0.967772081	0.0498556163534884	0.06
0.967935716	0.0498556163534884	0.06
0.968083686	0.0454927019647361	0.06
0.968088909	0.0454927019647361	0.06
0.968237002	0.0477334525630226	0.06
0.968861479	0.0502063759574532	0.06
0.969666194	0.0412602611574105	0.06
0.973457204	0.0322173710884226	0.06
0.985118954	0.0107848556780368	0.06
1.019804062	0.050732030052125	0.07
1.021711423	0.051694219599123	0.07
1.023898132	0.0532079415553275	0.07
1.028094642	0.0502642434215977	0.08
1.029637844	0.050732030052125	0.08
1.029659545	0.050732030052125	0.08
1.030020301	0.050732030052125	0.08
1.030397618	0.051694219599123	0.08
1.030958443	0.051694219599123	0.08
1.031531241	0.051694219599123	0.08
1.031720423	0.051694219599123	0.08
1.0327094	0.0526936127503503	0.08
1.034854243	0.0498050046471323	0.08
1.035677928	0.0696122144899748	0.08
1.036124234	0.0696122144899748	0.08
1.038905957	0.0743601186345496	0.08
1.043349328	0.0660001144696888	0.09
1.048661279	0.0715706999316456	0.09
1.049025044	0.0715706999316456	0.09
1.057424783	0.0709057406672164	0.1
1.067766296	0.0702530238555666	0.11
1.068168044	0.0702530238555666	0.11
1.06860264	0.0709057406672164	0.11
1.070020858	0.073642576468802	0.11
1.070326964	0.0743601186345496	0.11
1.076612069	0.0750097751432264	0.12
1.088407982	0.0744407096165593	0.13
1.112743253	0.0738802135670308	0.15
1.113082372	0.0738802135670308	0.15
1.11414031	0.0738802135670308	0.15
1.115076799	0.0755876081903035	0.15
1.116382888	0.0767704000085043	0.15
1.13205703	0.094518696653141	0.15
1.137302108	0.0963754231155511	0.14
1.162829766	0.094518696653141	0.14
1.183360064	0.0691914635582354	0.16
1.187305519	0.0817259200120905	0.15
1.187446683	0.0817259200120905	0.15
1.18762744	0.0773757865890265	0.15
1.192009701	0.0760268592578556	0.15
1.192725439	0.0747241589589385	0.15
1.203309389	0.0824989469983649	0.14
1.208724051	0.0434528935696705	0.14
1.209215802	0.0434528935696705	0.14
1.209751115	0.0434528935696705	0.14
1.209825949	0.0434528935696705	0.14
1.210085375	0.0802225268080303	0.15
1.210771389	0.0434528935696705	0.14
1.21086869	0.0434528935696705	0.14
1.224141399	0.0576129812758776	0.14
1.22465873	0.0576129812758776	0.14
1.225416562	0.0571099932730742	0.14
1.246668032	0.0417874091806308	0.12
1.252855937	0.0402448830350224	0.12
1.268447511	0.0430241990580511	0.1
1.270253663	0.0417874091806308	0.1
1.270604589	0.0417874091806308	0.1
1.275739262	0.0417874091806308	0.1
1.278899002	0.059716768468586	0.1
1.285172518	0.0683650380900742	0.1
1.289511656	0.0729387498811407	0.1
1.293113698	0.0760268592578556	0.11
1.297280078	0.0773757865890265	0.11
1.303502827	0.0766953921100097	0.12
1.335485912	0.0608273497696916	0.13
1.335508208	0.0608273497696916	0.13
1.335711503	0.0608273497696916	0.13
1.335892556	0.0608273497696916	0.13
1.336051433	0.0608273497696916	0.13
1.336413828	0.0608273497696916	0.13
1.336979907	0.0650623334208097	0.12
1.337161305	0.0650623334208097	0.12
1.337524247	0.0650623334208097	0.12
1.337529375	0.0650623334208097	0.12
1.337887386	0.0650623334208097	0.12
1.338686534	0.0650623334208097	0.12
1.342315002	0.0650623334208097	0.12
1.342368518	0.0650623334208097	0.12
1.346883901	0.0650623334208097	0.13
1.350085516	0.0650623334208097	0.13
1.360533959	0.0817259200120905	0.13
1.360981621	0.0817259200120905	0.13
1.36116959	0.0817259200120905	0.13
1.361338457	0.0817259200120905	0.13
1.364721715	0.0644215869507979	0.12
1.365659238	0.0840897182360597	0.12
1.368077892	0.0840897182360597	0.12
1.368578346	0.0832867374031949	0.12
1.369020462	0.0832867374031949	0.12
1.369707356	0.0832867374031949	0.12
1.377139612	0.0849083331342183	0.11
1.377274175	0.0849083331342183	0.11
1.377544294	0.0849083331342183	0.11
1.379222918	0.0849083331342183	0.11
1.384187356	0.0849083331342183	0.11
1.38563755	0.0849083331342183	0.11
1.418305639	0.0840897182360597	0.1
1.430594094	0.0824989469983649	0.1
1.448119954	0.0802225268080303	0.12
1.450462129	0.0802225268080303	0.12
1.450928234	0.0802225268080303	0.12
1.454003033	0.0802225268080303	0.12
1.454856842	0.0802225268080303	0.12
1.45657643	0.0802225268080303	0.13
1.484067531	0.0802225268080303	0.15
1.484117024	0.0802225268080303	0.15
1.485393153	0.0802225268080303	0.15
1.485917469	0.0802225268080303	0.16
1.488337206	0.0802225268080303	0.16
1.494140559	0.0780683612077921	0.16
1.502972103	0.0780683612077921	0.17
1.506038743	0.0780683612077921	0.18
1.512403577	0.0780683612077921	0.18
1.512821455	0.0780683612077921	0.18
1.513239565	0.0780683612077921	0.18
1.515375804	0.0780683612077921	0.18
1.516740221	0.0780683612077921	0.19
1.517647523	0.0773757865890265	0.19
1.519065464	0.0773757865890265	0.19
1.558319819	0.165075151025395	0.23
1.55916507	0.162960235737131	0.23
1.561070241	0.212576788948308	0.22
1.652341299	0.199655876950444	0.14
1.707257935	0.242402904395537	0.08
1.745720251	0.250659374576636	0.04
1.75282717	0.223960328885305	0.04
1.758275756	0.248542972908862	0.03
1.77492366	0.271463556889021	0.01
1.777374698	0.261806075031389	0.01
1.778615293	0.259498123963312	0.01
1.77861633	0.259498123963312	0.01
1.780115455	0.238475334380323	0.01
1.780627841	0.238475334380323	0.01
1.780657571	0.238475334380323	0.01
1.780657572	0.238475334380323	0.01
1.780928629	0.236558893610576	0.01
1.78092863	0.236558893610576	0.01
1.781081012	0.236558893610576	0.01
1.781140367	0.236558893610576	0.01
1.781170031	0.236558893610576	0.01
1.781170032	0.236558893610576	0.01
1.781381862	0.236558893610576	0.01
1.781411499	0.236558893610576	0.01
1.781623424	0.236558893610576	0.01
1.781653031	0.236558893610576	0.01
1.7818108	0.236558893610576	0.01
1.781894629	0.236558893610576	0.01
1.782136293	0.236558893610576	0.01
1.782378022	0.232816956042009	0.01
1.782590324	0.232816956042009	0.01
1.782619816	0.232816956042009	0.01
1.783044725	0.232816956042009	0.01
1.783286774	0.232816956042009	0.01
1.783345594	0.232816956042009	0.01
1.783587651	0.232816956042009	0.01
1.78377107	0.232816956042009	0.01
1.783829774	0.232816956042009	0.01
1.784013316	0.232816956042009	0.01
1.784314217	0.232816956042009	0.01
1.78446873	0.232816956042009	0.01
1.784506241	0.232816956042009	0.01
1.784933025	0.236558893610576	0.01
1.785009515	0.236558893610576	0.01
1.785322292	0.243189642530429	0.01
1.786357195	0.239375705410819	0.01
1.787927091	0.230990031961144	0.01
1.788780487	0.234673009170985	0.01
1.788872102	0.234673009170985	0.01
1.789358594	0.234673009170985	0.01
1.789747139	0.234673009170985	0.01
1.790033715	0.234673009170985	0.01
1.790095821	0.234673009170985	0.01
1.790737455	0.246462010997903	0.01
1.792147241	0.223595792739381	0.02
1.794856772	0.192727764833129	0.02
1.795060195	0.191598769454496	0.02
1.795643534	0.179999971055281	0.02
1.796645824	0.171505279719653	0.02
1.801889818	0.0722482493414155	0.02
1.808733518	0.0322969038684009	0.02
1.812688451	0.0652245165519502	0.03
1.813215031	0.0662148528898957	0.03
1.814069382	0.0448840160936489	0.03
1.814069384	0.0448840160936489	0.03
1.814345569	0.0452566484063292	0.03
1.814596154	0.0368447012505721	0.03
1.814621756	0.0368447012505721	0.03
1.814621757	0.0368447012505721	0.03
1.814846808	0.0368447012505721	0.03
1.814872379	0.0368447012505721	0.03
1.815123071	0.0374779840385221	0.03
1.815322808	0.0378028597958418	0.03
1.815373832	0.0378028597958418	0.03
1.815850116	0.0378028597958418	0.03
1.815875562	0.0378028597958418	0.03
1.816101116	0.0378028597958418	0.03
1.816377569	0.0381334171374259	0.03
1.817382419	0.0374779840385221	0.03
1.817399416	0.0374779840385221	0.03
1.817633804	0.0374779840385221	0.03
1.818363245	0.0378028597958418	0.03
1.819217405	0.0388121833588961	0.03
1.819581019	0.0391607092535772	0.03
1.81989941	0.0406197388252853	0.03
1.820606159	0.0413907973489922	0.03
1.823267442	0.0426038806783052	0.03
1.823345161	0.0426038806783052	0.03
1.824985083	0.0430241990580511	0.03
1.828541204	0.0371586446319016	0.04
1.829051906	0.0381334171374259	0.04
1.830016016	0.0398768826297101	0.04
1.835137623	0.0316714235694808	0.04
1.83758722	0.0310697098120329	0.04
1.837659261	0.0310697098120329	0.04
1.839735229	0.0310697098120329	0.04
1.844053766	0.0316714235694808	0.04
1.846490238	0.0316714235694808	0.04
1.860668056	0.032619000890384	0.05
1.860714054	0.032619000890384	0.05
1.872927722	0.0313676813472319	0.06
1.876458705	0.0276546110473918	0.07
1.877534086	0.0269704902177987	0.07
1.917919203	0.0259025273577548	0.11
1.919145255	0.0265329088067924	0.11
1.932723098	0.0427710186672499	0.12
1.933588634	0.0441568622160337	0.12
1.934242286	0.0452566484063292	0.12
1.937910579	0.0399499433232764	0.13
1.938309591	0.0399499433232764	0.13
1.938319698	0.0399499433232764	0.13
1.939501786	0.040848023021371	0.13
1.945075766	0.0531338521455396	0.14
1.947078383	0.0531338521455396	0.14
1.956133657	0.0531338521455396	0.15
1.95745413	0.0531338521455396	0.15
1.959079535	0.0542673202742709	0.15
1.961031557	0.0542673202742709	0.15
2.03833515	0.0606393931374761	0.23
2.045755957	0.0665758724067909	0.23
2.049316864	0.0591765479276512	0.24
2.058810915	0.0591765479276512	0.25
2.060706206	0.0591765479276512	0.25
2.067556414	0.0722482493414155	0.25
2.077371996	0.0702530238555666	0.26
2.077653506	0.0729387498811407	0.26
2.079378601	0.0591765479276512	0.27
2.112854786	0.0584712767932954	0.3
2.114638141	0.0558560384988848	0.3
2.122322709	0.0581249079932361	0.31
2.130868897	0.0581249079932361	0.32
2.175983465	0.0654342296272663	0.36
2.22607531	0.0643310805293972	0.41
2.230993963	0.0758379852378885	0.41
2.244892022	0.118630552744455	0.43
2.268175967	0.156083998207408	0.41
2.273953022	0.164050048546357	0.4
2.279085054	0.164775015209331	0.4
2.283420782	0.171206032264355	0.39
2.36737444	0.199727175108701	0.32
2.401471639	0.165432985508403	0.32
2.57811595	0.16863149188874	0.15
2.634889835	0.16701692661998	0.1
2.63880046	0.16701692661998	0.09
2.64482266	0.16701692661998	0.09
2.669724846	0.16863149188874	0.06
2.670697515	0.16863149188874	0.06
2.67074212	0.16863149188874	0.06
2.670831293	0.16863149188874	0.06
2.671148642	0.16863149188874	0.06
2.671193019	0.16863149188874	0.06
2.671193179	0.16863149188874	0.06
2.671237705	0.16863149188874	0.06
2.671599486	0.16863149188874	0.06
2.671599646	0.16863149188874	0.06
2.671961685	0.16863149188874	0.06
2.672323822	0.16863149188874	0.06
2.67300408	0.16863149188874	0.06
2.674201502	0.16863149188874	0.06
2.674498542	0.16863149188874	0.06
2.674640938	0.16863149188874	0.06
2.674817434	0.16863149188874	0.06
2.67498819	0.16863149188874	0.06
2.675753192	0.16863149188874	0.06
2.67595059	0.16863149188874	0.06
2.678640892	0.16863149188874	0.05
2.679543675	0.16863149188874	0.05
2.679587204	0.16863149188874	0.05
2.684222358	0.16863149188874	0.05
2.690797174	0.163878805447035	0.06
2.697875326	0.170277578122326	0.05
2.700424629	0.170277578122326	0.05
2.703341222	0.171956117490097	0.04
2.716197088	0.16863149188874	0.05
2.721223607	0.16863149188874	0.06
2.721339166	0.16863149188874	0.06
2.721714851	0.16863149188874	0.06
2.721753239	0.16863149188874	0.06
2.722090639	0.16863149188874	0.06
2.72212898	0.16863149188874	0.06
2.722504826	0.16863149188874	0.06
2.725138453	0.16701692661998	0.06
2.725892101	0.16701692661998	0.06
2.727362573	0.16701692661998	0.06
2.728457177	0.16701692661998	0.06
2.741703646	0.159386673672205	0.08
2.744776734	0.159386673672205	0.08
2.758261585	0.159386673672205	0.09
2.784781798	0.153766744348493	0.12
2.795646082	0.153766744348493	0.13
2.814579483	0.153766744348493	0.15
2.870516676	0.153766744348493	0.2
2.884109016	0.152423145033303	0.22
2.893176138	0.14980517798963	0.23
2.901070252	0.146862312523001	0.23
3.017087015	0.147275622998088	0.35
3.116410384	0.160560318396759	0.45
3.116832706	0.160560318396759	0.45
3.153761559	0.110794378994722	0.48
3.190582361	0.118748017249872	0.48
3.479484296	0.137372615706294	0.76
3.557717034	0.137372615706294	0.840000000000001
3.561529658	0.133491052642225	0.850000000000001
3.561648443	0.133491052642225	0.850000000000001
3.563861522	0.133491052642225	0.850000000000001
3.565454716	0.133491052642225	0.850000000000001
3.566965252	0.137372615706294	0.850000000000001
3.571210711	0.137372615706294	0.850000000000001
3.571812505	0.133491052642225	0.860000000000001
3.572123566	0.133491052642225	0.860000000000001
3.572497766	0.133491052642225	0.860000000000001
3.579984214	0.137372615706294	0.860000000000001
3.62901857	0.164050048546357	0.910000000000001
3.62939674	0.164050048546357	0.910000000000001
3.6300627	0.164050048546357	0.910000000000001
3.630972932	0.164050048546357	0.910000000000001
3.631023885	0.164050048546357	0.910000000000001
3.631970124	0.182540987817075	0.910000000000001
3.639968026	0.164050048546357	0.920000000000001
3.707141358	0.164050048546357	0.990000000000001
3.82876748	0.160036571618108	1.11
3.963711323	0.156214784076454	1.25
4.078052931	0.191306420974105	1.36
4.442577106	0.206085721718411	1.72
4.445571488	0.2080520970815	1.72
4.452121847	0.214183004847639	1.73
4.45272527	0.206085721718411	1.73
4.464002998	0.206085721718411	1.74
4.475601202	0.2080520970815	1.75
4.492707945	0.214183004847639	1.76
4.536969429	0.214183004847639	1.8
4.773228095	0.212099611356772	2.04
5.341769851	0.24833329672809	2.30999999999999
5.342582978	0.24833329672809	2.30999999999999
5.343129076	0.24833329672809	2.30999999999999
5.346842194	0.24833329672809	2.29999999999999
5.443653327	0.254121622864101	2.29
5.445157132	0.254121622864101	2.29999999999999
6.234722781	0.274441074751162	2.66999999999999
6.244676548	0.274441074751162	2.67999999999999
6.35095118	0.274949983972765	2.77999999999998
7	0.251194118775687	3.36999999999997
