thrs	post_p	finalwindow
0	0.107757375268497	0.23
0.03256001	0.107757375268497	0.2
0.082355146	0.099063414516099	0.18
0.089689176	0.0952221122185722	0.18
0.093809574	0.0928225747020757	0.18
0.098963073	0.0928225747020757	0.18
0.103967892	0.0928225747020757	0.18
0.113424721	0.111340219147425	0.19
0.127200542	0.0726770090944347	0.17
0.128068503	0.0762500407459867	0.17
0.130460633	0.0903189944756775	0.17
0.14705261	0.108285335882199	0.16
0.148427326	0.0762500407459867	0.15
0.148447444	0.0849714116392678	0.15
0.151339737	0.0895504815314817	0.15
0.155752372	0.108285335882199	0.15
0.161204767	0.0895504815314817	0.14
0.172569069	0.0931158824329084	0.13
0.178062567	0.0769469005127849	0.12
0.178140913	0.0769469005127849	0.12
0.178189211	0.0769469005127849	0.12
0.178358463	0.0769469005127849	0.12
0.181430774	0.0895504815314817	0.12
0.181486006	0.0895504815314817	0.12
0.181486035	0.0895504815314817	0.12
0.181824923	0.0895504815314817	0.12
0.186084933	0.10903323228299	0.12
0.191788381	0.0895504815314817	0.11
0.194681585	0.111340219147425	0.11
0.206482242	0.114572471444753	0.1
0.222049977	0.0814110629266665	0.08
0.222622275	0.0866029085813558	0.08
0.222656148	0.0866029085813558	0.08
0.222686318	0.0866029085813558	0.08
0.222697977	0.0866029085813558	0.08
0.222812147	0.109732826571382	0.08
0.226728961	0.10469465291084	0.08
0.226867021	0.10469465291084	0.08
0.226923294	0.10469465291084	0.08
0.227081991	0.105501973259453	0.08
0.227177477	0.105501973259453	0.08
0.227432153	0.105501973259453	0.08
0.237068117	0.0880520342017774	0.07
0.241897099	0.0873214596376755	0.07
0.24235868	0.0873214596376755	0.07
0.249436037	0.0798665465869399	0.06
0.256228734	0.0830164952236571	0.05
0.256259656	0.0830164952236571	0.05
0.263775407	0.0830164952236571	0.05
0.272151172	0.0814110629266665	0.05
0.287097646	0.0762500407459867	0.06
0.295749179	0.0822059415420584	0.05
0.296044019	0.0822059415420584	0.05
0.296839561	0.0822059415420584	0.05
0.296839653	0.0822059415420584	0.05
0.296879772	0.0822059415420584	0.05
0.29691506	0.0822059415420584	0.05
0.296960227	0.0822059415420584	0.05
0.297156652	0.0822059415420584	0.05
0.297207868	0.0822059415420584	0.05
0.297242165	0.0822059415420584	0.05
0.29736316	0.0822059415420584	0.05
0.297631463	0.0822059415420584	0.05
0.298033592	0.0822059415420584	0.05
0.298062423	0.0822059415420584	0.05
0.298432807	0.0822059415420584	0.05
0.29855614	0.0822059415420584	0.05
0.298682719	0.0822059415420584	0.05
0.299120783	0.0822059415420584	0.05
0.29926506	0.0822059415420584	0.05
0.300638986	0.0830164952236571	0.05
0.301373268	0.0830164952236571	0.05
0.302397905	0.0830164952236571	0.05
0.30240618	0.0830164952236571	0.05
0.302443572	0.0830164952236571	0.05
0.302452098	0.0830164952236571	0.05
0.302453753	0.0830164952236571	0.05
0.302493847	0.0830164952236571	0.05
0.302531356	0.0830164952236571	0.05
0.302535608	0.0830164952236571	0.05
0.302757814	0.0830164952236571	0.05
0.303062807	0.0830164952236571	0.05
0.303998368	0.0830164952236571	0.05
0.305094409	0.0830164952236571	0.05
0.308759935	0.0776566151595043	0.05
0.320290117	0.0814110629266665	0.04
0.322066605	0.080631409028621	0.04
0.322591403	0.080631409028621	0.04
0.322777267	0.080631409028621	0.04
0.323097253	0.0798665465869399	0.04
0.323537089	0.0798665465869399	0.04
0.323808824	0.0798665465869399	0.04
0.324596864	0.0783795436958512	0.04
0.327195424	0.0776566151595043	0.04
0.328591896	0.0755656897379822	0.04
0.333944256	0.0748935136829858	0.04
0.334029253	0.0748935136829858	0.04
0.340262381	0.0699180059294701	0.05
0.343706753	0.0699180059294701	0.05
0.356206548	0.0660769448880001	0.06
0.356351443	0.0660769448880001	0.06
0.356437896	0.0660769448880001	0.06
0.357086112	0.0762500407459867	0.06
0.360733393	0.0635819592723028	0.07
0.362945858	0.0635819592723028	0.07
0.363936107	0.0635819592723028	0.07
0.366130409	0.0645569969595303	0.07
0.367161303	0.0755656897379822	0.07
0.367663989	0.080631409028621	0.07
0.37384574	0.0603896243068518	0.08
0.386909127	0.0330409994944322	0.06
0.389222512	0.0312737040005227	0.06
0.389299853	0.0312737040005227	0.06
0.389825341	0.043242247501263	0.06
0.398731854	0.033461202230333	0.05
0.403209246	0.0445497100933926	0.05
0.411578949	0.0513859642568001	0.04
0.415094538	0.0510693297275481	0.04
0.415772448	0.0184468254191442	0.03
0.423143546	0.0532428356235374	0.03
0.428769674	0.041676625530257	0.02
0.440249622	0.060204557262138	0.01
0.440316292	0.060204557262138	0.01
0.441698853	0.060204557262138	0.01
0.444236336	0.0528134334589163	0.01
0.444770984	0.0512073758909774	0.01
0.445049535	0.0512073758909774	0.01
0.445117302	0.0572418969605532	0.01
0.445156208	0.0572418969605532	0.01
0.445185068	0.0568980438076891	0.01
0.44525283	0.0568980438076891	0.01
0.445252832	0.0568980438076891	0.01
0.445252833	0.0568980438076891	0.01
0.445252835	0.0568980438076891	0.01
0.44531318	0.0568980438076891	0.01
0.445313187	0.0568980438076891	0.01
0.44531319	0.0568980438076891	0.01
0.445373562	0.0568980438076891	0.01
0.445419149	0.0568980438076891	0.01
0.445433949	0.0568980438076891	0.01
0.445494353	0.0558908319676526	0.01
0.445540001	0.0558908319676526	0.01
0.445554774	0.0555629725191622	0.01
0.445578303	0.0555629725191622	0.01
0.445615211	0.0555629725191622	0.01
0.445653547	0.0555629725191622	0.01
0.445691925	0.0552389371304375	0.01
0.445736134	0.0552389371304375	0.01
0.445857123	0.066313506049823	0.01
0.445978177	0.066313506049823	0.01
0.446395102	0.0644671231602957	0.01
0.446455777	0.0644671231602957	0.01
0.44656991	0.0637570421005915	0.01
0.446772341	0.0637570421005915	0.01
0.446888185	0.062382796134129	0.01
0.447158639	0.062382796134129	0.01
0.447533088	0.062382796134129	0.01
0.447542535	0.062382796134129	0.01
0.447649603	0.062382796134129	0.01
0.447876705	0.062382796134129	0.01
0.447928306	0.0620484416149838	0.01
0.448701687	0.0613903708265654	0.01
0.448791313	0.0613903708265654	0.01
0.449051315	0.0613903708265654	0.01
0.449552291	0.0610665423257334	0.01
0.451750007	0.062720773584431	0.01
0.453117722	0.062382796134129	0.01
0.453312195	0.0613903708265654	0.01
0.453607731	0.0613903708265654	0.01
0.453670383	0.0613903708265654	0.01
0.45367678	0.0613903708265654	0.01
0.453739439	0.0613903708265654	0.01
0.453782962	0.0613903708265654	0.01
0.453802119	0.0613903708265654	0.01
0.453864805	0.0613903708265654	0.01
0.453864814	0.0613903708265654	0.01
0.453977538	0.0613903708265654	0.01
0.453990257	0.0613903708265654	0.01
0.454053004	0.0613903708265654	0.01
0.454159539	0.0613903708265654	0.01
0.454228692	0.0613903708265654	0.01
0.454278877	0.0620484416149838	0.01
0.454291524	0.0620484416149838	0.01
0.454423548	0.0620484416149838	0.01
0.454637485	0.0620484416149838	0.01
0.455078808	0.0630624331715926	0.01
0.455180191	0.0637570421005915	0.01
0.455439212	0.080631409028621	0.01
0.455550168	0.082744540461244	0.01
0.455665947	0.0906648060140444	0.01
0.455755613	0.0942743637771255	0.01
0.455804735	0.0942743637771255	0.01
0.456133439	0.0588919937675184	0.02
0.456159276	0.0588919937675184	0.02
0.456455968	0.0588919937675184	0.02
0.456880284	0.0588919937675184	0.02
0.457901934	0.0588919937675184	0.02
0.458022431	0.0588919937675184	0.02
0.459124851	0.0577175410119212	0.02
0.462114195	0.058298853039415	0.02
0.46331093	0.058298853039415	0.02
0.464728436	0.056589015370544	0.02
0.474072423	0.053207877303594	0.03
0.478409458	0.0593955762208175	0.03
0.478419311	0.0593955762208175	0.03
0.478888149	0.0605343538410883	0.03
0.479936634	0.0407882542250817	0.03
0.483511101	0.0315235006798728	0.03
0.483671852	0.0477242657857083	0.04
0.483988273	0.0477242657857083	0.04
0.484225862	0.0477242657857083	0.04
0.484458594	0.0481210144817843	0.04
0.484927676	0.0483218728894014	0.04
0.485802156	0.0617176520838301	0.04
0.485999254	0.0633692706405624	0.04
0.486776039	0.0591175450986039	0.04
0.489107131	0.0495985307576607	0.04
0.499369323	0.0599595584803623	0.05
0.50407637	0.0509594275372535	0.05
0.508934563	0.0567276617415786	0.06
0.511690912	0.0434548023018026	0.06
0.514553924	0.049520738059793	0.06
0.514645345	0.0499911894344181	0.06
0.51473946	0.0499911894344181	0.06
0.514742139	0.0499911894344181	0.06
0.514839037	0.0499911894344181	0.06
0.514971335	0.0499911894344181	0.06
0.51502476	0.0499911894344181	0.06
0.515124567	0.0403968488522397	0.06
0.516063638	0.0666955473490033	0.07
0.51682809	0.0624500999135107	0.07
0.518492841	0.0538263526271482	0.07
0.520735072	0.0417317115835174	0.07
0.529143364	0.0503901148769054	0.07
0.534226929	0.0303128895001855	0.06
0.534308248	0.0300246271835768	0.06
0.534888196	0.0291918227953671	0.06
0.539174229	0.0552389371304375	0.06
0.543234343	0.0562225835714041	0.06
0.544416783	0.0588421047802101	0.06
0.546060858	0.0834737476109997	0.06
0.55657045	0.0873214596376755	0.05
0.556645891	0.0873214596376755	0.05
0.55802857	0.0873214596376755	0.05
0.562444529	0.0898051952285278	0.05
0.566766402	0.0857405791006373	0.06
0.574371638	0.0881339644664185	0.06
0.579525048	0.0754904082671108	0.07
0.583655412	0.0767132029558213	0.07
0.586308239	0.0873214596376755	0.07
0.59079165	0.0924343600504109	0.06
0.591819223	0.0924343600504109	0.06
0.593402747	0.0924343600504109	0.06
0.593573546	0.0924343600504109	0.06
0.593673806	0.0924343600504109	0.06
0.593673808	0.0924343600504109	0.06
0.593754277	0.0924343600504109	0.06
0.593754278	0.0924343600504109	0.06
0.59375428	0.0924343600504109	0.06
0.593834769	0.0924343600504109	0.06
0.593915284	0.0924343600504109	0.06
0.594152812	0.0924343600504109	0.06
0.594237558	0.0915410321426881	0.07
0.594318181	0.0915410321426881	0.07
0.595015574	0.0915410321426881	0.07
0.595887104	0.0915410321426881	0.07
0.596219211	0.0915410321426881	0.07
0.597117526	0.0915410321426881	0.07
0.602148457	0.10283468436978	0.07
0.604813246	0.0898051952285278	0.07
0.604905308	0.0906648060140444	0.07
0.604905312	0.0906648060140444	0.07
0.604988853	0.0906648060140444	0.07
0.605724938	0.0906648060140444	0.07
0.606051871	0.0906648060140444	0.07
0.608756287	0.0906648060140444	0.07
0.61827716	0.0898051952285278	0.07
0.630942519	0.0898051952285278	0.07
0.635412418	0.0942743637771255	0.06
0.636066531	0.0942743637771255	0.06
0.63624959	0.0942743637771255	0.06
0.636422142	0.0942743637771255	0.06
0.637031954	0.0942743637771255	0.06
0.637881775	0.0933452953483584	0.06
0.638075882	0.0933452953483584	0.06
0.641599528	0.0942743637771255	0.06
0.646569798	0.0889617316248981	0.07
0.64801212	0.0873214596376755	0.07
0.648110758	0.0873214596376755	0.07
0.667472678	0.0842159216791543	0.08
0.667879263	0.0842159216791543	0.08
0.669490645	0.0842159216791543	0.08
0.671132308	0.0842159216791543	0.08
0.678915807	0.0767132029558213	0.09
0.680410924	0.0767132029558213	0.09
0.680589305	0.0767132029558213	0.09
0.68060848	0.0767132029558213	0.09
0.680702493	0.0767132029558213	0.09
0.689921535	0.0879851135634665	0.1
0.692614054	0.0900380137864265	0.1
0.697379755	0.0823521355472937	0.11
0.712354258	0.0817704573645349	0.12
0.712401774	0.0817704573645349	0.12
0.713541741	0.0823521355472937	0.12
0.714295462	0.0903189944756775	0.12
0.715653707	0.0679824174880709	0.12
0.717816093	0.0712708161915616	0.12
0.719314887	0.0712708161915616	0.12
0.725869057	0.0673608188000114	0.13
0.726772429	0.0679824174880709	0.13
0.72717465	0.0686155951226134	0.13
0.735438378	0.0592363819268487	0.14
0.742183791	0.0592363819268487	0.14
0.7500464	0.0400128839569239	0.13
0.75180067	0.039636149375439	0.13
0.756100951	0.0378541045889213	0.13
0.762884543	0.0945095277941323	0.13
0.763387603	0.0968360753180757	0.13
0.763491091	0.0968360753180757	0.13
0.772093843	0.0875558006945028	0.12
0.772264397	0.0967223216682925	0.12
0.778829055	0.0993893829591882	0.12
0.779184816	0.0991609803206385	0.12
0.786383987	0.0952221122185722	0.11
0.793117932	0.0985334302046685	0.1
0.794958533	0.100376681514654	0.1
0.797194853	0.0956901029712637	0.1
0.8034392	0.101064151139587	0.09
0.812482547	0.0995909707980009	0.08
0.828284953	0.105231486601074	0.07
0.849686346	0.103305909174062	0.05
0.856064956	0.103809498632702	0.04
0.861362559	0.0873214596376755	0.03
0.861783488	0.0939626261969299	0.03
0.866065884	0.10469465291084	0.03
0.867661243	0.107587248677185	0.03
0.870144812	0.103856961979376	0.03
0.874413626	0.110339663826249	0.02
0.875213305	0.107130578751942	0.02
0.875954975	0.104993068325058	0.02
0.877564409	0.108789541858174	0.02
0.87832845	0.108185055009028	0.02
0.880342154	0.104413925146593	0.02
0.88244613	0.10745317336019	0.01
0.884296127	0.114099278740373	0.01
0.885048106	0.112702865456514	0.01
0.885800269	0.110671178161495	0.01
0.886381245	0.110010129654764	0.01
0.887670141	0.113547932367236	0.01
0.888863234	0.112563242377646	0.01
0.889014569	0.112238796664969	0.01
0.889209764	0.112238796664969	0.01
0.889576687	0.111595484059673	0.01
0.889752182	0.111595484059673	0.01
0.889857915	0.111595484059673	0.01
0.890068113	0.110330731541627	0.01
0.890083013	0.110330731541627	0.01
0.890218543	0.110019010101393	0.01
0.890218544	0.110019010101393	0.01
0.890228158	0.110019010101393	0.01
0.890309475	0.109400821836544	0.01
0.890339212	0.109400821836544	0.01
0.890354074	0.109709045134442	0.01
0.890354075	0.109709045134442	0.01
0.890407894	0.109709045134442	0.01
0.890419078	0.109709045134442	0.01
0.890459913	0.109709045134442	0.01
0.890474761	0.109709045134442	0.01
0.890489605	0.109709045134442	0.01
0.890489606	0.109709045134442	0.01
0.890506418	0.109709045134442	0.01
0.890580647	0.109709045134442	0.01
0.890595481	0.109709045134442	0.01
0.89061031	0.109709045134442	0.01
0.890610311	0.109709045134442	0.01
0.890701414	0.109094325569369	0.01
0.890716233	0.109094325569369	0.01
0.890731048	0.109094325569369	0.01
0.890731049	0.109094325569369	0.01
0.890737499	0.109094325569369	0.01
0.890837018	0.109094325569369	0.01
0.890851819	0.109094325569369	0.01
0.890928251	0.109094325569369	0.01
0.890957836	0.109094325569369	0.01
0.890972622	0.109094325569369	0.01
0.890972623	0.109094325569369	0.01
0.891093459	0.108789541858174	0.01
0.89119957	0.108789541858174	0.01
0.891214328	0.108789541858174	0.01
0.891244043	0.108789541858174	0.01
0.891246709	0.108789541858174	0.01
0.891320486	0.108789541858174	0.01
0.89133523	0.108789541858174	0.01
0.891456164	0.108789541858174	0.01
0.891521465	0.108486456389518	0.01
0.891577132	0.108486456389518	0.01
0.891686849	0.108486456389518	0.01
0.891698132	0.108486456389518	0.01
0.892012117	0.10788532371919	0.01
0.892017347	0.10788532371919	0.01
0.89216782	0.107290816192757	0.01
0.892182462	0.107290816192757	0.01
0.892245091	0.107290816192757	0.01
0.892307805	0.106996012726117	0.01
0.892546055	0.107290816192757	0.01
0.89273031	0.107290816192757	0.01
0.892793389	0.107290816192757	0.01
0.892924751	0.109570941344809	0.01
0.892951888	0.109570941344809	0.01
0.892952212	0.109570941344809	0.01
0.893016766	0.109570941344809	0.01
0.89308003	0.109570941344809	0.01
0.893172464	0.108677681965888	0.01
0.893320622	0.108677681965888	0.01
0.894085351	0.107798869119198	0.01
0.89420355	0.107798869119198	0.01
0.894232534	0.107509081433293	0.01
0.894332391	0.108090223256438	0.01
0.894482721	0.108090223256438	0.01
0.894690708	0.107798869119198	0.01
0.894906463	0.107798869119198	0.01
0.894913415	0.107798869119198	0.01
0.894970751	0.107798869119198	0.01
0.895081202	0.108090223256438	0.01
0.895086463	0.108090223256438	0.01
0.89539422	0.107798869119198	0.01
0.895524497	0.112832325541605	0.01
0.895638516	0.112230709483987	0.01
0.895840307	0.112530713422776	0.01
0.89592425	0.112530713422776	0.01
0.896396617	0.112832325541605	0.01
0.89685771	0.112530713422776	0.01
0.896928207	0.11193230089734	0.01
0.89693811	0.11193230089734	0.01
0.897131294	0.110463748694682	0.01
0.897197773	0.109316363815919	0.01
0.897282137	0.108192569631344	0.01
0.89799116	0.101405209915898	0.01
0.898155973	0.0995289265276379	0.01
0.898485328	0.0983161748629998	0.01
0.898920463	0.0963592916494422	0.01
0.899310528	0.0954097745104314	0.01
0.899325427	0.0954097745104314	0.01
0.899974537	0.0942947663541079	0.01
0.900113547	0.0946635287343664	0.01
0.900307304	0.0952221122185722	0.01
0.900690942	0.0867676764468354	0.01
0.901007608	0.0958894867360297	0.01
0.90151373	0.0824359086763647	0.01
0.901947653	0.0869933729243623	0.01
0.902162268	0.0876520304111276	0.01
0.902291602	0.074015662788946	0.01
0.902860993	0.0696458364402472	0.01
0.902919093	0.0696458364402472	0.01
0.903166806	0.0671306398845139	0.01
0.903876527	0.0629481338085558	0.01
0.904039961	0.0622040265847785	0.01
0.904220945	0.0585304420495417	0.01
0.904513058	0.0597165456322145	0.01
0.905345526	0.0599595584803623	0.01
0.905424433	0.060204557262138	0.01
0.905541598	0.0607006108047967	0.01
0.906154318	0.0617176520838301	0.01
0.906508268	0.0617176520838301	0.01
0.906922556	0.0614602099850436	0.01
0.907060652	0.0619772599812077	0.01
0.907185931	0.0622390611231401	0.01
0.907198748	0.0625030834213016	0.01
0.907324045	0.0538263526271482	0.01
0.907336843	0.0538263526271482	0.01
0.907336844	0.0538263526271482	0.01
0.907436592	0.0538263526271482	0.01
0.907449378	0.0538263526271482	0.01
0.90746216	0.0538263526271482	0.01
0.9075492	0.0538263526271482	0.01
0.907574745	0.0538263526271482	0.01
0.907587512	0.0538263526271482	0.01
0.907674633	0.0538263526271482	0.01
0.907700146	0.0538263526271482	0.01
0.907712898	0.0538263526271482	0.01
0.907951053	0.0538263526271482	0.01
0.907963773	0.0538263526271482	0.01
0.907963774	0.0538263526271482	0.01
0.908076559	0.0540567448227068	0.01
0.908089263	0.0540567448227068	0.01
0.908089264	0.0540567448227068	0.01
0.908202099	0.0542891177855973	0.01
0.908214789	0.0542891177855973	0.01
0.908289632	0.0540567448227068	0.01
0.908453284	0.0540567448227068	0.01
0.908566283	0.0538263526271482	0.01
0.908577365	0.0538263526271482	0.01
0.908578929	0.0538263526271482	0.01
0.908691978	0.0538263526271482	0.01
0.908729307	0.0538263526271482	0.01
0.908816452	0.0538263526271482	0.01
0.908855181	0.0531468105783489	0.01
0.909094444	0.053371410088867	0.01
0.909183517	0.053371410088867	0.01
0.909270732	0.053371410088867	0.01
0.909308419	0.053371410088867	0.01
0.90938549	0.0538263526271482	0.01
0.909434338	0.0538263526271482	0.01
0.909620416	0.0538263526271482	0.01
0.909642167	0.0538263526271482	0.01
0.909838426	0.053371410088867	0.01
0.909914657	0.053371410088867	0.01
0.909925885	0.053371410088867	0.01
0.910204731	0.0542891177855973	0.01
0.910267	0.0542891177855973	0.01
0.911049792	0.0554816077913015	0.01
0.911062134	0.0554816077913015	0.01
0.91113001	0.0554816077913015	0.01
0.911404622	0.0554816077913015	0.01
0.911518912	0.0557264200175271	0.01
0.911632099	0.0557264200175271	0.01
0.911747931	0.0557264200175271	0.01
0.911776598	0.0557264200175271	0.01
0.912015459	0.0554816077913015	0.01
0.912488931	0.0557264200175271	0.01
0.912630246	0.0557264200175271	0.01
0.912776305	0.0552389371304375	0.01
0.913006436	0.0598284601770516	0.01
0.913139907	0.0598284601770516	0.01
0.913244462	0.0606237634849423	0.01
0.913630289	0.0600912325801434	0.01
0.914018042	0.0606237634849423	0.01
0.914696902	0.0606237634849423	0.01
0.914968567	0.0606237634849423	0.01
0.914983658	0.0606237634849423	0.01
0.915026039	0.0606237634849423	0.01
0.915269563	0.0606237634849423	0.01
0.916163647	0.0527232370557548	0.01
0.916688985	0.0529644485527556	0.01
0.916912552	0.0529644485527556	0.01
0.917248255	0.0568669891645369	0.01
0.918238351	0.0514577488786148	0.01
0.918456927	0.0600736426289291	0.02
0.918483627	0.0600736426289291	0.02
0.918816837	0.0607673695803872	0.02
0.918837351	0.0607673695803872	0.02
0.919655338	0.0614773059547684	0.02
0.920002472	0.0624500999135107	0.02
0.921783065	0.0642286785554363	0.02
0.922071236	0.0647556040964473	0.02
0.922455062	0.0655624050424728	0.02
0.922763582	0.0655624050424728	0.02
0.922787758	0.0655624050424728	0.02
0.923268187	0.0622390611231401	0.02
0.923473233	0.0622390611231401	0.02
0.924507726	0.0633087635656712	0.02
0.93064775	0.0568297683100291	0.03
0.93220206	0.0580843506877947	0.03
0.933174706	0.0554468100956705	0.03
0.934071327	0.056079923288077	0.03
0.942896738	0.026721233117687	0.03
0.948845214	0.0386653569292597	0.04
0.949342587	0.0406569457405643	0.04
0.950306111	0.0443708319320723	0.04
0.951999424	0.02463619923811	0.04
0.953473419	0.0264969813840559	0.04
0.954119877	0.0279019448787844	0.04
0.954191796	0.0279019448787844	0.04
0.955603107	0.0297417957189618	0.04
0.955985355	0.0297417957189618	0.04
0.956018846	0.0297417957189618	0.04
0.956296714	0.0300246271835768	0.04
0.956549025	0.0300246271835768	0.04
0.956780018	0.0306067406077273	0.04
0.95679317	0.0306067406077273	0.04
0.957016096	0.0312118721777701	0.04
0.959642592	0.0422906884893749	0.05
0.960039043	0.0437559138794449	0.05
0.960819071	0.0443708319320723	0.05
0.960911853	0.0443708319320723	0.05
0.964446178	0.0279019448787844	0.05
0.964458654	0.0279019448787844	0.05
0.966290332	0.0300246271835768	0.05
0.966653906	0.0300246271835768	0.05
0.966980911	0.0312118721777701	0.05
0.966980912	0.0312118721777701	0.05
0.966986309	0.0312118721777701	0.05
0.967139043	0.0312118721777701	0.05
0.967144414	0.0312118721777701	0.05
0.967297223	0.0315235006798728	0.05
0.967297226	0.0315235006798728	0.05
0.967302572	0.0315235006798728	0.05
0.967460779	0.0315235006798728	0.05
0.96746078	0.0315235006798728	0.05
0.967608447	0.0315235006798728	0.05
0.96761904	0.0315235006798728	0.05
0.967772081	0.0315235006798728	0.05
0.967925221	0.0315235006798728	0.05
0.968083686	0.0315235006798728	0.05
0.968088909	0.0315235006798728	0.05
0.968237002	0.0315235006798728	0.05
0.970442597	0.0406569457405643	0.06
0.974203145	0.0237111204938999	0.06
0.97801719	0.0256363915709277	0.06
0.981915796	0.0281507199709116	0.06
1.021711423	0	0.07
1.028094642	0	0.08
1.029078227	0	0.08
1.029271857	0	0.08
1.029637844	0	0.08
1.029659545	0	0.08
1.030397618	0	0.08
1.031531241	0	0.08
1.032104884	0	0.08
1.033463082	0	0.08
1.034376329	0	0.08
1.035677928	0	0.08
1.038905957	0	0.08
1.048661279	0	0.09
1.049025044	0	0.09
1.056246636	0	0.1
1.057424783	0	0.1
1.058571278	0	0.1
1.067766296	0	0.11
1.06860264	0	0.11
1.068892568	0	0.11
1.070326964	0	0.11
1.076612069	0	0.12
1.088407982	0	0.13
1.112743253	0	0.15
1.113082372	0	0.15
1.113233383	0	0.15
1.11414031	0	0.15
1.133988353	0	0.15
1.137302108	0	0.15
1.162829766	0	0.14
1.187305519	0.027181320104001	0.15
1.18762744	0.026721233117687	0.15
1.192075895	0.026721233117687	0.15
1.192725439	0.0264969813840559	0.15
1.208769953	0.0306067406077273	0.14
1.209215802	0.0315235006798728	0.14
1.209768181	0.0315235006798728	0.14
1.210085375	0.0315235006798728	0.14
1.210771389	0.0274173565339978	0.15
1.21086869	0.0274173565339978	0.15
1.212614931	0.0336215469485904	0.15
1.224141399	0.0389035693429443	0.14
1.22465873	0.0389035693429443	0.14
1.225416562	0.0381975778859079	0.14
1.226416878	0.0381975778859079	0.14
1.245566855	0.0403968488522397	0.12
1.246668032	0.0403968488522397	0.12
1.248955951	0.0392664427853054	0.12
1.265568721	0.0415942685884547	0.1
1.268447511	0.0411873184639463	0.1
1.270060331	0.039636149375439	0.1
1.270253663	0.039636149375439	0.1
1.270604589	0.039636149375439	0.1
1.275739262	0.0415942685884547	0.09
1.278899002	0.0392664427853054	0.1
1.285172518	0.0381975778859079	0.1
1.293113698	0.0415942685884547	0.09
1.297280078	0.0705879300389387	0.09
1.303502827	0.0705879300389387	0.1
1.33510162	0.0673608188000114	0.12
1.335485912	0.0673608188000114	0.12
1.335508208	0.0673608188000114	0.12
1.335711503	0.0673608188000114	0.12
1.335892556	0.0673608188000114	0.12
1.33625481	0.0673608188000114	0.12
1.336595099	0.0661511106110745	0.12
1.336665633	0.0661511106110745	0.12
1.336979907	0.0661511106110745	0.12
1.337117106	0.0661511106110745	0.12
1.337161305	0.0661511106110745	0.12
1.337524247	0.0661511106110745	0.12
1.337529375	0.0661511106110745	0.12
1.337777279	0.0661511106110745	0.12
1.337887386	0.0661511106110745	0.12
1.342315002	0.0661511106110745	0.12
1.350085516	0.0699180059294701	0.11
1.360533959	0.0719670442569139	0.1
1.360981621	0.0719670442569139	0.1
1.36116959	0.0719670442569139	0.1
1.36135761	0.0719670442569139	0.1
1.364721715	0.0719670442569139	0.1
1.368077892	0.0726770090944347	0.1
1.368578346	0.0719670442569139	0.11
1.369020462	0.0719670442569139	0.11
1.373967278	0.0719670442569139	0.11
1.379222918	0.079116058625665	0.11
1.38563755	0.0830164952236571	0.11
1.418305639	0.0830164952236571	0.1
1.434752614	0.0822059415420584	0.1
1.436494579	0.0822059415420584	0.11
1.440102642	0.0822059415420584	0.11
1.448119954	0.0822059415420584	0.12
1.450462129	0.0822059415420584	0.12
1.450674974	0.0822059415420584	0.12
1.454003033	0.0822059415420584	0.12
1.454856842	0.0822059415420584	0.12
1.45657643	0.0822059415420584	0.13
1.484117024	0.079116058625665	0.15
1.485393153	0.0798665465869399	0.15
1.488337206	0.079116058625665	0.16
1.494140559	0.0783795436958512	0.16
1.506038743	0.0783795436958512	0.18
1.511734415	0.0783795436958512	0.18
1.511964569	0.0783795436958512	0.18
1.512194724	0.0783795436958512	0.18
1.515375804	0.079116058625665	0.18
1.516740221	0.0783795436958512	0.19
1.523536021	0.0783795436958512	0.19
1.595579044	0.19990974052306	0.19
1.611568792	0.233316354119488	0.17
1.652341299	0.257166207899371	0.13
1.730827961	0.24163572374023	0.06
1.745720251	0.255760052564315	0.04
1.75282717	0.252514766315488	0.03
1.758275756	0.252162189597908	0.03
1.768990518	0.255877822816265	0.02
1.77492366	0.270119610018721	0.01
1.777374698	0.269791745043553	0.01
1.77861633	0.259704594062973	0.01
1.780115455	0.255877822816265	0.01
1.780627841	0.255877822816265	0.01
1.780657571	0.255877822816265	0.01
1.780657572	0.255877822816265	0.01
1.780928629	0.254006418763307	0.01
1.78092863	0.254006418763307	0.01
1.781081012	0.254006418763307	0.01
1.781140367	0.254006418763307	0.01
1.781170032	0.254006418763307	0.01
1.781381862	0.254006418763307	0.01
1.781411499	0.254006418763307	0.01
1.781623424	0.254006418763307	0.01
1.781653031	0.254006418763307	0.01
1.7818108	0.254006418763307	0.01
1.781835463	0.254006418763307	0.01
1.781894629	0.254006418763307	0.01
1.782136293	0.252162189597908	0.01
1.782378022	0.250344547671918	0.01
1.782531315	0.250344547671918	0.01
1.782590324	0.250344547671918	0.01
1.782619816	0.250344547671918	0.01
1.783044725	0.250344547671918	0.01
1.783345594	0.250344547671918	0.01
1.783587651	0.250344547671918	0.01
1.78377107	0.250344547671918	0.01
1.783829774	0.250344547671918	0.01
1.783925287	0.250344547671918	0.01
1.784013316	0.250344547671918	0.01
1.784314217	0.250344547671918	0.01
1.78446873	0.250344547671918	0.01
1.784506241	0.250344547671918	0.01
1.785009515	0.250344547671918	0.01
1.785322292	0.248552922159524	0.01
1.785497332	0.248552922159524	0.01
1.785988286	0.246786758459579	0.01
1.787927091	0.224602660344418	0.01
1.788266632	0.224602660344418	0.01
1.789747139	0.22621187212279	0.01
1.790095821	0.22621187212279	0.01
1.790737455	0.23205977770926	0.01
1.79204453	0.231952891447622	0.02
1.792147241	0.231952891447622	0.02
1.794856772	0.20127272270618	0.02
1.795172249	0.194701726376881	0.02
1.795643534	0.188546215230007	0.02
1.796645824	0.180919821769499	0.02
1.796696941	0.180919821769499	0.02
1.799436111	0.163433639564606	0.02
1.801889818	0.0794145549045343	0.02
1.808733518	0.169096911479855	0.03
1.813215031	0.100527842053354	0.03
1.813716026	0.103833884099329	0.03
1.814345569	0.101929264559773	0.03
1.814596154	0.0593955762208175	0.03
1.814621756	0.0593955762208175	0.03
1.814621757	0.0593955762208175	0.03
1.814846808	0.0593955762208175	0.03
1.814872379	0.0593955762208175	0.03
1.815039963	0.0599595584803623	0.03
1.815123071	0.0599595584803623	0.03
1.815322808	0.0605343538410883	0.03
1.815373832	0.0605343538410883	0.03
1.815624663	0.0611202762886076	0.03
1.815875562	0.0611202762886076	0.03
1.816101116	0.0514577488786148	0.03
1.816374833	0.0514577488786148	0.03
1.816377569	0.0514577488786148	0.03
1.81637757	0.0514577488786148	0.03
1.816628678	0.0509594275372535	0.03
1.816879855	0.0509594275372535	0.03
1.818363245	0.164564196589059	0.04
1.819217405	0.166047857824419	0.04
1.819395454	0.166047857824419	0.04
1.819410514	0.166047857824419	0.04
1.819581019	0.166047857824419	0.04
1.81989941	0.166047857824419	0.04
1.82134289	0.115587971772656	0.04
1.822065256	0.0945639631200186	0.04
1.823267442	0.0981832465667106	0.04
1.823345161	0.0981832465667106	0.04
1.824280416	0.106459726284774	0.04
1.824759677	0.0577655405318304	0.04
1.828541204	0.0524842126563759	0.04
1.830016016	0.164564196589059	0.05
1.835137623	0.058298853039415	0.05
1.836263396	0.0499911894344181	0.05
1.83758722	0.0499911894344181	0.05
1.837659261	0.0499911894344181	0.05
1.839735229	0.0524842126563759	0.05
1.842215909	0.0965662820135121	0.06
1.846490238	0.0499911894344181	0.06
1.860668056	0.157091886510019	0.08
1.860714054	0.157091886510019	0.08
1.917919203	0.0524842126563759	0.11
1.919145255	0.0509594275372535	0.12
1.932723098	0.079116058625665	0.12
1.934242286	0.0742331905476432	0.13
1.93486401	0.0742331905476432	0.13
1.939501786	0.0729468707047504	0.13
1.940502926	0.0729468707047504	0.13
1.945075766	0.0929290180193766	0.14
1.95745413	0.0929290180193766	0.15
1.961031557	0.0944452758801921	0.15
2.03833515	0.10754762973966	0.23
2.039242563	0.10903323228299	0.23
2.04617014	0.144829584226935	0.23
2.049316864	0.106101966360007	0.24
2.057670659	0.10469465291084	0.25
2.058434493	0.10469465291084	0.25
2.058810915	0.106101966360007	0.25
2.060706206	0.106101966360007	0.25
2.067556414	0.10469465291084	0.26
2.077371996	0.10469465291084	0.27
2.07768814	0.10469465291084	0.27
2.077935092	0.10469465291084	0.27
2.114638141	0.11812413474693	0.3
2.116340052	0.138044987154503	0.3
2.119081815	0.143419832527934	0.3
2.175983465	0.133058448180142	0.36
2.22342495	0.102652315860158	0.41
2.225736601	0.128419602775384	0.41
2.22607531	0.13069787692512	0.41
2.226678687	0.138044987154503	0.41
2.226980498	0.13935057329795	0.41
2.268175967	0.188864667071887	0.41
2.273953022	0.195410572307181	0.4
2.283420782	0.195410572307181	0.39
2.287430653	0.191615572580907	0.39
2.396315913	0.216463381427771	0.3
2.401471639	0.208302740193253	0.29
2.416816988	0.218604438711684	0.29
2.57811595	0.220188367021353	0.16
2.63880046	0.197990344583081	0.09
2.644514931	0.222302440547924	0.09
2.65353762	0.214363857279312	0.08
2.664122924	0.226654757882326	0.07
2.67074212	0.218604438711684	0.06
2.670831293	0.218604438711684	0.06
2.671148642	0.218604438711684	0.06
2.671193019	0.218604438711684	0.06
2.671193179	0.218604438711684	0.06
2.671237545	0.218604438711684	0.06
2.671237705	0.218604438711684	0.06
2.671599486	0.218604438711684	0.06
2.671599646	0.218604438711684	0.06
2.671872794	0.218604438711684	0.06
2.671961685	0.218604438711684	0.06
2.672323822	0.218604438711684	0.06
2.672686057	0.218604438711684	0.06
2.673366554	0.218604438711684	0.06
2.673410821	0.218604438711684	0.06
2.674201502	0.226654757882326	0.06
2.674640938	0.226654757882326	0.06
2.67498819	0.22445750292104	0.06
2.675753192	0.22445750292104	0.06
2.675906626	0.22445750292104	0.06
2.67595059	0.22445750292104	0.06
2.677404052	0.22445750292104	0.06
2.681604422	0.218604438711684	0.05
2.684222358	0.226654757882326	0.05
2.690797174	0.226654757882326	0.05
2.690995907	0.226654757882326	0.05
2.692790444	0.220188367021353	0.05
2.697875326	0.212304669359348	0.05
2.700424629	0.212304669359348	0.05
2.716197088	0.206261531576347	0.05
2.720992773	0.197990344583081	0.05
2.721339166	0.212304669359348	0.06
2.721753239	0.212304669359348	0.06
2.722090639	0.212304669359348	0.06
2.72212898	0.212304669359348	0.06
2.722504826	0.212304669359348	0.06
2.725138453	0.204259939336724	0.06
2.725892101	0.204259939336724	0.06
2.728042156	0.204259939336724	0.06
2.728457177	0.204259939336724	0.06
2.730687704	0.204259939336724	0.06
2.733911556	0.212304669359348	0.07
2.734951629	0.204259939336724	0.07
2.741703646	0.210284666313489	0.08
2.742221604	0.210284666313489	0.08
2.758261585	0.202296821229442	0.09
2.767264537	0.200371078503468	0.1
2.814579483	0.193021297001231	0.15
2.857457722	0.191267334889469	0.19
2.870516676	0.191267334889469	0.2
2.885327778	0.187853332060542	0.22
2.901070252	0.178544220214667	0.23
3.017087015	0.182954885875476	0.35
3.091199805	0.178544220214667	0.42
3.116410384	0.175202184729479	0.45
3.194633906	0.120704656526676	0.52
3.479484296	0.162686593931102	0.81
3.557717034	0.161645456181174	0.890000000000001
3.560201153	0.161645456181174	0.890000000000001
3.561529658	0.156225545851253	0.890000000000001
3.561648443	0.134026725995306	0.890000000000001
3.562131134	0.176666327156487	0.890000000000001
3.563861522	0.152842221538231	0.890000000000001
3.566965252	0.160617559533449	0.890000000000001
3.567214517	0.160617559533449	0.890000000000001
3.571812505	0.151761833156449	0.890000000000001
3.572123566	0.160617559533449	0.880000000000001
3.572497766	0.160617559533449	0.880000000000001
3.62901857	0.141695773025263	0.910000000000001
3.62939674	0.141695773025263	0.910000000000001
3.630972932	0.141695773025263	0.910000000000001
3.631023885	0.144121261015988	0.910000000000001
3.631970124	0.147832716123234	0.910000000000001
3.639968026	0.141695773025263	0.920000000000001
3.707141358	0.141695773025263	0.990000000000001
4.078052931	0.196049192174921	1.32
4.442577106	0.197990344583081	1.63
4.452121847	0.197990344583081	1.64
4.45272527	0.197990344583081	1.64
4.453328856	0.197990344583081	1.64
4.453932605	0.197990344583081	1.64
4.459832487	0.197990344583081	1.65
4.475601202	0.197990344583081	1.67
4.478685952	0.197990344583081	1.67
4.492707945	0.197990344583081	1.68
4.536342962	0.214363857279312	1.7
4.537444354	0.214363857279312	1.7
4.537596069	0.214363857279312	1.7
4.773228095	0.218604438711684	1.88
4.848628454	0.218604438711684	1.95
4.895921957	0.218604438711684	2
5.341769851	0.237388688591749	1.98
5.342582978	0.237388688591749	1.98
5.343129076	0.237388688591749	1.98
5.343307119	0.237388688591749	1.98
5.346842194	0.237388688591749	1.97
5.443653327	0.242600228835703	1.95
6.2338777	0.25237776656689	2.60999999999999
6.234722781	0.25237776656689	2.60999999999999
6.244676548	0.25237776656689	2.61999999999999
7	0.344785678728061	2.54999999999999
