thrs	post_p	finalwindow
0	0.0716547630339032	0.23
0.03256001	0.0680774403457976	0.21
0.070216248	0.0575437070219003	0.19
0.082355146	0.0544784215744748	0.19
0.089689176	0.0544784215744748	0.19
0.093809574	0.0544784215744748	0.19
0.103967892	0.0523855348045428	0.19
0.113424721	0.0934339134456211	0.19
0.115659216	0.092781875447731	0.19
0.127200542	0.0381996282153855	0.17
0.128068503	0.0528366044502079	0.17
0.129730945	0.0675156602837585	0.17
0.148427326	0.0528366044502079	0.15
0.148782099	0.0680774403457976	0.15
0.151339737	0.0658846063807906	0.15
0.155752372	0.092781875447731	0.15
0.161204767	0.0658846063807906	0.14
0.172569069	0.0745266540036559	0.13
0.178358463	0.0532955095024616	0.12
0.181486006	0.0664194636517652	0.12
0.181824923	0.0664194636517652	0.12
0.186084933	0.092781875447731	0.12
0.205298456	0.0975470699798771	0.1
0.206482242	0.0968365784840555	0.1
0.222049977	0.0644028407421202	0.08
0.222656148	0.0735147459161557	0.08
0.222686318	0.0735147459161557	0.08
0.222716495	0.0729322403537844	0.08
0.222812147	0.0803844208484252	0.08
0.222924291	0.0949350452913179	0.08
0.226728961	0.0934886638668996	0.08
0.226867021	0.0934886638668996	0.08
0.226923294	0.0934886638668996	0.08
0.226929675	0.0934886638668996	0.08
0.226982815	0.0934886638668996	0.08
0.227081991	0.0934886638668996	0.08
0.227177477	0.0934886638668996	0.08
0.241897099	0.0803844208484252	0.07
0.242615688	0.0632645686137226	0.06
0.242875367	0.0872415757371068	0.06
0.254481698	0.0872415757371068	0.05
0.256228734	0.0872415757371068	0.05
0.256259656	0.0872415757371068	0.05
0.256650521	0.0887558305413891	0.05
0.259750174	0.0872415757371068	0.05
0.272151172	0.0865036603658127	0.05
0.287097646	0.0883299566894221	0.06
0.295749179	0.0874903531729334	0.06
0.296044019	0.0874903531729334	0.06
0.296834617	0.083520893733186	0.06
0.296839561	0.083520893733186	0.06
0.296839653	0.083520893733186	0.06
0.296879772	0.083520893733186	0.06
0.29691506	0.083520893733186	0.06
0.296919994	0.083520893733186	0.06
0.296960227	0.083520893733186	0.06
0.297156652	0.0820321656955272	0.06
0.297161557	0.0820321656955272	0.06
0.297207868	0.0820321656955272	0.06
0.29723727	0.0820321656955272	0.06
0.297242165	0.0820321656955272	0.06
0.297345093	0.0820321656955272	0.06
0.29736316	0.0820321656955272	0.06
0.298033592	0.0820321656955272	0.06
0.298432807	0.0820321656955272	0.06
0.29855614	0.0820321656955272	0.06
0.29926506	0.0820321656955272	0.06
0.300638986	0.0820321656955272	0.06
0.302397905	0.0918559489836651	0.05
0.30240618	0.0918559489836651	0.05
0.302443572	0.0918559489836651	0.05
0.302452098	0.0918559489836651	0.05
0.302493847	0.0918559489836651	0.05
0.302531356	0.0918559489836651	0.05
0.302535608	0.0918559489836651	0.05
0.302694303	0.0918559489836651	0.05
0.302757814	0.0918559489836651	0.05
0.302844832	0.0918559489836651	0.05
0.304168238	0.0918559489836651	0.05
0.306047128	0.0827698360562093	0.06
0.307314933	0.0805955802535875	0.06
0.308759935	0.0792084451197898	0.06
0.319078068	0.0858581369597179	0.05
0.322435043	0.0891858309033415	0.05
0.322777267	0.0891858309033415	0.05
0.323097253	0.0891858309033415	0.05
0.323808824	0.0891858309033415	0.05
0.333944256	0.0909483206719274	0.04
0.338071632	0.104893287049272	0.05
0.340262381	0.099336016120092	0.05
0.350684009	0.0951357540020102	0.06
0.351815198	0.0951357540020102	0.06
0.356200611	0.0959471478675318	0.06
0.356206548	0.0959471478675318	0.06
0.356437896	0.0959471478675318	0.06
0.357086112	0.088407084048411	0.07
0.360733393	0.0898187764682015	0.07
0.362945858	0.0898187764682015	0.07
0.363236679	0.0898187764682015	0.07
0.366130409	0.091276284544449	0.07
0.367663989	0.0958050431546317	0.08
0.37384574	0.0961363619870849	0.08
0.381649088	0.0818862066590491	0.07
0.386863037	0.0804330516751176	0.06
0.386909127	0.0860875721012493	0.06
0.389222512	0.0802942622958931	0.06
0.389299853	0.0802942622958931	0.06
0.389825341	0.085064655706186	0.06
0.398731854	0.0855730570987765	0.05
0.403209246	0.0879921889307128	0.05
0.415094538	0.0842403299808972	0.04
0.418471182	0.0874903531729334	0.03
0.419019267	0.0862604547803281	0.03
0.423143546	0.0915047255173993	0.03
0.428769674	0.0934886638668996	0.02
0.445049535	0.0841316254312773	0.01
0.445117302	0.0841316254312773	0.01
0.445156208	0.0841316254312773	0.01
0.445185067	0.0841316254312773	0.01
0.445185068	0.0841316254312773	0.01
0.44525283	0.0841316254312773	0.01
0.445252832	0.0841316254312773	0.01
0.445252833	0.0841316254312773	0.01
0.445252835	0.0841316254312773	0.01
0.445305777	0.0841316254312773	0.01
0.44531318	0.0841316254312773	0.01
0.44531319	0.0841316254312773	0.01
0.445373562	0.0841316254312773	0.01
0.445494353	0.0832188409451702	0.01
0.445540001	0.0832188409451702	0.01
0.445554774	0.0832188409451702	0.01
0.445578303	0.0832188409451702	0.01
0.445615211	0.0832188409451702	0.01
0.445691925	0.0827698360562093	0.01
0.445736134	0.0827698360562093	0.01
0.445849774	0.0922893661203907	0.01
0.445857123	0.0922893661203907	0.01
0.445917642	0.0922893661203907	0.01
0.445978177	0.0922893661203907	0.01
0.446038729	0.0922893661203907	0.01
0.446341735	0.090842718720511	0.01
0.446351359	0.090842718720511	0.01
0.446394864	0.090842718720511	0.01
0.446395102	0.090842718720511	0.01
0.446455777	0.090842718720511	0.01
0.446465528	0.089903222520909	0.01
0.44656991	0.089903222520909	0.01
0.446772341	0.089903222520909	0.01
0.446888185	0.089903222520909	0.01
0.446967543	0.089903222520909	0.01
0.447533088	0.089903222520909	0.01
0.447542535	0.089903222520909	0.01
0.447928306	0.0885298576657004	0.01
0.448701687	0.092316590535892	0.01
0.449051315	0.092316590535892	0.01
0.449552291	0.0918559489836651	0.01
0.449715173	0.0918559489836651	0.01
0.451750007	0.0918559489836651	0.01
0.452986292	0.0913998816278195	0.01
0.453102774	0.0913998816278195	0.01
0.453607731	0.0913998816278195	0.01
0.453670383	0.0913998816278195	0.01
0.45367678	0.0913998816278195	0.01
0.453739439	0.0913998816278195	0.01
0.453782962	0.0913998816278195	0.01
0.453802119	0.0913998816278195	0.01
0.453864814	0.0913998816278195	0.01
0.453927527	0.0913998816278195	0.01
0.453952078	0.0913998816278195	0.01
0.453977538	0.0913998816278195	0.01
0.453990257	0.0913998816278195	0.01
0.454131662	0.0913998816278195	0.01
0.454159539	0.0913998816278195	0.01
0.454228692	0.0913998816278195	0.01
0.454266222	0.0913998816278195	0.01
0.454278877	0.0913998816278195	0.01
0.454291524	0.0913998816278195	0.01
0.454379121	0.0913998816278195	0.01
0.454423548	0.0913998816278195	0.01
0.454543029	0.0913998816278195	0.01
0.454637485	0.0913998816278195	0.01
0.455439212	0.0979663587280769	0.01
0.455665947	0.107396711993389	0.01
0.455755613	0.115481341408667	0.01
0.455804735	0.115481341408667	0.01
0.456133439	0.112217522507057	0.01
0.456159276	0.112217522507057	0.01
0.456455968	0.0883299566894221	0.02
0.45760535	0.0874903531729334	0.02
0.457901934	0.0874903531729334	0.02
0.458022431	0.0874903531729334	0.02
0.458619789	0.0862604547803281	0.02
0.458664131	0.0862604547803281	0.02
0.459124851	0.0854595545291472	0.02
0.462114195	0.0854595545291472	0.02
0.464728436	0.0846733896611247	0.02
0.46499053	0.0842857064951638	0.02
0.473676694	0.0813075278772926	0.03
0.47699163	0.0562255448679957	0.03
0.477096915	0.0562255448679957	0.03
0.478409458	0.0589251594430913	0.03
0.478419311	0.0589251594430913	0.03
0.478888149	0.0600790134846398	0.03
0.483671852	0.0772150170193774	0.04
0.484927676	0.0772150170193774	0.04
0.486776039	0.0581277460416615	0.04
0.489107131	0.0557150358620408	0.04
0.489424331	0.0542376569032763	0.04
0.490830832	0.0460208313069094	0.04
0.499369323	0.0571988832640102	0.05
0.514553924	0.0713259887443169	0.07
0.514645345	0.0713259887443169	0.07
0.51473946	0.0713259887443169	0.07
0.514971335	0.0713259887443169	0.07
0.51502476	0.0713259887443169	0.07
0.515124567	0.0721201720982489	0.07
0.51682809	0.0513982564670959	0.07
0.518492841	0.0470491692658404	0.07
0.518564452	0.0470491692658404	0.07
0.520735072	0.0425725315492786	0.07
0.529143364	0.037158679711647	0.07
0.534226929	0.036495669548387	0.07
0.534308248	0.036495669548387	0.07
0.534888196	0.0710326608418133	0.07
0.536755919	0.0408711756269684	0.06
0.539174229	0.0689959964257255	0.07
0.543234343	0.0689959964257255	0.07
0.544416783	0.0704212677787426	0.07
0.55657045	0.0857781233133366	0.05
0.556645891	0.0857781233133366	0.05
0.55802857	0.0836727438748202	0.05
0.559788571	0.0803844208484252	0.05
0.562444529	0.0803844208484252	0.05
0.568776608	0.0887558305413891	0.04
0.572491616	0.0911284085694155	0.04
0.574371638	0.0842857064951638	0.04
0.57444178	0.0842857064951638	0.04
0.579525048	0.0918559489836651	0.03
0.583655412	0.0918559489836651	0.03
0.586308239	0.0918559489836651	0.03
0.59079165	0.0891858309033415	0.04
0.591193432	0.0891858309033415	0.04
0.591819223	0.0891858309033415	0.04
0.593402747	0.0891858309033415	0.04
0.593673806	0.0891858309033415	0.04
0.593673808	0.0891858309033415	0.04
0.593754278	0.0891858309033415	0.04
0.59375428	0.0891858309033415	0.04
0.593824895	0.0891858309033415	0.04
0.593834769	0.0891858309033415	0.04
0.594152812	0.0891858309033415	0.04
0.594237558	0.0891858309033415	0.04
0.595015574	0.0891858309033415	0.04
0.595887104	0.0874903531729334	0.04
0.596219211	0.085064655706186	0.04
0.596894832	0.085064655706186	0.04
0.597117526	0.0842857064951638	0.04
0.602148457	0.0842857064951638	0.04
0.604317115	0.0858581369597179	0.04
0.604813246	0.0858581369597179	0.04
0.604905308	0.0858581369597179	0.04
0.60490531	0.0858581369597179	0.04
0.604905312	0.0858581369597179	0.04
0.604988853	0.0858581369597179	0.04
0.606051871	0.0842857064951638	0.04
0.60631275	0.0842857064951638	0.04
0.606404306	0.0842857064951638	0.04
0.606824709	0.0842857064951638	0.04
0.607971158	0.0842857064951638	0.04
0.608524688	0.0827698360562093	0.04
0.608756287	0.0827698360562093	0.04
0.61827716	0.0866665607485545	0.04
0.624510489	0.0891858309033415	0.04
0.635412418	0.0872415757371068	0.05
0.636066531	0.0872415757371068	0.05
0.63624959	0.0872415757371068	0.05
0.636422142	0.0887558305413891	0.05
0.637031954	0.0887558305413891	0.05
0.637881775	0.0887558305413891	0.05
0.638075882	0.0887558305413891	0.05
0.64559646	0.0823256503516866	0.06
0.648110758	0.0836727438748202	0.06
0.648827538	0.0836727438748202	0.06
0.65703705	0.0837973962094615	0.07
0.667472678	0.0808610947102379	0.07
0.667879261	0.0808610947102379	0.07
0.667879263	0.0808610947102379	0.07
0.669490645	0.0808610947102379	0.07
0.671132308	0.0808610947102379	0.07
0.680410924	0.0735882140143871	0.08
0.680589305	0.0735882140143871	0.08
0.68060848	0.0735882140143871	0.08
0.680702493	0.0735882140143871	0.08
0.689921535	0.074708124812694	0.09
0.690723937	0.074708124812694	0.09
0.692614054	0.0765726525297281	0.09
0.697379755	0.0741066312704827	0.1
0.712354258	0.075319462414586	0.11
0.7123899	0.075319462414586	0.11
0.712401774	0.075319462414586	0.11
0.71365913	0.075319462414586	0.11
0.715679053	0.0706916936840653	0.12
0.717816093	0.0735147459161557	0.12
0.725609694	0.070152902977871	0.13
0.725869057	0.070152902977871	0.13
0.726772429	0.070152902977871	0.13
0.72717465	0.0712388245217533	0.13
0.742183791	0.0675776220086733	0.14
0.744518666	0.0656496472005771	0.14
0.7500464	0.0273772982815899	0.14
0.756100951	0.0306603375897114	0.13
0.756122282	0.0306603375897114	0.13
0.762884543	0.0660619324383276	0.13
0.763284143	0.0673600195250644	0.13
0.765321243	0.0760035947092371	0.13
0.766651587	0.0760035947092371	0.13
0.7676628	0.0748904815339894	0.13
0.772093843	0.065121831394381	0.12
0.772264397	0.0672983490451436	0.12
0.778829055	0.0748904815339894	0.12
0.779184816	0.074708124812694	0.12
0.786383987	0.077304465797001	0.11
0.8034392	0.0828496598031041	0.09
0.849686346	0.078088457699489	0.05
0.856064956	0.083520893733186	0.04
0.861362559	0.0623689301386973	0.03
0.864973627	0.0853275148279261	0.03
0.866065884	0.083520893733186	0.03
0.870144812	0.0774315402392011	0.03
0.875213305	0.0853275148279261	0.02
0.877564409	0.0822765904967968	0.02
0.87832845	0.0817891888522901	0.02
0.882218863	0.0702938921313151	0.01
0.883236842	0.0774512843984036	0.01
0.883671839	0.0887558305413891	0.01
0.884296127	0.0912488639073322	0.01
0.885048106	0.0880483040537375	0.01
0.886381245	0.0863953998972703	0.01
0.887670141	0.0845437662791924	0.01
0.888469193	0.0840292173106192	0.01
0.888863234	0.0822765904967968	0.01
0.889014569	0.0820321656955272	0.01
0.889209764	0.0820321656955272	0.01
0.889752182	0.0815476471386567	0.01
0.890068113	0.0808315067442396	0.01
0.890083013	0.0808315067442396	0.01
0.890218543	0.0805955802535875	0.01
0.890218544	0.0805955802535875	0.01
0.890309475	0.0801278349482154	0.01
0.890339212	0.0801278349482154	0.01
0.890354074	0.0801278349482154	0.01
0.890354075	0.0801278349482154	0.01
0.890407894	0.0801278349482154	0.01
0.890419078	0.0801278349482154	0.01
0.890459913	0.0801278349482154	0.01
0.890474761	0.0801278349482154	0.01
0.890489605	0.0801278349482154	0.01
0.890489606	0.0801278349482154	0.01
0.890506418	0.0801278349482154	0.01
0.890580647	0.0801278349482154	0.01
0.890595481	0.0801278349482154	0.01
0.89061031	0.0801278349482154	0.01
0.890610311	0.0801278349482154	0.01
0.89068659	0.0801278349482154	0.01
0.890716233	0.0796654875381107	0.01
0.890731048	0.0796654875381107	0.01
0.890731049	0.0796654875381107	0.01
0.890737499	0.0796654875381107	0.01
0.890822213	0.0796654875381107	0.01
0.890837018	0.0796654875381107	0.01
0.890851819	0.0796654875381107	0.01
0.890928251	0.0796654875381107	0.01
0.890957836	0.0796654875381107	0.01
0.890972622	0.0796654875381107	0.01
0.890972623	0.0796654875381107	0.01
0.891093459	0.0794363089279259	0.01
0.89119957	0.0794363089279259	0.01
0.891214328	0.0794363089279259	0.01
0.891244043	0.0794363089279259	0.01
0.891246709	0.0794363089279259	0.01
0.891320486	0.0794363089279259	0.01
0.89133523	0.0794363089279259	0.01
0.891382479	0.0794363089279259	0.01
0.891441435	0.0794363089279259	0.01
0.891456164	0.0794363089279259	0.01
0.89149835	0.0794363089279259	0.01
0.891577132	0.0794363089279259	0.01
0.891686849	0.0794363089279259	0.01
0.891698132	0.0794363089279259	0.01
0.891793338	0.0794363089279259	0.01
0.891881522	0.0794363089279259	0.01
0.892012117	0.0794363089279259	0.01
0.89206133	0.0794363089279259	0.01
0.892182462	0.0787566169095639	0.01
0.892245091	0.078981884831499	0.01
0.892307805	0.0783099141834224	0.01
0.892546055	0.0783099141834224	0.01
0.89273031	0.0783099141834224	0.01
0.892793389	0.0783099141834224	0.01
0.893016766	0.0807470888870659	0.01
0.89308003	0.0807470888870659	0.01
0.893142511	0.0807470888870659	0.01
0.893172464	0.0807470888870659	0.01
0.893313967	0.0809754229154205	0.01
0.893320622	0.0809754229154205	0.01
0.893352088	0.0809754229154205	0.01
0.893395592	0.0809754229154205	0.01
0.89420355	0.0805200389477846	0.01
0.89422449	0.0802942622958931	0.01
0.894232534	0.0802942622958931	0.01
0.894332391	0.0805200389477846	0.01
0.894511483	0.0802942622958931	0.01
0.894690708	0.0802942622958931	0.01
0.894906463	0.0802942622958931	0.01
0.894913415	0.0802942622958931	0.01
0.894970751	0.0802942622958931	0.01
0.895081202	0.0807470888870659	0.01
0.89539422	0.0807470888870659	0.01
0.895638516	0.0831566198292264	0.01
0.895840307	0.0831566198292264	0.01
0.896329745	0.0822343444248399	0.01
0.896396617	0.0826929106687755	0.01
0.89685771	0.0824629900445345	0.01
0.896928207	0.0822343444248399	0.01
0.897131294	0.0862213560891613	0.01
0.897197773	0.0855235915223428	0.01
0.898155973	0.0778682502189504	0.01
0.898455429	0.0765726525297281	0.01
0.898485328	0.0767322395758023	0.01
0.898662437	0.0762554616348291	0.01
0.898755243	0.0760978495878826	0.01
0.89889623	0.0756288985676147	0.01
0.899413875	0.0758563127840432	0.01
0.899974537	0.0743655438492351	0.01
0.900031532	0.0742196833476827	0.01
0.900113547	0.0748065855891607	0.01
0.900274359	0.0751035312837879	0.01
0.900307304	0.0751035312837879	0.01
0.900690942	0.0658846063807906	0.01
0.901007608	0.0721967319739506	0.01
0.902162268	0.0670850894212252	0.01
0.902291602	0.0643007599587115	0.01
0.902860993	0.0600790134846398	0.01
0.902919093	0.0600790134846398	0.01
0.903876527	0.0433936032429516	0.01
0.904039961	0.0433936032429516	0.01
0.904220945	0.0396049667858793	0.01
0.904508173	0.040070493025559	0.01
0.905424433	0.0412004803627512	0.01
0.905541598	0.0412004803627512	0.01
0.906154318	0.0418752700912925	0.01
0.906210372	0.0412004803627512	0.01
0.906786831	0.0413671307201598	0.01
0.906922556	0.0415351347090292	0.01
0.906983581	0.0418752700912925	0.01
0.907060652	0.0418752700912925	0.01
0.90712089	0.0418752700912925	0.01
0.907185931	0.0420474354233796	0.01
0.907198748	0.0425725315492786	0.01
0.907311244	0.0425725315492786	0.01
0.907324045	0.0425725315492786	0.01
0.907336843	0.0425725315492786	0.01
0.907336844	0.0425725315492786	0.01
0.907436592	0.0425725315492786	0.01
0.907449378	0.0425725315492786	0.01
0.90746216	0.0425725315492786	0.01
0.907536422	0.0425725315492786	0.01
0.907574745	0.0425725315492786	0.01
0.907587512	0.0425725315492786	0.01
0.907700146	0.0425725315492786	0.01
0.907712898	0.0425725315492786	0.01
0.907951053	0.0425725315492786	0.01
0.907963774	0.0422210222756026	0.01
0.908076559	0.0422210222756026	0.01
0.908089263	0.0422210222756026	0.01
0.908089264	0.0422210222756026	0.01
0.908151307	0.0422210222756026	0.01
0.90817671	0.0425725315492786	0.01
0.908189407	0.0425725315492786	0.01
0.908202099	0.0425725315492786	0.01
0.908453284	0.0423960483265758	0.01
0.908566283	0.0429299429106848	0.01
0.908577365	0.0429299429106848	0.01
0.908691978	0.0431109085233233	0.01
0.908816452	0.0434774556869533	0.01
0.908943472	0.0427504902172077	0.01
0.909094444	0.0427504902172077	0.01
0.909195105	0.0422210222756026	0.01
0.909207673	0.0422210222756026	0.01
0.909270732	0.0422210222756026	0.01
0.909308419	0.0422210222756026	0.01
0.909346075	0.0422210222756026	0.01
0.90938549	0.0422210222756026	0.01
0.909409249	0.0422210222756026	0.01
0.909446878	0.0425725315492786	0.01
0.909642167	0.0425725315492786	0.01
0.909838426	0.0415351347090292	0.01
0.909896599	0.0415351347090292	0.01
0.909914657	0.0415351347090292	0.01
0.909925885	0.0415351347090292	0.01
0.910014581	0.0418752700912925	0.01
0.910051995	0.0420474354233796	0.01
0.910204731	0.0422210222756026	0.01
0.910267	0.0422210222756026	0.01
0.910467776	0.0425725315492786	0.01
0.910628128	0.0425725315492786	0.01
0.911049792	0.0431109085233233	0.01
0.91113001	0.0431109085233233	0.01
0.911351929	0.0431109085233233	0.01
0.911383512	0.0427504902172077	0.01
0.911404622	0.0427504902172077	0.01
0.911518912	0.0427504902172077	0.01
0.911747931	0.0427504902172077	0.01
0.911776598	0.0427504902172077	0.01
0.912488931	0.0434774556869533	0.01
0.912707801	0.0429299429106848	0.01
0.912776305	0.0429299429106848	0.01
0.912811242	0.0429299429106848	0.01
0.913006436	0.0389678114464532	0.01
0.913630289	0.0384790936371362	0.01
0.913751419	0.0384790936371362	0.01
0.914696902	0.0391334878405728	0.01
0.914983658	0.0391334878405728	0.01
0.915026039	0.0391334878405728	0.01
0.916163647	0.0355443599718317	0.01
0.916208994	0.0355443599718317	0.01
0.916688985	0.0356994524866817	0.01
0.917957453	0.0162276029191276	0.01
0.918238351	0.009211696373015	0.01
0.918456927	0.00946752303914697	0.01
0.918483627	0.00946752303914697	0.01
0.918816837	0.0454078388676391	0.02
0.918837351	0.0454078388676391	0.02
0.919120121	0.0455764704234465	0.02
0.919655338	0.0459175191447816	0.02
0.919822583	0.0459175191447816	0.02
0.921364075	0.0475176031213819	0.02
0.922071236	0.0475176031213819	0.02
0.922504312	0.0486477525844151	0.02
0.923268187	0.0449542137089035	0.02
0.923473233	0.0449542137089035	0.02
0.924507726	0.0456844350850894	0.02
0.927872541	0.0294112120136431	0.02
0.93064775	0.0430202354088399	0.03
0.933174706	0.0408711756269684	0.03
0.934071327	0.0414738846916116	0.03
0.938446291	0.0167594574890561	0.03
0.944027825	0.0164892426246584	0.03
0.947518522	0.0180937452837174	0.03
0.948845214	0.0198496453685142	0.03
0.949342587	0.0204448644111778	0.03
0.950306111	0.03318032566339	0.04
0.953473419	0.0390008344043766	0.04
0.954191796	0.0399141063787936	0.04
0.955603107	0.0418752700912925	0.04
0.956018846	0.0418752700912925	0.04
0.956766863	0.0436630766521616	0.04
0.95679317	0.0436630766521616	0.04
0.956793172	0.0436630766521616	0.04
0.957016096	0.0436630766521616	0.04
0.957486775	0.0436630766521616	0.04
0.959642592	0.0491150093294896	0.04
0.959665139	0.0495913290309332	0.04
0.959857154	0.0313495583597921	0.05
0.960911853	0.0336165830306111	0.05
0.964446178	0.0399141063787936	0.05
0.966653906	0.0432934062686596	0.05
0.966980911	0.0436630766521616	0.05
0.966980912	0.0436630766521616	0.05
0.966986309	0.0436630766521616	0.05
0.967139043	0.0436630766521616	0.05
0.967144414	0.0436630766521616	0.05
0.967297226	0.0436630766521616	0.05
0.967302572	0.0436630766521616	0.05
0.967460779	0.0436630766521616	0.05
0.96746078	0.0436630766521616	0.05
0.967608447	0.0436630766521616	0.05
0.96761904	0.0436630766521616	0.05
0.967619041	0.0436630766521616	0.05
0.967925221	0.0436630766521616	0.05
0.967935716	0.0436630766521616	0.05
0.968083686	0.0444216855465457	0.05
0.968088909	0.0444216855465457	0.05
0.968237002	0.0444216855465457	0.05
0.968861479	0.0477394126344141	0.05
0.969035555	0.0477394126344141	0.05
0.969666194	0.0495913290309332	0.05
0.970442597	0.0292012681362503	0.06
0.973766743	0.0329664157350344	0.06
0.981915796	0.0477394126344141	0.05
0.9860103	0.027874759266312	0.05
1.019804062	0.0346413848634548	0.07
1.021711423	0.0346413848634548	0.07
1.022530753	0.0346413848634548	0.07
1.023898132	0.0352381828172155	0.07
1.027042278	0.0385596935316441	0.07
1.027349785	0.0385596935316441	0.07
1.028094642	0.0396818018774763	0.07
1.029078227	0.0396818018774763	0.07
1.029271857	0.0396818018774763	0.07
1.029659545	0.040070493025559	0.07
1.030397618	0.0346413848634548	0.08
1.030958443	0.0346413848634548	0.08
1.031531241	0.0346413848634548	0.08
1.031720423	0.0346413848634548	0.08
1.032104884	0.0346413848634548	0.08
1.0327094	0.0346413848634548	0.08
1.034014818	0.0332342376009306	0.08
1.034854243	0.0335064467228745	0.08
1.038905957	0.0537624559100786	0.08
1.043349328	0.0562255448679957	0.08
1.044012776	0.0562255448679957	0.08
1.048661279	0.0502409816099825	0.09
1.049025044	0.0502409816099825	0.09
1.058571278	0.0502409816099825	0.1
1.067766296	0.0502409816099825	0.11
1.067971123	0.0502409816099825	0.11
1.068168044	0.0502409816099825	0.11
1.068277144	0.0502409816099825	0.11
1.06860264	0.0502409816099825	0.11
1.088407982	0.052723110358773	0.13
1.088762574	0.0816682394001214	0.12
1.091073782	0.0808610947102379	0.12
1.112743253	0.0491150093294896	0.12
1.113082372	0.0491150093294896	0.12
1.113233383	0.0491150093294896	0.12
1.115076799	0.0505722328807315	0.11
1.116382888	0.0505722328807315	0.11
1.125633627	0.0491150093294896	0.11
1.13205703	0.0505722328807315	0.11
1.134317617	0.047297845243311	0.12
1.136767134	0.047297845243311	0.12
1.137302108	0.047297845243311	0.12
1.183360064	0.0489805939999983	0.16
1.187305519	0.0632645686137226	0.15
1.18762744	0.0621658339109664	0.15
1.192009701	0.0621658339109664	0.15
1.192075895	0.0621658339109664	0.15
1.192725439	0.0590872747423833	0.15
1.203309389	0.061630654893948	0.14
1.208724051	0.0583646946905398	0.13
1.208769953	0.0583646946905398	0.13
1.209751115	0.0583646946905398	0.13
1.209825949	0.0583646946905398	0.13
1.210085375	0.0583646946905398	0.13
1.210771389	0.0583646946905398	0.13
1.212614931	0.0552137139400427	0.13
1.224141399	0.0567454958331523	0.12
1.22465873	0.0567454958331523	0.12
1.226416878	0.0567454958331523	0.12
1.226767373	0.0567454958331523	0.12
1.243346642	0.0448109617584198	0.12
1.246668032	0.045207120899092	0.12
1.248955951	0.0444216855465457	0.12
1.252855937	0.0481893025713883	0.11
1.265568721	0.0477394126344141	0.1
1.268447511	0.0468643715755311	0.1
1.270060331	0.045207120899092	0.1
1.270253663	0.0448109617584198	0.1
1.278899002	0.0506557293321057	0.1
1.289511656	0.040070493025559	0.09
1.302603198	0.0491150093294896	0.1
1.303502827	0.0495913290309332	0.1
1.335508208	0.0578147911699867	0.12
1.335711503	0.0578147911699867	0.12
1.335892556	0.0578147911699867	0.12
1.336051433	0.0578147911699867	0.12
1.336413828	0.0578147911699867	0.12
1.336595099	0.0578147911699867	0.12
1.336665633	0.0578147911699867	0.12
1.337524247	0.0578147911699867	0.12
1.337887386	0.0578147911699867	0.12
1.342315002	0.0578147911699867	0.12
1.342368518	0.0578147911699867	0.12
1.343443085	0.0578147911699867	0.12
1.346883901	0.0612789588907487	0.11
1.360774481	0.0612789588907487	0.12
1.360981621	0.0612789588907487	0.12
1.36116959	0.0612789588907487	0.12
1.361338457	0.0612789588907487	0.12
1.36135761	0.0612789588907487	0.12
1.361952473	0.0612789588907487	0.12
1.362110213	0.0612789588907487	0.12
1.362279458	0.0612789588907487	0.12
1.364721715	0.0606730538663582	0.12
1.365659238	0.0606730538663582	0.12
1.368077892	0.0600790134846398	0.12
1.368578346	0.0594964926299838	0.12
1.369020462	0.0600790134846398	0.12
1.370127164	0.0600790134846398	0.12
1.373967278	0.0606730538663582	0.12
1.377139612	0.0594964926299838	0.12
1.377274175	0.0594964926299838	0.12
1.377544294	0.0594964926299838	0.12
1.379222918	0.0594964926299838	0.12
1.384187356	0.0594964926299838	0.12
1.385801753	0.0600790134846398	0.12
1.430594094	0.0600790134846398	0.13
1.434752614	0.0600790134846398	0.13
1.436494579	0.0600790134846398	0.13
1.440102642	0.0612789588907487	0.12
1.448119954	0.0600790134846398	0.12
1.450462129	0.0589251594430913	0.12
1.450674974	0.0589251594430913	0.12
1.450928234	0.0589251594430913	0.12
1.454003033	0.0589251594430913	0.12
1.454856842	0.0589251594430913	0.12
1.484117024	0.0552137139400427	0.15
1.485917469	0.0552137139400427	0.16
1.488337206	0.0552137139400427	0.16
1.494140559	0.0547213333183844	0.16
1.506038743	0.0547213333183844	0.18
1.511734415	0.0547213333183844	0.18
1.512194724	0.0547213333183844	0.18
1.512403577	0.0547213333183844	0.18
1.512821455	0.0547213333183844	0.18
1.516740221	0.0547213333183844	0.19
1.55916507	0.153334828607883	0.23
1.561070241	0.141390075556935	0.22
1.56916589	0.170694272063783	0.22
1.595407686	0.191370029407674	0.19
1.595579044	0.188845955042835	0.19
1.611568792	0.18931952956601	0.18
1.652341299	0.209577631036466	0.14
1.718627381	0.254233617265098	0.07
1.730827961	0.245514730021468	0.06
1.758275756	0.263594568101361	0.03
1.77492366	0.24763790217464	0.02
1.780657571	0.263594568101361	0.01
1.780657572	0.263594568101361	0.01
1.780928629	0.263594568101361	0.01
1.78092863	0.263594568101361	0.01
1.781081012	0.263594568101361	0.01
1.781140367	0.263594568101361	0.01
1.781170031	0.263594568101361	0.01
1.781381862	0.263594568101361	0.01
1.781411498	0.263594568101361	0.01
1.781411499	0.263594568101361	0.01
1.781623424	0.263594568101361	0.01
1.781653031	0.263594568101361	0.01
1.781835463	0.263594568101361	0.01
1.781894629	0.263594568101361	0.01
1.782136292	0.263594568101361	0.01
1.782378022	0.256510965537728	0.01
1.782590324	0.256510965537728	0.01
1.782619816	0.256510965537728	0.01
1.783044725	0.256510965537728	0.01
1.783286774	0.256510965537728	0.01
1.783345594	0.256510965537728	0.01
1.78377107	0.256510965537728	0.01
1.783829774	0.256510965537728	0.01
1.783925287	0.256510965537728	0.01
1.784314217	0.256510965537728	0.01
1.784933025	0.263594568101361	0.01
1.785009515	0.263594568101361	0.01
1.785497332	0.270462501028332	0.01
1.785988286	0.268018382770274	0.01
1.787927091	0.265618042959767	0.01
1.788266632	0.265618042959767	0.01
1.788780487	0.265618042959767	0.01
1.788872102	0.265618042959767	0.01
1.78918715	0.265618042959767	0.01
1.790095821	0.265618042959767	0.01
1.792147241	0.258517927931444	0.02
1.795060195	0.215033367806444	0.02
1.795643534	0.200949555667755	0.02
1.796645824	0.188597204822413	0.02
1.801889818	0.10930985585112	0.02
1.809599251	0.17600762230262	0.03
1.812688451	0.0887558305413891	0.03
1.813215031	0.0895328427406508	0.03
1.813716026	0.0820321656955272	0.03
1.814069382	0.0858581369597179	0.03
1.814069384	0.0858581369597179	0.03
1.814345569	0.0600790134846398	0.03
1.814621756	0.0600790134846398	0.03
1.814621757	0.0600790134846398	0.03
1.814872379	0.0600790134846398	0.03
1.815123071	0.17329632762454	0.04
1.815169565	0.17329632762454	0.04
1.815373832	0.17329632762454	0.04
1.815624663	0.17329632762454	0.04
1.815850116	0.17329632762454	0.04
1.815875562	0.17329632762454	0.04
1.816101116	0.17329632762454	0.04
1.816377569	0.17329632762454	0.04
1.81637757	0.17329632762454	0.04
1.816628678	0.17329632762454	0.04
1.816879855	0.17329632762454	0.04
1.817382419	0.17329632762454	0.04
1.818036082	0.17329632762454	0.04
1.819217405	0.17329632762454	0.04
1.819410514	0.17329632762454	0.04
1.819581019	0.17329632762454	0.04
1.81989941	0.17329632762454	0.04
1.820606159	0.17329632762454	0.04
1.822065256	0.0979663587280769	0.04
1.823267442	0.0895328427406508	0.04
1.823345161	0.0813075278772926	0.04
1.824280416	0.0858581369597179	0.04
1.824759677	0.0600790134846398	0.04
1.824985083	0.0606730538663582	0.04
1.829613575	0.170667297532163	0.05
1.830016016	0.170667297532163	0.05
1.839735229	0.170667297532163	0.06
1.842215909	0.0964268845025139	0.06
1.872927722	0.0505722328807315	0.08
1.876458705	0.0408711756269684	0.08
1.877534086	0.040070493025559	0.08
1.917919203	0.040070493025559	0.11
1.919145255	0.040070493025559	0.11
1.934242286	0.0300595557419768	0.12
1.93486401	0.0358559043790996	0.13
1.937910579	0.0352381828172155	0.13
1.938309591	0.0352381828172155	0.13
1.939501786	0.0352381828172155	0.13
1.945075766	0.0429299429106848	0.14
1.956133657	0.0429299429106848	0.15
1.95745413	0.0429299429106848	0.15
1.959079535	0.0429299429106848	0.15
1.961031557	0.0346413848634548	0.15
2.039242563	0.0940951808867071	0.23
2.045755957	0.117696332952156	0.23
2.04617014	0.092781875447731	0.24
2.057670659	0.092781875447731	0.25
2.058434493	0.092781875447731	0.25
2.058810915	0.092781875447731	0.25
2.060706206	0.0862604547803281	0.25
2.067556414	0.092781875447731	0.26
2.077371996	0.092781875447731	0.27
2.077653506	0.092781875447731	0.27
2.112854786	0.0856583820796687	0.3
2.116340052	0.121182857279136	0.3
2.117539144	0.0896535922247498	0.31
2.119081815	0.0896535922247498	0.31
2.130868897	0.0833318543682973	0.32
2.175983465	0.115481341408667	0.36
2.201956234	0.0822153478431149	0.39
2.22342495	0.0833318543682973	0.41
2.22607531	0.112310881713815	0.41
2.230993963	0.0981230140549097	0.42
2.244892022	0.167035168095191	0.43
2.268175967	0.205074968741798	0.41
2.273953022	0.208404358481386	0.4
2.283420782	0.211723153038894	0.39
2.36737444	0.251914244733563	0.31
2.401471639	0.284548903952504	0.28
2.416816988	0.284548903952504	0.27
2.57811595	0.238285691526743	0.15
2.634889835	0.242634351701285	0.09
2.63880046	0.238285691526743	0.09
2.644514931	0.242634351701285	0.08
2.64482266	0.242634351701285	0.08
2.670697515	0.276397950576587	0.06
2.67074212	0.276397950576587	0.06
2.670831293	0.276397950576587	0.06
2.671148642	0.276397950576587	0.06
2.671193179	0.276397950576587	0.06
2.671237545	0.276397950576587	0.06
2.671237705	0.276397950576587	0.06
2.671599486	0.276397950576587	0.06
2.671599646	0.276397950576587	0.06
2.671872794	0.251730521789645	0.05
2.671961685	0.251730521789645	0.05
2.672323822	0.244508486106094	0.05
2.672686057	0.247144686538485	0.05
2.673366554	0.247144686538485	0.05
2.673410821	0.247144686538485	0.05
2.674640938	0.247144686538485	0.05
2.674817434	0.247144686538485	0.05
2.675753192	0.247144686538485	0.05
2.675906626	0.247144686538485	0.05
2.67595059	0.247144686538485	0.05
2.677404052	0.242634351701285	0.05
2.679543675	0.242634351701285	0.05
2.679587204	0.242634351701285	0.05
2.68050645	0.242634351701285	0.05
2.684222358	0.251825882934393	0.04
2.690797174	0.266043516736942	0.04
2.690995907	0.266043516736942	0.04
2.692790444	0.234000599241436	0.03
2.714352711	0.254233617265098	0.05
2.720992773	0.244868751468806	0.05
2.721339166	0.251996350517623	0.06
2.721714851	0.251996350517623	0.06
2.721753239	0.251996350517623	0.06
2.722090639	0.251996350517623	0.06
2.72212898	0.251996350517623	0.06
2.722504826	0.251996350517623	0.06
2.727362573	0.245514730021468	0.06
2.730687704	0.245514730021468	0.06
2.741703646	0.245514730021468	0.08
2.742221604	0.245514730021468	0.08
2.744776734	0.245514730021468	0.08
2.758261585	0.245514730021468	0.09
2.767264537	0.243427655246593	0.1
2.784781798	0.235422523967238	0.12
2.857457722	0.231614201354655	0.19
2.885327778	0.227927128332824	0.22
2.893176138	0.232326972392228	0.23
3.017087015	0.228743297700579	0.35
3.091199805	0.215149360298732	0.42
3.116410384	0.22770058008444	0.45
3.116832706	0.22770058008444	0.45
3.153761559	0.207552273509171	0.48
3.190582361	0.228290544696574	0.52
3.479484296	0.224004599227435	0.81
3.560201153	0.238999610833769	0.890000000000001
3.561648443	0.227927128332824	0.890000000000001
3.562131134	0.252273853109969	0.890000000000001
3.566965252	0.24763790217464	0.890000000000001
3.571210711	0.238285691526743	0.890000000000001
3.572123566	0.234779130293885	0.880000000000001
3.579984214	0.22082022324058	0.880000000000001
3.62939674	0.210919948632762	0.910000000000001
3.629519691	0.210919948632762	0.910000000000001
3.630972932	0.210919948632762	0.910000000000001
3.631023885	0.212828341801869	0.910000000000001
3.631970124	0.207204026722541	0.920000000000001
3.633483005	0.207204026722541	0.920000000000001
3.707141358	0.209045475738063	0.990000000000001
3.778072999	0.20539473649999	1.06
3.82876748	0.213834418638971	1.11
4.078052931	0.240295504338374	1.36
4.442577106	0.263954526521926	1.72
4.445571488	0.263954526521926	1.72
4.452121847	0.261190293713241	1.73
4.45272527	0.263954526521926	1.73
4.453328856	0.263954526521926	1.73
4.459832487	0.269099181971452	1.73
4.480518943	0.269099181971452	1.75
4.536969429	0.229435725775039	1.8
4.537444354	0.229435725775039	1.8
4.537596069	0.229435725775039	1.8
4.550359745	0.225045547075053	1.81
4.773228095	0.234000599241436	2.02
4.848628454	0.234000599241436	2.1
4.895921957	0.234000599241436	2.14
5.342582978	0.265721511190634	2.26
5.343129076	0.265721511190634	2.26
5.346842194	0.265721511190634	2.26
5.443653327	0.26626840675239	2.29
5.445157132	0.26626840675239	2.29999999999999
6.2338777	0.265898201986953	2.65999999999999
6.234722781	0.265898201986953	2.65999999999999
6.244676548	0.265898201986953	2.66999999999999
6.35095118	0.262386923378641	2.71999999999999
6.358499262	0.254233617265098	2.72999999999999
7	0.312495840392381	2.55999999999999
