thrs	post_p	finalwindow
0	0.186598296717714	0.21
0.082355146	0.13092896824295	0.15
0.098963073	0.118619827267412	0.15
0.103967892	0.118619827267412	0.15
0.106977596	0.113294212719349	0.15
0.113424721	0.113294212719349	0.15
0.123778241	0.110806794344283	0.15
0.127200542	0.110806794344283	0.16
0.127695348	0.110806794344283	0.16
0.128068503	0.110806794344283	0.16
0.129609166	0.110806794344283	0.16
0.129730945	0.110806794344283	0.16
0.130460633	0.110806794344283	0.16
0.14705261	0.0908584658280785	0.15
0.148427326	0.0978360123502679	0.15
0.148782099	0.102899592726734	0.15
0.151339737	0.100484991125043	0.15
0.155752372	0.104859371579874	0.15
0.161204767	0.100484991125043	0.14
0.178062567	0.0978360123502679	0.12
0.178113806	0.0978360123502679	0.12
0.178140913	0.0978360123502679	0.12
0.178189211	0.0978360123502679	0.12
0.178358463	0.0978360123502679	0.12
0.181486006	0.0997051107461072	0.12
0.181486035	0.0997051107461072	0.12
0.181824923	0.0997051107461072	0.12
0.186084933	0.104197869830371	0.12
0.191788381	0.0997051107461072	0.11
0.206482242	0.104859371579874	0.1
0.222656148	0.0567566183909472	0.08
0.222686318	0.0567566183909472	0.08
0.222697977	0.0563211710805683	0.08
0.222716495	0.0563211710805683	0.08
0.222812147	0.0629183629799515	0.08
0.222924291	0.0758398395196652	0.08
0.223196808	0.0752742665259041	0.08
0.226694446	0.0725683853419382	0.08
0.226867021	0.0725683853419382	0.08
0.226923294	0.0725683853419382	0.08
0.226929675	0.0725683853419382	0.08
0.227177477	0.0730938859673985	0.08
0.227432153	0.0725683853419382	0.08
0.237068117	0.0694239542496149	0.07
0.241897099	0.0683891364901469	0.07
0.242615688	0.043045116221673	0.06
0.242941212	0.0665297415898	0.06
0.256228734	0.0659322099677019	0.05
0.256259656	0.0659322099677019	0.05
0.256650521	0.0659322099677019	0.05
0.272151172	0.0610013043709184	0.05
0.296839561	0.0609289753843042	0.05
0.296839653	0.0609289753843042	0.05
0.296874128	0.0609289753843042	0.05
0.296879772	0.0609289753843042	0.05
0.296960227	0.0609289753843042	0.05
0.297156652	0.0609289753843042	0.05
0.297207868	0.0609289753843042	0.05
0.297242165	0.0609289753843042	0.05
0.29736316	0.0609289753843042	0.05
0.297631463	0.0609289753843042	0.05
0.298033592	0.0609289753843042	0.05
0.298062423	0.0609289753843042	0.05
0.298432807	0.0609289753843042	0.05
0.29855614	0.0609289753843042	0.05
0.298682719	0.0609289753843042	0.05
0.29926506	0.0609289753843042	0.05
0.300638986	0.0609289753843042	0.05
0.301373268	0.0609289753843042	0.05
0.302397905	0.0597946040689602	0.05
0.302406093	0.0597946040689602	0.05
0.30240618	0.0597946040689602	0.05
0.302443572	0.0597946040689602	0.05
0.302452098	0.0597946040689602	0.05
0.302453753	0.0597946040689602	0.05
0.302493847	0.0597946040689602	0.05
0.302531356	0.0597946040689602	0.05
0.302535608	0.0597946040689602	0.05
0.302694303	0.0597946040689602	0.05
0.302757814	0.0597946040689602	0.05
0.302844832	0.0597946040689602	0.05
0.303062807	0.0597946040689602	0.05
0.304168238	0.0646059175150364	0.04
0.306047128	0.0633319322534828	0.04
0.306464617	0.0633319322534828	0.04
0.307314933	0.0633319322534828	0.04
0.308759935	0.0633319322534828	0.04
0.319078068	0.0646059175150364	0.03
0.320290117	0.0646059175150364	0.03
0.322066605	0.0633319322534828	0.03
0.322435043	0.0633319322534828	0.03
0.323097253	0.0633319322534828	0.03
0.323165924	0.0633319322534828	0.03
0.323537089	0.0633319322534828	0.03
0.323808824	0.0633319322534828	0.03
0.324596864	0.0633319322534828	0.03
0.328591896	0.0516248482722755	0.04
0.333944256	0.0508081501851426	0.04
0.340262381	0.0654618575628928	0.05
0.343625259	0.0654618575628928	0.05
0.345554528	0.0649981684968708	0.05
0.351815198	0.0621072196343663	0.05
0.356206548	0.0632072917233648	0.06
0.356351443	0.0632072917233648	0.06
0.356437896	0.0623483580876366	0.06
0.357086112	0.0721533940936447	0.06
0.357959666	0.0769968710762557	0.06
0.360733393	0.0561365895089747	0.06
0.362945858	0.060698670887081	0.07
0.363236679	0.060698670887081	0.07
0.363936107	0.060698670887081	0.07
0.366130409	0.060698670887081	0.07
0.367161303	0.0704905694592091	0.07
0.37384574	0.0725683853419382	0.08
0.381649088	0.0645061017567776	0.07
0.382008897	0.0641591624217375	0.07
0.386863037	0.0696875704436858	0.06
0.386909127	0.0696875704436858	0.06
0.389222512	0.0671382029064631	0.06
0.389825341	0.0718924871827347	0.06
0.395214438	0.0683891364901469	0.06
0.411578949	0.0904202073647835	0.04
0.412388288	0.0897399933271039	0.04
0.415772448	0.0597946040689602	0.03
0.416416237	0.0729178754866411	0.03
0.418471182	0.0722796925256331	0.03
0.419019267	0.0698348907768068	0.03
0.438307149	0.0914394658251253	0.02
0.438815006	0.0807616835305935	0.01
0.440249622	0.0872459222500449	0.01
0.440316292	0.0872459222500449	0.01
0.441698853	0.0872459222500449	0.01
0.441750067	0.0864242133629268	0.01
0.445049535	0.071497502840272	0.01
0.445156208	0.0769968710762558	0.01
0.445185067	0.0760155757715829	0.01
0.445185068	0.0760155757715829	0.01
0.445245414	0.0760155757715829	0.01
0.445252832	0.0760155757715829	0.01
0.445252833	0.0760155757715829	0.01
0.445252835	0.0760155757715829	0.01
0.44531318	0.0760155757715829	0.01
0.445313188	0.0760155757715829	0.01
0.44531319	0.0760155757715829	0.01
0.445373562	0.0760155757715829	0.01
0.445419149	0.0760155757715829	0.01
0.445433949	0.0760155757715829	0.01
0.445479567	0.0760155757715829	0.01
0.445494353	0.0760155757715829	0.01
0.445554774	0.0760155757715829	0.01
0.445615211	0.0760155757715829	0.01
0.445653547	0.0760155757715829	0.01
0.445675664	0.0760155757715829	0.01
0.445736134	0.081387029147781	0.01
0.445978177	0.0971330980475884	0.01
0.446038729	0.0971330980475884	0.01
0.446351359	0.0965320251476967	0.01
0.446395102	0.0965320251476967	0.01
0.446455777	0.0965320251476967	0.01
0.446633323	0.0953519236496417	0.01
0.447876705	0.0947726271977155	0.01
0.447928306	0.0947726271977155	0.01
0.448701687	0.0947726271977155	0.01
0.448791313	0.0947726271977155	0.01
0.449051315	0.0953519236496417	0.01
0.449552291	0.0953519236496417	0.01
0.449715173	0.0953519236496417	0.01
0.451750007	0.0983579831165362	0.01
0.453312195	0.0861537392388825	0.01
0.453607731	0.0861537392388825	0.01
0.453670383	0.0861537392388825	0.01
0.45367678	0.0861537392388825	0.01
0.453739439	0.0861537392388825	0.01
0.453782962	0.0861537392388825	0.01
0.453802119	0.0861537392388825	0.01
0.453864805	0.0861537392388825	0.01
0.453864814	0.0861537392388825	0.01
0.453952078	0.0861537392388825	0.01
0.453977538	0.0861537392388825	0.01
0.453990257	0.0861537392388825	0.01
0.454115767	0.0861537392388825	0.01
0.454131662	0.0861537392388825	0.01
0.454159539	0.0861537392388825	0.01
0.454172215	0.0861537392388825	0.01
0.454228692	0.0861537392388825	0.01
0.454266222	0.0861537392388825	0.01
0.454291524	0.0861537392388825	0.01
0.454379121	0.0861537392388825	0.01
0.454423548	0.0861537392388825	0.01
0.454618511	0.0861537392388825	0.01
0.454637485	0.0861537392388825	0.01
0.455078808	0.0861537392388825	0.01
0.455180191	0.0866963911076166	0.01
0.455678249	0.0888358294177179	0.02
0.455755613	0.0888358294177179	0.02
0.456133439	0.0888358294177179	0.02
0.456455968	0.0888358294177179	0.02
0.456880284	0.0888358294177179	0.02
0.458022431	0.0883327939369505	0.02
0.458664131	0.0888358294177179	0.02
0.462114195	0.0792124261422852	0.02
0.46331093	0.0792124261422852	0.02
0.464728436	0.0757260460320985	0.02
0.472596627	0.0721533940936447	0.03
0.473676694	0.0721533940936447	0.03
0.477096915	0.0690322484157127	0.03
0.478409458	0.0703554536376261	0.03
0.478419311	0.0703554536376261	0.03
0.478888149	0.0731601091631862	0.03
0.479732593	0.0730316676776114	0.04
0.479936634	0.0730316676776114	0.04
0.483511101	0.0665699623535285	0.04
0.483988273	0.0665699623535285	0.04
0.484225862	0.0665699623535285	0.04
0.484458594	0.0665699623535285	0.04
0.484927676	0.0665699623535285	0.04
0.485802156	0.0699531962721723	0.04
0.485999254	0.0704905694592091	0.04
0.48628356	0.0710362626496489	0.04
0.489107131	0.0642023256100805	0.04
0.489424331	0.0642023256100805	0.04
0.490830832	0.0571352538715388	0.04
0.499369323	0.0683891364901469	0.05
0.50407637	0.0633319322534828	0.05
0.508934563	0.0640902219080008	0.06
0.511690912	0.0588810678038226	0.06
0.514553924	0.0646059175150364	0.06
0.514645345	0.0645677162122758	0.07
0.514742139	0.0645677162122758	0.07
0.514839037	0.0645677162122758	0.07
0.515124567	0.0648360779844032	0.07
0.516063638	0.0671382029064631	0.07
0.518492841	0.0587553954968436	0.07
0.518564452	0.0587553954968436	0.07
0.534226929	0.0347351285060419	0.06
0.534308248	0.0344094983103098	0.06
0.534453117	0.0340899167586059	0.06
0.534888196	0.0340899167586059	0.06
0.536755919	0.0581700940788199	0.06
0.539174229	0.0592431120528823	0.06
0.543234343	0.0609289753843042	0.06
0.544416783	0.0646059175150364	0.06
0.546060858	0.0769968710762557	0.06
0.55657045	0.0810788357539115	0.05
0.556807604	0.0810788357539115	0.05
0.55802857	0.0803687154312857	0.05
0.562444529	0.0818016168791014	0.05
0.568776608	0.0925241600219462	0.04
0.572491616	0.0925241600219462	0.04
0.574371638	0.0906951890690048	0.05
0.57444178	0.0906951890690048	0.05
0.579525048	0.0889371248196808	0.05
0.586308239	0.084826371728303	0.06
0.59079165	0.0818016168791014	0.06
0.591193432	0.0818016168791014	0.06
0.593673806	0.0818016168791014	0.06
0.593673808	0.0818016168791014	0.06
0.593754277	0.0818016168791014	0.06
0.593754278	0.0818016168791014	0.06
0.593834769	0.0818016168791014	0.06
0.594036974	0.0818016168791014	0.06
0.594152812	0.0818016168791014	0.06
0.594237558	0.0840494040709526	0.06
0.594318181	0.0690322484157127	0.06
0.595015574	0.0717303763843106	0.06
0.596894832	0.0724381887018014	0.06
0.597117526	0.0724381887018014	0.06
0.602148457	0.0731601091631862	0.06
0.604317115	0.0738965638206567	0.06
0.604905308	0.0671382029064631	0.07
0.60490531	0.0671382029064631	0.07
0.604988853	0.0671382029064631	0.07
0.605716504	0.0671382029064631	0.07
0.605724938	0.0671382029064631	0.07
0.606051871	0.0671382029064631	0.07
0.606404306	0.0671382029064631	0.07
0.607971158	0.0677578965648628	0.07
0.61827716	0.0717303763843106	0.07
0.624510489	0.0703554536376261	0.07
0.63624959	0.0724381887018014	0.07
0.636422142	0.0724381887018014	0.07
0.638075882	0.0724381887018014	0.07
0.646569798	0.0696875704436858	0.07
0.648110758	0.0683891364901469	0.07
0.659386285	0.0683891364901469	0.07
0.667879263	0.064768778623246	0.08
0.667969788	0.064768778623246	0.08
0.671132308	0.064768778623246	0.08
0.678915807	0.0590389162179962	0.09
0.680410924	0.0590389162179962	0.09
0.680702493	0.0590389162179962	0.09
0.692614054	0.0654100101079793	0.1
0.697379755	0.0368261265228476	0.1
0.7123899	0.0361017052870056	0.11
0.712401774	0.0361017052870056	0.11
0.713541741	0.0361017052870056	0.11
0.71365913	0.0361017052870056	0.11
0.714295462	0.0361017052870056	0.11
0.715653707	0.0347351285060419	0.12
0.717816093	0.0357500783527194	0.12
0.719314887	0.0357500783527194	0.12
0.725609694	0.0337762168696812	0.13
0.726772429	0.0331658243314681	0.13
0.735438378	0.0311928505234482	0.14
0.742183791	0.0311928505234482	0.14
0.744518666	0.0289765830869699	0.14
0.7500464	0.00819906114632239	0.14
0.75180067	0.0799567784292863	0.14
0.756100951	0.0782056957488173	0.14
0.762884543	0.0794737778103398	0.13
0.763284143	0.0803687154312857	0.13
0.763491091	0.0842524859517843	0.13
0.765321243	0.0803687154312857	0.13
0.772093843	0.081844534937152	0.12
0.772264397	0.0821153402047829	0.12
0.778829055	0.0819843301786434	0.12
0.779184816	0.0818016168791014	0.12
0.793117932	0.0829638217569691	0.1
0.794958533	0.0850747230615676	0.1
0.797194853	0.0822647874143594	0.1
0.8034392	0.0908369484641686	0.09
0.812482547	0.0889371248196808	0.08
0.817085993	0.0869847522260436	0.08
0.849686346	0.0908794412722681	0.05
0.856064956	0.0912803949605298	0.04
0.861783488	0.0966589030147592	0.03
0.864973627	0.0940621625438312	0.03
0.870144812	0.0908794412722681	0.03
0.874413626	0.0970188081137599	0.02
0.875213305	0.0945862559269968	0.02
0.875954975	0.0922727028192497	0.02
0.87832845	0.0954866145782208	0.02
0.880342154	0.0920481969742671	0.02
0.882218863	0.0945463475062583	0.01
0.88244613	0.0965320251476967	0.01
0.882485476	0.0965320251476967	0.01
0.883236842	0.096702999831493	0.01
0.884296127	0.0995797829227544	0.01
0.887670141	0.0981042126159006	0.01
0.888469193	0.0978360123502679	0.01
0.888863234	0.0965167108243268	0.01
0.889576687	0.0952325169784144	0.01
0.889752182	0.0952325169784144	0.01
0.889857915	0.0952325169784144	0.01
0.890068113	0.0944782740063005	0.01
0.890083013	0.0944782740063005	0.01
0.890218543	0.0944782740063005	0.01
0.890218544	0.0944782740063005	0.01
0.890228158	0.0944782740063005	0.01
0.890309475	0.0944782740063005	0.01
0.890339212	0.0944782740063005	0.01
0.890354075	0.0947283573463729	0.01
0.890459913	0.0947283573463729	0.01
0.890474761	0.0947283573463729	0.01
0.890489605	0.0947283573463729	0.01
0.890489606	0.0947283573463729	0.01
0.890506418	0.0947283573463729	0.01
0.890595481	0.0947283573463729	0.01
0.89061031	0.0947283573463729	0.01
0.890610311	0.0947283573463729	0.01
0.89068659	0.0947283573463729	0.01
0.890701414	0.0944782740063005	0.01
0.890716233	0.0944782740063005	0.01
0.890731048	0.0944782740063005	0.01
0.890731049	0.0944782740063005	0.01
0.890737499	0.0944782740063005	0.01
0.890822213	0.0944782740063005	0.01
0.890837018	0.0944782740063005	0.01
0.890851819	0.0944782740063005	0.01
0.890928251	0.0944782740063005	0.01
0.890957836	0.0944782740063005	0.01
0.890972622	0.0944782740063005	0.01
0.890972623	0.0944782740063005	0.01
0.891093459	0.0944782740063005	0.01
0.89119957	0.0944782740063005	0.01
0.891214328	0.0944782740063005	0.01
0.891244043	0.0944782740063005	0.01
0.891246709	0.0944782740063005	0.01
0.89133523	0.0944782740063005	0.01
0.891382479	0.0944782740063005	0.01
0.891456164	0.0944782740063005	0.01
0.89149835	0.0944782740063005	0.01
0.891521465	0.0942295076319843	0.01
0.891577132	0.0937358843869048	0.01
0.891686849	0.0937358843869048	0.01
0.891698132	0.0937358843869048	0.01
0.891793338	0.0937358843869048	0.01
0.891881522	0.0937358843869048	0.01
0.892182462	0.0934910070896278	0.01
0.892215798	0.0934910070896278	0.01
0.892245091	0.0937358843869048	0.01
0.892307805	0.0934910070896278	0.01
0.89273031	0.0942295076319843	0.01
0.892793389	0.0942295076319843	0.01
0.892952212	0.093982047847819	0.01
0.893016766	0.093982047847819	0.01
0.89308003	0.093982047847819	0.01
0.893142511	0.093982047847819	0.01
0.893172464	0.093982047847819	0.01
0.893352088	0.0944782740063005	0.01
0.893395592	0.0944782740063005	0.01
0.894189143	0.0932474059022619	0.01
0.89422449	0.0932474059022619	0.01
0.894232534	0.0932474059022619	0.01
0.894332391	0.0942295076319843	0.01
0.894482721	0.0942295076319843	0.01
0.894511483	0.093982047847819	0.01
0.894906463	0.0937358843869048	0.01
0.894913415	0.0937358843869048	0.01
0.894970751	0.0937358843869048	0.01
0.895086463	0.0937358843869048	0.01
0.895300675	0.0937358843869048	0.01
0.89539422	0.0934910070896278	0.01
0.895524497	0.0978164455044732	0.01
0.895840307	0.0975627868824096	0.01
0.896928207	0.0958233560301906	0.01
0.89693811	0.0958233560301906	0.01
0.897131294	0.0953377102224571	0.01
0.897197773	0.094856962230007	0.01
0.897282137	0.0922971750451124	0.01
0.897316929	0.0914002639340363	0.01
0.898155973	0.0927149459026981	0.01
0.898455429	0.0910256818880517	0.01
0.898485328	0.091581888466808	0.01
0.898662437	0.0906586157258673	0.01
0.898755243	0.0902944981032617	0.01
0.898920463	0.089753772930738	0.01
0.899310528	0.0885169191115028	0.01
0.899325427	0.0885169191115028	0.01
0.899413875	0.0898075538432697	0.01
0.899974537	0.0898075538432697	0.01
0.900031532	0.0898075538432697	0.01
0.900690942	0.0674748054103864	0.01
0.90151373	0.0685235307335942	0.01
0.901568195	0.0690664316270694	0.01
0.902162268	0.0683891364901469	0.01
0.902291602	0.0673556198079801	0.01
0.902932441	0.0656547169524577	0.01
0.903685884	0.0556502356091903	0.01
0.903876527	0.0554102052684102	0.01
0.904039961	0.0551722366306302	0.01
0.904508173	0.0581700940788199	0.01
0.904513058	0.058971163385504	0.01
0.905345526	0.057907885528917	0.01
0.905424433	0.0581700940788199	0.01
0.905541598	0.0584346880052937	0.01
0.906154318	0.0595175805521882	0.01
0.906508268	0.0592431120528823	0.01
0.906786831	0.0587017000076237	0.01
0.906983581	0.058971163385504	0.01
0.907060652	0.058971163385504	0.01
0.907185931	0.0592431120528823	0.01
0.907198748	0.0595175805521882	0.01
0.907298438	0.0514525448998315	0.01
0.907311244	0.0514525448998315	0.01
0.907324045	0.0516940931782944	0.01
0.907336843	0.0516940931782944	0.01
0.907336844	0.0516940931782944	0.01
0.907449378	0.0516940931782944	0.01
0.90746216	0.0516940931782944	0.01
0.907536422	0.0516940931782944	0.01
0.9075492	0.0516940931782944	0.01
0.907574745	0.0516940931782944	0.01
0.907587512	0.0516940931782944	0.01
0.907700146	0.0516940931782944	0.01
0.907712898	0.0516940931782944	0.01
0.907963773	0.0516940931782944	0.01
0.907963774	0.0516940931782944	0.01
0.908076559	0.0516940931782944	0.01
0.908089263	0.0516940931782944	0.01
0.908089264	0.0516940931782944	0.01
0.90817671	0.0521840580344928	0.01
0.908202099	0.0521840580344928	0.01
0.908289632	0.0521840580344928	0.01
0.908453284	0.0521840580344928	0.01
0.908566283	0.0519379200912179	0.01
0.908577365	0.0519379200912179	0.01
0.908578929	0.0519379200912179	0.01
0.908691978	0.0521840580344928	0.01
0.908816452	0.0526833996955769	0.01
0.908830322	0.0526833996955769	0.01
0.909183517	0.0526833996955769	0.01
0.909195105	0.0526833996955769	0.01
0.909207673	0.0526833996955769	0.01
0.909308419	0.0526833996955769	0.01
0.909346075	0.0534505910931315	0.01
0.909409249	0.0534505910931315	0.01
0.909620416	0.0537113111434621	0.01
0.909838426	0.0534505910931315	0.01
0.909914657	0.0534505910931315	0.01
0.909925885	0.0534505910931315	0.01
0.910204731	0.0537113111434621	0.01
0.910267	0.0537113111434621	0.01
0.911049792	0.0539745871294741	0.01
0.911062134	0.0539745871294741	0.01
0.91113001	0.0539745871294741	0.01
0.911383512	0.0539745871294741	0.01
0.911518912	0.0542404568214888	0.01
0.911632099	0.0547801321628386	0.01
0.911776598	0.0547801321628386	0.01
0.912015459	0.0545089587377123	0.01
0.912488931	0.0542404568214888	0.01
0.912630246	0.0542404568214888	0.01
0.912707801	0.0542404568214888	0.01
0.912776305	0.0542404568214888	0.01
0.913006436	0.05878434916062	0.01
0.913244462	0.05878434916062	0.01
0.913630289	0.058496090334777	0.01
0.913751419	0.0590754630370128	0.01
0.914018042	0.0596664273052701	0.01
0.914696902	0.064282640089519	0.01
0.914870556	0.064282640089519	0.01
0.914968567	0.064282640089519	0.01
0.914983658	0.064282640089519	0.01
0.915026039	0.064282640089519	0.01
0.915559183	0.0558923545626881	0.01
0.916024822	0.0558923545626881	0.01
0.916163647	0.0567566183909472	0.01
0.916688985	0.0570506767145939	0.01
0.916912552	0.0576480302432379	0.01
0.918456927	0.0645677162122758	0.02
0.918483627	0.0645677162122758	0.02
0.918837351	0.0653795499519829	0.02
0.919822583	0.0667789438203027	0.02
0.920002472	0.0670660421813958	0.02
0.921783065	0.0688418457468184	0.02
0.922071236	0.0688418457468184	0.02
0.922455062	0.0694548643562772	0.02
0.922787758	0.0694548643562772	0.02
0.923473233	0.0685393765555052	0.02
0.924160807	0.0697654860485177	0.02
0.924412009	0.0697654860485177	0.02
0.924627878	0.0703951397854685	0.02
0.925553967	0.0632072917233648	0.02
0.926193857	0.0640902219080008	0.02
0.927872541	0.0694239542496149	0.02
0.93064775	0.0600907478127293	0.03
0.93220206	0.0610311368320731	0.03
0.933174706	0.0615124558381482	0.03
0.934071327	0.0627496354874265	0.03
0.934700606	0.0632585548314117	0.03
0.93534835	0.063516122730103	0.03
0.938446291	0.0388296838627763	0.03
0.938770844	0.0410637952432927	0.03
0.942896738	0.0380476774862213	0.03
0.944027825	0.0393530483931092	0.03
0.947518522	0.0451637264468156	0.03
0.950306111	0.0386350566634723	0.04
0.951999424	0.0343451035418446	0.04
0.953473419	0.0380476774862213	0.04
0.954119877	0.0390183797541143	0.04
0.955985355	0.042645024414008	0.04
0.956018846	0.042645024414008	0.04
0.956296714	0.0434527863799086	0.04
0.956766863	0.0442917396501812	0.04
0.95679317	0.0442917396501812	0.04
0.956793172	0.0442917396501812	0.04
0.957016096	0.0447234831071216	0.04
0.957077957	0.0447234831071216	0.04
0.957486775	0.0447234831071216	0.04
0.959031973	0.0397918665276846	0.05
0.960911853	0.0386350566634723	0.05
0.966653906	0.0434527863799086	0.05
0.966980911	0.0447234831071216	0.05
0.966980912	0.0447234831071216	0.05
0.966986309	0.0447234831071216	0.05
0.967139043	0.0447234831071216	0.05
0.967297223	0.0447234831071216	0.05
0.967297226	0.0447234831071216	0.05
0.967302572	0.0447234831071216	0.05
0.96746078	0.0447234831071216	0.05
0.96761904	0.0447234831071216	0.05
0.967619041	0.0447234831071216	0.05
0.967772081	0.0447234831071216	0.05
0.967935716	0.0447234831071216	0.05
0.968088909	0.0447234831071216	0.05
0.968237002	0.0447234831071216	0.05
0.968861479	0.0381380394952573	0.06
0.969035555	0.0381380394952573	0.06
0.970292984	0.0410637952432927	0.06
0.970442597	0.0400399094094813	0.06
0.973457204	0.0389080849031677	0.06
0.981915796	0.0449425266803233	0.06
1.019804062	0.0257872085168989	0.07
1.021711423	0.0257872085168989	0.07
1.022530753	0.026279552285965	0.07
1.027042278	0.0248558661052406	0.08
1.028094642	0.025547890424143	0.08
1.029078227	0.025547890424143	0.08
1.029271857	0.025547890424143	0.08
1.029637844	0.025547890424143	0.08
1.030020301	0.025547890424143	0.08
1.030392053	0.0257872085168989	0.08
1.030397618	0.0257872085168989	0.08
1.0327094	0.026279552285965	0.08
1.034854243	0.0260310525978275	0.08
1.036124234	0.0442917396501812	0.08
1.038905957	0.0380476774862213	0.09
1.039046839	0.0380476774862213	0.09
1.041709188	0.0383658335438305	0.09
1.044012776	0.0393530483931092	0.09
1.048661279	0.0438682522657621	0.09
1.054783865	0.0447234831071216	0.09
1.056246636	0.0447234831071216	0.09
1.067766296	0.043045116221673	0.11
1.067971123	0.043045116221673	0.11
1.06860264	0.043045116221673	0.11
1.068892568	0.043045116221673	0.11
1.070326964	0.0434527863799086	0.11
1.088762574	0.0558923545626881	0.13
1.091073782	0.0567566183909472	0.13
1.112743253	0.0724381887018014	0.14
1.113082372	0.0724381887018014	0.14
1.113233383	0.0724381887018014	0.14
1.115076799	0.0731601091631862	0.14
1.116382888	0.0731601091631862	0.14
1.125633627	0.0738965638206567	0.13
1.127882011	0.0738965638206567	0.13
1.134317617	0.0738965638206567	0.12
1.136767134	0.0738965638206567	0.12
1.137302108	0.0738965638206567	0.12
1.162829766	0.0710362626496489	0.14
1.187305519	0.0769968710762558	0.15
1.187446683	0.0769968710762558	0.15
1.18762744	0.0769968710762558	0.15
1.192009701	0.0777214890314134	0.15
1.192075895	0.0777214890314134	0.15
1.203309389	0.0823727513882333	0.14
1.208724051	0.0799795530023609	0.15
1.209215802	0.0799795530023609	0.15
1.209751115	0.0799795530023609	0.15
1.209768181	0.0799795530023609	0.15
1.210085375	0.0799795530023609	0.15
1.21086869	0.0784598753272048	0.15
1.224141399	0.0755874279945136	0.14
1.225416562	0.0749018810586966	0.14
1.226767373	0.0749018810586966	0.14
1.245566855	0.0646059175150364	0.12
1.246668032	0.0609289753843042	0.13
1.248955951	0.0749018810586966	0.13
1.268447511	0.0807616835305935	0.11
1.270604589	0.0807616835305935	0.11
1.275739262	0.114780727845674	0.11
1.285172518	0.0988680225758656	0.1
1.289511656	0.112613603239279	0.11
1.297280078	0.112613603239279	0.11
1.302603198	0.111560441344959	0.12
1.325958837	0.118025397295668	0.13
1.33510162	0.119119778749173	0.13
1.335485912	0.119119778749173	0.13
1.335508208	0.119119778749173	0.13
1.335711503	0.119119778749173	0.13
1.335892556	0.119119778749173	0.13
1.336051433	0.119119778749173	0.13
1.33638917	0.119119778749173	0.13
1.336413828	0.119119778749173	0.13
1.336595099	0.119119778749173	0.13
1.337117106	0.119119778749173	0.13
1.337777279	0.119119778749173	0.13
1.338686534	0.119119778749173	0.13
1.342315002	0.118025397295668	0.14
1.343443085	0.119119778749173	0.14
1.346883901	0.113841830494761	0.14
1.350085516	0.122528178182008	0.14
1.360533959	0.122528178182008	0.14
1.360774481	0.122528178182008	0.14
1.360981621	0.122528178182008	0.14
1.36116959	0.122528178182008	0.14
1.361338457	0.122528178182008	0.14
1.36135761	0.122528178182008	0.14
1.362110213	0.122528178182008	0.14
1.362279458	0.122528178182008	0.14
1.364721715	0.129965647311589	0.13
1.368077892	0.129965647311589	0.13
1.368578346	0.129965647311589	0.13
1.370127164	0.129965647311589	0.13
1.377274175	0.127388157243507	0.13
1.377544294	0.127388157243507	0.13
1.384187356	0.123708073273627	0.13
1.38563755	0.122528178182008	0.13
1.385801753	0.122528178182008	0.13
1.418305639	0.128663995036751	0.1
1.440102642	0.126137373539364	0.11
1.448119954	0.123708073273627	0.12
1.450462129	0.123708073273627	0.12
1.450674974	0.123708073273627	0.12
1.450928234	0.123708073273627	0.12
1.454003033	0.123708073273627	0.12
1.454856842	0.123708073273627	0.12
1.484067531	0.120234645285394	0.15
1.484117024	0.120234645285394	0.15
1.485917469	0.118025397295668	0.16
1.488337206	0.120234645285394	0.16
1.494140559	0.120234645285394	0.16
1.502972103	0.120234645285394	0.17
1.506038743	0.120234645285394	0.18
1.511734415	0.120234645285394	0.18
1.511964569	0.120234645285394	0.18
1.512821455	0.120234645285394	0.18
1.515375804	0.123708073273627	0.18
1.516740221	0.120234645285394	0.19
1.517647523	0.11695094146097	0.19
1.519065464	0.11695094146097	0.19
1.523536021	0.11695094146097	0.19
1.558319819	0.176577696765787	0.23
1.55916507	0.173472455700128	0.23
1.595407686	0.180672517153638	0.19
1.611568792	0.166307122242687	0.17
1.707257935	0.232185142715311	0.08
1.745720251	0.219690222925504	0.04
1.758275756	0.234228828792026	0.03
1.780657571	0.218820426555035	0.01
1.780657572	0.218820426555035	0.01
1.780839524	0.217035753947759	0.01
1.780928629	0.217035753947759	0.01
1.78092863	0.217035753947759	0.01
1.781081012	0.217035753947759	0.01
1.781140367	0.217035753947759	0.01
1.781170031	0.217035753947759	0.01
1.781170032	0.217035753947759	0.01
1.781411498	0.217035753947759	0.01
1.781411499	0.217035753947759	0.01
1.781623424	0.217035753947759	0.01
1.781653031	0.217035753947759	0.01
1.781835463	0.217035753947759	0.01
1.781894629	0.217035753947759	0.01
1.782136292	0.217035753947759	0.01
1.782378022	0.217035753947759	0.01
1.782531315	0.217035753947759	0.01
1.782590324	0.217035753947759	0.01
1.782619816	0.217035753947759	0.01
1.783044725	0.217035753947759	0.01
1.783103602	0.217035753947759	0.01
1.783286774	0.217035753947759	0.01
1.783345594	0.217035753947759	0.01
1.783587651	0.217035753947759	0.01
1.78377107	0.217035753947759	0.01
1.783829774	0.217035753947759	0.01
1.783925287	0.217035753947759	0.01
1.784013316	0.217035753947759	0.01
1.784314217	0.217035753947759	0.01
1.78446873	0.217035753947759	0.01
1.784506241	0.217035753947759	0.01
1.784933025	0.213552340463515	0.01
1.785988286	0.228916772282335	0.01
1.787927091	0.222197830314082	0.01
1.788266632	0.222197830314082	0.01
1.788780487	0.222197830314082	0.01
1.788872102	0.222197830314082	0.01
1.78918715	0.222197830314082	0.01
1.789358594	0.222197830314082	0.01
1.790033715	0.222197830314082	0.01
1.790737455	0.218068454368904	0.01
1.794856772	0.191313904467888	0.02
1.795060195	0.176793471005548	0.02
1.795172249	0.171778947904182	0.02
1.795643534	0.16521825832772	0.02
1.796645824	0.154275617218505	0.02
1.796669094	0.154275617218505	0.02
1.796696941	0.154275617218505	0.02
1.801889818	0.124148520017784	0.02
1.812688451	0.0724381887018014	0.02
1.813215031	0.0724381887018014	0.02
1.813240824	0.0724381887018014	0.02
1.813793197	0.0724381887018014	0.02
1.814069382	0.0724381887018014	0.02
1.814596154	0.0724381887018014	0.02
1.814621756	0.0724381887018014	0.02
1.814621757	0.0724381887018014	0.02
1.814846808	0.0724381887018014	0.02
1.814872379	0.0738965638206567	0.02
1.815039963	0.0738965638206567	0.02
1.815123071	0.0909949795497118	0.03
1.815288509	0.0909949795497118	0.03
1.815322808	0.0909949795497118	0.03
1.815373832	0.0909949795497118	0.03
1.815624663	0.0909949795497118	0.03
1.815850116	0.0909949795497118	0.03
1.815875562	0.0909949795497118	0.03
1.816101116	0.0769968710762557	0.03
1.816377569	0.0769968710762557	0.03
1.816879855	0.0769968710762557	0.03
1.817399416	0.0769968710762557	0.03
1.818036082	0.077648414068448	0.03
1.818363245	0.0783110778006076	0.03
1.819217405	0.0832865405068514	0.03
1.819395454	0.0840494040709526	0.03
1.819410514	0.0840494040709526	0.03
1.819581019	0.0840494040709526	0.03
1.81989941	0.0840494040709526	0.03
1.82134289	0.0864242133629268	0.03
1.822065256	0.0864242133629268	0.03
1.823267442	0.0864242133629268	0.03
1.824280416	0.0864242133629268	0.03
1.824759677	0.0864242133629268	0.03
1.824985083	0.0880834065049354	0.03
1.828541204	0.077648414068448	0.04
1.829613575	0.0832865405068514	0.04
1.830016016	0.0832865405068514	0.04
1.835137623	0.0526833996955769	0.04
1.836263396	0.0547801321628386	0.04
1.860714054	0.0553306546265592	0.06
1.872927722	0.0526833996955769	0.07
1.876458705	0.0521840580344928	0.07
1.877534086	0.0512132434626202	0.07
1.917919203	0.0498229105879727	0.11
1.933588634	0.0581700940788199	0.12
1.934242286	0.0592431120528823	0.12
1.93486401	0.0529003406951539	0.13
1.938309591	0.0524682307519409	0.13
1.939501786	0.0524682307519409	0.13
1.945075766	0.063891890084879	0.14
1.947078383	0.063891890084879	0.14
1.956133657	0.063891890084879	0.15
1.959079535	0.063891890084879	0.15
1.961031557	0.063891890084879	0.15
2.039242563	0.0710362626496489	0.23
2.045755957	0.0705398312461152	0.24
2.049316864	0.0700502902342178	0.24
2.057190684	0.0700502902342178	0.25
2.057670659	0.0700502902342178	0.25
2.058434493	0.0700502902342178	0.25
2.058810915	0.0700502902342178	0.25
2.060706206	0.0700502902342178	0.25
2.067556414	0.0700502902342178	0.26
2.077371996	0.0700502902342178	0.27
2.077653506	0.0700502902342178	0.27
2.07768814	0.0700502902342178	0.27
2.080200147	0.0700502902342178	0.27
2.116340052	0.067701088459453	0.31
2.130868897	0.067701088459453	0.32
2.225736601	0.0951404528200918	0.41
2.22607531	0.071497502840272	0.42
2.226678687	0.071497502840272	0.42
2.226980498	0.071497502840272	0.42
2.244892022	0.129763681550087	0.43
2.268175967	0.156265947367406	0.41
2.283420782	0.148113087474696	0.39
2.287430653	0.163877066338911	0.39
2.36737444	0.168558105873082	0.31
2.396315913	0.209695913039478	0.32
2.416816988	0.179014409948736	0.31
2.57811595	0.193762229797205	0.15
2.644514931	0.199506871777271	0.08
2.64482266	0.199506871777271	0.08
2.664122924	0.205602554443076	0.06
2.669724846	0.191920166852207	0.06
2.670697515	0.191920166852207	0.06
2.67074212	0.191920166852207	0.06
2.670831293	0.191920166852207	0.06
2.671193019	0.191920166852207	0.06
2.671193179	0.191920166852207	0.06
2.671237545	0.191920166852207	0.06
2.671237705	0.191920166852207	0.06
2.671599486	0.191920166852207	0.06
2.671599646	0.191920166852207	0.06
2.671872794	0.191920166852207	0.06
2.671961685	0.191920166852207	0.06
2.672323822	0.191920166852207	0.06
2.672686057	0.205602554443076	0.05
2.673410821	0.205602554443076	0.05
2.674201502	0.205602554443076	0.05
2.674498542	0.205602554443076	0.05
2.674640938	0.205602554443076	0.05
2.674817434	0.205602554443076	0.05
2.675906626	0.20149820421958	0.05
2.67595059	0.20149820421958	0.05
2.677404052	0.199506871777271	0.05
2.68050645	0.191920166852207	0.05
2.681604422	0.191920166852207	0.05
2.684222358	0.205602554443076	0.04
2.690995907	0.186598296717714	0.04
2.714352711	0.169376867638493	0.05
2.720992773	0.166944102146316	0.05
2.721339166	0.176352211758974	0.06
2.721714851	0.176352211758974	0.06
2.721753239	0.176352211758974	0.06
2.72212898	0.176352211758974	0.06
2.722504826	0.176352211758974	0.06
2.725138453	0.169376867638493	0.06
2.725892101	0.169376867638493	0.06
2.727362573	0.169376867638493	0.06
2.728457177	0.169376867638493	0.06
2.734951629	0.167827958917009	0.07
2.741703646	0.173182404985015	0.08
2.744776734	0.166307122242687	0.08
2.758261585	0.166307122242687	0.09
2.795646082	0.155065634011365	0.13
2.814579483	0.155065634011365	0.15
2.870516676	0.151232195631379	0.2
2.874914635	0.149996157675901	0.21
2.884109016	0.155065634011365	0.22
2.885327778	0.1487801604829	0.22
2.901070252	0.142400470702956	0.23
3.017087015	0.144107137457386	0.35
3.091199805	0.1447652441359	0.42
3.116410384	0.16190561491581	0.45
3.116832706	0.16190561491581	0.45
3.194633906	0.163239043038589	0.53
3.560201153	0.181972766766499	0.890000000000001
3.561648443	0.171440673276919	0.890000000000001
3.565454716	0.181563609804009	0.890000000000001
3.567214517	0.186598296717714	0.890000000000001
3.571812505	0.161115963545082	0.890000000000001
3.572123566	0.161115963545082	0.890000000000001
3.62901857	0.141045173510661	0.910000000000001
3.629519691	0.141045173510661	0.910000000000001
3.6300627	0.141045173510661	0.910000000000001
3.630972932	0.141045173510661	0.910000000000001
3.631023885	0.14364270176264	0.910000000000001
3.631970124	0.139781322545884	0.920000000000001
3.633483005	0.139781322545884	0.920000000000001
3.639968026	0.141045173510661	0.920000000000001
3.778072999	0.139781322545884	1.06
3.963711323	0.137320373584378	1.25
4.442577106	0.199506871777271	1.72
4.445571488	0.20149820421958	1.72
4.452121847	0.198363333303602	1.73
4.45272527	0.199506871777271	1.73
4.453328856	0.199506871777271	1.73
4.453932605	0.199506871777271	1.73
4.464002998	0.199506871777271	1.74
4.480518943	0.174752935439383	1.76
4.492707945	0.195639995917095	1.77
4.536342962	0.199506871777271	1.81
4.536969429	0.199506871777271	1.81
4.773228095	0.205602554443076	2.04
4.895921957	0.195639995917095	2.17
5.341769851	0.245628541260076	2.43999999999999
5.342582978	0.245628541260076	2.43999999999999
5.343129076	0.245628541260076	2.43999999999999
5.346842194	0.245628541260076	2.43999999999999
5.443653327	0.245628541260076	2.42999999999999
5.445157132	0.245628541260076	2.42999999999999
6.232084175	0.266445026713428	2.66999999999999
6.234722781	0.266445026713428	2.66999999999999
6.35095118	0.264201894609923	2.77999999999998
6.358499262	0.264201894609923	2.78999999999998
7	0.28226168718886	3.22999999999998
