thrs	post_p	finalwindow
0	0.0740740740740741	0.23
0.070216248	0.0540540540540541	0.19
0.082355146	0.0540540540540541	0.18
0.089689176	0.0533333333333333	0.18
0.103967892	0.0512820512820513	0.19
0.113424721	0.0935251798561151	0.19
0.123778241	0.0935251798561151	0.18
0.127200542	0.0421052631578947	0.17
0.127695348	0.04	0.17
0.129609166	0.0833333333333333	0.17
0.129730945	0.0833333333333333	0.17
0.130460633	0.0810810810810811	0.17
0.148447444	0.0769230769230769	0.15
0.148782099	0.0761904761904762	0.15
0.151339737	0.079646017699115	0.15
0.155752372	0.0909090909090909	0.15
0.161204767	0.079646017699115	0.14
0.178062567	0.0495049504950495	0.12
0.178140913	0.0495049504950495	0.12
0.178189211	0.0495049504950495	0.12
0.178358463	0.0495049504950495	0.12
0.181430774	0.079646017699115	0.12
0.181486006	0.079646017699115	0.12
0.181486035	0.079646017699115	0.12
0.186084933	0.0902777777777778	0.12
0.22265244	0.0769230769230769	0.08
0.222686318	0.0769230769230769	0.08
0.222812147	0.0840336134453782	0.08
0.222924291	0.0916666666666667	0.08
0.223196808	0.0909090909090909	0.08
0.226728961	0.0859375	0.08
0.226867021	0.0859375	0.08
0.226923294	0.0859375	0.08
0.226957829	0.0859375	0.08
0.226982815	0.0859375	0.08
0.227081991	0.0859375	0.08
0.227177477	0.0859375	0.08
0.237068117	0.0731707317073171	0.07
0.241897099	0.0714285714285714	0.07
0.242615688	0.0714285714285714	0.07
0.242875367	0.0882352941176471	0.06
0.243116147	0.087378640776699	0.06
0.249436037	0.0825688073394495	0.06
0.254481698	0.0882352941176471	0.05
0.256228734	0.0865384615384615	0.05
0.259750174	0.0825688073394495	0.05
0.263775407	0.0825688073394495	0.05
0.272151172	0.0789473684210526	0.05
0.287097646	0.079646017699115	0.05
0.296834617	0.0849056603773585	0.05
0.296839561	0.0849056603773585	0.05
0.296874128	0.0849056603773585	0.05
0.296879772	0.0849056603773585	0.05
0.29691506	0.0849056603773585	0.05
0.296919994	0.0849056603773585	0.05
0.296960227	0.0849056603773585	0.05
0.297161557	0.0849056603773585	0.05
0.297207868	0.0849056603773585	0.05
0.29723727	0.0849056603773585	0.05
0.297345093	0.0849056603773585	0.05
0.29736316	0.0849056603773585	0.05
0.297631463	0.0849056603773585	0.05
0.298062423	0.0849056603773585	0.05
0.298432807	0.0849056603773585	0.05
0.298682719	0.0849056603773585	0.05
0.299120783	0.0849056603773585	0.05
0.29926506	0.0849056603773585	0.05
0.299931082	0.0865384615384615	0.05
0.300128238	0.0865384615384615	0.05
0.300638986	0.0865384615384615	0.05
0.301159527	0.0865384615384615	0.05
0.302397905	0.0833333333333333	0.05
0.302406093	0.0833333333333333	0.05
0.30240618	0.0833333333333333	0.05
0.302443572	0.0833333333333333	0.05
0.302452098	0.0833333333333333	0.05
0.302453753	0.0833333333333333	0.05
0.302493847	0.0833333333333333	0.05
0.302531356	0.0833333333333333	0.05
0.302535608	0.0833333333333333	0.05
0.302694303	0.0833333333333333	0.05
0.302757814	0.0833333333333333	0.05
0.302844832	0.0833333333333333	0.05
0.303062807	0.0833333333333333	0.05
0.303998368	0.0833333333333333	0.05
0.304168238	0.0833333333333333	0.05
0.305094409	0.0849056603773585	0.05
0.306047128	0.0849056603773585	0.05
0.306464617	0.0818181818181818	0.05
0.307314933	0.0810810810810811	0.05
0.308759935	0.0803571428571429	0.05
0.319078068	0.0833333333333333	0.04
0.320217262	0.0833333333333333	0.04
0.320290117	0.0833333333333333	0.04
0.322066605	0.0833333333333333	0.04
0.322435043	0.0833333333333333	0.04
0.322591403	0.0833333333333333	0.04
0.322777267	0.0833333333333333	0.04
0.323097253	0.0818181818181818	0.04
0.323165924	0.0818181818181818	0.04
0.323537089	0.0810810810810811	0.04
0.327195424	0.079646017699115	0.04
0.328591896	0.079646017699115	0.04
0.330254195	0.079646017699115	0.04
0.333944256	0.0789473684210526	0.04
0.338071632	0.075	0.05
0.340262381	0.0725806451612903	0.05
0.343625259	0.0725806451612903	0.05
0.343706753	0.0725806451612903	0.05
0.351815198	0.0708661417322835	0.06
0.356200611	0.0692307692307692	0.06
0.356206548	0.0692307692307692	0.06
0.356351443	0.0692307692307692	0.06
0.357086112	0.0782608695652174	0.06
0.357959666	0.0825688073394495	0.06
0.362945858	0.0671641791044776	0.07
0.363236679	0.0671641791044776	0.07
0.363936107	0.0671641791044776	0.07
0.367161303	0.076271186440678	0.07
0.37384574	0.0646258503401361	0.08
0.382008897	0.0404040404040404	0.07
0.386863037	0.0411764705882353	0.06
0.386909127	0.0467836257309941	0.06
0.387745392	0.0451977401129944	0.06
0.389222512	0.0444444444444444	0.06
0.389299853	0.0444444444444444	0.06
0.389825341	0.0441988950276243	0.06
0.403209246	0.0465116279069767	0.05
0.415094538	0.0528846153846154	0.04
0.415772448	0.025	0.03
0.416416237	0.0364963503649635	0.03
0.418471182	0.0555555555555556	0.03
0.428769674	0.0579710144927536	0.02
0.438307149	0.0606060606060606	0.01
0.438815006	0.0606060606060606	0.01
0.440249622	0.0592592592592593	0.01
0.441750067	0.0592592592592593	0.01
0.444499874	0.0546448087431694	0.01
0.445049535	0.053475935828877	0.01
0.445117302	0.0585106382978723	0.01
0.445156208	0.0585106382978723	0.01
0.445185067	0.0582010582010582	0.01
0.445185068	0.0582010582010582	0.01
0.445245414	0.0582010582010582	0.01
0.445252832	0.0582010582010582	0.01
0.445252833	0.0582010582010582	0.01
0.445252835	0.0582010582010582	0.01
0.44531318	0.0582010582010582	0.01
0.445313188	0.0582010582010582	0.01
0.44531319	0.0582010582010582	0.01
0.445373562	0.0582010582010582	0.01
0.445419149	0.0582010582010582	0.01
0.445433949	0.0582010582010582	0.01
0.445479567	0.0582010582010582	0.01
0.445494353	0.0582010582010582	0.01
0.445554774	0.0575916230366492	0.01
0.445578303	0.0575916230366492	0.01
0.445615211	0.0575916230366492	0.01
0.445675664	0.0569948186528497	0.01
0.445691925	0.0618556701030928	0.01
0.445736134	0.0618556701030928	0.01
0.445857123	0.0663265306122449	0.01
0.445917642	0.0663265306122449	0.01
0.445970843	0.0663265306122449	0.01
0.445978177	0.0663265306122449	0.01
0.446038729	0.0663265306122449	0.01
0.446188208	0.0663265306122449	0.01
0.446395102	0.0663265306122449	0.01
0.446465528	0.065989847715736	0.01
0.446772341	0.065989847715736	0.01
0.446888185	0.065989847715736	0.01
0.447158639	0.065989847715736	0.01
0.447533088	0.065989847715736	0.01
0.447542535	0.065989847715736	0.01
0.447649603	0.065989847715736	0.01
0.447928306	0.065	0.01
0.448701687	0.0829268292682927	0.01
0.448791313	0.0829268292682927	0.01
0.449051315	0.083743842364532	0.01
0.449715173	0.0825242718446602	0.01
0.452986292	0.0772946859903382	0.01
0.453102774	0.0772946859903382	0.01
0.453312195	0.076555023923445	0.01
0.453607731	0.076555023923445	0.01
0.453670383	0.076555023923445	0.01
0.45367678	0.076555023923445	0.01
0.453739439	0.076555023923445	0.01
0.453782962	0.076555023923445	0.01
0.453789353	0.076555023923445	0.01
0.453802119	0.076555023923445	0.01
0.453864805	0.076555023923445	0.01
0.453864814	0.076555023923445	0.01
0.453927527	0.076555023923445	0.01
0.453952078	0.076555023923445	0.01
0.453977538	0.076555023923445	0.01
0.454053004	0.076555023923445	0.01
0.454131662	0.076555023923445	0.01
0.454159539	0.076555023923445	0.01
0.454228692	0.076555023923445	0.01
0.454266222	0.076555023923445	0.01
0.454278877	0.076555023923445	0.01
0.454291524	0.076555023923445	0.01
0.454297847	0.076555023923445	0.01
0.454379121	0.076555023923445	0.01
0.454423548	0.076555023923445	0.01
0.454543029	0.0772946859903382	0.01
0.454618511	0.0772946859903382	0.01
0.454637485	0.0772946859903382	0.01
0.455078808	0.0769230769230769	0.01
0.455180191	0.0788177339901478	0.01
0.455550168	0.109375	0.01
0.455665947	0.115702479338843	0.01
0.455678249	0.117647058823529	0.01
0.455755613	0.120689655172414	0.01
0.455804735	0.120689655172414	0.01
0.456455968	0.0772727272727273	0.02
0.457901934	0.0758928571428571	0.02
0.458022431	0.0758928571428571	0.02
0.458619789	0.0755555555555556	0.02
0.458664131	0.0755555555555556	0.02
0.459124851	0.0758928571428571	0.02
0.460382332	0.074235807860262	0.02
0.462114195	0.0701754385964912	0.02
0.46331093	0.0701754385964912	0.02
0.464728436	0.0701754385964912	0.02
0.46499053	0.0692640692640693	0.02
0.474072423	0.0663900414937759	0.03
0.47699163	0.0708661417322835	0.03
0.477096915	0.0708661417322835	0.03
0.478419311	0.0756302521008403	0.03
0.478888149	0.0769230769230769	0.03
0.479732593	0.0782608695652174	0.03
0.479936634	0.0782608695652174	0.03
0.483988273	0.0617760617760618	0.04
0.484458594	0.0617760617760618	0.04
0.484927676	0.0622568093385214	0.04
0.485999254	0.0915032679738562	0.04
0.486776039	0.0699300699300699	0.04
0.490830832	0.0692307692307692	0.04
0.50407637	0.0598290598290598	0.05
0.508934563	0.0552147239263804	0.06
0.511690912	0.05625	0.06
0.514553924	0.0608695652173913	0.06
0.514645345	0.0625	0.06
0.514742139	0.0625	0.06
0.514839037	0.0625	0.06
0.514971335	0.0625	0.06
0.51502476	0.0625	0.06
0.516063638	0.0388349514563107	0.06
0.518492841	0.0520231213872832	0.07
0.529143364	0	0.07
0.534226929	0	0.06
0.534308248	0	0.06
0.534380672	0	0.06
0.534453117	0	0.06
0.534888196	0	0.06
0.539174229	0	0.06
0.543234343	0	0.06
0.544416783	0	0.06
0.546060858	0.0254237288135593	0.06
0.556645891	0.027027027027027	0.05
0.556807604	0.027027027027027	0.05
0.55802857	0.0267857142857143	0.05
0.559788571	0.0267857142857143	0.05
0.562444529	0.0272727272727273	0.05
0.566766402	0.0258620689655172	0.06
0.572491616	0.03	0.05
0.574371638	0.03	0.05
0.57444178	0.03	0.05
0.579525048	0.03	0.05
0.586308239	0.0267857142857143	0.06
0.591193432	0.0260869565217391	0.06
0.591819223	0.0260869565217391	0.06
0.593573546	0.0260869565217391	0.06
0.593673806	0.0260869565217391	0.06
0.593673808	0.0260869565217391	0.06
0.593754277	0.0260869565217391	0.06
0.59375428	0.0260869565217391	0.06
0.593834769	0.0260869565217391	0.06
0.593915284	0.0260869565217391	0.06
0.594036974	0.0260869565217391	0.06
0.594152812	0.0260869565217391	0.06
0.594318181	0.0272727272727273	0.06
0.595887104	0.0285714285714286	0.06
0.596894832	0.0285714285714286	0.06
0.602148457	0.0288461538461538	0.06
0.604813246	0.0434782608695652	0.07
0.604905308	0.043859649122807	0.07
0.60490531	0.043859649122807	0.07
0.604988853	0.043859649122807	0.07
0.605716504	0.043859649122807	0.07
0.605724938	0.043859649122807	0.07
0.606051871	0.043859649122807	0.07
0.60631275	0.043859649122807	0.07
0.607971158	0.03	0.06
0.608756287	0.03	0.06
0.61827716	0.045045045045045	0.07
0.624510489	0.0480769230769231	0.06
0.630942519	0.0480769230769231	0.06
0.635412418	0.0495049504950495	0.06
0.636066531	0.0495049504950495	0.06
0.63624959	0.0495049504950495	0.06
0.637260654	0.0485436893203883	0.06
0.638075882	0.0485436893203883	0.06
0.64559646	0.05	0.06
0.648110758	0.0540540540540541	0.07
0.648827538	0.0540540540540541	0.07
0.659386285	0.0545454545454545	0.07
0.667472678	0.0530973451327434	0.08
0.667879261	0.0530973451327434	0.08
0.667879263	0.0530973451327434	0.08
0.667969788	0.0530973451327434	0.08
0.669490645	0.0530973451327434	0.08
0.678915807	0.0476190476190476	0.09
0.680410924	0.0476190476190476	0.09
0.68060848	0.0476190476190476	0.09
0.680702493	0.0476190476190476	0.09
0.680786967	0.0476190476190476	0.09
0.689921535	0.053030303030303	0.1
0.692614054	0.0538461538461538	0.1
0.696262833	0.0686274509803922	0.1
0.7123899	0.0654205607476635	0.11
0.712401774	0.0654205607476635	0.11
0.713541741	0.0654205607476635	0.11
0.715653707	0.0625	0.12
0.715679053	0.0625	0.12
0.719314887	0.0642201834862385	0.12
0.725869057	0.0619469026548673	0.13
0.725979546	0.0630630630630631	0.13
0.742183791	0.0569105691056911	0.14
0.744518666	0.0555555555555556	0.14
0.75180067	0.105540897097625	0.14
0.756100951	0.0396039603960396	0.13
0.756122282	0.0396039603960396	0.13
0.763284143	0.115	0.13
0.763387603	0.121287128712871	0.13
0.763491091	0.121287128712871	0.13
0.766651587	0.119718309859155	0.13
0.7676628	0.121212121212121	0.13
0.772093843	0.110192837465565	0.12
0.772264397	0.120967741935484	0.12
0.778829055	0.12037037037037	0.12
0.779184816	0.119540229885057	0.12
0.786383987	0.120689655172414	0.11
0.793117932	0.120547945205479	0.1
0.797194853	0.12280701754386	0.1
0.799403767	0.120192307692308	0.1
0.8034392	0.128767123287671	0.09
0.817085993	0.123711340206186	0.08
0.828284953	0.127937336814621	0.07
0.849686346	0.127320954907162	0.05
0.861362559	0.114285714285714	0.03
0.861783488	0.122866894197952	0.03
0.864973627	0.13946587537092	0.03
0.866065884	0.135057471264368	0.03
0.870144812	0.127659574468085	0.03
0.874413626	0.141993957703928	0.02
0.875213305	0.139880952380952	0.02
0.875954975	0.135446685878963	0.02
0.877564409	0.135593220338983	0.02
0.88244613	0.136666666666667	0.01
0.882485476	0.136666666666667	0.01
0.883671839	0.143769968051118	0.01
0.885048106	0.144171779141104	0.01
0.887670141	0.141176470588235	0.01
0.888469193	0.139941690962099	0.01
0.889014569	0.135977337110482	0.01
0.889576687	0.134078212290503	0.01
0.889752182	0.134078212290503	0.01
0.890083013	0.133704735376045	0.01
0.890218543	0.132963988919668	0.01
0.890218544	0.132963988919668	0.01
0.890228158	0.132963988919668	0.01
0.890309475	0.132231404958678	0.01
0.890339212	0.132231404958678	0.01
0.890354074	0.132231404958678	0.01
0.890354075	0.132231404958678	0.01
0.890407894	0.132231404958678	0.01
0.890419078	0.132231404958678	0.01
0.890459913	0.132231404958678	0.01
0.890474761	0.132231404958678	0.01
0.890489605	0.132231404958678	0.01
0.890489606	0.132231404958678	0.01
0.890506418	0.132231404958678	0.01
0.890580647	0.132231404958678	0.01
0.890595481	0.132231404958678	0.01
0.89061031	0.132231404958678	0.01
0.890610311	0.132231404958678	0.01
0.89068659	0.132231404958678	0.01
0.890701414	0.132231404958678	0.01
0.890716233	0.132231404958678	0.01
0.890731048	0.132231404958678	0.01
0.890731049	0.132231404958678	0.01
0.890737499	0.132231404958678	0.01
0.890822213	0.132231404958678	0.01
0.890837018	0.132231404958678	0.01
0.890851819	0.132231404958678	0.01
0.890928251	0.132231404958678	0.01
0.890972623	0.132231404958678	0.01
0.891244043	0.131506849315068	0.01
0.891246709	0.131506849315068	0.01
0.891320486	0.131506849315068	0.01
0.89133523	0.131506849315068	0.01
0.891382479	0.131506849315068	0.01
0.891441435	0.131506849315068	0.01
0.891456164	0.131506849315068	0.01
0.89149835	0.131506849315068	0.01
0.891562417	0.130790190735695	0.01
0.891698132	0.130434782608696	0.01
0.891793338	0.130434782608696	0.01
0.891881522	0.130434782608696	0.01
0.892017347	0.130081300813008	0.01
0.89216782	0.130081300813008	0.01
0.892182462	0.130081300813008	0.01
0.892215798	0.130081300813008	0.01
0.892245091	0.130081300813008	0.01
0.89229733	0.129380053908356	0.01
0.892307805	0.129380053908356	0.01
0.892546055	0.130081300813008	0.01
0.892793389	0.130081300813008	0.01
0.892924751	0.129380053908356	0.01
0.892952212	0.129380053908356	0.01
0.89308003	0.129380053908356	0.01
0.893142511	0.129380053908356	0.01
0.893313967	0.128342245989305	0.01
0.893352088	0.128342245989305	0.01
0.894189143	0.127659574468085	0.01
0.89420355	0.127659574468085	0.01
0.89422449	0.127659574468085	0.01
0.894232534	0.127659574468085	0.01
0.894482721	0.127659574468085	0.01
0.894690708	0.12664907651715	0.01
0.894913415	0.12664907651715	0.01
0.894970751	0.12664907651715	0.01
0.895300675	0.126984126984127	0.01
0.89539422	0.126315789473684	0.01
0.895524497	0.130890052356021	0.01
0.895638516	0.130890052356021	0.01
0.895840307	0.130890052356021	0.01
0.896396617	0.12987012987013	0.01
0.89685771	0.12987012987013	0.01
0.896928207	0.129533678756477	0.01
0.897282137	0.13151364764268	0.01
0.898155973	0.116424116424116	0.01
0.898455429	0.114285714285714	0.01
0.898485328	0.114519427402863	0.01
0.898662437	0.114052953156823	0.01
0.89889623	0.112	0.01
0.898920463	0.112	0.01
0.899310528	0.110891089108911	0.01
0.899413875	0.111984282907662	0.01
0.899974537	0.111545988258317	0.01
0.900113547	0.111764705882353	0.01
0.900307304	0.112204724409449	0.01
0.901007608	0.0936329588014981	0.01
0.90151373	0.0846153846153846	0.01
0.901568195	0.0846153846153846	0.01
0.901947653	0.08984375	0.01
0.902291602	0.0728744939271255	0.01
0.902919093	0.069672131147541	0.01
0.903166806	0.0708333333333333	0.01
0.904039961	0.0585774058577406	0.01
0.904508173	0.0524017467248908	0.01
0.904513058	0.0524017467248908	0.01
0.905345526	0.0530973451327434	0.01
0.905424433	0.0533333333333333	0.01
0.906154318	0.0545454545454545	0.01
0.906197141	0.0540540540540541	0.01
0.906922556	0.0545454545454545	0.01
0.906983581	0.055045871559633	0.01
0.907060652	0.055045871559633	0.01
0.90712089	0.055045871559633	0.01
0.907185931	0.055045871559633	0.01
0.907198748	0.055045871559633	0.01
0.907199842	0.055045871559633	0.01
0.907298438	0.0502283105022831	0.01
0.907324045	0.0502283105022831	0.01
0.907336843	0.0502283105022831	0.01
0.907336844	0.0502283105022831	0.01
0.907436592	0.0502283105022831	0.01
0.907449378	0.0502283105022831	0.01
0.90746216	0.0502283105022831	0.01
0.907536422	0.0502283105022831	0.01
0.907574745	0.0502283105022831	0.01
0.907587512	0.0502283105022831	0.01
0.907674633	0.0502283105022831	0.01
0.907700146	0.0502283105022831	0.01
0.907712898	0.0502283105022831	0.01
0.907951053	0.0502283105022831	0.01
0.907963773	0.0502283105022831	0.01
0.908076559	0.0502283105022831	0.01
0.908089263	0.0502283105022831	0.01
0.908089264	0.0502283105022831	0.01
0.908151307	0.0502283105022831	0.01
0.90817671	0.0504587155963303	0.01
0.908202099	0.0504587155963303	0.01
0.908214789	0.0504587155963303	0.01
0.908289632	0.0502283105022831	0.01
0.908453284	0.0502283105022831	0.01
0.908566283	0.0511627906976744	0.01
0.908577365	0.0511627906976744	0.01
0.908691978	0.0516431924882629	0.01
0.908729307	0.0516431924882629	0.01
0.908816452	0.0516431924882629	0.01
0.908830322	0.0516431924882629	0.01
0.908956071	0.0521327014218009	0.01
0.909094444	0.0521327014218009	0.01
0.909183517	0.0518867924528302	0.01
0.909207673	0.0518867924528302	0.01
0.909270732	0.0518867924528302	0.01
0.909308419	0.0518867924528302	0.01
0.909346075	0.0526315789473684	0.01
0.90938549	0.0526315789473684	0.01
0.909409249	0.0526315789473684	0.01
0.909434338	0.0531400966183575	0.01
0.909642167	0.0531400966183575	0.01
0.909838426	0.0528846153846154	0.01
0.909914657	0.0528846153846154	0.01
0.910051995	0.0528846153846154	0.01
0.910204731	0.0533980582524272	0.01
0.910267	0.0533980582524272	0.01
0.911049792	0.0544554455445545	0.01
0.911062134	0.0544554455445545	0.01
0.91113001	0.0544554455445545	0.01
0.911351929	0.0544554455445545	0.01
0.911518912	0.055	0.01
0.911632099	0.0552763819095477	0.01
0.911776598	0.0552763819095477	0.01
0.912015459	0.055	0.01
0.912630246	0.055	0.01
0.912707801	0.055	0.01
0.912776305	0.055	0.01
0.912811242	0.0597014925373134	0.01
0.913006436	0.0603015075376884	0.01
0.913139907	0.0603015075376884	0.01
0.913630289	0.0606060606060606	0.01
0.913751419	0.0606060606060606	0.01
0.914870556	0.065989847715736	0.01
0.914968567	0.065989847715736	0.01
0.915559183	0.0561224489795918	0.01
0.916024822	0.0561224489795918	0.01
0.916163647	0.0564102564102564	0.01
0.916912552	0.0569948186528497	0.01
0.917248255	0.0457142857142857	0.01
0.918238351	0.0597609561752988	0.02
0.918456927	0.06	0.02
0.918837351	0.0609756097560976	0.02
0.919120121	0.0617283950617284	0.02
0.919655338	0.0630252100840336	0.02
0.920002472	0.0632911392405063	0.02
0.921783065	0.0657894736842105	0.02
0.922455062	0.0666666666666667	0.02
0.922787758	0.0666666666666667	0.02
0.923473233	0.0681818181818182	0.02
0.924160807	0.0688073394495413	0.02
0.924412009	0.0688073394495413	0.02
0.924507726	0.0688073394495413	0.02
0.924627878	0.0697674418604651	0.02
0.925553967	0.0616113744075829	0.02
0.927872541	0.0573770491803279	0.02
0.929379518	0.0572519083969466	0.03
0.93064775	0.0581395348837209	0.03
0.93220206	0.0588235294117647	0.03
0.933174706	0.0604838709677419	0.03
0.934071327	0.0612244897959184	0.03
0.938446291	0.0404624277456647	0.03
0.938770844	0.0429447852760736	0.03
0.944027825	0.03125	0.03
0.947518522	0.0344827586206897	0.03
0.949342587	0.036036036036036	0.03
0.950306111	0.036697247706422	0.03
0.951999424	0.037037037037037	0.03
0.955603107	0.046875	0.04
0.956018846	0.046875	0.04
0.956549025	0.0483870967741935	0.04
0.956766863	0.0483870967741935	0.04
0.95679317	0.0483870967741935	0.04
0.956793172	0.0483870967741935	0.04
0.957016096	0.0491803278688525	0.04
0.957486775	0.05	0.04
0.959031973	0.0521739130434783	0.04
0.959642592	0.0526315789473684	0.04
0.959665139	0.0530973451327434	0.04
0.960039043	0.0535714285714286	0.04
0.960819071	0.0535714285714286	0.04
0.960911853	0.0535714285714286	0.04
0.964446178	0.0388349514563107	0.04
0.966653906	0.0483870967741935	0.05
0.966980911	0.0491803278688525	0.05
0.966980912	0.0491803278688525	0.05
0.966986309	0.0491803278688525	0.05
0.967139043	0.0491803278688525	0.05
0.967144414	0.0491803278688525	0.05
0.967297223	0.05	0.05
0.967297226	0.05	0.05
0.967302572	0.05	0.05
0.967460779	0.05	0.05
0.96746078	0.05	0.05
0.967608447	0.05	0.05
0.96761904	0.05	0.05
0.967619041	0.05	0.05
0.967772081	0.05	0.05
0.967925221	0.05	0.05
0.967935716	0.05	0.05
0.968083686	0.05	0.05
0.968088909	0.05	0.05
0.968237002	0.05	0.05
0.968861479	0.0521739130434783	0.05
0.969666194	0.0530973451327434	0.05
0.970292984	0.0530973451327434	0.05
0.973766743	0.0462962962962963	0.05
0.978183481	0.0396039603960396	0.05
0.981915796	0.036036036036036	0.05
0.9860103	0.0170940170940171	0.05
1.019804062	0.055045871559633	0.06
1.021711423	0.0571428571428571	0.06
1.022530753	0.0571428571428571	0.06
1.023898132	0.0571428571428571	0.06
1.027349785	0.0517241379310345	0.07
1.029078227	0.0530973451327434	0.07
1.029271857	0.0530973451327434	0.07
1.029637844	0.0530973451327434	0.07
1.030392053	0.0545454545454545	0.07
1.030397618	0.0545454545454545	0.07
1.030958443	0.0560747663551402	0.07
1.031720423	0.0560747663551402	0.07
1.032104884	0.0560747663551402	0.07
1.0327094	0.0560747663551402	0.07
1.033463082	0.0560747663551402	0.07
1.034014818	0.0560747663551402	0.07
1.034376329	0.0560747663551402	0.07
1.034854243	0.0571428571428571	0.07
1.041709188	0.0526315789473684	0.08
1.044012776	0.0526315789473684	0.08
1.049025044	0.0454545454545455	0.09
1.056246636	0.0491803278688525	0.09
1.058571278	0.0454545454545455	0.1
1.067971123	0.0454545454545455	0.11
1.068168044	0.0454545454545455	0.11
1.068277144	0.0454545454545455	0.11
1.06860264	0.0454545454545455	0.11
1.070020858	0.046875	0.11
1.088762574	0.0673076923076923	0.12
1.112743253	0.0480769230769231	0.12
1.113082372	0.0480769230769231	0.12
1.113233383	0.0480769230769231	0.12
1.11414031	0.0480769230769231	0.12
1.125633627	0.0480769230769231	0.11
1.127882011	0.0480769230769231	0.11
1.13205703	0.0490196078431373	0.11
1.133642817	0.0490196078431373	0.11
1.133988353	0.0495049504950495	0.11
1.134317617	0.0495049504950495	0.11
1.136767134	0.0490196078431373	0.11
1.183360064	0.0490196078431373	0.15
1.187305519	0.0555555555555556	0.15
1.187446683	0.0555555555555556	0.15
1.18762744	0.0542635658914729	0.15
1.192009701	0.0514705882352941	0.15
1.192075895	0.0514705882352941	0.15
1.192725439	0.0507246376811594	0.15
1.203309389	0.0534351145038168	0.14
1.208724051	0.0260869565217391	0.13
1.208769953	0.0260869565217391	0.13
1.209215802	0.0260869565217391	0.13
1.209768181	0.0260869565217391	0.13
1.209825949	0.0260869565217391	0.13
1.210085375	0.0256410256410256	0.13
1.224141399	0.0256410256410256	0.12
1.22465873	0.0256410256410256	0.12
1.226416878	0.0256410256410256	0.12
1.243346642	0.03	0.1
1.246668032	0.03	0.1
1.248955951	0.03	0.1
1.265568721	0.029126213592233	0.09
1.268447511	0.029126213592233	0.09
1.270060331	0.029126213592233	0.09
1.270604589	0.0288461538461538	0.09
1.285172518	0.0490196078431373	0.08
1.289511656	0.05	0.08
1.297280078	0.0775862068965517	0.09
1.302603198	0.06	0.08
1.303502827	0.06	0.08
1.33510162	0.09	0.09
1.335508208	0.09	0.09
1.335711503	0.09	0.09
1.335892556	0.09	0.09
1.33625481	0.09	0.09
1.33638917	0.09	0.09
1.336413828	0.09	0.09
1.336595099	0.09	0.09
1.336665633	0.09	0.09
1.336979907	0.0849056603773585	0.1
1.337161305	0.0849056603773585	0.1
1.337524247	0.0849056603773585	0.1
1.337529375	0.0849056603773585	0.1
1.337777279	0.0849056603773585	0.1
1.337887386	0.0849056603773585	0.1
1.338686534	0.0849056603773585	0.1
1.340005107	0.0849056603773585	0.1
1.342315002	0.0833333333333333	0.1
1.342368518	0.0833333333333333	0.1
1.350085516	0.087378640776699	0.09
1.360533959	0.1	0.1
1.360774481	0.1	0.1
1.360981621	0.107843137254902	0.09
1.36116959	0.107843137254902	0.09
1.361338457	0.107843137254902	0.09
1.36135761	0.107843137254902	0.09
1.362110213	0.107843137254902	0.09
1.362279458	0.107843137254902	0.09
1.364721715	0.106796116504854	0.09
1.365659238	0.106796116504854	0.09
1.368077892	0.106796116504854	0.09
1.368578346	0.106796116504854	0.09
1.369020462	0.106796116504854	0.09
1.370127164	0.106796116504854	0.09
1.373967278	0.106796116504854	0.09
1.377544294	0.106796116504854	0.1
1.379222918	0.106796116504854	0.1
1.384187356	0.105769230769231	0.1
1.38563755	0.127450980392157	0.1
1.385801753	0.127450980392157	0.1
1.418305639	0.13	0.09
1.434752614	0.114035087719298	0.1
1.436494579	0.114035087719298	0.11
1.440102642	0.114035087719298	0.11
1.450674974	0.109243697478992	0.12
1.450928234	0.109243697478992	0.12
1.454003033	0.109243697478992	0.12
1.484117024	0.108333333333333	0.15
1.485393153	0.110169491525424	0.15
1.502972103	0.107438016528926	0.17
1.506038743	0.12621359223301	0.17
1.511734415	0.107438016528926	0.18
1.511964569	0.107438016528926	0.18
1.512194724	0.107438016528926	0.18
1.512403577	0.107438016528926	0.18
1.512821455	0.107438016528926	0.18
1.515375804	0.109243697478992	0.18
1.516740221	0.107438016528926	0.19
1.517647523	0.10655737704918	0.19
1.519065464	0.10655737704918	0.19
1.558319819	0.130630630630631	0.23
1.55916507	0.128888888888889	0.23
1.561070241	0.154471544715447	0.22
1.56916589	0.15	0.22
1.595407686	0.134328358208955	0.19
1.652341299	0.131147540983607	0.14
1.707257935	0.165217391304348	0.09
1.718627381	0.156862745098039	0.07
1.758275756	0.168141592920354	0.04
1.768990518	0.156862745098039	0.02
1.77492366	0.150943396226415	0.02
1.780115455	0.174311926605505	0.02
1.780627841	0.174311926605505	0.02
1.780657571	0.174311926605505	0.02
1.780657572	0.174311926605505	0.02
1.780839524	0.16	0.01
1.780928629	0.16	0.01
1.78092863	0.16	0.01
1.781081012	0.16	0.01
1.781140367	0.16	0.01
1.781170031	0.16	0.01
1.781170032	0.16	0.01
1.781381862	0.16	0.01
1.781411498	0.16	0.01
1.781411499	0.16	0.01
1.781623424	0.16	0.01
1.781653031	0.16	0.01
1.7818108	0.16	0.01
1.781894629	0.16	0.01
1.782378022	0.16	0.01
1.782590324	0.16	0.01
1.783286774	0.16	0.01
1.783345594	0.16	0.01
1.783587651	0.16	0.01
1.78377107	0.16	0.01
1.783829774	0.16	0.01
1.784314217	0.16	0.01
1.78446873	0.16	0.01
1.785009515	0.172727272727273	0.02
1.785322292	0.186274509803922	0.01
1.785497332	0.186274509803922	0.01
1.785988286	0.186274509803922	0.01
1.786357195	0.186274509803922	0.01
1.787927091	0.180952380952381	0.01
1.788266632	0.180952380952381	0.01
1.788780487	0.180952380952381	0.01
1.788872102	0.180952380952381	0.01
1.789358594	0.180952380952381	0.01
1.789747139	0.177570093457944	0.01
1.790737455	0.19	0.01
1.795060195	0.156028368794326	0.02
1.796669094	0.145695364238411	0.02
1.799436111	0.149068322981366	0.02
1.801889818	0.12	0.02
1.808733518	0.148351648351648	0.03
1.809599251	0.148351648351648	0.03
1.812688451	0.12280701754386	0.03
1.813215031	0.12280701754386	0.03
1.813240824	0.12280701754386	0.03
1.813716026	0.118181818181818	0.03
1.813793197	0.12037037037037	0.03
1.814069384	0.121495327102804	0.03
1.814345569	0.122641509433962	0.03
1.814621756	0.12621359223301	0.03
1.814621757	0.12621359223301	0.03
1.814872379	0.12621359223301	0.03
1.815039963	0.127450980392157	0.03
1.815123071	0.127450980392157	0.03
1.815169565	0.127450980392157	0.03
1.815288509	0.127450980392157	0.03
1.815373832	0.128712871287129	0.03
1.815624663	0.13	0.03
1.815850116	0.13	0.03
1.815875562	0.13	0.03
1.816374833	0.145945945945946	0.04
1.816879855	0.145945945945946	0.04
1.817633804	0.145945945945946	0.04
1.818036082	0.145945945945946	0.04
1.818363245	0.145945945945946	0.04
1.819217405	0.145945945945946	0.04
1.819410514	0.145945945945946	0.04
1.819581019	0.145945945945946	0.04
1.81989941	0.145945945945946	0.04
1.822065256	0.11864406779661	0.04
1.823267442	0.120689655172414	0.04
1.823345161	0.11304347826087	0.04
1.824280416	0.119266055045872	0.04
1.824759677	0.123809523809524	0.04
1.824985083	0.123809523809524	0.04
1.828541204	0.142857142857143	0.05
1.829613575	0.142857142857143	0.05
1.835137623	0.122641509433962	0.05
1.836263396	0.107843137254902	0.05
1.83758722	0.11	0.05
1.837659261	0.11	0.05
1.839735229	0.142857142857143	0.06
1.842215909	0.116666666666667	0.06
1.860668056	0.142105263157895	0.08
1.860714054	0.142105263157895	0.08
1.872927722	0.108910891089109	0.08
1.876458705	0.08	0.08
1.917919203	0.08	0.12
1.919145255	0.08	0.12
1.933588634	0.09	0.13
1.934242286	0.09	0.13
1.93486401	0.09	0.13
1.939501786	0.0857142857142857	0.14
1.945075766	0.0849056603773585	0.14
1.956133657	0.0849056603773585	0.15
1.959079535	0.0857142857142857	0.15
1.961031557	0.0588235294117647	0.15
2.04617014	0.0819672131147541	0.24
2.049316864	0.0813008130081301	0.24
2.058810915	0.0813008130081301	0.25
2.077653506	0.0806451612903226	0.27
2.077935092	0.0806451612903226	0.27
2.079378601	0.0813008130081301	0.27
2.080200147	0.0583333333333333	0.27
2.119081815	0.0775193798449612	0.31
2.122322709	0.0555555555555556	0.31
2.130868897	0.0555555555555556	0.32
2.21647999	0.075187969924812	0.41
2.22342495	0.0555555555555556	0.41
2.22607531	0.0735294117647059	0.42
2.226980498	0.0735294117647059	0.42
2.268175967	0.206896551724138	0.41
2.273953022	0.2	0.4
2.279085054	0.212389380530973	0.4
2.283420782	0.201923076923077	0.39
2.287430653	0.214285714285714	0.39
2.36737444	0.267326732673267	0.32
2.396315913	0.29	0.31
2.401471639	0.29	0.3
2.416816988	0.284313725490196	0.3
2.57811595	0.281553398058252	0.15
2.634889835	0.285714285714286	0.1
2.63880046	0.278846153846154	0.09
2.64482266	0.285714285714286	0.09
2.65353762	0.285714285714286	0.08
2.664122924	0.294117647058824	0.07
2.67074212	0.294117647058824	0.06
2.670831293	0.294117647058824	0.06
2.671148642	0.294117647058824	0.06
2.671237545	0.294117647058824	0.06
2.671237705	0.294117647058824	0.06
2.671599486	0.294117647058824	0.06
2.671599646	0.294117647058824	0.06
2.671961685	0.294117647058824	0.06
2.672323822	0.294117647058824	0.06
2.672686057	0.294117647058824	0.06
2.67300408	0.294117647058824	0.06
2.673366554	0.294117647058824	0.06
2.673410821	0.294117647058824	0.06
2.674817434	0.294117647058824	0.06
2.67498819	0.29126213592233	0.06
2.675753192	0.29126213592233	0.06
2.675906626	0.29126213592233	0.06
2.677404052	0.29126213592233	0.06
2.678640892	0.287128712871287	0.05
2.679543675	0.287128712871287	0.05
2.68050645	0.287128712871287	0.05
2.681604422	0.294117647058824	0.05
2.690797174	0.297029702970297	0.05
2.690995907	0.297029702970297	0.05
2.692790444	0.294117647058824	0.05
2.697875326	0.294117647058824	0.05
2.714352711	0.284313725490196	0.05
2.721339166	0.280373831775701	0.06
2.721714851	0.280373831775701	0.06
2.721753239	0.280373831775701	0.06
2.722090639	0.280373831775701	0.06
2.72212898	0.280373831775701	0.06
2.725138453	0.268518518518519	0.06
2.725892101	0.268518518518519	0.06
2.727362573	0.268518518518519	0.06
2.728042156	0.268518518518519	0.06
2.728457177	0.268518518518519	0.06
2.730687704	0.268518518518519	0.06
2.734951629	0.268518518518519	0.07
2.742221604	0.27027027027027	0.08
2.744776734	0.263636363636364	0.08
2.758261585	0.263636363636364	0.09
2.767264537	0.263636363636364	0.1
2.784781798	0.254385964912281	0.12
2.814579483	0.254385964912281	0.15
2.893176138	0.252100840336134	0.23
3.017087015	0.239669421487603	0.35
3.091199805	0.234782608695652	0.42
3.116410384	0.246376811594203	0.45
3.116832706	0.246376811594203	0.45
3.153761559	0.169811320754717	0.48
3.194633906	0.168224299065421	0.52
3.479484296	0.145631067961165	0.8
3.560201153	0.147058823529412	0.880000000000001
3.561529658	0.225563909774436	0.890000000000001
3.561648443	0.2109375	0.890000000000001
3.562131134	0.240875912408759	0.890000000000001
3.563861522	0.194029850746269	0.890000000000001
3.565454716	0.181818181818182	0.890000000000001
3.567214517	0.138613861386139	0.880000000000001
3.571812505	0.165289256198347	0.890000000000001
3.572123566	0.165137614678899	0.880000000000001
3.575584373	0.146551724137931	0.880000000000001
3.62901857	0.163934426229508	0.910000000000001
3.62939674	0.163934426229508	0.910000000000001
3.629519691	0.163934426229508	0.910000000000001
3.6300627	0.163934426229508	0.910000000000001
3.630972932	0.163934426229508	0.910000000000001
3.631169027	0.163934426229508	0.910000000000001
3.633483005	0.188118811881188	0.910000000000001
3.639968026	0.16260162601626	0.920000000000001
3.778072999	0.161290322580645	1.06
3.82876748	0.198019801980198	1.1
4.078052931	0.198019801980198	1.32
4.442577106	0.198019801980198	1.68
4.445571488	0.198019801980198	1.68
4.452121847	0.198019801980198	1.69
4.45272527	0.198019801980198	1.69
4.453328856	0.198019801980198	1.69
4.453932605	0.198019801980198	1.69
4.464002998	0.198019801980198	1.7
4.475601202	0.198019801980198	1.71
4.478685952	0.198019801980198	1.72
4.480518943	0.198019801980198	1.72
4.536342962	0.196078431372549	1.77
4.537444354	0.19047619047619	1.78
4.537596069	0.19047619047619	1.78
4.550359745	0.196078431372549	1.79
4.773228095	0.194174757281553	2.01
4.848628454	0.194174757281553	2.09
4.895921957	0.194174757281553	2.13
5.342582978	0.224719101123595	2.23
5.443653327	0.235294117647059	2.25
5.445157132	0.235294117647059	2.26
6.234722781	0.235294117647059	2.66999999999999
6.35095118	0.206349206349206	2.72999999999999
7	0.254901960784314	3.17999999999998
