thrs	post_p	finalwindow
0	0.187098764525275	0.23
0.070216248	0.147209764667807	0.18
0.082355146	0.147209764667807	0.17
0.089689176	0.147209764667807	0.16
0.093809574	0.147209764667807	0.16
0.098963073	0.140177863872502	0.16
0.103967892	0.136907961215144	0.16
0.115659216	0.13378713391319	0.16
0.127200542	0.102304584267136	0.17
0.127695348	0.0972206319035732	0.17
0.128068503	0.118642173119201	0.17
0.129609166	0.120716374338292	0.17
0.129730945	0.120716374338292	0.17
0.130460633	0.120716374338292	0.17
0.14705261	0.103204058149523	0.15
0.148447444	0.118642173119201	0.15
0.148782099	0.114925103771882	0.15
0.151339737	0.120716374338292	0.15
0.161204767	0.120716374338292	0.14
0.178113806	0.118642173119201	0.12
0.178140913	0.118642173119201	0.12
0.178358463	0.118642173119201	0.12
0.181824923	0.119792413742831	0.12
0.191788381	0.120716374338292	0.11
0.194681585	0.11848250113186	0.11
0.222049977	0.118368712591546	0.08
0.22265244	0.107245107615615	0.08
0.222656148	0.107245107615615	0.08
0.222686318	0.107245107615615	0.08
0.222716495	0.105591298003582	0.08
0.222924291	0.118882489662189	0.08
0.223196808	0.117103490761642	0.08
0.226867021	0.11207222745312	0.08
0.226929675	0.11207222745312	0.08
0.227081991	0.112880531963688	0.08
0.227177477	0.112880531963688	0.08
0.227432153	0.11207222745312	0.08
0.230426372	0.0907562067098024	0.07
0.241897099	0.0877703196284096	0.07
0.24235868	0.0877703196284096	0.07
0.242615688	0.0544096789077052	0.06
0.242875367	0.0699795599903294	0.06
0.242941212	0.0699795599903294	0.06
0.243116147	0.0687499662619905	0.06
0.249436037	0.0642353142920548	0.06
0.254481698	0.0687499662619905	0.05
0.256228734	0.0664160074259104	0.05
0.259750174	0.0653074619518398	0.05
0.263775407	0.078391786589194	0.04
0.272151172	0.0637123340095098	0.05
0.287097646	0.0534192336084826	0.05
0.295749179	0.0576143601621308	0.05
0.296044019	0.0576143601621308	0.05
0.296839561	0.0576143601621308	0.05
0.296874128	0.0576143601621308	0.05
0.296879772	0.0576143601621308	0.05
0.29691506	0.0576143601621308	0.05
0.296919994	0.0576143601621308	0.05
0.296960227	0.0576143601621308	0.05
0.297156652	0.0576143601621308	0.05
0.29723727	0.0576143601621308	0.05
0.297242165	0.0576143601621308	0.05
0.297345093	0.0576143601621308	0.05
0.297631463	0.0576143601621308	0.05
0.298062423	0.0576143601621308	0.05
0.29855614	0.0576143601621308	0.05
0.298682719	0.0576143601621308	0.05
0.299120783	0.0576143601621308	0.05
0.29926506	0.0576143601621308	0.05
0.301373268	0.0581855395045823	0.05
0.302397905	0.0581855395045823	0.05
0.302452098	0.0581855395045823	0.05
0.302453753	0.0581855395045823	0.05
0.302493847	0.0581855395045823	0.05
0.302531356	0.0581855395045823	0.05
0.302535608	0.0581855395045823	0.05
0.302694303	0.0581855395045823	0.05
0.302757814	0.0581855395045823	0.05
0.302844832	0.0581855395045823	0.05
0.303037639	0.0581855395045823	0.05
0.303062807	0.0581855395045823	0.05
0.303998368	0.0581855395045823	0.05
0.305094409	0.0510940120192886	0.06
0.306047128	0.0510940120192886	0.06
0.307314933	0.0565049956520967	0.05
0.308759935	0.0559661812397282	0.05
0.319078068	0.0581855395045823	0.04
0.320217262	0.0581855395045823	0.04
0.320290117	0.0581855395045823	0.04
0.322066605	0.0576143601621308	0.04
0.322435043	0.0576143601621308	0.04
0.322777267	0.0576143601621308	0.04
0.323165924	0.0570542857910817	0.04
0.323537089	0.0554375457046349	0.04
0.323808824	0.0554375457046349	0.04
0.327195424	0.0549188033082369	0.04
0.328591896	0.0539099074693328	0.04
0.330254195	0.0539099074693328	0.04
0.333944256	0.0539099074693328	0.04
0.338071632	0.0753716504118928	0.05
0.340262381	0.0734842715040735	0.05
0.343625259	0.0734842715040735	0.05
0.343706753	0.0734842715040735	0.05
0.356200611	0.0705402770803178	0.06
0.356206548	0.0705402770803178	0.06
0.356351443	0.0705402770803178	0.06
0.356437896	0.0699795599903294	0.06
0.357959666	0.0653074619518398	0.07
0.360733393	0.0648265658615377	0.07
0.362945858	0.0648265658615377	0.07
0.363236679	0.0648265658615377	0.07
0.366130409	0.0662909807622907	0.07
0.367161303	0.0801766034061626	0.07
0.367663989	0.0848109245562787	0.07
0.381649088	0.0581855395045823	0.07
0.382008897	0.0573329551951238	0.07
0.386909127	0.0598579092458115	0.06
0.389222512	0.0582380269839739	0.06
0.389299853	0.0582380269839739	0.06
0.395214438	0.0823515718959742	0.06
0.398731854	0.0612201734315215	0.05
0.412388288	0.0716891070383212	0.04
0.415094538	0.0916061281737754	0.04
0.415772448	0.0298882242367778	0.03
0.416416237	0.0472726192950678	0.03
0.419019267	0.051884457679906	0.03
0.423143546	0.0565049956520967	0.03
0.428769674	0.054033987615797	0.02
0.438815006	0.0593625609426417	0.01
0.440249622	0.0657955461264525	0.01
0.441698853	0.0657955461264525	0.01
0.444236336	0.0880996932144006	0.01
0.444499874	0.0847598907891168	0.01
0.445049535	0.0843033357935045	0.01
0.445117302	0.0891028152459842	0.01
0.445185067	0.088627927424914	0.01
0.445185068	0.088627927424914	0.01
0.44525283	0.088627927424914	0.01
0.445252832	0.088627927424914	0.01
0.445252833	0.088627927424914	0.01
0.445252835	0.088627927424914	0.01
0.44531318	0.088627927424914	0.01
0.445313187	0.088627927424914	0.01
0.44531319	0.088627927424914	0.01
0.445373562	0.088627927424914	0.01
0.445419149	0.088627927424914	0.01
0.445433949	0.088627927424914	0.01
0.445494353	0.0872331578828618	0.01
0.445540001	0.0872331578828618	0.01
0.445554774	0.0867779393445803	0.01
0.445578303	0.0867779393445803	0.01
0.445615211	0.0867779393445803	0.01
0.445736134	0.0960069573938973	0.01
0.445849774	0.0955135654019098	0.01
0.445857123	0.0955135654019098	0.01
0.445917642	0.0955135654019098	0.01
0.445970843	0.0955135654019098	0.01
0.445978177	0.0955135654019098	0.01
0.446038729	0.0955135654019098	0.01
0.446319857	0.0945418402652972	0.01
0.446341735	0.0945418402652972	0.01
0.446465528	0.0945418402652972	0.01
0.446772341	0.0945418402652972	0.01
0.446967543	0.0940633546920504	0.01
0.447158639	0.0940633546920504	0.01
0.447533088	0.0940633546920504	0.01
0.447542535	0.0940633546920504	0.01
0.447649603	0.0935896880550003	0.01
0.449552291	0.0908449287158032	0.01
0.449715173	0.0908449287158032	0.01
0.451750007	0.0912911535286741	0.01
0.452986292	0.0908449287158032	0.01
0.453117722	0.0908449287158032	0.01
0.453312195	0.0908449287158032	0.01
0.453607731	0.0908449287158032	0.01
0.453670383	0.0908449287158032	0.01
0.45367678	0.0908449287158032	0.01
0.453739439	0.0908449287158032	0.01
0.453782962	0.0908449287158032	0.01
0.453802119	0.0908449287158032	0.01
0.453864805	0.0908449287158032	0.01
0.453864814	0.0908449287158032	0.01
0.453952078	0.0908449287158032	0.01
0.453990257	0.0908449287158032	0.01
0.454053004	0.0908449287158032	0.01
0.454115767	0.0908449287158032	0.01
0.454131662	0.0908449287158032	0.01
0.454159539	0.0908449287158032	0.01
0.454266222	0.0917417836388562	0.01
0.454278877	0.0917417836388562	0.01
0.454297847	0.0917417836388562	0.01
0.454379121	0.0917417836388562	0.01
0.454423548	0.0917417836388562	0.01
0.454543029	0.0926565232973812	0.01
0.455078808	0.0955135654019098	0.01
0.455180191	0.0975181992275403	0.01
0.455439212	0.124691599765028	0.01
0.455550168	0.13378713391319	0.01
0.455678249	0.140177863872502	0.01
0.455804735	0.144314009880796	0.01
0.456133439	0.0866114225828804	0.02
0.456159276	0.0866114225828804	0.02
0.456880284	0.0866114225828804	0.02
0.45760535	0.0858116331388141	0.02
0.457901934	0.0858116331388141	0.02
0.458664131	0.085026479418015	0.02
0.459124851	0.0854172520370891	0.02
0.460382332	0.0858116331388141	0.02
0.462114195	0.0866114225828804	0.02
0.472596627	0.0806015806948449	0.03
0.473676694	0.0806015806948449	0.03
0.474072423	0.0806015806948449	0.03
0.477096915	0.0954244020989881	0.03
0.478419311	0.10174031006626	0.03
0.479732593	0.0924721189591078	0.03
0.483511101	0.0759879717532149	0.04
0.483671852	0.0759879717532149	0.04
0.483988273	0.0759879717532149	0.04
0.484225862	0.0759879717532149	0.04
0.484927676	0.0772513554997663	0.04
0.485999254	0.0877703196284096	0.04
0.48628356	0.0891028152459842	0.04
0.489107131	0.0913727567054256	0.04
0.490830832	0.0837619204209142	0.04
0.499369323	0.0842208537028175	0.05
0.50407637	0.0718739307303349	0.06
0.508934563	0.0810489338955046	0.06
0.514839037	0.0713222967062247	0.07
0.514971335	0.0713222967062247	0.07
0.51502476	0.0713222967062247	0.07
0.515124567	0.0741685220239905	0.07
0.518492841	0.0764425742185283	0.07
0.520735072	0.0704838013437081	0.07
0.529143364	0.0285090075570359	0.07
0.534226929	0.0290739083587486	0.07
0.534888196	0.0565049956520967	0.07
0.539174229	0.0602770586537051	0.07
0.544416783	0.0626915115909891	0.07
0.546060858	0.0776142869766322	0.06
0.55657045	0.0746526302215371	0.06
0.556645891	0.0746526302215371	0.06
0.568776608	0.0746526302215371	0.06
0.572491616	0.0753716504118928	0.06
0.574371638	0.0753716504118928	0.06
0.57444178	0.0753716504118928	0.06
0.583655412	0.0753716504118928	0.06
0.586308239	0.0732549745914062	0.06
0.59079165	0.0693593140311561	0.06
0.591193432	0.0693593140311561	0.06
0.591819223	0.078391786589194	0.05
0.593573546	0.078391786589194	0.05
0.593673806	0.078391786589194	0.05
0.593673808	0.078391786589194	0.05
0.593754277	0.078391786589194	0.05
0.593754278	0.078391786589194	0.05
0.59375428	0.078391786589194	0.05
0.593834769	0.078391786589194	0.05
0.593915284	0.078391786589194	0.05
0.594036974	0.078391786589194	0.05
0.594318181	0.0776142869766322	0.05
0.595015574	0.0706109991489645	0.06
0.595196772	0.0706109991489645	0.06
0.596219211	0.0706109991489645	0.06
0.602148457	0.0753716504118928	0.05
0.602674298	0.0753716504118928	0.05
0.604813246	0.0753716504118928	0.05
0.604905308	0.0753716504118928	0.05
0.604988853	0.0753716504118928	0.05
0.605716504	0.0753716504118928	0.05
0.606051871	0.0753716504118928	0.05
0.60631275	0.0753716504118928	0.05
0.606404306	0.0753716504118928	0.05
0.606824709	0.078391786589194	0.05
0.607971158	0.0776142869766322	0.05
0.608524688	0.078391786589194	0.04
0.61827716	0.0719086913194082	0.05
0.624510489	0.0753716504118928	0.05
0.630942519	0.0681512319501708	0.05
0.635412418	0.0687499662619905	0.05
0.63624959	0.0687499662619905	0.05
0.636422142	0.0706109991489645	0.05
0.637031954	0.0706109991489645	0.05
0.637260654	0.0706109991489645	0.05
0.641599528	0.0706109991489645	0.05
0.644129804	0.0653074619518398	0.06
0.64559646	0.0653074619518398	0.06
0.646569798	0.0669845135128738	0.06
0.64801212	0.0669845135128738	0.06
0.648110758	0.0669845135128738	0.06
0.65703705	0.0598163146931807	0.07
0.659386285	0.0593625609426417	0.07
0.667879261	0.0576143601621308	0.08
0.667879263	0.0576143601621308	0.08
0.667969788	0.0576143601621308	0.08
0.680410924	0.0484774665042631	0.08
0.680589305	0.0484774665042631	0.08
0.68060848	0.0484774665042631	0.08
0.680702493	0.0484774665042631	0.08
0.680786967	0.0484774665042631	0.08
0.689921535	0.0612201734315215	0.09
0.696262833	0.0591063505912491	0.1
0.712354258	0.0566608534719009	0.11
0.712401774	0.0566608534719009	0.11
0.713541741	0.0571336288108525	0.11
0.71365913	0.0571336288108525	0.11
0.714295462	0.0571336288108525	0.11
0.719314887	0.0557383936699111	0.12
0.725609694	0.019378417774099	0.12
0.725869057	0.0195722865274559	0.12
0.725979546	0.0195722865274559	0.12
0.72717465	0.0552883363142267	0.13
0.742183791	0.0500361441996417	0.14
0.744518666	0.0479344815127062	0.14
0.7500464	0.0186398854911557	0.13
0.762884543	0.0686571694675304	0.13
0.763387603	0.0765513427740245	0.13
0.763491091	0.0765513427740245	0.13
0.765321243	0.0759378950129981	0.13
0.766651587	0.076512712068054	0.13
0.772093843	0.0693593140311561	0.12
0.779184816	0.0789852112037322	0.12
0.779976345	0.0785886015366305	0.12
0.794958533	0.0860680110288155	0.1
0.797194853	0.0843913170240398	0.1
0.799403767	0.0836276514277881	0.1
0.8034392	0.088564991238074	0.09
0.817085993	0.0880677103501687	0.08
0.828284953	0.0909143635735783	0.07
0.849686346	0.0875085887041363	0.05
0.861362559	0.0762529711476862	0.03
0.866065884	0.0902365562815534	0.03
0.867661243	0.0918929839245	0.03
0.874413626	0.0947579176163564	0.02
0.875213305	0.0916949605309283	0.02
0.875954975	0.0905245139513201	0.02
0.877564409	0.0921816418407377	0.02
0.87832845	0.0913210577640108	0.02
0.880342154	0.0869897819791268	0.02
0.882218863	0.0828672203067237	0.01
0.88244613	0.0822612405460568	0.01
0.883236842	0.0894160800752623	0.01
0.884296127	0.0963674352878311	0.01
0.886381245	0.0928960704084928	0.01
0.887670141	0.0951711975609391	0.01
0.888469193	0.0948635442736265	0.01
0.889209764	0.0930586000292269	0.01
0.889752182	0.0921816418407377	0.01
0.890068113	0.0921816418407377	0.01
0.890083013	0.0921816418407377	0.01
0.890218543	0.0918929839245	0.01
0.890218544	0.0918929839245	0.01
0.890228158	0.0918929839245	0.01
0.890354074	0.0907562067098024	0.01
0.890354075	0.0907562067098024	0.01
0.890474761	0.0907562067098024	0.01
0.890489605	0.0907562067098024	0.01
0.890489606	0.0907562067098024	0.01
0.890506418	0.0907562067098024	0.01
0.890580647	0.0907562067098024	0.01
0.890595481	0.0907562067098024	0.01
0.89061031	0.0907562067098024	0.01
0.890610311	0.0907562067098024	0.01
0.89068659	0.0907562067098024	0.01
0.890701414	0.0907562067098024	0.01
0.890716233	0.0907562067098024	0.01
0.890731048	0.0907562067098024	0.01
0.890731049	0.0907562067098024	0.01
0.890737499	0.0907562067098024	0.01
0.890822213	0.0907562067098024	0.01
0.890837018	0.0907562067098024	0.01
0.890851819	0.0907562067098024	0.01
0.890972623	0.0907562067098024	0.01
0.891093459	0.0907562067098024	0.01
0.89119957	0.0907562067098024	0.01
0.891214328	0.0907562067098024	0.01
0.891244043	0.0907562067098024	0.01
0.891246709	0.0907562067098024	0.01
0.891441435	0.0907562067098024	0.01
0.891456164	0.0907562067098024	0.01
0.891521465	0.0907562067098024	0.01
0.891577132	0.0896472111946392	0.01
0.891698132	0.0896472111946392	0.01
0.891793338	0.0896472111946392	0.01
0.892012117	0.0893741842219758	0.01
0.892017347	0.0893741842219758	0.01
0.89206133	0.0893741842219758	0.01
0.89216782	0.088833089209737	0.01
0.892182462	0.088833089209737	0.01
0.892215798	0.088833089209737	0.01
0.89229733	0.0891028152459842	0.01
0.892307805	0.0891028152459842	0.01
0.892546055	0.0896472111946392	0.01
0.89273031	0.0896472111946392	0.01
0.892793389	0.0896472111946392	0.01
0.892924751	0.0918002537192942	0.01
0.892952212	0.0918002537192942	0.01
0.893016766	0.0918002537192942	0.01
0.89308003	0.0918002537192942	0.01
0.893172464	0.0918002537192942	0.01
0.893313967	0.0920790074900951	0.01
0.893320622	0.0920790074900951	0.01
0.893352088	0.0920790074900951	0.01
0.89420355	0.0915231826151944	0.01
0.89422449	0.0909740278293665	0.01
0.894332391	0.0918002537192942	0.01
0.894482721	0.0918002537192942	0.01
0.894690708	0.0909740278293665	0.01
0.894906463	0.0909740278293665	0.01
0.894913415	0.0909740278293665	0.01
0.894970751	0.0909740278293665	0.01
0.895081202	0.0909740278293665	0.01
0.895086463	0.0909740278293665	0.01
0.895300675	0.0909740278293665	0.01
0.895524497	0.101520900424067	0.01
0.895840307	0.100922374718692	0.01
0.89592425	0.100922374718692	0.01
0.896396617	0.100330864975579	0.01
0.89685771	0.0991684056436291	0.01
0.89693811	0.0988819875776397	0.01
0.897282137	0.104762820739961	0.01
0.897316929	0.104190579753922	0.01
0.898155973	0.0906760836133736	0.01
0.898455429	0.0896863512809318	0.01
0.898662437	0.0892964817074026	0.01
0.898755243	0.088526823571935	0.01
0.89889623	0.0873968955436916	0.01
0.898920463	0.0873968955436916	0.01
0.899310528	0.0868426794675976	0.01
0.899325427	0.0868426794675976	0.01
0.900113547	0.0853985623860101	0.01
0.900274359	0.0862954480777309	0.01
0.900307304	0.0862954480777309	0.01
0.901568195	0.0750823866483519	0.01
0.901947653	0.0866992554462291	0.01
0.902162268	0.0870346512766635	0.01
0.902860993	0.0816640590935905	0.01
0.902919093	0.0816640590935905	0.01
0.903685884	0.0691071027311911	0.01
0.904039961	0.0691071027311911	0.01
0.904220945	0.0653074619518398	0.01
0.904508173	0.0669845135128738	0.01
0.904513058	0.0669845135128738	0.01
0.905424433	0.0675628361961953	0.01
0.905541598	0.0678557585622209	0.01
0.906154318	0.0675628361961953	0.01
0.906197141	0.0672724319570462	0.01
0.906508268	0.0669845135128738	0.01
0.906786831	0.0669845135128738	0.01
0.906922556	0.0672724319570462	0.01
0.906983581	0.0675628361961953	0.01
0.907060652	0.0675628361961953	0.01
0.90712089	0.0675628361961953	0.01
0.907185931	0.0675628361961953	0.01
0.907198748	0.0675628361961953	0.01
0.907199842	0.0675628361961953	0.01
0.907298438	0.0633341952936964	0.01
0.907311244	0.0633341952936964	0.01
0.907324045	0.0636087581908263	0.01
0.907336843	0.0636087581908263	0.01
0.907336844	0.0636087581908263	0.01
0.907436592	0.0636087581908263	0.01
0.907449378	0.0636087581908263	0.01
0.90746216	0.0636087581908263	0.01
0.9075492	0.0636087581908263	0.01
0.907574745	0.0636087581908263	0.01
0.907587512	0.0636087581908263	0.01
0.907674633	0.0636087581908263	0.01
0.907700146	0.0636087581908263	0.01
0.907712898	0.0636087581908263	0.01
0.907951053	0.0636087581908263	0.01
0.907963773	0.0636087581908263	0.01
0.907963774	0.0636087581908263	0.01
0.908089264	0.0636087581908263	0.01
0.908151307	0.0636087581908263	0.01
0.90817671	0.0644469183281044	0.01
0.908289632	0.0644469183281044	0.01
0.908453284	0.0644469183281044	0.01
0.908566283	0.0641650880657773	0.01
0.908578929	0.0641650880657773	0.01
0.908691978	0.0647312352606327	0.01
0.908729307	0.0647312352606327	0.01
0.908816452	0.065018071920116	0.01
0.908830322	0.0647312352606327	0.01
0.908855181	0.0644469183281044	0.01
0.909183517	0.065018071920116	0.01
0.909195105	0.065018071920116	0.01
0.909346075	0.0658940397350993	0.01
0.909446878	0.0658940397350993	0.01
0.909620416	0.0658940397350993	0.01
0.909838426	0.0658940397350993	0.01
0.909896599	0.0658940397350993	0.01
0.909914657	0.0658940397350993	0.01
0.909925885	0.0658940397350993	0.01
0.910014581	0.0658940397350993	0.01
0.910467776	0.0677187460121655	0.01
0.910628128	0.0677187460121655	0.01
0.911062134	0.0677187460121655	0.01
0.911351929	0.0677187460121655	0.01
0.911404622	0.0670993846413217	0.01
0.911518912	0.0670993846413217	0.01
0.911632099	0.0683496479477932	0.01
0.911776598	0.0683496479477932	0.01
0.912015459	0.0683496479477932	0.01
0.912488931	0.0683496479477932	0.01
0.912630246	0.0683496479477932	0.01
0.912707801	0.0683496479477932	0.01
0.912776305	0.0683496479477932	0.01
0.913006436	0.0646904650643044	0.01
0.913244462	0.0646904650643044	0.01
0.914696902	0.0699795599903294	0.01
0.914870556	0.0699795599903294	0.01
0.914968567	0.0699795599903294	0.01
0.915026039	0.0699795599903294	0.01
0.915559183	0.0525496103490804	0.01
0.916024822	0.0525496103490804	0.01
0.916163647	0.0530679531625009	0.01
0.916208994	0.0530679531625009	0.01
0.917248255	0.038072917289457	0.01
0.918456927	0.0715970511899506	0.02
0.918483627	0.0715970511899506	0.02
0.918816837	0.0715970511899506	0.02
0.918837351	0.0715970511899506	0.02
0.919120121	0.072434164365782	0.02
0.921364075	0.075067223731249	0.02
0.921783065	0.0762999277309928	0.02
0.922071236	0.076614455634131	0.02
0.922455062	0.0772513554997663	0.02
0.923268187	0.073792243007621	0.02
0.923473233	0.073792243007621	0.02
0.924160807	0.0744159956995781	0.02
0.924412009	0.075050383226805	0.02
0.924507726	0.075050383226805	0.02
0.925553967	0.0606776689408088	0.02
0.926193857	0.0612201734315215	0.02
0.929379518	0.0664753953349867	0.03
0.93064775	0.0674402556879305	0.03
0.93220206	0.068941231975804	0.03
0.933174706	0.0660423342978335	0.03
0.934071327	0.0665415065883197	0.03
0.934700606	0.0657955461264525	0.03
0.93534835	0.0657955461264525	0.03
0.938446291	0.0398453240561138	0.03
0.938770844	0.0420474354233796	0.03
0.942896738	0.0308302328002111	0.03
0.947518522	0.0352777262264522	0.03
0.948845214	0.0359255425078488	0.03
0.949342587	0.0362584553715808	0.03
0.953473419	0.0383931316809656	0.03
0.954119877	0.0383931316809656	0.03
0.954191796	0.0290739083587486	0.03
0.955603107	0.0404574332909784	0.04
0.955985355	0.0404574332909784	0.04
0.956296714	0.042202929286235	0.04
0.956549025	0.042202929286235	0.04
0.956780018	0.042202929286235	0.04
0.956793172	0.042202929286235	0.04
0.957016096	0.042202929286235	0.04
0.957077957	0.042202929286235	0.04
0.958321379	0.0425702596464957	0.04
0.959031973	0.0441058318326638	0.04
0.959642592	0.0445071918813514	0.04
0.960039043	0.0445071918813514	0.04
0.960819071	0.0445071918813514	0.04
0.964446178	0.0387735903626195	0.04
0.964458654	0.0387735903626195	0.04
0.966290332	0.042202929286235	0.05
0.966980911	0.042202929286235	0.05
0.966980912	0.042202929286235	0.05
0.966986309	0.042202929286235	0.05
0.967139043	0.042202929286235	0.05
0.967144414	0.042202929286235	0.05
0.967302571	0.0425702596464957	0.05
0.967302572	0.0425702596464957	0.05
0.967460779	0.0425702596464957	0.05
0.967608447	0.0425702596464957	0.05
0.96761904	0.0425702596464957	0.05
0.967619041	0.0425702596464957	0.05
0.967925221	0.0425702596464957	0.05
0.967935716	0.0425702596464957	0.05
0.968083686	0.0425702596464957	0.05
0.968088909	0.0425702596464957	0.05
0.968237002	0.0425702596464957	0.05
0.968861479	0.0441058318326638	0.05
0.969035555	0.0441058318326638	0.05
0.970292984	0.0441058318326638	0.05
0.970442597	0.0441058318326638	0.05
0.97801719	0.0365975959839196	0.05
0.978183481	0.0365975959839196	0.05
0.981915796	0.0510940120192886	0.05
0.9860103	0.0269387616968712	0.05
1.019804062	0.0331834312126439	0.07
1.021711423	0.0326299716127445	0.07
1.022530753	0.0326299716127445	0.07
1.023898132	0.0329043742459199	0.07
1.027349785	0.0383931316809656	0.07
1.029078227	0.0323601078331483	0.08
1.029637844	0.0326299716127445	0.08
1.029659545	0.0326299716127445	0.08
1.030020301	0.0326299716127445	0.08
1.030392053	0.0326299716127445	0.08
1.030397618	0.0326299716127445	0.08
1.030958443	0.0326299716127445	0.08
1.031531241	0.0326299716127445	0.08
1.031720423	0.0326299716127445	0.08
1.032104884	0.0326299716127445	0.08
1.0327094	0.0326299716127445	0.08
1.035677928	0.0326299716127445	0.08
1.041709188	0.0387735903626195	0.08
1.048661279	0.0349625009608099	0.09
1.049025044	0.0349625009608099	0.09
1.054783865	0.0305892073129725	0.1
1.057424783	0.0343486539405479	0.1
1.067766296	0.0343486539405479	0.11
1.067971123	0.0343486539405479	0.11
1.06860264	0.0349625009608099	0.11
1.068892568	0.0349625009608099	0.11
1.070326964	0.0362584553715808	0.11
1.088407982	0.0365292612691165	0.13
1.088762574	0.0365292612691165	0.13
1.091073782	0.0379463221623683	0.13
1.112743253	0.0349625009608099	0.15
1.113233383	0.0349625009608099	0.15
1.125633627	0.048962770456258	0.15
1.13205703	0.0470776100424349	0.15
1.133642817	0.0470776100424349	0.15
1.133988353	0.0470776100424349	0.15
1.187305519	0.0359255425078488	0.15
1.187446683	0.0359255425078488	0.15
1.18762744	0.0349625009608099	0.15
1.192725439	0.0337559899919427	0.15
1.208769953	0.0290739083587486	0.13
1.209215802	0.0290739083587486	0.13
1.209751115	0.0290739083587486	0.13
1.209768181	0.0290739083587486	0.13
1.209825949	0.0290739083587486	0.13
1.210771389	0.0287886870586533	0.13
1.21086869	0.0287886870586533	0.13
1.212614931	0.0279656402058777	0.13
1.22465873	0.0282347098936764	0.13
1.225416562	0.0282347098936764	0.13
1.226416878	0.0282347098936764	0.13
1.226767373	0.0282347098936764	0.13
1.243346642	0.0437116459137024	0.12
1.246668032	0.043324443476841	0.12
1.252855937	0.0461884383839849	0.11
1.265568721	0.045756330296324	0.1
1.268447511	0.0445071918813514	0.1
1.270604589	0.0429440405702494	0.1
1.275739262	0.0449159237106421	0.09
1.278899002	0.0376541822869239	0.09
1.285172518	0.037295272789034	0.09
1.289511656	0.0391616648627374	0.08
1.293113698	0.0369431407471008	0.09
1.297280078	0.045756330296324	0.09
1.302603198	0.045756330296324	0.1
1.303502827	0.045756330296324	0.1
1.325958837	0.048962770456258	0.11
1.335485912	0.045756330296324	0.12
1.335508208	0.045756330296324	0.12
1.335711503	0.045756330296324	0.12
1.335892556	0.045756330296324	0.12
1.336051433	0.045756330296324	0.12
1.33625481	0.045756330296324	0.12
1.336413828	0.045756330296324	0.12
1.336595099	0.0445071918813514	0.12
1.336665633	0.0445071918813514	0.12
1.337161305	0.0445071918813514	0.12
1.337529375	0.0445071918813514	0.12
1.337777279	0.0445071918813514	0.12
1.338686534	0.0437116459137024	0.12
1.340005107	0.0437116459137024	0.12
1.342368518	0.0437116459137024	0.12
1.346883901	0.046628785659891	0.11
1.350085516	0.045756330296324	0.11
1.360533959	0.0484774665042631	0.1
1.360774481	0.0484774665042631	0.1
1.360981621	0.0484774665042631	0.1
1.36116959	0.0484774665042631	0.1
1.361545683	0.0484774665042631	0.1
1.364721715	0.0484774665042631	0.1
1.365659238	0.0484774665042631	0.11
1.368077892	0.0484774665042631	0.11
1.368578346	0.0484774665042631	0.11
1.369020462	0.0484774665042631	0.11
1.373967278	0.0484774665042631	0.11
1.377139612	0.047535158699352	0.12
1.38563755	0.047535158699352	0.12
1.418305639	0.0480016885016056	0.11
1.430594094	0.0484774665042631	0.1
1.434752614	0.0484774665042631	0.1
1.436494579	0.0484774665042631	0.11
1.440102642	0.0484774665042631	0.11
1.450462129	0.045756330296324	0.12
1.454003033	0.045756330296324	0.12
1.454856842	0.045756330296324	0.12
1.45657643	0.045756330296324	0.13
1.457818346	0.045756330296324	0.13
1.484117024	0.043324443476841	0.15
1.488337206	0.043324443476841	0.16
1.502972103	0.043324443476841	0.17
1.506038743	0.048962770456258	0.17
1.511964569	0.043324443476841	0.18
1.512194724	0.043324443476841	0.18
1.512403577	0.043324443476841	0.18
1.513239565	0.043324443476841	0.18
1.516740221	0.043324443476841	0.19
1.519065464	0.0429440405702494	0.19
1.523536021	0.0429440405702494	0.19
1.558531046	0.140177863872502	0.23
1.55916507	0.138375166430273	0.23
1.561070241	0.138094759813366	0.22
1.56916589	0.153675370432936	0.22
1.595407686	0.155312527438221	0.19
1.611568792	0.157429840353903	0.17
1.707257935	0.241550658119334	0.08
1.718627381	0.233319898875169	0.07
1.730827961	0.221974344673731	0.06
1.75282717	0.218433780399959	0.04
1.758275756	0.237363948113911	0.03
1.768990518	0.235324550544151	0.02
1.77492366	0.24343996574714	0.01
1.77861633	0.245887713336937	0.01
1.780115455	0.237363948113911	0.01
1.780657571	0.237363948113911	0.01
1.780657572	0.237363948113911	0.01
1.780839524	0.237363948113911	0.01
1.780928629	0.237363948113911	0.01
1.78092863	0.237363948113911	0.01
1.781081012	0.237363948113911	0.01
1.781140367	0.237363948113911	0.01
1.781170032	0.237363948113911	0.01
1.781381862	0.237363948113911	0.01
1.781411499	0.237363948113911	0.01
1.781623424	0.237363948113911	0.01
1.781653031	0.237363948113911	0.01
1.781894629	0.237363948113911	0.01
1.782136293	0.235324550544151	0.01
1.782378022	0.231349112641006	0.01
1.782531315	0.231349112641006	0.01
1.782619816	0.231349112641006	0.01
1.783044725	0.231349112641006	0.01
1.783286774	0.231349112641006	0.01
1.783345594	0.231349112641006	0.01
1.783587651	0.231349112641006	0.01
1.78377107	0.231349112641006	0.01
1.783829774	0.231349112641006	0.01
1.783925287	0.231349112641006	0.01
1.784013316	0.231349112641006	0.01
1.784314217	0.231349112641006	0.01
1.78446873	0.231349112641006	0.01
1.784506241	0.231349112641006	0.01
1.785009515	0.233319898875169	0.01
1.785497332	0.231349112641006	0.01
1.785988286	0.231349112641006	0.01
1.787927091	0.229411340874703	0.01
1.788266632	0.229411340874703	0.01
1.788780487	0.231349112641006	0.01
1.788872102	0.231349112641006	0.01
1.789358594	0.231349112641006	0.01
1.789747139	0.229411340874703	0.01
1.790095821	0.229411340874703	0.01
1.79204453	0.230440761380908	0.02
1.792147241	0.230440761380908	0.02
1.794856772	0.195187739463601	0.02
1.795172249	0.186504217432052	0.02
1.796669094	0.174317702772987	0.02
1.799436111	0.174576956554518	0.02
1.801889818	0.0918929839245	0.02
1.808733518	0.15969764604702	0.03
1.809599251	0.15969764604702	0.03
1.812688451	0.0943940962640991	0.03
1.813240824	0.0965440351544187	0.03
1.813793197	0.0848852652906903	0.03
1.814069382	0.0891028152459842	0.03
1.814069384	0.0891028152459842	0.03
1.814345569	0.0830507590380301	0.03
1.814621756	0.0760225075011739	0.03
1.814621757	0.0760225075011739	0.03
1.814846808	0.0760225075011739	0.03
1.814872379	0.0760225075011739	0.03
1.815123071	0.0773585364075901	0.03
1.815169565	0.0773585364075901	0.03
1.815373832	0.0773585364075901	0.03
1.815624663	0.0787423644142547	0.03
1.815850116	0.0787423644142547	0.03
1.815875562	0.0787423644142547	0.03
1.816101116	0.0539099074693328	0.03
1.816377569	0.0539099074693328	0.03
1.81637757	0.0539099074693328	0.03
1.816879855	0.0539099074693328	0.03
1.817382419	0.0539099074693328	0.03
1.817633804	0.0539099074693328	0.03
1.818036082	0.0549188033082369	0.03
1.819217405	0.0576143601621308	0.03
1.819395454	0.0581855395045823	0.03
1.819410514	0.0581855395045823	0.03
1.819581019	0.0581855395045823	0.03
1.81989941	0.0587681574041603	0.03
1.820606159	0.15969764604702	0.04
1.82134289	0.10828151834449	0.04
1.822065256	0.0908766572003482	0.04
1.824280416	0.0891028152459842	0.04
1.824759677	0.0760225075011739	0.04
1.824985083	0.0760225075011739	0.04
1.828541204	0.0559661812397282	0.04
1.828939845	0.0576143601621308	0.04
1.829051906	0.0576143601621308	0.04
1.829613575	0.0581855395045823	0.04
1.830016016	0.0587681574041603	0.04
1.836263396	0.0519993794043915	0.05
1.837659261	0.0519993794043915	0.05
1.842215909	0.0587681574041603	0.05
1.872927722	0.0529374111544312	0.07
1.876458705	0.0524642027385523	0.07
1.877534086	0.0524642027385523	0.07
1.917919203	0.0510940120192886	0.11
1.919145255	0.0519993794043915	0.11
1.934242286	0.045756330296324	0.12
1.93486401	0.0557383936699111	0.13
1.938309591	0.0548454886829503	0.13
1.938319698	0.0548454886829503	0.13
1.939501786	0.0557383936699111	0.13
1.940502926	0.0404574332909784	0.13
1.945075766	0.0653074619518398	0.14
1.956133657	0.0653074619518398	0.15
1.95745413	0.0653074619518398	0.15
1.961031557	0.0523305502596805	0.15
2.03833515	0.0699795599903294	0.23
2.045755957	0.0780443166220014	0.23
2.049316864	0.0699795599903294	0.24
2.058434493	0.067231149306362	0.24
2.058810915	0.067231149306362	0.24
2.060706206	0.057993892184303	0.25
2.067556414	0.0824286774477486	0.25
2.077371996	0.0816640590935905	0.26
2.077653506	0.0848109245562787	0.26
2.077935092	0.0848109245562787	0.26
2.079378601	0.0699795599903294	0.27
2.080200147	0.057993892184303	0.27
2.114638141	0.0657955461264525	0.3
2.130868897	0.0557888527424263	0.32
2.201956234	0.0554375457046349	0.39
2.21647999	0.0760225075011739	0.4
2.225736601	0.0728759765625	0.41
2.22607531	0.0741028067834479	0.41
2.226678687	0.0760225075011739	0.41
2.226980498	0.0766847032000128	0.41
2.244892022	0.127525979967773	0.43
2.268175967	0.156784496250163	0.41
2.273953022	0.162391359281146	0.4
2.283420782	0.166152736795165	0.39
2.396315913	0.188905369326609	0.29
2.401471639	0.188905369326609	0.29
2.416816988	0.229091530484679	0.28
2.57811595	0.208723583831133	0.15
2.63880046	0.205077008542192	0.09
2.644514931	0.216420129654961	0.08
2.64482266	0.216420129654961	0.08
2.664122924	0.218433780399959	0.06
2.669724846	0.206884228651256	0.06
2.67074212	0.226877583012683	0.06
2.671148642	0.226877583012683	0.06
2.671193019	0.226877583012683	0.06
2.671193179	0.226877583012683	0.06
2.671237545	0.226877583012683	0.06
2.671237705	0.226877583012683	0.06
2.671599646	0.226877583012683	0.06
2.671872794	0.226117511200585	0.05
2.671961685	0.226117511200585	0.05
2.672323822	0.217378527518129	0.05
2.67300408	0.218433780399959	0.05
2.673410821	0.218433780399959	0.05
2.674201502	0.218433780399959	0.05
2.674498542	0.218433780399959	0.05
2.675753192	0.216420129654961	0.05
2.675906626	0.214443265814686	0.05
2.67595059	0.214443265814686	0.05
2.677404052	0.214443265814686	0.05
2.678640892	0.206884228651256	0.05
2.679587204	0.206884228651256	0.05
2.681604422	0.226877583012683	0.05
2.684222358	0.220485254529244	0.04
2.692790444	0.207883475091851	0.03
2.697875326	0.188905369326609	0.03
2.700424629	0.187098764525275	0.03
2.716197088	0.203301088656897	0.05
2.720992773	0.187525767124094	0.05
2.721223607	0.188905369326609	0.05
2.721339166	0.216573706846935	0.06
2.721714851	0.216573706846935	0.06
2.721753239	0.216573706846935	0.06
2.722090639	0.216573706846935	0.06
2.72212898	0.216573706846935	0.06
2.722504826	0.216573706846935	0.06
2.725138453	0.201555662818393	0.06
2.725892101	0.201555662818393	0.06
2.728042156	0.201555662818393	0.06
2.728457177	0.201555662818393	0.06
2.730687704	0.206884228651256	0.06
2.733911556	0.214745044734228	0.07
2.741703646	0.214745044734228	0.08
2.742221604	0.214745044734228	0.08
2.758261585	0.201555662818393	0.09
2.784781798	0.194863713212512	0.12
2.884109016	0.206046185168776	0.22
2.893176138	0.210595938884847	0.23
2.901070252	0.183118621381964	0.23
3.017087015	0.193386943951799	0.35
3.116410384	0.196494692668477	0.45
3.153761559	0.200327167484585	0.48
3.190582361	0.214213065382317	0.52
3.194633906	0.206364638019314	0.52
3.560201153	0.223147415037372	0.890000000000001
3.561648443	0.229411340874703	0.890000000000001
3.562131134	0.253864476713476	0.890000000000001
3.563861522	0.229411340874703	0.890000000000001
3.566965252	0.248115174066354	0.890000000000001
3.567214517	0.248115174066354	0.890000000000001
3.571812505	0.245887713336937	0.890000000000001
3.572497766	0.25789265272328	0.880000000000001
3.579984214	0.221661919564619	0.880000000000001
3.62901857	0.221400161321726	0.910000000000001
3.62939674	0.221400161321726	0.910000000000001
3.629519691	0.221400161321726	0.910000000000001
3.6300627	0.221400161321726	0.910000000000001
3.630972932	0.221400161321726	0.910000000000001
3.631169027	0.225482975468812	0.910000000000001
3.631970124	0.217462572396459	0.920000000000001
3.82876748	0.224210777197582	1.11
3.963711323	0.222251455786769	1.25
4.078052931	0.261844062829417	1.36
4.442577106	0.305302521814172	1.72
4.445571488	0.257663927491558	1.73
4.452121847	0.294462924803403	1.73
4.45272527	0.305302521814172	1.73
4.459832487	0.2597371777758	1.74
4.475601202	0.25163811932406	1.76
4.478685952	0.253615160138741	1.76
4.480518943	0.253615160138741	1.76
4.492707945	0.287910299303734	1.77
4.536342962	0.293483270347497	1.81
4.537444354	0.293483270347497	1.81
4.537596069	0.293483270347497	1.81
4.550359745	0.265675267242099	1.81
4.848628454	0.265675267242099	2.11
4.895921957	0.265675267242099	2.16
5.342582978	0.290884558353303	2.19
5.343129076	0.290884558353303	2.19
5.343307119	0.290884558353303	2.19
5.346842194	0.290884558353303	2.2
5.445157132	0.301220031364958	2.23
6.232084175	0.308706612371534	2.65999999999999
6.234722781	0.318272690923631	2.65999999999999
6.244676548	0.318272690923631	2.66999999999999
6.35095118	0.328450587992573	2.77999999999998
6.358499262	0.318272690923631	2.77999999999998
7	0.295389182670006	2.92999999999998
