thrs	post_p	finalwindow
0	0.0890902276800492	0.23
0.03256001	0.087858972349296	0.2
0.082355146	0.0791121332551186	0.17
0.089689176	0.0791121332551186	0.16
0.093809574	0.0791121332551186	0.16
0.098963073	0.0736155142891915	0.16
0.106977596	0.0736155142891915	0.15
0.113424721	0.0727728191560959	0.15
0.115659216	0.0719491987521095	0.15
0.123778241	0.0711440126792924	0.16
0.127200542	0.0711440126792924	0.16
0.127695348	0.0711440126792924	0.16
0.128068503	0.0703566488893086	0.17
0.129609166	0.0762649129968554	0.17
0.129730945	0.0762649129968554	0.17
0.130460633	0.0756298047759938	0.17
0.14705261	0.0603397785444299	0.15
0.148427326	0.0703566488893086	0.15
0.148782099	0.0762649129968554	0.15
0.151339737	0.0737864007314266	0.15
0.155752372	0.0856730723696254	0.15
0.178113806	0.0722216596019512	0.12
0.178189211	0.0722216596019512	0.12
0.178358463	0.0722216596019512	0.12
0.181430774	0.0756298047759938	0.12
0.181486035	0.0756298047759938	0.12
0.186084933	0.0875796541822781	0.12
0.191788381	0.0756298047759938	0.11
0.205298456	0.0909531292068352	0.1
0.206482242	0.0902578023190151	0.1
0.222049977	0.0717461983956839	0.08
0.222622275	0.0728654979905027	0.08
0.22265244	0.0728654979905027	0.08
0.222656148	0.0728654979905027	0.08
0.222686318	0.0728654979905027	0.08
0.222716495	0.0728654979905027	0.08
0.222812147	0.0803114495708564	0.08
0.222924291	0.0876387549828165	0.08
0.226694446	0.0853914141109311	0.08
0.226728961	0.0853914141109311	0.08
0.226867021	0.0853914141109311	0.08
0.226923294	0.0853914141109311	0.08
0.226929675	0.0853914141109311	0.08
0.226957829	0.0853914141109311	0.08
0.226982815	0.0853914141109311	0.08
0.227081991	0.0861276108621143	0.08
0.227432153	0.0853914141109311	0.08
0.230426372	0.0861276108621143	0.08
0.241897099	0.0722216596019512	0.07
0.242615688	0.0722216596019512	0.07
0.242875367	0.0731917412046033	0.06
0.242941212	0.0731917412046033	0.06
0.243116147	0.0724617612182562	0.06
0.254481698	0.0710446298031484	0.06
0.256228734	0.0710446298031484	0.06
0.256259656	0.0710446298031484	0.06
0.256650521	0.0710446298031484	0.06
0.259750174	0.0696818646996108	0.06
0.263775407	0.0619569588121561	0.06
0.272151172	0.0696818646996108	0.05
0.295749179	0.057540764084798	0.07
0.296044019	0.057540764084798	0.07
0.296839561	0.0547924360435029	0.06
0.296839653	0.0547924360435029	0.06
0.296919994	0.0547924360435029	0.06
0.296960227	0.0547924360435029	0.06
0.297156652	0.0542469611709452	0.06
0.297161557	0.0542469611709452	0.06
0.297207868	0.0542469611709452	0.06
0.297242165	0.0542469611709452	0.06
0.297345093	0.0542469611709452	0.06
0.29736316	0.0542469611709452	0.06
0.298033592	0.0537122399691229	0.06
0.298062423	0.0537122399691229	0.06
0.298432807	0.0537122399691229	0.06
0.29855614	0.0537122399691229	0.06
0.298682719	0.0537122399691229	0.06
0.300128238	0.0537122399691229	0.06
0.300638986	0.0537122399691229	0.06
0.301159527	0.0521695097041283	0.06
0.302406093	0.0531879575399449	0.06
0.302443572	0.0531879575399449	0.06
0.302452098	0.0531879575399449	0.06
0.302493847	0.0531879575399449	0.06
0.302757814	0.0537122399691229	0.06
0.302844832	0.0537122399691229	0.06
0.303037639	0.0542469611709452	0.06
0.305094409	0.0542469611709452	0.06
0.306464617	0.0542469611709452	0.06
0.307314933	0.0542469611709452	0.06
0.308759935	0.0542469611709452	0.06
0.319078068	0.0615073751866323	0.07
0.320290117	0.0597724473213299	0.07
0.322066605	0.0597724473213299	0.07
0.322435043	0.0597724473213299	0.07
0.322591403	0.0597724473213299	0.07
0.323097253	0.0597724473213299	0.07
0.323537089	0.0597724473213299	0.07
0.327195424	0.0621082841205181	0.07
0.328591896	0.0621082841205181	0.07
0.330254195	0.0627210503027074	0.07
0.340262381	0.0639835864867101	0.06
0.343625259	0.0627210503027074	0.06
0.345554528	0.0639835864867101	0.05
0.350684009	0.0627210503027074	0.06
0.356206548	0.0633460281844358	0.06
0.356351443	0.0633460281844358	0.06
0.356437896	0.0627210503027074	0.06
0.357086112	0.0603397785444299	0.07
0.357959666	0.0603397785444299	0.07
0.360733393	0.0592156851341907	0.07
0.362945858	0.0592156851341907	0.07
0.363936107	0.0592156851341907	0.07
0.381649088	0.0986271338027942	0.07
0.386909127	0.101316734083766	0.06
0.389222512	0.099467294232063	0.06
0.389299853	0.099467294232063	0.06
0.389825341	0.10931111791029	0.06
0.395214438	0.10931111791029	0.06
0.403209246	0.111320962717782	0.05
0.415094538	0.121606133313906	0.04
0.416416237	0.0972689915186369	0.03
0.418471182	0.110722201060313	0.03
0.423143546	0.121298389458946	0.03
0.428769674	0.116574370387548	0.02
0.438307149	0.120204868212615	0.01
0.440249622	0.134538987454068	0.01
0.440316292	0.134538987454068	0.01
0.441750067	0.133498109892263	0.01
0.444236336	0.123347869651461	0.01
0.444499874	0.121104907500282	0.01
0.445049535	0.118238177730531	0.01
0.445156208	0.127615374853931	0.01
0.445185067	0.127615374853931	0.01
0.445185068	0.127615374853931	0.01
0.44525283	0.127615374853931	0.01
0.445252832	0.127615374853931	0.01
0.445252833	0.127615374853931	0.01
0.445252835	0.127615374853931	0.01
0.445313187	0.127615374853931	0.01
0.445313188	0.127615374853931	0.01
0.44531319	0.127615374853931	0.01
0.445373562	0.127615374853931	0.01
0.445433949	0.127615374853931	0.01
0.445494353	0.126872544937444	0.01
0.445554774	0.126872544937444	0.01
0.445578303	0.126872544937444	0.01
0.445615211	0.126872544937444	0.01
0.445653547	0.126872544937444	0.01
0.445675664	0.125412529962522	0.01
0.445736134	0.125412529962522	0.01
0.445849774	0.125412529962522	0.01
0.445857123	0.125412529962522	0.01
0.445917642	0.125412529962522	0.01
0.445970843	0.125412529962522	0.01
0.445978177	0.125412529962522	0.01
0.446038729	0.125412529962522	0.01
0.446188208	0.123284443847272	0.01
0.446341735	0.123284443847272	0.01
0.446351359	0.123284443847272	0.01
0.446395102	0.123284443847272	0.01
0.44656991	0.123284443847272	0.01
0.446633323	0.123284443847272	0.01
0.446888185	0.121905394100347	0.01
0.446967543	0.121905394100347	0.01
0.447542535	0.121905394100347	0.01
0.447876705	0.1212273743329	0.01
0.449552291	0.119237824906223	0.01
0.451750007	0.119237824906223	0.01
0.452986292	0.114212210003854	0.01
0.453102774	0.114212210003854	0.01
0.453117722	0.114212210003854	0.01
0.453607731	0.112976735768088	0.01
0.453670383	0.112976735768088	0.01
0.45367678	0.112976735768088	0.01
0.453739439	0.112976735768088	0.01
0.453802119	0.112976735768088	0.01
0.453864805	0.112976735768088	0.01
0.453864814	0.112976735768088	0.01
0.453977538	0.112976735768088	0.01
0.453990257	0.112976735768088	0.01
0.454053004	0.112976735768088	0.01
0.454131662	0.112976735768088	0.01
0.454159539	0.112976735768088	0.01
0.454228692	0.112976735768088	0.01
0.454278877	0.113591113575107	0.01
0.454297847	0.113591113575107	0.01
0.454423548	0.113591113575107	0.01
0.454543029	0.114212210003854	0.01
0.454618511	0.114212210003854	0.01
0.454637485	0.114212210003854	0.01
0.455078808	0.112976735768088	0.01
0.455439212	0.128974622232762	0.01
0.455665947	0.111892436642348	0.02
0.456133439	0.111892436642348	0.02
0.456159276	0.111892436642348	0.02
0.456880284	0.111892436642348	0.02
0.45760535	0.110755296566479	0.02
0.457901934	0.110755296566479	0.02
0.458664131	0.110755296566479	0.02
0.460382332	0.109641037007193	0.02
0.462114195	0.105554874879516	0.02
0.46331093	0.105554874879516	0.02
0.464728436	0.103978551013898	0.02
0.46499053	0.103978551013898	0.02
0.472596627	0.098580586989674	0.03
0.473676694	0.098580586989674	0.03
0.474072423	0.098580586989674	0.03
0.47699163	0.095264789662508	0.04
0.477096915	0.095264789662508	0.04
0.478419311	0.0956829914567173	0.04
0.478888149	0.0944392580490288	0.04
0.479732593	0.0944392580490288	0.04
0.479936634	0.0944392580490288	0.04
0.483988273	0.0912587980528273	0.04
0.484458594	0.0916592525689286	0.04
0.485802156	0.105094604582833	0.04
0.485999254	0.101948592664534	0.04
0.48628356	0.0894034525979362	0.04
0.486776039	0.0641449863794406	0.04
0.489107131	0.0597724473213299	0.04
0.490830832	0.0422246873390906	0.04
0.499369323	0.058000114874272	0.05
0.50407637	0.0869081033547266	0.06
0.511690912	0.042754777571535	0.06
0.514553924	0.0858808055258658	0.07
0.514645345	0.0858808055258658	0.07
0.51473946	0.0858808055258658	0.07
0.514742139	0.0858808055258658	0.07
0.514839037	0.0858808055258658	0.07
0.514971335	0.0858808055258658	0.07
0.51682809	0.057897404237472	0.07
0.518492841	0.0541122852283328	0.07
0.520735072	0.0411407691803497	0.07
0.529143364	0.0403487162552629	0.07
0.534308248	0.0410787396862731	0.07
0.534380672	0.0407104555228961	0.07
0.534453117	0.0407104555228961	0.07
0.534888196	0.0715890994507228	0.07
0.539174229	0.0820035131770987	0.07
0.544416783	0.0838973862717987	0.07
0.546060858	0.100076226087887	0.06
0.556645891	0.104892301379294	0.05
0.556807604	0.104892301379294	0.05
0.566766402	0.0982713941713507	0.06
0.572491616	0.0991655987423517	0.06
0.574371638	0.0991655987423517	0.06
0.583655412	0.106951069677006	0.06
0.586308239	0.106951069677006	0.06
0.59079165	0.104892301379294	0.06
0.591193432	0.104892301379294	0.06
0.591819223	0.104892301379294	0.06
0.593402747	0.104892301379294	0.06
0.593673806	0.104892301379294	0.06
0.593673808	0.104892301379294	0.06
0.593754277	0.104892301379294	0.06
0.59375428	0.104892301379294	0.06
0.593824895	0.104892301379294	0.06
0.594036974	0.104892301379294	0.06
0.594152812	0.104892301379294	0.06
0.594237558	0.104892301379294	0.06
0.595015574	0.100076226087887	0.07
0.596219211	0.100076226087887	0.07
0.596894832	0.100076226087887	0.07
0.597117526	0.100076226087887	0.07
0.602148457	0.111810438544797	0.07
0.602674298	0.111810438544797	0.07
0.604317115	0.106548899850133	0.07
0.604813246	0.1095139096395	0.07
0.604905308	0.111583992838024	0.07
0.60490531	0.111583992838024	0.07
0.604905312	0.111583992838024	0.07
0.604988853	0.111583992838024	0.07
0.60631275	0.111583992838024	0.07
0.607971158	0.111583992838024	0.07
0.608524688	0.111583992838024	0.07
0.608756287	0.111583992838024	0.07
0.61827716	0.11053926040859	0.07
0.624510489	0.113733843196575	0.06
0.636066531	0.11948923819177	0.05
0.637031954	0.1095139096395	0.06
0.637260654	0.1095139096395	0.06
0.638075882	0.1095139096395	0.06
0.641599528	0.1095139096395	0.06
0.64801212	0.112648661713037	0.06
0.648110758	0.112648661713037	0.06
0.648827538	0.112648661713037	0.06
0.65703705	0.116809567117749	0.07
0.659386285	0.114840135869003	0.07
0.667472678	0.11388011579449	0.08
0.667879263	0.11388011579449	0.08
0.667969788	0.11388011579449	0.08
0.669490645	0.11388011579449	0.08
0.671132308	0.114840135869003	0.08
0.678915807	0.104290038050594	0.09
0.68060848	0.104290038050594	0.09
0.680702493	0.104290038050594	0.09
0.680786967	0.104290038050594	0.09
0.690723937	0.101948592664534	0.1
0.692614054	0.105094604582833	0.1
0.696262833	0.0960663738743858	0.1
0.712354258	0.0999094155900631	0.11
0.712401774	0.0999094155900631	0.11
0.713541741	0.102717304496709	0.12
0.71365913	0.102717304496709	0.12
0.715679053	0.0933726707824265	0.12
0.719314887	0.097950214134869	0.12
0.725869057	0.0916592525689286	0.13
0.72717465	0.0942536286755729	0.13
0.735438378	0.0799259235736892	0.14
0.7500464	0.0337509315716754	0.14
0.75180067	0.0983600882766215	0.14
0.756100951	0.0975675585033242	0.14
0.762884543	0.100339485237237	0.13
0.763491091	0.104825039945414	0.13
0.765321243	0.100692659544914	0.13
0.766651587	0.0980356566886112	0.13
0.772093843	0.101379567270395	0.12
0.772264397	0.105326765890906	0.12
0.786383987	0.0986022312038158	0.11
0.793117932	0.108626256783251	0.1
0.794958533	0.106975484280075	0.1
0.812482547	0.106020138553482	0.08
0.828284953	0.101676833665823	0.07
0.849686346	0.103050312644255	0.05
0.856064956	0.107543122537513	0.04
0.864973627	0.112753620617996	0.03
0.867661243	0.106503130086427	0.03
0.870144812	0.103610150548722	0.03
0.874413626	0.114487037157314	0.02
0.875213305	0.112753620617996	0.02
0.875954975	0.108483088346085	0.02
0.87832845	0.106801338403822	0.02
0.882218863	0.118793179268282	0.01
0.88244613	0.117578983151936	0.01
0.883671839	0.121590249297066	0.01
0.885048106	0.118494727395183	0.01
0.886381245	0.11378731395237	0.01
0.889014569	0.111483644454772	0.01
0.889576687	0.110195350101219	0.01
0.889752182	0.110195350101219	0.01
0.889857915	0.110195350101219	0.01
0.890068113	0.110195350101219	0.01
0.890083013	0.110195350101219	0.01
0.890218544	0.110195350101219	0.01
0.890228158	0.110195350101219	0.01
0.890309475	0.109248501162947	0.01
0.890339212	0.109248501162947	0.01
0.890354074	0.109248501162947	0.01
0.890354075	0.109248501162947	0.01
0.890407894	0.109248501162947	0.01
0.890419078	0.109248501162947	0.01
0.890459913	0.109248501162947	0.01
0.890474761	0.109248501162947	0.01
0.890489605	0.109248501162947	0.01
0.890489606	0.109248501162947	0.01
0.890506418	0.109248501162947	0.01
0.890580647	0.109248501162947	0.01
0.890595481	0.109248501162947	0.01
0.890610311	0.109248501162947	0.01
0.89068659	0.109248501162947	0.01
0.890701414	0.108936490416592	0.01
0.890716233	0.108936490416592	0.01
0.890731049	0.108936490416592	0.01
0.890822213	0.108936490416592	0.01
0.890837018	0.108936490416592	0.01
0.890851819	0.108936490416592	0.01
0.890957836	0.108936490416592	0.01
0.890972622	0.108936490416592	0.01
0.890972623	0.108936490416592	0.01
0.891093459	0.108936490416592	0.01
0.89119957	0.108936490416592	0.01
0.891214328	0.108936490416592	0.01
0.891246709	0.108936490416592	0.01
0.891320486	0.108936490416592	0.01
0.891382479	0.108936490416592	0.01
0.891441435	0.108936490416592	0.01
0.891456164	0.108936490416592	0.01
0.891562417	0.108626256783251	0.01
0.891698132	0.108011060468373	0.01
0.892012117	0.108011060468373	0.01
0.89206133	0.108011060468373	0.01
0.89216782	0.108011060468373	0.01
0.892182462	0.108011060468373	0.01
0.892307805	0.107402793144186	0.01
0.892568748	0.107706068019503	0.01
0.89273031	0.107706068019503	0.01
0.892793389	0.107706068019503	0.01
0.892924751	0.107402793144186	0.01
0.892951888	0.106503130086427	0.01
0.892952212	0.106503130086427	0.01
0.89308003	0.106503130086427	0.01
0.893142511	0.106503130086427	0.01
0.893172464	0.105911681611383	0.01
0.893395592	0.105911681611383	0.01
0.894085351	0.105326765890906	0.01
0.894189143	0.105326765890906	0.01
0.89422449	0.105326765890906	0.01
0.894232534	0.105326765890906	0.01
0.894332391	0.105326765890906	0.01
0.894482721	0.105326765890906	0.01
0.894690708	0.10446140640656	0.01
0.894913415	0.10446140640656	0.01
0.895081202	0.105036724083388	0.01
0.895300675	0.105036724083388	0.01
0.89539422	0.105036724083388	0.01
0.895524497	0.107269331343494	0.01
0.895638516	0.107269331343494	0.01
0.895840307	0.107269331343494	0.01
0.89592425	0.107269331343494	0.01
0.896329745	0.106392593517485	0.01
0.896396617	0.106683242712104	0.01
0.89685771	0.105816020471037	0.01
0.896928207	0.105245662981625	0.01
0.897282137	0.103802397274477	0.01
0.897316929	0.10326589497004	0.01
0.89799116	0.0989009126329769	0.01
0.898155973	0.0986901789122425	0.01
0.898455429	0.0974443974591936	0.01
0.898485328	0.0974443974591936	0.01
0.898920463	0.0950448652733148	0.01
0.899310528	0.0950448652733148	0.01
0.899325427	0.0950448652733148	0.01
0.899413875	0.0957476563066996	0.01
0.900274359	0.0971260991759723	0.01
0.900307304	0.0971260991759723	0.01
0.900690942	0.0664353065998153	0.01
0.90151373	0.0626483333193589	0.01
0.901568195	0.0626483333193589	0.01
0.902291602	0.0554616630661377	0.01
0.902919093	0.0559169710214391	0.01
0.902932441	0.0561474399133643	0.01
0.903166806	0.0496466606810467	0.01
0.903876527	0.0458099981966339	0.01
0.904039961	0.0458099981966339	0.01
0.904508173	0.0476111925359541	0.01
0.904513058	0.0476111925359541	0.01
0.905424433	0.0482434845736747	0.01
0.906154318	0.0500147155076891	0.01
0.906210372	0.0497862315110426	0.01
0.906508268	0.0504780332738755	0.01
0.906922556	0.0511893317364975	0.01
0.907060652	0.0514309069503239	0.01
0.90712089	0.0514309069503239	0.01
0.907185931	0.0514309069503239	0.01
0.907198748	0.0514309069503239	0.01
0.907298438	0.0473479269398581	0.01
0.907311244	0.0473479269398581	0.01
0.907324045	0.04803086277559	0.01
0.907336843	0.04803086277559	0.01
0.907336844	0.04803086277559	0.01
0.907449378	0.04803086277559	0.01
0.90746216	0.04803086277559	0.01
0.907536422	0.04803086277559	0.01
0.9075492	0.04803086277559	0.01
0.907574745	0.04803086277559	0.01
0.907587512	0.04803086277559	0.01
0.907700146	0.04803086277559	0.01
0.907712898	0.04803086277559	0.01
0.907951053	0.04803086277559	0.01
0.907963774	0.04803086277559	0.01
0.908076559	0.0482629072106266	0.01
0.908189407	0.0487337879585687	0.01
0.908202099	0.0487337879585687	0.01
0.908214789	0.0487337879585687	0.01
0.908453284	0.0484972046143222	0.01
0.908566283	0.0489726908617973	0.01
0.908578929	0.0489726908617973	0.01
0.908691978	0.0489726908617973	0.01
0.908816452	0.0489726908617973	0.01
0.908830322	0.0489726908617973	0.01
0.909270732	0.04803086277559	0.01
0.909308419	0.04803086277559	0.01
0.909346075	0.0487337879585687	0.01
0.90938549	0.0487337879585687	0.01
0.909409249	0.0487337879585687	0.01
0.909446878	0.0489726908617973	0.01
0.909896599	0.0487337879585687	0.01
0.910014581	0.0484972046143222	0.01
0.910051995	0.0484972046143222	0.01
0.910267	0.0484972046143222	0.01
0.910467776	0.0492139476049043	0.01
0.910628128	0.0492139476049043	0.01
0.911062134	0.0494575931476495	0.01
0.91113001	0.0494575931476495	0.01
0.911351929	0.0494575931476495	0.01
0.911383512	0.0487337879585687	0.01
0.911518912	0.0489726908617973	0.01
0.911632099	0.0494575931476495	0.01
0.911747931	0.0494575931476495	0.01
0.911776598	0.0494575931476495	0.01
0.912015459	0.0494575931476495	0.01
0.912488931	0.049703663145544	0.01
0.912707801	0.049703663145544	0.01
0.912811242	0.0576461211357594	0.01
0.912967277	0.0587944142830165	0.01
0.913630289	0.0587944142830165	0.01
0.914696902	0.0630319900788042	0.01
0.914870556	0.0630319900788042	0.01
0.914983658	0.0630319900788042	0.01
0.915026039	0.0630319900788042	0.01
0.916024822	0.058503073439088	0.01
0.916163647	0.0587944142830165	0.01
0.916912552	0.0602957556049857	0.01
0.918238351	0.0644798576226911	0.02
0.918837351	0.0647502825940812	0.02
0.919120121	0.0650229854135111	0.02
0.919655338	0.0661371606388689	0.02
0.920002472	0.0661371606388689	0.02
0.921364075	0.0672901845434353	0.02
0.922071236	0.0681816853920266	0.02
0.922455062	0.0690971256839566	0.02
0.922763582	0.0690971256839566	0.02
0.922787758	0.0690971256839566	0.02
0.923268187	0.0706787372134034	0.02
0.923473233	0.0706787372134034	0.02
0.924160807	0.071662942577309	0.02
0.924412009	0.071662942577309	0.02
0.924507726	0.071662942577309	0.02
0.924627878	0.07267494524963	0.02
0.925553967	0.0686936134464884	0.02
0.927872541	0.0755598895509134	0.02
0.93220206	0.058828880558138	0.03
0.933174706	0.0609179826358871	0.03
0.93534835	0.0623951463305894	0.03
0.938446291	0.0450524892140021	0.03
0.942896738	0.0471987925201558	0.03
0.948845214	0.0507129261390756	0.03
0.949342587	0.051674773082845	0.03
0.950306111	0.0526738111612874	0.03
0.951999424	0.0542469611709452	0.03
0.953473419	0.0507129261390756	0.04
0.954119877	0.0515351385914195	0.04
0.954191796	0.0515351385914195	0.04
0.955603107	0.0537122399691229	0.04
0.955985355	0.0537122399691229	0.04
0.956018846	0.0537122399691229	0.04
0.956549025	0.0546354699054635	0.04
0.956780018	0.0546354699054635	0.04
0.95679317	0.0546354699054635	0.04
0.957077957	0.0555909926813489	0.04
0.957486775	0.0555909926813489	0.04
0.958321379	0.0560813980280219	0.04
0.959031973	0.0576059396548717	0.04
0.959642592	0.0586691993665689	0.04
0.960819071	0.0597724473213299	0.04
0.960911853	0.0597724473213299	0.04
0.966980912	0.0555909926813489	0.05
0.966986309	0.0555909926813489	0.05
0.967139043	0.0555909926813489	0.05
0.967297223	0.0555909926813489	0.05
0.967297226	0.0555909926813489	0.05
0.967302571	0.0555909926813489	0.05
0.967302572	0.0555909926813489	0.05
0.967460779	0.0555909926813489	0.05
0.96746078	0.0555909926813489	0.05
0.967608447	0.0555909926813489	0.05
0.96761904	0.0555909926813489	0.05
0.967619041	0.0555909926813489	0.05
0.968083686	0.0555909926813489	0.05
0.968088909	0.0555909926813489	0.05
0.968237002	0.0555909926813489	0.05
0.969035555	0.0576059396548717	0.05
0.969666194	0.0592156851341907	0.05
0.970292984	0.0586691993665689	0.05
0.970442597	0.0586691993665689	0.05
0.973457204	0.0451645145145515	0.05
0.973766743	0.045618242816917	0.05
0.97801719	0.0483505029602248	0.06
0.978183481	0.0483505029602248	0.06
0.985118954	0.0162440643211024	0.05
0.9860103	0.015958620902233	0.05
1.019804062	0.0280230521747187	0.07
1.021711423	0.0282409054211879	0.07
1.022530753	0.0284621724203958	0.07
1.023898132	0.029147277649611	0.07
1.027042278	0.0328357158079089	0.07
1.027349785	0.0334402430743808	0.07
1.028094642	0.0337509315716754	0.07
1.029078227	0.035395189700268	0.07
1.029271857	0.035395189700268	0.07
1.029659545	0.036098642718687	0.07
1.030020301	0.036098642718687	0.07
1.030392053	0.036098642718687	0.07
1.030397618	0.036098642718687	0.07
1.031531241	0.0282409054211879	0.08
1.0327094	0.0284621724203958	0.08
1.034014818	0.0280230521747187	0.08
1.034376329	0.0280230521747187	0.08
1.034854243	0.0280230521747187	0.08
1.035677928	0.0356033299629648	0.08
1.036124234	0.0364609599223669	0.08
1.038905957	0.0379860013940159	0.08
1.043349328	0.0399933489528201	0.08
1.048661279	0.0353263493638505	0.09
1.049025044	0.0353263493638505	0.09
1.054783865	0.037056042313023	0.09
1.068168044	0.0345206755074584	0.11
1.06860264	0.0353263493638505	0.11
1.070020858	0.0364609599223669	0.11
1.076612069	0.037056042313023	0.11
1.088407982	0.0442836070267508	0.12
1.088762574	0.0434364053002752	0.12
1.113082372	0.0451645145145515	0.13
1.113233383	0.0451645145145515	0.13
1.11414031	0.0451645145145515	0.13
1.115076799	0.0451645145145515	0.13
1.116382888	0.0407104555228961	0.14
1.127882011	0.0357434554483714	0.12
1.134317617	0.0347186289628028	0.12
1.136767134	0.0347186289628028	0.12
1.137302108	0.0347186289628028	0.12
1.187305519	0.0476111925359541	0.15
1.18762744	0.0467934754302276	0.15
1.192075895	0.045618242816917	0.15
1.208724051	0.0347186289628028	0.13
1.208769953	0.0347186289628028	0.13
1.209215802	0.0347186289628028	0.13
1.209825949	0.0347186289628028	0.13
1.210085375	0.0343899558564756	0.13
1.210771389	0.0343899558564756	0.13
1.21086869	0.0343899558564756	0.13
1.212614931	0.03313522238397	0.13
1.22465873	0.0347186289628028	0.12
1.226416878	0.0347186289628028	0.12
1.245566855	0.0476111925359541	0.12
1.246668032	0.0463950603470687	0.12
1.248955951	0.0476111925359541	0.12
1.252855937	0.0526738111612874	0.11
1.268447511	0.0502453063368428	0.1
1.270060331	0.0493354695643607	0.1
1.270253663	0.0488927967296495	0.1
1.275739262	0.0502453063368428	0.09
1.285172518	0.0547924360435029	0.08
1.289511656	0.0576059396548717	0.09
1.293113698	0.0576059396548717	0.09
1.297280078	0.0547924360435029	0.08
1.33510162	0.0710446298031484	0.09
1.335508208	0.0710446298031484	0.09
1.335711503	0.0717461983956839	0.09
1.33638917	0.0717461983956839	0.09
1.336595099	0.0717461983956839	0.09
1.336979907	0.0690199011354566	0.1
1.337117106	0.0690199011354566	0.1
1.337161305	0.0690199011354566	0.1
1.337524247	0.0690199011354566	0.1
1.337777279	0.0690199011354566	0.1
1.337887386	0.0690199011354566	0.1
1.338686534	0.0690199011354566	0.1
1.340005107	0.0690199011354566	0.1
1.342315002	0.0683703962552007	0.1
1.342368518	0.0683703962552007	0.1
1.346883901	0.0710446298031484	0.1
1.350085516	0.0710446298031484	0.1
1.360774481	0.0683703962552007	0.1
1.360981621	0.0683703962552007	0.1
1.36116959	0.0683703962552007	0.1
1.361338457	0.0683703962552007	0.1
1.36135761	0.0683703962552007	0.1
1.361545683	0.0683703962552007	0.1
1.362110213	0.0683703962552007	0.1
1.362279458	0.0683703962552007	0.1
1.364721715	0.0683703962552007	0.1
1.365659238	0.0683703962552007	0.1
1.369707356	0.0710446298031484	0.1
1.370127164	0.0724617612182562	0.1
1.373967278	0.0683703962552007	0.11
1.377139612	0.0735209189576671	0.11
1.377274175	0.0735209189576671	0.11
1.377544294	0.0735209189576671	0.11
1.384187356	0.0724617612182562	0.1
1.385801753	0.0784611966425206	0.11
1.418305639	0.0824169474295302	0.09
1.430594094	0.0709675237653572	0.1
1.436494579	0.0709675237653572	0.11
1.440102642	0.0709675237653572	0.11
1.448119954	0.0703566488893086	0.12
1.450674974	0.0697562008493242	0.12
1.450928234	0.0697562008493242	0.12
1.454856842	0.0697562008493242	0.12
1.45657643	0.0697562008493242	0.13
1.484067531	0.0680148148019867	0.15
1.484117024	0.0680148148019867	0.15
1.485393153	0.0685855353633934	0.15
1.485917469	0.0799970377772155	0.15
1.488337206	0.0680148148019867	0.16
1.494140559	0.0658238555793935	0.16
1.502972103	0.0658238555793935	0.17
1.506038743	0.076983217023879	0.17
1.511734415	0.0658238555793935	0.18
1.511964569	0.0658238555793935	0.18
1.512194724	0.0658238555793935	0.18
1.512821455	0.0658238555793935	0.18
1.513239565	0.0658238555793935	0.18
1.515375804	0.0663582547046562	0.18
1.516740221	0.0542469611709452	0.18
1.519065464	0.0658238555793935	0.19
1.523536021	0.0658238555793935	0.19
1.561070241	0.133301670862065	0.22
1.56916589	0.143117298474461	0.22
1.595407686	0.136400120117304	0.19
1.595579044	0.135551840744947	0.19
1.611568792	0.137692634712944	0.17
1.652341299	0.161054234226415	0.14
1.718627381	0.191020824208717	0.07
1.730827961	0.186494714007891	0.06
1.745720251	0.181812194548529	0.04
1.758275756	0.200765742502526	0.03
1.768990518	0.20423882041717	0.02
1.77492366	0.195419867074787	0.01
1.777374698	0.207834176270798	0.01
1.778615293	0.20602081352137	0.01
1.77861633	0.20602081352137	0.01
1.780115455	0.199073124831121	0.01
1.780627841	0.199073124831121	0.01
1.780657571	0.199073124831121	0.01
1.780657572	0.199073124831121	0.01
1.780839524	0.197408808827071	0.01
1.780928629	0.197408808827071	0.01
1.78092863	0.197408808827071	0.01
1.781081012	0.197408808827071	0.01
1.781170031	0.197408808827071	0.01
1.781170032	0.197408808827071	0.01
1.781411498	0.197408808827071	0.01
1.781411499	0.197408808827071	0.01
1.781623424	0.197408808827071	0.01
1.781653031	0.197408808827071	0.01
1.7818108	0.197408808827071	0.01
1.781835463	0.197408808827071	0.01
1.781894629	0.197408808827071	0.01
1.782136292	0.194162289182164	0.01
1.782136293	0.194162289182164	0.01
1.782378022	0.194162289182164	0.01
1.782590324	0.194162289182164	0.01
1.782619816	0.194162289182164	0.01
1.783044725	0.194162289182164	0.01
1.783103602	0.194162289182164	0.01
1.783345594	0.194162289182164	0.01
1.783587651	0.194162289182164	0.01
1.783829774	0.194162289182164	0.01
1.784314217	0.194162289182164	0.01
1.78446873	0.194162289182164	0.01
1.784506241	0.194162289182164	0.01
1.784933025	0.19577209054221	0.01
1.785009515	0.19577209054221	0.01
1.785497332	0.200135501568739	0.01
1.785988286	0.198515243450034	0.01
1.786357195	0.198515243450034	0.01
1.787927091	0.189487906504453	0.01
1.78918715	0.194162289182164	0.01
1.789358594	0.194162289182164	0.01
1.789747139	0.18797939587392	0.01
1.790095821	0.18797939587392	0.01
1.790737455	0.19622762957486	0.01
1.79204453	0.186389562208924	0.02
1.794856772	0.167392836798936	0.02
1.795060195	0.162237119699733	0.02
1.795172249	0.158335714286353	0.02
1.795643534	0.151941526469061	0.02
1.796669094	0.145238363224735	0.02
1.799436111	0.14134116937698	0.02
1.801889818	0.0768516115928975	0.02
1.808733518	0.138348121549127	0.03
1.809599251	0.138348121549127	0.03
1.812688451	0.0826252318043059	0.03
1.813240824	0.084548267692126	0.03
1.813716026	0.0886759926631924	0.03
1.813793197	0.0886759926631924	0.03
1.814069384	0.0894034525979362	0.03
1.814345569	0.0839561429119516	0.03
1.814621757	0.078915721011942	0.03
1.814846808	0.078915721011942	0.03
1.814872379	0.078915721011942	0.03
1.815123071	0.0803114495708564	0.03
1.815288509	0.0803114495708564	0.03
1.815322808	0.0803114495708564	0.03
1.815373832	0.0803114495708564	0.03
1.815875562	0.0810279930077164	0.03
1.816101116	0.0581327081051609	0.03
1.816374833	0.0586691993665689	0.03
1.81637757	0.0586691993665689	0.03
1.816628678	0.0581327081051609	0.03
1.816879855	0.0581327081051609	0.03
1.817399416	0.0581327081051609	0.03
1.818036082	0.0586691993665689	0.03
1.819217405	0.0597724473213299	0.03
1.819410514	0.0609179826358871	0.03
1.819581019	0.0609179826358871	0.03
1.820606159	0.0621082841205181	0.03
1.82134289	0.0627210503027074	0.03
1.823267442	0.0639835864867101	0.03
1.823345161	0.0639835864867101	0.03
1.824280416	0.0639835864867101	0.03
1.824985083	0.0769107783104379	0.04
1.828939845	0.0570886320800117	0.04
1.830016016	0.0597724473213299	0.04
1.835137623	0.0537122399691229	0.04
1.836263396	0.0547924360435029	0.04
1.83758722	0.0526738111612874	0.04
1.837659261	0.0526738111612874	0.04
1.839735229	0.0547924360435029	0.04
1.842215909	0.0581327081051609	0.05
1.846490238	0.051674773082845	0.05
1.860668056	0.0542469611709452	0.06
1.872927722	0.0497862315110426	0.07
1.876458705	0.0484579971995313	0.07
1.877534086	0.0484579971995313	0.07
1.919145255	0.0488927967296495	0.11
1.933588634	0.0418356662870666	0.12
1.934242286	0.0430248452935215	0.12
1.93486401	0.0452395080695006	0.13
1.937910579	0.0452395080695006	0.13
1.938309591	0.0452395080695006	0.13
1.938319698	0.0452395080695006	0.13
1.939501786	0.0463950603470687	0.13
1.945075766	0.0507129261390756	0.14
1.956133657	0.0507129261390756	0.15
1.959079535	0.0519563244725318	0.15
2.039242563	0.0679634017471458	0.23
2.045755957	0.0748677817466439	0.23
2.057670659	0.0824169474295302	0.24
2.058810915	0.0661629267350412	0.25
2.060706206	0.0605120839936608	0.25
2.077371996	0.0815942061030674	0.26
2.077653506	0.0824169474295302	0.26
2.07768814	0.0824169474295302	0.26
2.080200147	0.0605120839936608	0.27
2.112854786	0.0601115585830151	0.3
2.116340052	0.0728654979905027	0.3
2.119081815	0.0703566488893086	0.3
2.122322709	0.0585611103921935	0.31
2.130868897	0.0585611103921935	0.32
2.175983465	0.0715890994507228	0.36
2.21647999	0.0741882378942536	0.4
2.22342495	0.05971630041034	0.41
2.225736601	0.0691659149457383	0.41
2.22607531	0.0703566488893086	0.41
2.226678687	0.0741882378942536	0.41
2.226980498	0.0762649129968554	0.41
2.230993963	0.0731917412046033	0.41
2.244892022	0.116766035397467	0.43
2.268175967	0.134538987454068	0.41
2.273953022	0.142960848055949	0.4
2.279085054	0.14591597751211	0.4
2.36737444	0.17211395845631	0.31
2.396315913	0.199838944838905	0.3
2.401471639	0.192503983387933	0.29
2.416816988	0.201857930522398	0.29
2.57811595	0.17109003279368	0.15
2.634889835	0.17954614585461	0.09
2.63880046	0.17109003279368	0.09
2.644514931	0.17954614585461	0.08
2.669724846	0.172716928056995	0.06
2.67074212	0.186762909266347	0.06
2.670831293	0.186762909266347	0.06
2.671148642	0.186762909266347	0.06
2.671237545	0.186762909266347	0.06
2.671237705	0.186762909266347	0.06
2.671599486	0.186762909266347	0.06
2.671599646	0.186762909266347	0.06
2.671872794	0.186762909266347	0.06
2.671961685	0.186762909266347	0.06
2.672323822	0.173848010763067	0.05
2.672686057	0.181338676165034	0.05
2.67300408	0.181338676165034	0.05
2.673366554	0.181338676165034	0.05
2.673410821	0.181338676165034	0.05
2.674498542	0.181338676165034	0.05
2.674640938	0.181338676165034	0.05
2.674817434	0.181338676165034	0.05
2.675753192	0.17954614585461	0.05
2.675906626	0.177788706940956	0.05
2.67595059	0.177788706940956	0.05
2.679543675	0.172716928056995	0.05
2.679587204	0.172716928056995	0.05
2.68050645	0.172716928056995	0.05
2.684222358	0.200339895407969	0.05
2.690797174	0.170414157226798	0.04
2.690995907	0.170414157226798	0.04
2.692790444	0.170414157226798	0.04
2.697875326	0.181511261821124	0.04
2.703341222	0.17326612396234	0.04
2.716197088	0.170174065397782	0.05
2.721223607	0.167926488697335	0.05
2.721339166	0.170174065397782	0.06
2.721753239	0.170174065397782	0.06
2.722090639	0.170174065397782	0.06
2.72212898	0.170174065397782	0.06
2.722504826	0.170174065397782	0.06
2.725138453	0.170174065397782	0.06
2.725892101	0.170174065397782	0.06
2.727362573	0.170174065397782	0.06
2.728042156	0.170174065397782	0.06
2.730687704	0.171706175478898	0.06
2.733911556	0.167190431926176	0.07
2.734951629	0.167190431926176	0.07
2.741703646	0.165737507901241	0.08
2.742221604	0.165737507901241	0.08
2.744776734	0.165737507901241	0.08
2.758261585	0.165737507901241	0.09
2.795646082	0.162906123145542	0.13
2.814579483	0.162906123145542	0.15
2.870516676	0.162906123145542	0.2
2.884109016	0.16152640109142	0.22
3.017087015	0.167254180613551	0.35
3.116410384	0.17326612396234	0.45
3.153761559	0.162464570880963	0.48
3.190582361	0.150714018183821	0.47
3.194633906	0.149256985249789	0.48
3.479484296	0.162395070816924	0.76
3.557717034	0.162395070816924	0.840000000000001
3.561529658	0.164545889293027	0.840000000000001
3.561648443	0.164545889293027	0.840000000000001
3.562131134	0.160880973108081	0.850000000000001
3.565454716	0.160880973108081	0.850000000000001
3.566965252	0.162395070816924	0.850000000000001
3.568359469	0.162395070816924	0.850000000000001
3.571210711	0.162395070816924	0.850000000000001
3.572123566	0.160880973108081	0.860000000000001
3.579984214	0.162395070816924	0.860000000000001
3.62901857	0.164132860759222	0.910000000000001
3.62939674	0.164132860759222	0.910000000000001
3.629519691	0.164132860759222	0.910000000000001
3.6300627	0.164132860759222	0.910000000000001
3.630972932	0.164132860759222	0.910000000000001
3.631023885	0.164132860759222	0.910000000000001
3.631169027	0.164132860759222	0.910000000000001
3.639968026	0.203918128459776	0.910000000000001
3.778072999	0.203918128459776	1.05
3.82876748	0.223239113927843	1.1
3.963711323	0.209114589262931	1.23
4.452121847	0.251441376746302	1.64
4.45272527	0.251441376746302	1.64
4.453328856	0.251441376746302	1.64
4.453932605	0.251441376746302	1.64
4.459832487	0.251441376746302	1.65
4.492707945	0.251441376746302	1.68
4.536342962	0.258348116401065	1.7
4.536969429	0.258348116401065	1.7
4.537444354	0.258348116401065	1.7
4.537596069	0.258348116401065	1.7
4.848628454	0.26099977357491	1.97
4.895921957	0.26099977357491	2.02
5.341769851	0.26646980825933	2.03
5.342582978	0.26646980825933	2.03
5.343307119	0.26646980825933	2.03
5.445157132	0.26646980825933	1.97
6.2338777	0.232378481797469	2.60999999999999
6.234722781	0.232378481797469	2.60999999999999
7	0.273551875060415	3.36999999999997
