thrs	post_p	finalwindow
0	0.101449275362319	0.23
0.03256001	0.0985915492957746	0.2
0.070216248	0.0985915492957746	0.17
0.082355146	0.0921052631578947	0.17
0.093809574	0.0813953488372093	0.17
0.098963073	0.0833333333333333	0.16
0.103967892	0.0813953488372093	0.16
0.106977596	0.0813953488372093	0.16
0.113424721	0.0804597701149425	0.16
0.127695348	0.0840336134453782	0.17
0.129609166	0.111111111111111	0.17
0.129730945	0.111111111111111	0.17
0.130460633	0.109375	0.17
0.148447444	0.0901639344262295	0.15
0.151339737	0.108527131782946	0.15
0.155752372	0.119496855345912	0.15
0.161204767	0.108527131782946	0.14
0.172569069	0.128378378378378	0.13
0.178062567	0.0840336134453782	0.12
0.178140913	0.0840336134453782	0.12
0.178358463	0.0840336134453782	0.12
0.181430774	0.110236220472441	0.12
0.181486006	0.110236220472441	0.12
0.181486035	0.110236220472441	0.12
0.186084933	0.121019108280255	0.12
0.191788381	0.112903225806452	0.11
0.205298456	0.131034482758621	0.1
0.206482242	0.131034482758621	0.1
0.222049977	0.10377358490566	0.08
0.22265244	0.125984251968504	0.08
0.222656148	0.125984251968504	0.08
0.222686318	0.125984251968504	0.08
0.222924291	0.124031007751938	0.08
0.223196808	0.120300751879699	0.08
0.226728961	0.117647058823529	0.08
0.226867021	0.117647058823529	0.08
0.226929675	0.117647058823529	0.08
0.227081991	0.117647058823529	0.08
0.227177477	0.117647058823529	0.08
0.230426372	0.0792079207920792	0.07
0.241897099	0.0984848484848485	0.07
0.242615688	0.117117117117117	0.06
0.243116147	0.111111111111111	0.06
0.254481698	0.114035087719298	0.05
0.256228734	0.114035087719298	0.05
0.256259656	0.114035087719298	0.05
0.256650521	0.117117117117117	0.05
0.259750174	0.115044247787611	0.05
0.263775407	0.115044247787611	0.05
0.272151172	0.115044247787611	0.05
0.295749179	0.116504854368932	0.04
0.296044019	0.116504854368932	0.04
0.296839561	0.109090909090909	0.05
0.296839653	0.109090909090909	0.05
0.296874128	0.109090909090909	0.05
0.296879772	0.109090909090909	0.05
0.296960227	0.109090909090909	0.05
0.297161557	0.109090909090909	0.05
0.297207868	0.109090909090909	0.05
0.29723727	0.109090909090909	0.05
0.297242165	0.109090909090909	0.05
0.297345093	0.109090909090909	0.05
0.29736316	0.109090909090909	0.05
0.297631463	0.109090909090909	0.05
0.298033592	0.109090909090909	0.05
0.298432807	0.109090909090909	0.05
0.299120783	0.109090909090909	0.05
0.29926506	0.109090909090909	0.05
0.299931082	0.109090909090909	0.05
0.300128238	0.109090909090909	0.05
0.301159527	0.107142857142857	0.05
0.302397905	0.104347826086957	0.05
0.30240618	0.104347826086957	0.05
0.302443572	0.104347826086957	0.05
0.302452098	0.104347826086957	0.05
0.302453753	0.104347826086957	0.05
0.302531356	0.104347826086957	0.05
0.302694303	0.104347826086957	0.05
0.303037639	0.104347826086957	0.05
0.303062807	0.104347826086957	0.05
0.303998368	0.104347826086957	0.05
0.304168238	0.104347826086957	0.05
0.305094409	0.106194690265487	0.05
0.307314933	0.12	0.04
0.308759935	0.12	0.04
0.319078068	0.107142857142857	0.04
0.320290117	0.107142857142857	0.04
0.322435043	0.115384615384615	0.03
0.322777267	0.115384615384615	0.03
0.323097253	0.115384615384615	0.03
0.323165924	0.115384615384615	0.03
0.323537089	0.115384615384615	0.03
0.323808824	0.115384615384615	0.03
0.328591896	0.101694915254237	0.04
0.333944256	0.0983606557377049	0.04
0.334029253	0.0983606557377049	0.04
0.338071632	0.1171875	0.05
0.340262381	0.116279069767442	0.05
0.343706753	0.116279069767442	0.05
0.345554528	0.115384615384615	0.05
0.350684009	0.113636363636364	0.06
0.351815198	0.112781954887218	0.06
0.356200611	0.112781954887218	0.06
0.356206548	0.112781954887218	0.06
0.356437896	0.112781954887218	0.06
0.356490553	0.112781954887218	0.06
0.360733393	0.107142857142857	0.07
0.362945858	0.107142857142857	0.07
0.366130409	0.108695652173913	0.07
0.367161303	0.125	0.07
0.37384574	0.0756013745704467	0.08
0.381649088	0.0520833333333333	0.07
0.386863037	0.0538922155688623	0.06
0.387745392	0.0581395348837209	0.06
0.389299853	0.0571428571428571	0.06
0.395214438	0.0434782608695652	0.06
0.398731854	0.0609756097560976	0.05
0.411578949	0.0675675675675676	0.04
0.412388288	0.0671140939597315	0.04
0.415772448	0.0169491525423729	0.03
0.419019267	0.0514705882352941	0.03
0.423143546	0.0503597122302158	0.03
0.428769674	0.0534351145038168	0.02
0.438307149	0.0564516129032258	0.01
0.438815006	0.0564516129032258	0.01
0.440249622	0.0555555555555556	0.01
0.440316292	0.0555555555555556	0.01
0.444499874	0.0395480225988701	0.01
0.444770984	0.0388888888888889	0.01
0.445049535	0.0388888888888889	0.01
0.445117302	0.0388888888888889	0.01
0.445185067	0.0380434782608696	0.01
0.445185068	0.0380434782608696	0.01
0.445252832	0.0380434782608696	0.01
0.445252833	0.0380434782608696	0.01
0.445252835	0.0380434782608696	0.01
0.445305777	0.0380434782608696	0.01
0.445313188	0.0380434782608696	0.01
0.44531319	0.0380434782608696	0.01
0.445373562	0.0380434782608696	0.01
0.445419149	0.0380434782608696	0.01
0.445433949	0.0380434782608696	0.01
0.445494353	0.0376344086021505	0.01
0.445540001	0.0376344086021505	0.01
0.445554774	0.037037037037037	0.01
0.445615211	0.037037037037037	0.01
0.445653547	0.037037037037037	0.01
0.445675664	0.0364583333333333	0.01
0.445691925	0.0364583333333333	0.01
0.445736134	0.0364583333333333	0.01
0.445970843	0.0360824742268041	0.01
0.445978177	0.0360824742268041	0.01
0.446319857	0.0355329949238579	0.01
0.446341735	0.0355329949238579	0.01
0.446351359	0.0355329949238579	0.01
0.446465528	0.0355329949238579	0.01
0.446772341	0.0355329949238579	0.01
0.446888185	0.0353535353535354	0.01
0.446967543	0.0353535353535354	0.01
0.447533088	0.0353535353535354	0.01
0.447542535	0.0353535353535354	0.01
0.447876705	0.0353535353535354	0.01
0.447928306	0.0353535353535354	0.01
0.448791313	0.0353535353535354	0.01
0.449051315	0.0358974358974359	0.01
0.449715173	0.0358974358974359	0.01
0.451750007	0.0358974358974359	0.01
0.452986292	0.0355329949238579	0.01
0.453607731	0.0355329949238579	0.01
0.453670383	0.0355329949238579	0.01
0.45367678	0.0355329949238579	0.01
0.453739439	0.0355329949238579	0.01
0.453782962	0.0355329949238579	0.01
0.453789353	0.0355329949238579	0.01
0.453864805	0.0355329949238579	0.01
0.453864814	0.0355329949238579	0.01
0.453927527	0.0355329949238579	0.01
0.453977538	0.0355329949238579	0.01
0.453990257	0.0355329949238579	0.01
0.454159539	0.0355329949238579	0.01
0.454266222	0.0355329949238579	0.01
0.454278877	0.0355329949238579	0.01
0.454291524	0.0355329949238579	0.01
0.454297847	0.0355329949238579	0.01
0.454379121	0.0355329949238579	0.01
0.454423548	0.0355329949238579	0.01
0.454618511	0.0358974358974359	0.01
0.454637485	0.0358974358974359	0.01
0.455180191	0.0366492146596859	0.01
0.455439212	0.0416666666666667	0.01
0.455550168	0.043859649122807	0.01
0.455665947	0.0476190476190476	0.01
0.455804735	0.0495049504950495	0.01
0.456159276	0.0336538461538462	0.02
0.456880284	0.0336538461538462	0.02
0.458022431	0.0333333333333333	0.02
0.460382332	0.0333333333333333	0.02
0.462114195	0.0333333333333333	0.02
0.464728436	0.0327102803738318	0.02
0.472596627	0	0.02
0.473676694	0.0315315315315315	0.03
0.474072423	0.0315315315315315	0.03
0.47699163	0	0.03
0.477096915	0	0.03
0.478409458	0	0.03
0.478419311	0	0.03
0.479732593	0	0.03
0.479936634	0	0.03
0.483511101	0	0.03
0.483988273	0.029045643153527	0.04
0.484458594	0.029045643153527	0.04
0.484927676	0.0294117647058824	0.04
0.48628356	0.0357142857142857	0.04
0.486776039	0.00763358778625954	0.04
0.489107131	0	0.04
0.489424331	0	0.04
0.50407637	0.0196078431372549	0.05
0.508934563	0.0132450331125828	0.06
0.514553924	0.0198019801980198	0.06
0.514645345	0.032967032967033	0.07
0.51473946	0.032967032967033	0.07
0.514742139	0.032967032967033	0.07
0.514839037	0.0330882352941176	0.07
0.514971335	0.0330882352941176	0.07
0.515124567	0.0335820895522388	0.07
0.516063638	0.0402298850574713	0.07
0.51682809	0.0180722891566265	0.07
0.518492841	0.0125786163522013	0.07
0.520735072	0.0128205128205128	0.07
0.529143364	0.0327868852459016	0.07
0.534226929	0.0388349514563107	0.06
0.534308248	0.0388349514563107	0.06
0.534380672	0.0384615384615385	0.06
0.534453117	0.0384615384615385	0.06
0.534888196	0.0384615384615385	0.06
0.536755919	0.0363636363636364	0.06
0.543234343	0.0373831775700935	0.06
0.544416783	0.0392156862745098	0.06
0.55657045	0.0530973451327434	0.05
0.556807604	0.0530973451327434	0.05
0.562444529	0.0535714285714286	0.05
0.566766402	0.058252427184466	0.05
0.568776608	0.06	0.05
0.572491616	0.0521739130434783	0.06
0.574371638	0.0521739130434783	0.06
0.579525048	0.0530973451327434	0.06
0.583655412	0.0535714285714286	0.06
0.586308239	0.0535714285714286	0.06
0.591819223	0.0396039603960396	0.05
0.593673806	0.0526315789473684	0.06
0.593673808	0.0526315789473684	0.06
0.593754277	0.0526315789473684	0.06
0.593754278	0.0526315789473684	0.06
0.59375428	0.0526315789473684	0.06
0.593834769	0.0526315789473684	0.06
0.593915284	0.0526315789473684	0.06
0.594152812	0.0526315789473684	0.06
0.594318181	0.0363636363636364	0.06
0.595015574	0.0373831775700935	0.06
0.595196772	0.0373831775700935	0.06
0.596219211	0.0373831775700935	0.06
0.597117526	0.0377358490566038	0.06
0.602148457	0.0373831775700935	0.06
0.604813246	0.043859649122807	0.07
0.604905308	0.0442477876106195	0.07
0.604905312	0.0442477876106195	0.07
0.604988853	0.0442477876106195	0.07
0.605716504	0.0442477876106195	0.07
0.605724938	0.0442477876106195	0.07
0.60631275	0.0442477876106195	0.07
0.606404306	0.0442477876106195	0.07
0.608756287	0.04	0.06
0.61827716	0.0471698113207547	0.07
0.630942519	0.0480769230769231	0.07
0.635412418	0.0485436893203883	0.07
0.636066531	0.0485436893203883	0.07
0.636422142	0.0485436893203883	0.07
0.637031954	0.0495049504950495	0.07
0.637260654	0.0495049504950495	0.07
0.637881775	0.0495049504950495	0.07
0.638075882	0.0495049504950495	0.07
0.641599528	0.0526315789473684	0.08
0.646569798	0.0588235294117647	0.07
0.648110758	0.0576923076923077	0.07
0.648827538	0.0576923076923077	0.07
0.65703705	0.0576923076923077	0.07
0.659386285	0.0576923076923077	0.07
0.667879263	0.0555555555555556	0.08
0.669490645	0.0555555555555556	0.08
0.671132308	0.0545454545454545	0.08
0.680410924	0.0508474576271186	0.09
0.680589305	0.0508474576271186	0.09
0.68060848	0.0508474576271186	0.09
0.692614054	0.0573770491803279	0.1
0.712401774	0.0522388059701493	0.12
0.715653707	0.0490196078431373	0.12
0.715679053	0.0490196078431373	0.12
0.717816093	0.0510948905109489	0.13
0.719314887	0.0510948905109489	0.13
0.725609694	0.0490196078431373	0.13
0.726772429	0.0495049504950495	0.13
0.735438378	0.0458715596330275	0.14
0.742183791	0.0471698113207547	0.14
0.7500464	0.029126213592233	0.14
0.75180067	0.0782608695652174	0.14
0.763387603	0.0897097625329815	0.13
0.763491091	0.0897097625329815	0.13
0.765321243	0.086734693877551	0.13
0.7676628	0.09	0.13
0.772093843	0.0798816568047337	0.12
0.772264397	0.0843023255813953	0.12
0.778829055	0.0902255639097744	0.12
0.779184816	0.09	0.12
0.779976345	0.09	0.12
0.793117932	0.0867052023121387	0.1
0.794958533	0.0916666666666667	0.1
0.797194853	0.0877659574468085	0.1
0.799403767	0.0895140664961637	0.1
0.812482547	0.0828220858895705	0.08
0.817085993	0.0883977900552486	0.08
0.861362559	0.0833333333333333	0.03
0.861783488	0.0895522388059701	0.03
0.866065884	0.0950920245398773	0.03
0.867661243	0.0985074626865672	0.03
0.874413626	0.0987261146496815	0.02
0.875213305	0.0971786833855799	0.02
0.875954975	0.0950920245398773	0.02
0.880342154	0.094017094017094	0.02
0.882485476	0.0899653979238754	0.01
0.883236842	0.0966666666666667	0.01
0.883671839	0.102649006622517	0.01
0.885048106	0.1	0.01
0.886381245	0.096875	0.01
0.887670141	0.100917431192661	0.01
0.888469193	0.0990990990990991	0.01
0.888863234	0.0982142857142857	0.01
0.889209764	0.0979228486646884	0.01
0.889576687	0.0976331360946746	0.01
0.889752182	0.0976331360946746	0.01
0.889857915	0.0976331360946746	0.01
0.890068113	0.0973451327433628	0.01
0.890083013	0.0973451327433628	0.01
0.890218543	0.0967741935483871	0.01
0.890218544	0.0967741935483871	0.01
0.890309475	0.0962099125364431	0.01
0.890339212	0.0962099125364431	0.01
0.890354074	0.0967741935483871	0.01
0.890354075	0.0967741935483871	0.01
0.890407894	0.0967741935483871	0.01
0.890459913	0.0967741935483871	0.01
0.890474761	0.0967741935483871	0.01
0.890489605	0.0967741935483871	0.01
0.890489606	0.0967741935483871	0.01
0.890506418	0.0967741935483871	0.01
0.890595481	0.0967741935483871	0.01
0.89061031	0.0967741935483871	0.01
0.890610311	0.0967741935483871	0.01
0.89068659	0.0967741935483871	0.01
0.890716233	0.0959302325581395	0.01
0.890731049	0.0959302325581395	0.01
0.890737499	0.0959302325581395	0.01
0.890822213	0.0959302325581395	0.01
0.890837018	0.0959302325581395	0.01
0.890851819	0.0959302325581395	0.01
0.890957836	0.0959302325581395	0.01
0.890972623	0.0959302325581395	0.01
0.891093459	0.0956521739130435	0.01
0.89119957	0.0956521739130435	0.01
0.891214328	0.0956521739130435	0.01
0.891246709	0.0956521739130435	0.01
0.891320486	0.0956521739130435	0.01
0.891382479	0.0956521739130435	0.01
0.891441435	0.0956521739130435	0.01
0.891456164	0.0956521739130435	0.01
0.89149835	0.0956521739130435	0.01
0.891521465	0.0953757225433526	0.01
0.891562417	0.0953757225433526	0.01
0.891686849	0.0951008645533141	0.01
0.891698132	0.0951008645533141	0.01
0.891793338	0.0951008645533141	0.01
0.891881522	0.0951008645533141	0.01
0.892012117	0.0948275862068965	0.01
0.892017347	0.0948275862068965	0.01
0.89206133	0.0948275862068965	0.01
0.892182462	0.0942857142857143	0.01
0.892215798	0.0942857142857143	0.01
0.892245091	0.0942857142857143	0.01
0.89229733	0.0942857142857143	0.01
0.892307805	0.0942857142857143	0.01
0.892546055	0.0945558739255014	0.01
0.89273031	0.0945558739255014	0.01
0.892924751	0.0971428571428571	0.01
0.892951888	0.0968660968660969	0.01
0.892952212	0.0968660968660969	0.01
0.893016766	0.0968660968660969	0.01
0.893142511	0.0968660968660969	0.01
0.893172464	0.0965909090909091	0.01
0.893352088	0.0971428571428571	0.01
0.894085351	0.0955056179775281	0.01
0.89422449	0.0952380952380952	0.01
0.894232534	0.0952380952380952	0.01
0.894332391	0.0952380952380952	0.01
0.894511483	0.0947075208913649	0.01
0.894970751	0.0947075208913649	0.01
0.895081202	0.0952380952380952	0.01
0.895086463	0.0952380952380952	0.01
0.89539422	0.0952380952380952	0.01
0.895524497	0.0977653631284916	0.01
0.895638516	0.0974930362116992	0.01
0.895840307	0.0974930362116992	0.01
0.896329745	0.0969529085872576	0.01
0.89685771	0.0961538461538462	0.01
0.896928207	0.0958904109589041	0.01
0.897131294	0.0951086956521739	0.01
0.897197773	0.0945945945945946	0.01
0.897282137	0.0930851063829787	0.01
0.897316929	0.0928381962864721	0.01
0.89799116	0.0927601809954751	0.01
0.898155973	0.0925507900677201	0.01
0.898455429	0.0915178571428571	0.01
0.898485328	0.0919282511210762	0.01
0.898662437	0.0915178571428571	0.01
0.89889623	0.0909090909090909	0.01
0.899310528	0.0887445887445888	0.01
0.900031532	0.0899581589958159	0.01
0.900113547	0.0903361344537815	0.01
0.900307304	0.090146750524109	0.01
0.900690942	0.0816993464052288	0.01
0.901007608	0.0861423220973783	0.01
0.90151373	0.078125	0.01
0.901568195	0.078740157480315	0.01
0.901947653	0.0816326530612245	0.01
0.902162268	0.0847457627118644	0.01
0.902860993	0.0739130434782609	0.01
0.902932441	0.074235807860262	0.01
0.903166806	0.0711111111111111	0.01
0.903685884	0.0580357142857143	0.01
0.903876527	0.0575221238938053	0.01
0.904220945	0.0575221238938053	0.01
0.904508173	0.0593607305936073	0.01
0.905424433	0.0590909090909091	0.01
0.905541598	0.0596330275229358	0.01
0.906197141	0.0596330275229358	0.01
0.906210372	0.0596330275229358	0.01
0.906508268	0.0601851851851852	0.01
0.906786831	0.0596330275229358	0.01
0.906922556	0.0593607305936073	0.01
0.906983581	0.0596330275229358	0.01
0.907060652	0.0596330275229358	0.01
0.907185931	0.0599078341013825	0.01
0.907198748	0.0601851851851852	0.01
0.907298438	0.0511627906976744	0.01
0.907336843	0.0514018691588785	0.01
0.907336844	0.0514018691588785	0.01
0.907436592	0.0514018691588785	0.01
0.907449378	0.0514018691588785	0.01
0.90746216	0.0514018691588785	0.01
0.9075492	0.0514018691588785	0.01
0.907574745	0.0514018691588785	0.01
0.907587512	0.0514018691588785	0.01
0.907674633	0.0514018691588785	0.01
0.907700146	0.0514018691588785	0.01
0.907712898	0.0514018691588785	0.01
0.907951053	0.0514018691588785	0.01
0.907963773	0.0514018691588785	0.01
0.907963774	0.0514018691588785	0.01
0.908151307	0.0521327014218009	0.01
0.908189407	0.0523809523809524	0.01
0.908202099	0.0523809523809524	0.01
0.908214789	0.0523809523809524	0.01
0.908289632	0.0516431924882629	0.01
0.908453284	0.0516431924882629	0.01
0.908566283	0.0523809523809524	0.01
0.908691978	0.0526315789473684	0.01
0.908729307	0.0526315789473684	0.01
0.908816452	0.0526315789473684	0.01
0.908943472	0.0521327014218009	0.01
0.908956071	0.0521327014218009	0.01
0.909094444	0.0521327014218009	0.01
0.909183517	0.0518867924528302	0.01
0.909207673	0.0518867924528302	0.01
0.909270732	0.0518867924528302	0.01
0.909346075	0.0521327014218009	0.01
0.90938549	0.0521327014218009	0.01
0.909409249	0.0521327014218009	0.01
0.909434338	0.0521327014218009	0.01
0.909446878	0.0521327014218009	0.01
0.909620416	0.0521327014218009	0.01
0.909642167	0.0521327014218009	0.01
0.909838426	0.0518867924528302	0.01
0.909896599	0.0518867924528302	0.01
0.909914657	0.0518867924528302	0.01
0.910014581	0.0518867924528302	0.01
0.910051995	0.0521327014218009	0.01
0.910204731	0.0526315789473684	0.01
0.910267	0.0526315789473684	0.01
0.911062134	0.0541871921182266	0.01
0.91113001	0.0541871921182266	0.01
0.911404622	0.053921568627451	0.01
0.911518912	0.0541871921182266	0.01
0.911632099	0.0544554455445545	0.01
0.912015459	0.0544554455445545	0.01
0.912488931	0.0541871921182266	0.01
0.912630246	0.053921568627451	0.01
0.912707801	0.053921568627451	0.01
0.912776305	0.0536585365853659	0.01
0.912811242	0.0536585365853659	0.01
0.912967277	0.0492610837438424	0.01
0.913139907	0.0492610837438424	0.01
0.913244462	0.0495049504950495	0.01
0.913630289	0.0492610837438424	0.01
0.913751419	0.0497512437810945	0.01
0.914018042	0.0510204081632653	0.01
0.914870556	0.0603015075376884	0.01
0.914968567	0.0603015075376884	0.01
0.914983658	0.0603015075376884	0.01
0.915026039	0.0603015075376884	0.01
0.915269563	0.0603015075376884	0.01
0.915559183	0.0558375634517767	0.01
0.916024822	0.0558375634517767	0.01
0.916163647	0.0558375634517767	0.01
0.916688985	0.0561224489795918	0.01
0.916912552	0.0569948186528497	0.01
0.917248255	0.0607734806629834	0.01
0.918238351	0.0446428571428571	0.01
0.918456927	0.0454545454545455	0.01
0.918816837	0.0480769230769231	0.01
0.918837351	0.0480769230769231	0.01
0.919120121	0.0583333333333333	0.02
0.919822583	0.0585774058577406	0.02
0.921364075	0.0606060606060606	0.02
0.921783065	0.0611353711790393	0.02
0.922071236	0.0614035087719298	0.02
0.922455062	0.0619469026548673	0.02
0.922504312	0.0619469026548673	0.02
0.922763582	0.0619469026548673	0.02
0.923473233	0.0582959641255605	0.02
0.924160807	0.0601851851851852	0.02
0.924412009	0.0604651162790698	0.02
0.924507726	0.0604651162790698	0.02
0.924627878	0.0610328638497653	0.02
0.926193857	0.0568720379146919	0.02
0.927872541	0.075187969924812	0.02
0.929379518	0.06	0.02
0.933174706	0.0513833992094862	0.03
0.934071327	0.0528455284552846	0.03
0.934700606	0.0530612244897959	0.03
0.938770844	0.0342857142857143	0.03
0.941112169	0.028169014084507	0.03
0.948845214	0.0297029702970297	0.03
0.949342587	0.03	0.03
0.950306111	0.0266666666666667	0.04
0.951999424	0.020979020979021	0.04
0.953473419	0.0229007633587786	0.04
0.954191796	0.0236220472440945	0.04
0.955985355	0.0252100840336134	0.04
0.956018846	0.0252100840336134	0.04
0.956296714	0.0258620689655172	0.04
0.956549025	0.0258620689655172	0.04
0.956766863	0.0263157894736842	0.04
0.956780018	0.0263157894736842	0.04
0.95679317	0.0263157894736842	0.04
0.957016096	0.0267857142857143	0.04
0.957077957	0.0267857142857143	0.04
0.958321379	0.0277777777777778	0.04
0.959031973	0.0288461538461538	0.04
0.959665139	0.029126213592233	0.04
0.959857154	0.0294117647058824	0.04
0.960911853	0.0294117647058824	0.04
0.964446178	0.0236220472440945	0.05
0.964458654	0.0236220472440945	0.05
0.966653906	0.0258620689655172	0.05
0.966980911	0.0267857142857143	0.05
0.966980912	0.0267857142857143	0.05
0.966986309	0.0267857142857143	0.05
0.967139043	0.0267857142857143	0.05
0.967144414	0.0267857142857143	0.05
0.967297223	0.027027027027027	0.05
0.967302571	0.027027027027027	0.05
0.967302572	0.027027027027027	0.05
0.967460779	0.027027027027027	0.05
0.967608447	0.027027027027027	0.05
0.96761904	0.027027027027027	0.05
0.967619041	0.027027027027027	0.05
0.967935716	0.027027027027027	0.05
0.968088909	0.027027027027027	0.05
0.968861479	0.0288461538461538	0.05
0.969035555	0.0288461538461538	0.05
0.969666194	0.029126213592233	0.05
0.970292984	0.029126213592233	0.05
0.970442597	0.029126213592233	0.05
0.973457204	0.024390243902439	0.06
0.978183481	0.0266666666666667	0.06
0.981915796	0.0181818181818182	0.05
0.985118954	0.0087719298245614	0.05
1.019804062	0.0373831775700935	0.06
1.022530753	0.0388349514563107	0.06
1.023898132	0.0388349514563107	0.06
1.027042278	0.0350877192982456	0.07
1.027349785	0.0353982300884956	0.07
1.028094642	0.0353982300884956	0.07
1.029078227	0.036697247706422	0.07
1.029271857	0.036697247706422	0.07
1.030020301	0.0377358490566038	0.07
1.030392053	0.0377358490566038	0.07
1.030397618	0.0377358490566038	0.07
1.030958443	0.0384615384615385	0.07
1.031531241	0.0384615384615385	0.07
1.031720423	0.0384615384615385	0.07
1.032104884	0.0384615384615385	0.07
1.0327094	0.0384615384615385	0.07
1.033463082	0.0384615384615385	0.07
1.034014818	0.0384615384615385	0.07
1.034376329	0.0384615384615385	0.07
1.034854243	0.0392156862745098	0.07
1.035677928	0.0392156862745098	0.07
1.036124234	0.0392156862745098	0.07
1.038905957	0.0336134453781513	0.08
1.039046839	0.0338983050847458	0.08
1.048661279	0.032258064516129	0.09
1.054783865	0.0344827586206897	0.09
1.058571278	0.032258064516129	0.1
1.067971123	0.031496062992126	0.11
1.068168044	0.031496062992126	0.11
1.068277144	0.031496062992126	0.11
1.06860264	0.032258064516129	0.11
1.068892568	0.032258064516129	0.11
1.070020858	0.0333333333333333	0.11
1.091073782	0.0865384615384615	0.12
1.112743253	0.0865384615384615	0.12
1.113082372	0.0865384615384615	0.12
1.113233383	0.0865384615384615	0.12
1.11414031	0.0865384615384615	0.12
1.125633627	0.0865384615384615	0.11
1.13205703	0.087378640776699	0.11
1.133642817	0.0882352941176471	0.11
1.133988353	0.0891089108910891	0.11
1.183360064	0.0617283950617284	0.16
1.187305519	0.076271186440678	0.15
1.187446683	0.076271186440678	0.15
1.18762744	0.0756302521008403	0.15
1.192009701	0.0737704918032787	0.15
1.208724051	0.0594059405940594	0.13
1.208769953	0.0594059405940594	0.13
1.209215802	0.0594059405940594	0.13
1.209825949	0.0594059405940594	0.13
1.210085375	0.0576923076923077	0.13
1.210771389	0.0576923076923077	0.13
1.21086869	0.0576923076923077	0.13
1.212614931	0.0566037735849057	0.13
1.22465873	0.0555555555555556	0.12
1.225416562	0.0555555555555556	0.12
1.226416878	0.0555555555555556	0.12
1.243346642	0.0782608695652174	0.12
1.245566855	0.0769230769230769	0.12
1.246668032	0.0775862068965517	0.12
1.248955951	0.076271186440678	0.12
1.265568721	0.0803571428571429	0.1
1.270060331	0.0769230769230769	0.1
1.270253663	0.0756302521008403	0.1
1.275739262	0.0818181818181818	0.09
1.278899002	0.05	0.09
1.285172518	0.0377358490566038	0.09
1.289511656	0.036036036036036	0.09
1.302603198	0.0396039603960396	0.08
1.303502827	0.0396039603960396	0.08
1.325958837	0.0576923076923077	0.1
1.335485912	0.06	0.09
1.335508208	0.06	0.09
1.335711503	0.0594059405940594	0.1
1.335892556	0.0594059405940594	0.1
1.336051433	0.0594059405940594	0.1
1.336595099	0.0588235294117647	0.1
1.336979907	0.0588235294117647	0.1
1.337529375	0.0588235294117647	0.1
1.337887386	0.0588235294117647	0.1
1.340005107	0.0588235294117647	0.1
1.342315002	0.0588235294117647	0.1
1.342368518	0.0588235294117647	0.1
1.343443085	0.0594059405940594	0.1
1.350085516	0.0648148148148148	0.11
1.360774481	0.0693069306930693	0.1
1.360981621	0.0693069306930693	0.1
1.36116959	0.0693069306930693	0.1
1.361338457	0.0693069306930693	0.1
1.361545683	0.0693069306930693	0.1
1.361952473	0.0693069306930693	0.1
1.362110213	0.0693069306930693	0.1
1.364721715	0.0693069306930693	0.1
1.368578346	0.0693069306930693	0.11
1.369707356	0.0693069306930693	0.11
1.370127164	0.0693069306930693	0.11
1.373967278	0.0693069306930693	0.11
1.377139612	0.0849056603773585	0.11
1.377274175	0.0849056603773585	0.11
1.379222918	0.0849056603773585	0.11
1.384187356	0.0857142857142857	0.11
1.38563755	0.0857142857142857	0.11
1.418305639	0.0841121495327103	0.1
1.436494579	0.0810810810810811	0.11
1.450462129	0.0756302521008403	0.12
1.450928234	0.0756302521008403	0.12
1.454003033	0.0756302521008403	0.12
1.45657643	0.0756302521008403	0.13
1.484117024	0.0743801652892562	0.15
1.485393153	0.0743801652892562	0.15
1.485917469	0.0737704918032787	0.16
1.494140559	0.0731707317073171	0.16
1.506038743	0.09	0.17
1.511734415	0.0731707317073171	0.18
1.512194724	0.0731707317073171	0.18
1.512403577	0.0731707317073171	0.18
1.513239565	0.0731707317073171	0.18
1.516740221	0.0731707317073171	0.19
1.517647523	0.0725806451612903	0.19
1.519065464	0.0725806451612903	0.19
1.523536021	0.0725806451612903	0.19
1.558319819	0.14468085106383	0.23
1.558531046	0.14468085106383	0.23
1.55916507	0.0891089108910891	0.22
1.561070241	0.136363636363636	0.22
1.56916589	0.16751269035533	0.22
1.595407686	0.167741935483871	0.19
1.611568792	0.166666666666667	0.17
1.652341299	0.171428571428571	0.13
1.707257935	0.221238938053097	0.08
1.718627381	0.219298245614035	0.07
1.75282717	0.208333333333333	0.04
1.768990518	0.225225225225225	0.02
1.77492366	0.23	0.01
1.777374698	0.233644859813084	0.01
1.77861633	0.231481481481481	0.01
1.780657571	0.223214285714286	0.01
1.780657572	0.223214285714286	0.01
1.780839524	0.217391304347826	0.01
1.780928629	0.217391304347826	0.01
1.78092863	0.217391304347826	0.01
1.781140367	0.217391304347826	0.01
1.781170031	0.217391304347826	0.01
1.781170032	0.217391304347826	0.01
1.781381862	0.217391304347826	0.01
1.781411498	0.217391304347826	0.01
1.781411499	0.217391304347826	0.01
1.781623424	0.217391304347826	0.01
1.781653031	0.217391304347826	0.01
1.781894629	0.217391304347826	0.01
1.782136292	0.217391304347826	0.01
1.782136293	0.217391304347826	0.01
1.782378022	0.21551724137931	0.01
1.782531315	0.21551724137931	0.01
1.782619816	0.21551724137931	0.01
1.783044725	0.21551724137931	0.01
1.783286774	0.21551724137931	0.01
1.783587651	0.21551724137931	0.01
1.784013316	0.21551724137931	0.01
1.784314217	0.21551724137931	0.01
1.784506241	0.21551724137931	0.01
1.784933025	0.219298245614035	0.01
1.785497332	0.219298245614035	0.01
1.785988286	0.213675213675214	0.01
1.788266632	0.201680672268908	0.01
1.788872102	0.205128205128205	0.01
1.789358594	0.205128205128205	0.01
1.789747139	0.205128205128205	0.01
1.790095821	0.205128205128205	0.01
1.790737455	0.208695652173913	0.01
1.792147241	0.203252032520325	0.02
1.795643534	0.146892655367232	0.02
1.796669094	0.139784946236559	0.02
1.796696941	0.139784946236559	0.02
1.808733518	0.135922330097087	0.03
1.812688451	0.0916666666666667	0.03
1.813215031	0.092436974789916	0.03
1.813716026	0.0775862068965517	0.03
1.813793197	0.0775862068965517	0.03
1.814069384	0.0775862068965517	0.03
1.814345569	0.0614035087719298	0.03
1.814596154	0.0530973451327434	0.03
1.814621756	0.0530973451327434	0.03
1.814621757	0.0530973451327434	0.03
1.814846808	0.0530973451327434	0.03
1.814872379	0.0530973451327434	0.03
1.815039963	0.0540540540540541	0.03
1.815123071	0.0540540540540541	0.03
1.815373832	0.0540540540540541	0.03
1.815624663	0.0555555555555556	0.03
1.816101116	0.0377358490566038	0.03
1.816374833	0.0377358490566038	0.03
1.816377569	0.0377358490566038	0.03
1.816628678	0.0373831775700935	0.03
1.817382419	0.0373831775700935	0.03
1.817633804	0.0373831775700935	0.03
1.818036082	0.0373831775700935	0.03
1.818363245	0.0377358490566038	0.03
1.819217405	0.0384615384615385	0.03
1.819410514	0.0388349514563107	0.03
1.819581019	0.0388349514563107	0.03
1.82134289	0.116564417177914	0.04
1.824280416	0.0756302521008403	0.04
1.824759677	0.0517241379310345	0.04
1.824985083	0.0526315789473684	0.04
1.829051906	0.0377358490566038	0.04
1.835137623	0.0388349514563107	0.04
1.836263396	0.04	0.04
1.83758722	0.04	0.04
1.837659261	0.04	0.04
1.844053766	0.04	0.04
1.846490238	0.04	0.04
1.860668056	0.0384615384615385	0.06
1.872927722	0.0392156862745098	0.06
1.876458705	0.0350877192982456	0.07
1.877534086	0.0350877192982456	0.07
1.917919203	0.0338983050847458	0.11
1.919145255	0.0341880341880342	0.11
1.932723098	0.0413223140495868	0.12
1.933588634	0.0420168067226891	0.12
1.93486401	0.0378787878787879	0.13
1.937910579	0.037593984962406	0.13
1.938309591	0.037593984962406	0.13
1.939501786	0.0378787878787879	0.13
1.940502926	0.0378787878787879	0.13
1.95745413	0.0364963503649635	0.15
1.961031557	0.0367647058823529	0.15
2.03833515	0.0529801324503311	0.23
2.039242563	0.0533333333333333	0.23
2.045755957	0.0526315789473684	0.24
2.04617014	0.0526315789473684	0.24
2.049316864	0.0526315789473684	0.24
2.057190684	0.0522875816993464	0.25
2.057670659	0.0522875816993464	0.25
2.058434493	0.0522875816993464	0.25
2.058810915	0.0526315789473684	0.25
2.060706206	0.0526315789473684	0.25
2.067556414	0.0522875816993464	0.26
2.077653506	0.0522875816993464	0.27
2.07768814	0.0522875816993464	0.27
2.077935092	0.0522875816993464	0.27
2.079378601	0.0526315789473684	0.27
2.114638141	0.0583333333333333	0.3
2.116340052	0.0509554140127389	0.31
2.117539144	0.0509554140127389	0.31
2.119081815	0.0512820512820513	0.31
2.130868897	0.0512820512820513	0.32
2.21647999	0.050314465408805	0.41
2.22342495	0.051948051948052	0.41
2.22607531	0.0673076923076923	0.41
2.226678687	0.0542168674698795	0.42
2.268175967	0.186046511627907	0.41
2.273953022	0.172413793103448	0.4
2.287430653	0.2	0.39
2.36737444	0.240384615384615	0.32
2.396315913	0.274509803921569	0.32
2.57811595	0.281553398058252	0.15
2.634889835	0.295238095238095	0.1
2.63880046	0.281553398058252	0.09
2.644514931	0.295238095238095	0.09
2.65353762	0.288461538461538	0.08
2.669724846	0.287128712871287	0.06
2.670697515	0.294117647058824	0.06
2.67074212	0.294117647058824	0.06
2.670831293	0.294117647058824	0.06
2.671193019	0.294117647058824	0.06
2.671193179	0.294117647058824	0.06
2.671237705	0.294117647058824	0.06
2.671599486	0.294117647058824	0.06
2.671599646	0.294117647058824	0.06
2.671961685	0.294117647058824	0.06
2.672323822	0.294117647058824	0.06
2.672686057	0.294117647058824	0.06
2.67300408	0.294117647058824	0.06
2.673366554	0.294117647058824	0.06
2.673410821	0.294117647058824	0.06
2.674201502	0.300970873786408	0.06
2.674498542	0.300970873786408	0.06
2.674817434	0.300970873786408	0.06
2.67498819	0.295238095238095	0.06
2.677404052	0.295238095238095	0.06
2.678640892	0.287128712871287	0.05
2.679543675	0.287128712871287	0.05
2.679587204	0.287128712871287	0.05
2.68050645	0.287128712871287	0.05
2.684222358	0.300970873786408	0.05
2.690995907	0.281818181818182	0.06
2.692790444	0.300970873786408	0.05
2.697875326	0.29126213592233	0.05
2.700424629	0.29126213592233	0.05
2.721339166	0.283018867924528	0.06
2.721753239	0.283018867924528	0.06
2.722090639	0.283018867924528	0.06
2.72212898	0.283018867924528	0.06
2.722504826	0.283018867924528	0.06
2.725892101	0.283018867924528	0.06
2.727362573	0.283018867924528	0.06
2.728042156	0.283018867924528	0.06
2.730687704	0.285714285714286	0.06
2.733911556	0.280373831775701	0.07
2.734951629	0.280373831775701	0.07
2.741703646	0.280373831775701	0.08
2.742221604	0.280373831775701	0.08
2.744776734	0.280373831775701	0.08
2.758261585	0.280373831775701	0.09
2.767264537	0.280373831775701	0.1
2.795646082	0.258620689655172	0.13
2.870516676	0.260869565217391	0.2
2.884109016	0.256410256410256	0.22
2.885327778	0.256410256410256	0.22
2.893176138	0.264462809917355	0.23
2.901070252	0.264957264957265	0.23
3.091199805	0.26271186440678	0.42
3.116410384	0.270833333333333	0.45
3.116832706	0.270833333333333	0.45
3.194633906	0.217821782178218	0.5
3.479484296	0.227722772277228	0.76
3.557717034	0.227722772277228	0.840000000000001
3.560201153	0.227722772277228	0.840000000000001
3.561529658	0.227722772277228	0.850000000000001
3.561648443	0.227722772277228	0.850000000000001
3.563861522	0.227722772277228	0.850000000000001
3.565454716	0.227722772277228	0.850000000000001
3.566965252	0.227722772277228	0.850000000000001
3.568359469	0.227722772277228	0.850000000000001
3.571812505	0.227722772277228	0.860000000000001
3.572123566	0.227722772277228	0.860000000000001
3.572497766	0.227722772277228	0.860000000000001
3.575584373	0.227722772277228	0.860000000000001
3.579984214	0.227722772277228	0.860000000000001
3.62901857	0.235294117647059	0.910000000000001
3.62939674	0.235294117647059	0.910000000000001
3.629519691	0.235294117647059	0.910000000000001
3.6300627	0.235294117647059	0.910000000000001
3.630972932	0.235294117647059	0.910000000000001
3.631169027	0.235294117647059	0.910000000000001
3.639968026	0.231404958677686	0.920000000000001
3.707141358	0.231404958677686	0.990000000000001
3.963711323	0.245098039215686	1.24
4.442577106	0.29	1.7
4.445571488	0.278846153846154	1.71
4.452121847	0.281553398058252	1.71
4.45272527	0.29	1.71
4.453328856	0.29	1.71
4.459832487	0.278846153846154	1.72
4.475601202	0.278846153846154	1.74
4.537444354	0.32	1.71
4.537596069	0.32	1.71
4.550359745	0.32	1.7
4.848628454	0.316831683168317	1.98
4.895921957	0.316831683168317	2.03
5.341769851	0.351648351648352	2.23
5.342582978	0.351648351648352	2.23
5.343129076	0.351648351648352	2.23
5.343307119	0.351648351648352	2.23
5.346842194	0.351648351648352	2.24
5.443653327	0.348837209302326	2.17
6.2338777	0.369230769230769	2.66999999999999
6.234722781	0.369230769230769	2.66999999999999
6.244676548	0.369230769230769	2.67999999999999
6.35095118	0.3625	2.78999999999998
7	0.296296296296296	3.37999999999997
