thrs	post_p	finalwindow
0	0.112781419662894	0.23
0.070216248	0.112781419662894	0.16
0.082355146	0.100271086268073	0.17
0.089689176	0.100271086268073	0.16
0.098963073	0.0990502861805378	0.16
0.103967892	0.0978588549993705	0.16
0.106977596	0.0978588549993705	0.17
0.113424721	0.0955599597590181	0.18
0.123778241	0.0930107876226462	0.18
0.127200542	0.0820649073724208	0.17
0.127695348	0.0796544369453134	0.17
0.128068503	0.0796544369453134	0.17
0.129609166	0.0862202396018311	0.17
0.129730945	0.0862202396018311	0.17
0.130460633	0.0846258197807435	0.17
0.14705261	0.0876654677220154	0.16
0.148447444	0.0887277962321933	0.15
0.148782099	0.0862202396018311	0.15
0.151339737	0.0838505207735311	0.15
0.161204767	0.0838505207735311	0.14
0.172569069	0.0930107876226462	0.13
0.178062567	0.0796544369453134	0.12
0.178113806	0.0796544369453134	0.12
0.178140913	0.0796544369453134	0.12
0.178189211	0.0796544369453134	0.12
0.181486006	0.0838505207735311	0.12
0.181824923	0.0838505207735311	0.12
0.191788381	0.0846258197807435	0.11
0.194681585	0.0930107876226462	0.11
0.205298456	0.0944505460490263	0.1
0.222049977	0.0846258197807435	0.09
0.222656148	0.0923072441381289	0.08
0.222686318	0.0923072441381289	0.08
0.222812147	0.0923072441381289	0.08
0.222924291	0.0923072441381289	0.08
0.223196808	0.0923072441381289	0.08
0.226728961	0.0860580990880887	0.08
0.226867021	0.0860580990880887	0.08
0.226923294	0.0860580990880887	0.08
0.226929675	0.0860580990880887	0.08
0.226982815	0.0860580990880887	0.08
0.227177477	0.0875396953015922	0.08
0.227432153	0.0867925747431423	0.08
0.230426372	0.0706606232799991	0.08
0.241897099	0.0719097553780006	0.07
0.24235868	0.0719097553780006	0.07
0.242615688	0.0732038463429472	0.07
0.242875367	0.0732038463429472	0.07
0.243116147	0.0732038463429472	0.07
0.249436037	0.0498088120957636	0.07
0.256259656	0.0457733397584935	0.07
0.263775407	0.0483868504791934	0.06
0.287097646	0.0403277940635623	0.07
0.296834617	0.0441823956147599	0.07
0.296839561	0.0441823956147599	0.07
0.296879772	0.0449637990824516	0.07
0.29691506	0.0449637990824516	0.07
0.296960227	0.0366242580919727	0.07
0.297156652	0.0406501979073432	0.06
0.297207868	0.0406501979073432	0.06
0.297242165	0.0406501979073432	0.06
0.297345093	0.0406501979073432	0.06
0.298432807	0.0402479905967844	0.06
0.298682719	0.0402479905967844	0.06
0.299931082	0.0402479905967844	0.06
0.300128238	0.0402479905967844	0.06
0.300638986	0.0402479905967844	0.06
0.302443572	0.0379925225634308	0.07
0.302452098	0.0379925225634308	0.07
0.302453753	0.0379925225634308	0.07
0.302493847	0.0379925225634308	0.07
0.302531356	0.0379925225634308	0.07
0.302535608	0.0379925225634308	0.07
0.303998368	0.0376409605680487	0.07
0.304168238	0.0376409605680487	0.07
0.305094409	0.0376409605680487	0.07
0.306047128	0.0376409605680487	0.07
0.306464617	0.0376409605680487	0.07
0.307314933	0.0376409605680487	0.07
0.308759935	0.0406501979073432	0.06
0.319078068	0.0493256288190452	0.07
0.320290117	0.0483868504791934	0.07
0.322066605	0.0503015553392818	0.06
0.322591403	0.0503015553392818	0.06
0.323097253	0.0503015553392818	0.06
0.323165924	0.0503015553392818	0.06
0.323537089	0.0503015553392818	0.06
0.323808824	0.0508041451058373	0.06
0.324596864	0.0508041451058373	0.06
0.327195424	0.0508041451058373	0.06
0.328591896	0.0508041451058373	0.06
0.330254195	0.0493256288190452	0.06
0.333944256	0.0508041451058373	0.05
0.343706753	0.0503015553392818	0.05
0.345554528	0.0503015553392818	0.05
0.350684009	0.0488517299653118	0.06
0.351815198	0.0479307352994221	0.06
0.356206548	0.0470438248103937	0.06
0.356437896	0.0466125652771675	0.06
0.356490553	0.0466125652771675	0.06
0.357086112	0.0445696726854365	0.07
0.357959666	0.0453649581312335	0.07
0.362945858	0.0449637990824516	0.07
0.363236679	0.0449637990824516	0.07
0.366130409	0.0449637990824516	0.07
0.367663989	0.0719471634791509	0.08
0.37384574	0.0858685366397673	0.08
0.381649088	0.0698670834238097	0.07
0.382008897	0.0694997877404435	0.07
0.389222512	0.0754494237409351	0.06
0.389299853	0.0754494237409351	0.06
0.403209246	0.0776656528806366	0.05
0.411578949	0.0880058890918739	0.04
0.415094538	0.0969383072572288	0.04
0.415772448	0.0719097553780006	0.03
0.416416237	0.0714187697227223	0.03
0.418471182	0.085216768489814	0.03
0.423143546	0.0829011477320067	0.03
0.428769674	0.0882997901451835	0.02
0.438815006	0.0937251379507971	0.01
0.440249622	0.0923072441381289	0.01
0.441698853	0.0923072441381289	0.01
0.444499874	0.101522354733052	0.01
0.444770984	0.100408590853122	0.01
0.445049535	0.100408590853122	0.01
0.445117302	0.100408590853122	0.01
0.445185068	0.100408590853122	0.01
0.445245414	0.100408590853122	0.01
0.44525283	0.100408590853122	0.01
0.445252832	0.100408590853122	0.01
0.445252833	0.100408590853122	0.01
0.445252835	0.100408590853122	0.01
0.445305777	0.100408590853122	0.01
0.445313188	0.100408590853122	0.01
0.44531319	0.100408590853122	0.01
0.445373562	0.100408590853122	0.01
0.445419149	0.100408590853122	0.01
0.445494353	0.0993189991651464	0.01
0.445540001	0.0993189991651464	0.01
0.445554774	0.0982528011974674	0.01
0.445578303	0.0982528011974674	0.01
0.445615211	0.0982528011974674	0.01
0.445653547	0.0982528011974674	0.01
0.445675664	0.0982528011974674	0.01
0.445691925	0.112781419662894	0.01
0.445736134	0.112781419662894	0.01
0.445857123	0.117520812784661	0.01
0.445917642	0.117520812784661	0.01
0.445978177	0.117520812784661	0.01
0.446341735	0.116906719056015	0.01
0.446351359	0.116906719056015	0.01
0.446395102	0.116906719056015	0.01
0.446772341	0.116299009741911	0.01
0.446888185	0.115697585794048	0.01
0.446967543	0.115697585794048	0.01
0.447158639	0.115697585794048	0.01
0.447533088	0.115697585794048	0.01
0.447649603	0.115697585794048	0.01
0.447928306	0.115102350202441	0.01
0.448701687	0.115102350202441	0.01
0.448791313	0.115102350202441	0.01
0.449051315	0.116299009741911	0.01
0.451750007	0.115697585794048	0.01
0.453102774	0.113930065928242	0.01
0.453117722	0.113930065928242	0.01
0.453312195	0.113930065928242	0.01
0.453607731	0.113930065928242	0.01
0.45367678	0.113930065928242	0.01
0.453739439	0.113930065928242	0.01
0.453782962	0.113930065928242	0.01
0.453802119	0.113930065928242	0.01
0.453864814	0.113930065928242	0.01
0.453927527	0.113930065928242	0.01
0.453977538	0.113930065928242	0.01
0.453990257	0.113930065928242	0.01
0.454053004	0.113930065928242	0.01
0.454115767	0.113930065928242	0.01
0.454131662	0.113930065928242	0.01
0.454159539	0.113930065928242	0.01
0.454172215	0.113930065928242	0.01
0.454266222	0.113930065928242	0.01
0.454278877	0.113930065928242	0.01
0.454379121	0.113930065928242	0.01
0.454423548	0.113930065928242	0.01
0.454543029	0.114513207943257	0.01
0.454637485	0.114513207943257	0.01
0.455439212	0.116471995317709	0.01
0.455550168	0.119402422657851	0.01
0.455678249	0.131537127767033	0.01
0.455755613	0.136584735056848	0.01
0.456159276	0.110008643733407	0.02
0.456455968	0.110008643733407	0.02
0.456880284	0.110008643733407	0.02
0.457901934	0.107886694006946	0.02
0.459124851	0.108409469847739	0.02
0.460382332	0.107368935864594	0.02
0.462114195	0.107886694006946	0.02
0.464728436	0.105346662668868	0.02
0.473676694	0.102452162589577	0.03
0.47699163	0.100518866351448	0.03
0.478409458	0.0926896702391256	0.04
0.479732593	0.0923072441381288	0.04
0.479936634	0.0923072441381288	0.04
0.483511101	0.0930752782821886	0.04
0.483671852	0.0930752782821886	0.04
0.483988273	0.0930752782821886	0.04
0.484458594	0.0930752782821886	0.04
0.484927676	0.0942515962087447	0.04
0.485802156	0.0973569708328508	0.04
0.486776039	0.103916368425557	0.04
0.489424331	0.0890732001957637	0.04
0.50407637	0.0937251379507971	0.06
0.508934563	0.0895963780285302	0.06
0.511690912	0.0909316113891821	0.06
0.514645345	0.0895963780285302	0.07
0.51473946	0.0895963780285302	0.07
0.514742139	0.0895963780285302	0.07
0.514839037	0.0902590568370803	0.07
0.51502476	0.0902590568370803	0.07
0.516063638	0.09669574552491	0.07
0.51682809	0.094013959945986	0.07
0.518492841	0.0807080438971368	0.07
0.518564452	0.0807080438971368	0.07
0.529143364	0.0499719837059336	0.07
0.534226929	0.0470438248103937	0.06
0.534308248	0.0470438248103937	0.06
0.534453117	0.0461891407920541	0.06
0.534888196	0.0461891407920541	0.06
0.536755919	0.0534756650867894	0.06
0.539174229	0.0559263914996748	0.06
0.544416783	0.0591810271824038	0.06
0.556807604	0.105928579775804	0.05
0.559788571	0.105017000178741	0.05
0.562444529	0.106856123524534	0.05
0.566766402	0.118245459709497	0.05
0.568776608	0.12058224973549	0.05
0.572491616	0.12058224973549	0.05
0.574371638	0.12058224973549	0.05
0.57444178	0.12058224973549	0.05
0.579525048	0.10973884642742	0.06
0.583655412	0.121785625474471	0.05
0.586308239	0.10973884642742	0.06
0.591819223	0.10973884642742	0.06
0.593402747	0.10973884642742	0.06
0.593673806	0.10973884642742	0.06
0.593673808	0.10973884642742	0.06
0.593754277	0.10973884642742	0.06
0.593754278	0.10973884642742	0.06
0.59375428	0.10973884642742	0.06
0.593824895	0.10973884642742	0.06
0.593834769	0.10973884642742	0.06
0.593915284	0.10973884642742	0.06
0.594036974	0.10973884642742	0.06
0.594318181	0.094013959945986	0.06
0.595015574	0.0976239999936802	0.06
0.596219211	0.0976239999936802	0.06
0.602148457	0.0995350215816676	0.06
0.604317115	0.0995350215816676	0.06
0.604813246	0.0875396953015922	0.07
0.604905308	0.0890732001957637	0.07
0.604905312	0.0890732001957637	0.07
0.604988853	0.0890732001957637	0.07
0.605716504	0.0890732001957637	0.07
0.606051871	0.0890732001957637	0.07
0.606404306	0.0890732001957637	0.07
0.606824709	0.0898602784251419	0.07
0.607971158	0.095784977340213	0.06
0.608524688	0.095784977340213	0.06
0.61827716	0.0995350215816676	0.05
0.630942519	0.0995350215816676	0.05
0.635412418	0.100518866351448	0.05
0.636066531	0.100518866351448	0.05
0.63624959	0.100518866351448	0.05
0.636422142	0.0948912059450689	0.06
0.637260654	0.0948912059450689	0.06
0.637881775	0.094013959945986	0.06
0.646569798	0.0985702492193202	0.06
0.648110758	0.0985702492193202	0.06
0.65703705	0.0853359500105998	0.07
0.659386285	0.0846258197807435	0.07
0.667472678	0.0818996797019299	0.08
0.667879261	0.0818996797019299	0.08
0.667879263	0.0818996797019299	0.08
0.667969788	0.0818996797019299	0.08
0.678915807	0.0769424259536785	0.09
0.68060848	0.0769424259536785	0.09
0.680702493	0.0769424259536785	0.09
0.680786967	0.0769424259536785	0.09
0.689921535	0.0812453691802882	0.09
0.692614054	0.08894335902685	0.1
0.696262833	0.080442037716542	0.1
0.697379755	0.078882109293266	0.1
0.712354258	0.0752347375681778	0.11
0.7123899	0.0752347375681778	0.11
0.712401774	0.0752347375681778	0.11
0.71365913	0.0752347375681778	0.11
0.717816093	0.0745453679010767	0.12
0.719314887	0.0745453679010767	0.12
0.725609694	0.073868516801667	0.13
0.725869057	0.073868516801667	0.13
0.725979546	0.073868516801667	0.13
0.726772429	0.0745453679010767	0.13
0.72717465	0.0745453679010767	0.13
0.735438378	0.0688662280249588	0.14
0.742183791	0.0694541471340519	0.14
0.7500464	0.0186537183434797	0.14
0.756122282	0.08952718798082	0.14
0.762884543	0.0808149396150088	0.13
0.763284143	0.0960784759934141	0.13
0.765321243	0.0916504772360882	0.13
0.766651587	0.0912178002370652	0.13
0.772093843	0.0801025954150972	0.12
0.772264397	0.0843917288425419	0.12
0.778829055	0.0901537723981442	0.12
0.779184816	0.08952718798082	0.12
0.794958533	0.100728475056907	0.1
0.797194853	0.09669574552491	0.1
0.799403767	0.0941055370704518	0.1
0.8034392	0.108965261583111	0.09
0.812482547	0.0951872706727941	0.08
0.861362559	0.0865910227509501	0.03
0.864973627	0.108118415031986	0.03
0.867661243	0.102661104204236	0.03
0.870144812	0.0993189991651464	0.03
0.874413626	0.112435049991251	0.02
0.875213305	0.107800054490731	0.02
0.875954975	0.105319111763949	0.02
0.88244613	0.0987069271928682	0.01
0.882485476	0.0987069271928682	0.01
0.883236842	0.116092104113609	0.01
0.884296127	0.115997518207477	0.01
0.885800269	0.108760810822307	0.01
0.888469193	0.104417947053809	0.01
0.888863234	0.104120976106242	0.01
0.889014569	0.103240112759143	0.01
0.889752182	0.102088554014656	0.01
0.890068113	0.102088554014656	0.01
0.890083013	0.102088554014656	0.01
0.890218544	0.101804667133061	0.01
0.890309475	0.101241603752365	0.01
0.890339212	0.101241603752365	0.01
0.890354074	0.101241603752365	0.01
0.890354075	0.101241603752365	0.01
0.890407894	0.101241603752365	0.01
0.890419078	0.101241603752365	0.01
0.890459913	0.101241603752365	0.01
0.890474761	0.101241603752365	0.01
0.890489605	0.101241603752365	0.01
0.890489606	0.101241603752365	0.01
0.890506418	0.101241603752365	0.01
0.890580647	0.101241603752365	0.01
0.890595481	0.101241603752365	0.01
0.89061031	0.101241603752365	0.01
0.890610311	0.101241603752365	0.01
0.89068659	0.101241603752365	0.01
0.890701414	0.100408590853122	0.01
0.890731048	0.100408590853122	0.01
0.890731049	0.100408590853122	0.01
0.890737499	0.100408590853122	0.01
0.890822213	0.100408590853122	0.01
0.890837018	0.100408590853122	0.01
0.890851819	0.100408590853122	0.01
0.890928251	0.100408590853122	0.01
0.890957836	0.100408590853122	0.01
0.890972623	0.100408590853122	0.01
0.891093459	0.0998608229359061	0.01
0.89119957	0.0998608229359061	0.01
0.891214328	0.0998608229359061	0.01
0.891320486	0.0998608229359061	0.01
0.89133523	0.0998608229359061	0.01
0.891441435	0.0998608229359061	0.01
0.891456164	0.0998608229359061	0.01
0.89149835	0.0998608229359061	0.01
0.891521465	0.0995891740958602	0.01
0.891562417	0.0995891740958602	0.01
0.891577132	0.0993189991651464	0.01
0.891698132	0.0993189991651464	0.01
0.891881522	0.0993189991651464	0.01
0.892017347	0.0987830233079267	0.01
0.89206133	0.0987830233079267	0.01
0.89216782	0.0985171988405875	0.01
0.892182462	0.0985171988405875	0.01
0.892215798	0.0985171988405875	0.01
0.89229733	0.0982528011974674	0.01
0.89273031	0.0990502861805378	0.01
0.892793389	0.0990502861805378	0.01
0.892951888	0.100707191129918	0.01
0.892952212	0.100707191129918	0.01
0.893016766	0.100707191129918	0.01
0.89308003	0.100707191129918	0.01
0.893172464	0.100438371174763	0.01
0.893313967	0.101249171198746	0.01
0.893320622	0.101249171198746	0.01
0.893352088	0.101249171198746	0.01
0.894085351	0.0996404537073988	0.01
0.89422449	0.0993772910817806	0.01
0.894232534	0.0993772910817806	0.01
0.894332391	0.0996404537073988	0.01
0.894482721	0.0996404537073988	0.01
0.894511483	0.0996404537073988	0.01
0.894690708	0.0991155148838027	0.01
0.894906463	0.0991155148838027	0.01
0.894970751	0.0991155148838027	0.01
0.895086463	0.0991155148838027	0.01
0.895300675	0.0991155148838027	0.01
0.895524497	0.101256341402083	0.01
0.895638516	0.100991718467554	0.01
0.895840307	0.101522354733052	0.01
0.89592425	0.101522354733052	0.01
0.896329745	0.0996890831287295	0.01
0.896396617	0.0996890831287295	0.01
0.89685771	0.0996890831287295	0.01
0.89693811	0.0991773897949804	0.01
0.897197773	0.107124127048613	0.01
0.897316929	0.108409469847739	0.01
0.89799116	0.101101809751765	0.01
0.898155973	0.100271086268073	0.01
0.898662437	0.0976630641803839	0.01
0.89889623	0.0968876732605733	0.01
0.898920463	0.0968876732605733	0.01
0.899325427	0.0948174773088642	0.01
0.899413875	0.0962289142272463	0.01
0.900113547	0.0956746323913664	0.01
0.900307304	0.0951266993508578	0.01
0.900690942	0.091503466393788	0.01
0.901007608	0.0988897551955952	0.01
0.90151373	0.0799949689282914	0.01
0.901568195	0.080545917997361	0.01
0.901947653	0.0890732001957637	0.01
0.902162268	0.0890732001957637	0.01
0.902291602	0.083717133975802	0.01
0.902860993	0.0834185597686752	0.01
0.902919093	0.0834185597686752	0.01
0.902932441	0.0834185597686752	0.01
0.903166806	0.0704352382907391	0.01
0.903685884	0.056653371440779	0.01
0.903876527	0.0562356571293007	0.01
0.904039961	0.0562356571293007	0.01
0.904220945	0.0564437414674852	0.01
0.904513058	0.059527447089363	0.01
0.905345526	0.0602325977739721	0.01
0.905424433	0.0602325977739721	0.01
0.905541598	0.0607120533086077	0.01
0.906154318	0.060954654887551	0.01
0.906197141	0.0602325977739721	0.01
0.906210372	0.0599956986066431	0.01
0.906922556	0.0611992030866279	0.01
0.907060652	0.0614457214295552	0.01
0.90712089	0.0614457214295552	0.01
0.907185931	0.0614457214295552	0.01
0.907198748	0.0616942338206087	0.01
0.907199842	0.0616942338206087	0.01
0.907311244	0.0614457214295552	0.01
0.907324045	0.0616942338206087	0.01
0.907336843	0.0616942338206087	0.01
0.907336844	0.0616942338206087	0.01
0.907436592	0.0616942338206087	0.01
0.907449378	0.0616942338206087	0.01
0.90746216	0.0616942338206087	0.01
0.907536422	0.0616942338206087	0.01
0.9075492	0.0616942338206087	0.01
0.907574745	0.0616942338206087	0.01
0.907587512	0.0616942338206087	0.01
0.907674633	0.0616942338206087	0.01
0.907700146	0.0616942338206087	0.01
0.907712898	0.0616942338206087	0.01
0.907951053	0.0616942338206087	0.01
0.907963774	0.0616942338206087	0.01
0.908089263	0.0619447645523505	0.01
0.908089264	0.0619447645523505	0.01
0.908151307	0.0619447645523505	0.01
0.908189407	0.0624519801972693	0.01
0.908214789	0.0624519801972693	0.01
0.908453284	0.0619447645523505	0.01
0.908566283	0.0619447645523505	0.01
0.908577365	0.0619447645523505	0.01
0.908578929	0.0619447645523505	0.01
0.908691978	0.062197338313545	0.01
0.908729307	0.062197338313545	0.01
0.908816452	0.062197338313545	0.01
0.908943472	0.062197338313545	0.01
0.909094444	0.062197338313545	0.01
0.909183517	0.0619447645523505	0.01
0.909195105	0.0619447645523505	0.01
0.909270732	0.0619447645523505	0.01
0.909308419	0.0619447645523505	0.01
0.909346075	0.0627087157092237	0.01
0.90938549	0.0627087157092237	0.01
0.909409249	0.0627087157092237	0.01
0.909620416	0.062967570776248	0.01
0.909642167	0.062967570776248	0.01
0.909838426	0.062967570776248	0.01
0.909925885	0.062967570776248	0.01
0.910014581	0.0627087157092237	0.01
0.910051995	0.0627087157092237	0.01
0.910204731	0.062967570776248	0.01
0.910267	0.062967570776248	0.01
0.911062134	0.0648411742164612	0.01
0.911351929	0.0648411742164612	0.01
0.911383512	0.0642945774748644	0.01
0.911404622	0.0642945774748644	0.01
0.911518912	0.0645667190475104	0.01
0.911632099	0.0648411742164612	0.01
0.911747931	0.0648411742164612	0.01
0.911776598	0.0648411742164612	0.01
0.912015459	0.0651179726110263	0.01
0.912630246	0.0648411742164612	0.01
0.912707801	0.0648411742164612	0.01
0.912776305	0.0648411742164612	0.01
0.912811242	0.0648411742164612	0.01
0.912967277	0.0615697268599733	0.01
0.913006436	0.0615697268599733	0.01
0.913139907	0.0615697268599733	0.01
0.913244462	0.0618371455206236	0.01
0.913751419	0.0618371455206236	0.01
0.914696902	0.0680217302876388	0.01
0.914870556	0.0680217302876388	0.01
0.914983658	0.0680217302876388	0.01
0.915269563	0.0680217302876388	0.01
0.915559183	0.0640631326078177	0.01
0.916024822	0.0640631326078177	0.01
0.916163647	0.0646448974424832	0.01
0.916208994	0.0655376298181128	0.01
0.916688985	0.0661466102933266	0.01
0.917248255	0.0423427612240234	0.01
0.918238351	0.0366242580919727	0.01
0.918816837	0.0639615534630524	0.02
0.919120121	0.0646794481288555	0.02
0.920002472	0.0656620897613775	0.02
0.921364075	0.0674555196176177	0.02
0.921783065	0.0679860637894148	0.02
0.922071236	0.068525019682437	0.02
0.922455062	0.0690725889456595	0.02
0.922504312	0.0690725889456595	0.02
0.923473233	0.0655376298181128	0.02
0.924160807	0.0668846379497349	0.02
0.925553967	0.0642945774748644	0.02
0.927872541	0.0438647689603313	0.02
0.929379518	0.0585463703094157	0.03
0.93220206	0.0601766886386715	0.03
0.933174706	0.0578484580953388	0.03
0.934071327	0.0591093632514526	0.03
0.93534835	0.0599809542669431	0.03
0.938446291	0.0264712289599902	0.03
0.938770844	0.0283928109868523	0.03
0.941112169	0.0267497492867145	0.03
0.942896738	0.0155218429819362	0.03
0.944027825	0.0168042807613089	0.03
0.947518522	0.019002275586276	0.03
0.949342587	0.0197399853266732	0.03
0.951999424	0.0201307450178935	0.03
0.954191796	0.0310356596537429	0.04
0.955603107	0.0330531274882656	0.04
0.955985355	0.0330531274882656	0.04
0.956018846	0.0330531274882656	0.04
0.956296714	0.0347471783505163	0.04
0.956549025	0.0347471783505163	0.04
0.956766863	0.0350465480799254	0.04
0.95679317	0.0350465480799254	0.04
0.956793172	0.0350465480799254	0.04
0.957016096	0.0350465480799254	0.04
0.957077957	0.0350465480799254	0.04
0.957486775	0.0353511211728268	0.04
0.958321379	0.0359764296874613	0.04
0.959031973	0.0369570008783265	0.04
0.959642592	0.037295845243021	0.04
0.959857154	0.037295845243021	0.04
0.960819071	0.0376409605680487	0.04
0.960911853	0.0376409605680487	0.04
0.966290332	0.0347471783505163	0.05
0.966653906	0.0347471783505163	0.05
0.966980911	0.0350465480799254	0.05
0.966980912	0.0350465480799254	0.05
0.966986309	0.0350465480799254	0.05
0.967144414	0.0350465480799254	0.05
0.967297223	0.0353511211728268	0.05
0.967297226	0.0353511211728268	0.05
0.967302571	0.0353511211728268	0.05
0.967302572	0.0353511211728268	0.05
0.967460779	0.0353511211728268	0.05
0.96746078	0.0353511211728268	0.05
0.967608447	0.0353511211728268	0.05
0.96761904	0.0353511211728268	0.05
0.967619041	0.0353511211728268	0.05
0.968083686	0.0353511211728268	0.05
0.968861479	0.0369570008783265	0.05
0.969035555	0.0369570008783265	0.05
0.969666194	0.037295845243021	0.05
0.974203145	0.0293205840406439	0.05
0.97801719	0.0290414755012562	0.05
0.981915796	0.0274723845613642	0.05
0.985118954	0.018484191311582	0.05
0.9860103	0.0186537183434797	0.05
1.019804062	0.0247932591000805	0.07
1.021711423	0.0245933953920146	0.07
1.022530753	0.0249963978978152	0.07
1.023898132	0.0249963978978152	0.07
1.027042278	0.0279762300483623	0.07
1.027349785	0.0287676306365873	0.07
1.029659545	0.0245933953920146	0.08
1.030392053	0.0245933953920146	0.08
1.030397618	0.0245933953920146	0.08
1.030958443	0.0245933953920146	0.08
1.031720423	0.0245933953920146	0.08
1.032104884	0.0249963978978152	0.08
1.036124234	0.0406501979073432	0.08
1.038905957	0.0457733397584935	0.08
1.039046839	0.0466125652771675	0.08
1.043349328	0.0493256288190452	0.08
1.048661279	0.0423427612240234	0.09
1.054783865	0.0453649581312335	0.09
1.056246636	0.0453649581312335	0.09
1.058571278	0.0423427612240234	0.1
1.067766296	0.0413107217868519	0.11
1.067971123	0.0413107217868519	0.11
1.06860264	0.041993065889006	0.11
1.068892568	0.041993065889006	0.11
1.070020858	0.0441823956147599	0.11
1.070326964	0.0441823956147599	0.11
1.088407982	0.0420509467777977	0.13
1.088762574	0.0420509467777977	0.13
1.091073782	0.0445046557163568	0.13
1.112743253	0.0559263914996748	0.14
1.113082372	0.0559263914996748	0.14
1.113233383	0.0559263914996748	0.14
1.11414031	0.0559263914996748	0.14
1.115076799	0.0569707523491751	0.14
1.116382888	0.0569707523491751	0.14
1.125633627	0.0603517503109669	0.14
1.13205703	0.0387157228523299	0.14
1.133642817	0.0387157228523299	0.14
1.133988353	0.0387157228523299	0.14
1.134317617	0.0387157228523299	0.14
1.136767134	0.0383507135655187	0.14
1.162829766	0.0366242580919727	0.14
1.183360064	0.0402479905967844	0.15
1.187305519	0.0320126393699588	0.15
1.187446683	0.0320126393699588	0.15
1.18762744	0.0315165800025962	0.15
1.192009701	0.0312742710983462	0.15
1.192075895	0.0312742710983462	0.15
1.208724051	0.0274723845613642	0.13
1.208769953	0.0274723845613642	0.13
1.209751115	0.0274723845613642	0.13
1.209768181	0.0274723845613642	0.13
1.209825949	0.0274723845613642	0.13
1.210085375	0.0274723845613642	0.13
1.21086869	0.0274723845613642	0.13
1.225416562	0.0279762300483623	0.12
1.226416878	0.0279762300483623	0.12
1.226767373	0.0279762300483623	0.12
1.246668032	0.0179936076892937	0.12
1.248955951	0.0173786197371698	0.12
1.268447511	0.0193641069161823	0.1
1.270604589	0.0188263837801119	0.1
1.275739262	0.0201307450178935	0.09
1.278899002	0.0186537183434797	0.1
1.285172518	0.028235147353796	0.1
1.293113698	0.0362974535476657	0.11
1.297280078	0.037295845243021	0.11
1.303502827	0.0369570008783265	0.12
1.325958837	0.0287676306365873	0.12
1.335508208	0.0301910543883941	0.12
1.335711503	0.0301910543883941	0.12
1.335892556	0.0301910543883941	0.12
1.336051433	0.0301910543883941	0.12
1.33638917	0.0301910543883941	0.12
1.336413828	0.0301910543883941	0.12
1.336595099	0.029895211090976	0.12
1.336665633	0.029895211090976	0.12
1.336979907	0.029895211090976	0.12
1.337117106	0.029895211090976	0.12
1.337161305	0.029895211090976	0.12
1.337529375	0.029895211090976	0.12
1.337777279	0.029895211090976	0.12
1.342368518	0.029895211090976	0.12
1.343443085	0.029895211090976	0.12
1.360533959	0.0479307352994221	0.13
1.360774481	0.0479307352994221	0.13
1.360981621	0.0479307352994221	0.13
1.36116959	0.0479307352994221	0.13
1.361338457	0.0479307352994221	0.13
1.362110213	0.0479307352994221	0.13
1.364721715	0.029605109490042	0.12
1.365659238	0.0483868504791934	0.12
1.368077892	0.0508041451058373	0.12
1.368578346	0.0508041451058373	0.12
1.373967278	0.0474831388921869	0.13
1.379222918	0.0423427612240234	0.14
1.384187356	0.0479307352994221	0.13
1.38563755	0.0479307352994221	0.13
1.418305639	0.0488517299653118	0.14
1.430594094	0.0493256288190452	0.14
1.436494579	0.0503015553392818	0.14
1.440102642	0.0493256288190452	0.15
1.448119954	0.0508041451058373	0.15
1.450462129	0.0508041451058373	0.15
1.450928234	0.0508041451058373	0.15
1.454003033	0.0498088120957636	0.16
1.454856842	0.0498088120957636	0.16
1.45657643	0.0498088120957636	0.16
1.484067531	0.0498088120957636	0.19
1.484117024	0.0498088120957636	0.19
1.485393153	0.0498088120957636	0.19
1.485917469	0.0498088120957636	0.19
1.502972103	0.0508041451058373	0.2
1.511734415	0.0483868504791934	0.2
1.511964569	0.0483868504791934	0.2
1.512194724	0.0483868504791934	0.2
1.512403577	0.0483868504791934	0.2
1.512821455	0.0483868504791934	0.2
1.513239565	0.0483868504791934	0.2
1.516740221	0.0483868504791934	0.2
1.517647523	0.0493256288190452	0.19
1.558319819	0.156753557605418	0.23
1.561070241	0.178449939082255	0.22
1.56916589	0.18142930166607	0.22
1.595579044	0.177767241869371	0.19
1.707257935	0.246807516305638	0.08
1.745720251	0.224147306492271	0.04
1.758275756	0.251008803960847	0.03
1.768990518	0.244759174411395	0.02
1.77492366	0.248220084095829	0.01
1.778615293	0.257585949707004	0.01
1.77861633	0.257585949707004	0.01
1.780627841	0.24274455247493	0.01
1.780657572	0.24274455247493	0.01
1.780928629	0.240762824643163	0.01
1.78092863	0.240762824643163	0.01
1.781140367	0.240762824643163	0.01
1.781170032	0.240762824643163	0.01
1.781411498	0.240762824643163	0.01
1.781411499	0.240762824643163	0.01
1.781623424	0.240762824643163	0.01
1.781653031	0.240762824643163	0.01
1.7818108	0.240762824643163	0.01
1.781835463	0.240762824643163	0.01
1.781894629	0.240762824643163	0.01
1.782136293	0.238813191813161	0.01
1.782378022	0.236894880557761	0.01
1.782531315	0.236894880557761	0.01
1.782590324	0.236894880557761	0.01
1.782619816	0.236894880557761	0.01
1.783345594	0.236894880557761	0.01
1.783587651	0.236894880557761	0.01
1.78377107	0.236894880557761	0.01
1.783829774	0.236894880557761	0.01
1.783925287	0.236894880557761	0.01
1.784013316	0.236894880557761	0.01
1.785322292	0.240762824643163	0.01
1.785988286	0.235007142102562	0.01
1.786357195	0.235007142102562	0.01
1.787927091	0.224283678824815	0.01
1.788266632	0.224283678824815	0.01
1.788780487	0.22952022543992	0.01
1.788872102	0.22952022543992	0.01
1.78918715	0.22952022543992	0.01
1.789358594	0.22952022543992	0.01
1.789747139	0.226002441397536	0.01
1.790095821	0.226002441397536	0.01
1.790737455	0.235007142102562	0.01
1.79204453	0.221865217315848	0.02
1.792147241	0.221865217315848	0.02
1.795643534	0.165464967282981	0.02
1.796645824	0.163746076250267	0.02
1.796696941	0.163746076250267	0.02
1.799436111	0.159879371474148	0.02
1.801889818	0.0741377769165562	0.02
1.809599251	0.152154846737862	0.03
1.812688451	0.0606517043522048	0.03
1.813215031	0.0606517043522048	0.03
1.813240824	0.0606517043522048	0.03
1.813716026	0.0620392389564191	0.03
1.814069382	0.06399114742265	0.03
1.814069384	0.06399114742265	0.03
1.814345569	0.06399114742265	0.03
1.814596154	0.06399114742265	0.03
1.814621756	0.06399114742265	0.03
1.814621757	0.06399114742265	0.03
1.814846808	0.06399114742265	0.03
1.814872379	0.06399114742265	0.03
1.815039963	0.06399114742265	0.03
1.815123071	0.06399114742265	0.03
1.815169565	0.06399114742265	0.03
1.815288509	0.06399114742265	0.03
1.815373832	0.0650138967145042	0.03
1.815624663	0.0650138967145042	0.03
1.815875562	0.0650138967145042	0.03
1.817382419	0.0341635245719227	0.03
1.817399416	0.0341635245719227	0.03
1.817633804	0.0341635245719227	0.03
1.818036082	0.0350465480799254	0.03
1.818363245	0.0353511211728268	0.03
1.819217405	0.0369570008783265	0.03
1.819395454	0.037295845243021	0.03
1.819581019	0.037295845243021	0.03
1.820606159	0.0383507135655187	0.03
1.823267442	0.0394669901210367	0.03
1.824280416	0.0394669901210367	0.03
1.824759677	0.0394669901210367	0.03
1.828541204	0.0341635245719227	0.04
1.829051906	0.0353511211728268	0.04
1.829613575	0.0359764296874613	0.04
1.835137623	0.0379925225634308	0.04
1.836263396	0.0390877469770643	0.04
1.83758722	0.0398536644673552	0.04
1.837659261	0.0398536644673552	0.04
1.839735229	0.0406501979073432	0.04
1.844053766	0.0366242580919727	0.05
1.860668056	0.0398536644673552	0.06
1.860714054	0.0398536644673552	0.06
1.876458705	0.0383507135655187	0.07
1.877534086	0.0383507135655187	0.07
1.917919203	0.037295845243021	0.11
1.919145255	0.037295845243021	0.11
1.933588634	0.0287676306365873	0.12
1.934242286	0.029895211090976	0.12
1.938309591	0.0344528797716356	0.13
1.939501786	0.0344528797716356	0.13
1.95745413	0.0325245640349314	0.15
1.961031557	0.0245933953920146	0.15
2.045755957	0.0493940802566371	0.24
2.04617014	0.0493940802566371	0.24
2.057190684	0.0490537098408699	0.25
2.057670659	0.0490537098408699	0.25
2.058810915	0.0490537098408699	0.25
2.060706206	0.0423427612240234	0.25
2.077653506	0.0490537098408699	0.27
2.077935092	0.0490537098408699	0.27
2.080200147	0.0423427612240234	0.27
2.116340052	0.0477378791431526	0.31
2.117539144	0.0477378791431526	0.31
2.130868897	0.0411991478283926	0.32
2.175983465	0.0477378791431526	0.37
2.201956234	0.0401156843813425	0.39
2.22342495	0.0411991478283926	0.41
2.225736601	0.0508041451058373	0.41
2.22607531	0.0453072120000924	0.42
2.226678687	0.0453072120000924	0.42
2.226980498	0.0453072120000924	0.42
2.268175967	0.131213852987905	0.41
2.273953022	0.134013418801287	0.4
2.279085054	0.140910578413073	0.4
2.283420782	0.139256653283286	0.39
2.287430653	0.140910578413073	0.39
2.36737444	0.172383891265145	0.32
2.396315913	0.198740453288861	0.32
2.401471639	0.206624246136423	0.32
2.57811595	0.206624246136423	0.16
2.634889835	0.208642932032639	0.1
2.64482266	0.208642932032639	0.09
2.65353762	0.2007016005262	0.08
2.664122924	0.204644248756774	0.09
2.669724846	0.212800995536045	0.08
2.67074212	0.212800995536045	0.08
2.670831293	0.212800995536045	0.08
2.671148642	0.212800995536045	0.08
2.671193019	0.212800995536045	0.08
2.671193179	0.212800995536045	0.08
2.671237545	0.212800995536045	0.08
2.671237705	0.212800995536045	0.08
2.671599646	0.212800995536045	0.08
2.671872794	0.212800995536045	0.08
2.671961685	0.212800995536045	0.08
2.672323822	0.212800995536045	0.08
2.672686057	0.212800995536045	0.08
2.673366554	0.212800995536045	0.08
2.673410821	0.212800995536045	0.08
2.674640938	0.212800995536045	0.08
2.67498819	0.212800995536045	0.07
2.675753192	0.212800995536045	0.07
2.675906626	0.212800995536045	0.07
2.67595059	0.212800995536045	0.07
2.677404052	0.212800995536045	0.07
2.679543675	0.212800995536045	0.07
2.68050645	0.212800995536045	0.07
2.681604422	0.212800995536045	0.07
2.690797174	0.212800995536045	0.06
2.690995907	0.212800995536045	0.06
2.692790444	0.212800995536045	0.06
2.697875326	0.210701451575045	0.07
2.700424629	0.210701451575045	0.07
2.703341222	0.210701451575045	0.07
2.716197088	0.212800995536045	0.08
2.720992773	0.212800995536045	0.08
2.721223607	0.212800995536045	0.08
2.721339166	0.212800995536045	0.08
2.721714851	0.212800995536045	0.08
2.721753239	0.212800995536045	0.08
2.72212898	0.212800995536045	0.08
2.722504826	0.212800995536045	0.08
2.725138453	0.208642932032639	0.09
2.725892101	0.208642932032639	0.09
2.728042156	0.208642932032639	0.09
2.728457177	0.208642932032639	0.09
2.730687704	0.208642932032639	0.09
2.733911556	0.208642932032639	0.09
2.734951629	0.212800995536045	0.08
2.744776734	0.212800995536045	0.09
2.767264537	0.202701838240721	0.1
2.795646082	0.194930934455165	0.13
2.814579483	0.194930934455165	0.15
2.857457722	0.191264712938099	0.19
2.870516676	0.194930934455165	0.2
2.874914635	0.191264712938099	0.21
2.885327778	0.189482835549709	0.22
2.901070252	0.206442664534865	0.23
3.017087015	0.204473866917034	0.35
3.091199805	0.208365337113037	0.42
3.116410384	0.204209391690805	0.45
3.116832706	0.204209391690805	0.45
3.194633906	0.191264712938099	0.52
3.479484296	0.187007060787862	0.8
3.557717034	0.187007060787862	0.880000000000001
3.560201153	0.188834694998722	0.880000000000001
3.561529658	0.172383891265145	0.880000000000001
3.561648443	0.199389896614797	0.890000000000001
3.562131134	0.209114396864469	0.890000000000001
3.563861522	0.170681973783532	0.880000000000001
3.565454716	0.170681973783532	0.880000000000001
3.567214517	0.178925655532749	0.880000000000001
3.572123566	0.181730433666059	0.880000000000001
3.572497766	0.181730433666059	0.880000000000001
3.575584373	0.164197591750209	0.880000000000001
3.579984214	0.167377003166857	0.880000000000001
3.62901857	0.164457921915347	0.910000000000001
3.62939674	0.164457921915347	0.910000000000001
3.629519691	0.164457921915347	0.910000000000001
3.639968026	0.162993535278988	0.920000000000001
3.778072999	0.162993535278988	1.06
3.82876748	0.169013333260392	1.11
4.442577106	0.269965200028836	1.72
4.445571488	0.277868592590261	1.72
4.452121847	0.257746752068477	1.73
4.453328856	0.269965200028836	1.73
4.464002998	0.269965200028836	1.74
4.475601202	0.277868592590261	1.75
4.478685952	0.231987705315536	1.76
4.492707945	0.267989025136312	1.76
4.536342962	0.263245672004191	1.8
4.537444354	0.263245672004191	1.8
4.537596069	0.263245672004191	1.8
4.550359745	0.255610976337965	1.81
4.848628454	0.260650598269465	2.06
4.895921957	0.260650598269465	2.11
5.341769851	0.295621398986127	2.23
5.342582978	0.295621398986127	2.23
5.343307119	0.295621398986127	2.23
5.346842194	0.295621398986127	2.24
5.443653327	0.295621398986127	2.32999999999999
5.445157132	0.295621398986127	2.32999999999999
6.2338777	0.290953988230269	2.67999999999999
6.234722781	0.290953988230269	2.67999999999999
6.244676548	0.290953988230269	2.68999999999999
6.358499262	0.298377258588333	2.79999999999998
7	0.323667069136663	3.36999999999997
