thrs	post_p	finalwindow
0	0.13385419361515	0.23
0.070216248	0.110759087211543	0.19
0.082355146	0.110759087211543	0.18
0.089689176	0.110759087211543	0.18
0.113424721	0.161165900577208	0.19
0.115659216	0.156437080486182	0.19
0.123778241	0.161165900577208	0.18
0.127200542	0.0875257976113949	0.17
0.127695348	0.0998011482199785	0.17
0.128068503	0.121342276482689	0.17
0.129609166	0.139789389369026	0.17
0.148782099	0.126546984297804	0.15
0.151339737	0.132727124572581	0.15
0.178062567	0.121342276482689	0.12
0.178113806	0.121342276482689	0.12
0.178140913	0.121342276482689	0.12
0.178189211	0.121342276482689	0.12
0.178358463	0.121342276482689	0.12
0.181430774	0.132727124572581	0.12
0.181486035	0.132727124572581	0.12
0.181824923	0.132727124572581	0.12
0.191788381	0.135000567887061	0.11
0.194681585	0.162393115739313	0.11
0.206482242	0.162393115739313	0.1
0.222622275	0.13385419361515	0.08
0.22265244	0.13385419361515	0.08
0.222656148	0.13385419361515	0.08
0.222697977	0.13385419361515	0.08
0.222812147	0.155060206376797	0.08
0.222924291	0.155060206376797	0.08
0.223196808	0.152377911356499	0.08
0.226728961	0.144860350178154	0.08
0.226957829	0.144860350178154	0.08
0.227081991	0.144860350178154	0.08
0.237068117	0.148524066077844	0.07
0.242615688	0.143678950491519	0.07
0.242941212	0.143678950491519	0.07
0.243116147	0.143678950491519	0.07
0.254481698	0.123653968275645	0.06
0.256228734	0.126055450754913	0.06
0.256259656	0.126055450754913	0.06
0.256650521	0.126055450754913	0.06
0.259750174	0.13114955931025	0.05
0.272151172	0.127291514367655	0.05
0.296044019	0.127291514367655	0.06
0.296834617	0.119115431924172	0.06
0.296839561	0.119115431924172	0.06
0.296874128	0.119115431924172	0.06
0.296879772	0.119115431924172	0.06
0.29691506	0.119115431924172	0.06
0.296960227	0.119115431924172	0.06
0.297156652	0.119115431924172	0.06
0.297161557	0.119115431924172	0.06
0.297207868	0.119115431924172	0.06
0.29723727	0.119115431924172	0.06
0.29736316	0.119115431924172	0.06
0.297631463	0.119115431924172	0.06
0.298033592	0.119115431924172	0.06
0.298062423	0.119115431924172	0.06
0.298432807	0.119115431924172	0.06
0.29855614	0.119115431924172	0.06
0.299120783	0.119115431924172	0.06
0.29926506	0.119115431924172	0.06
0.300128238	0.119115431924172	0.06
0.300638986	0.119115431924172	0.06
0.301159527	0.115924308960785	0.06
0.302397905	0.115924308960785	0.06
0.30240618	0.115924308960785	0.06
0.302443572	0.115924308960785	0.06
0.302452098	0.115924308960785	0.06
0.302531356	0.115924308960785	0.06
0.302757814	0.116968847492879	0.06
0.303037639	0.116968847492879	0.06
0.303062807	0.116968847492879	0.06
0.303998368	0.118032380853061	0.06
0.304168238	0.118032380853061	0.06
0.305094409	0.118032380853061	0.06
0.306047128	0.118032380853061	0.06
0.306464617	0.115924308960785	0.06
0.307314933	0.114898260886117	0.06
0.308759935	0.113890216598325	0.06
0.320217262	0.122487216254971	0.05
0.320290117	0.122487216254971	0.05
0.322777267	0.13114955931025	0.04
0.323165924	0.129837819235126	0.04
0.323537089	0.128552059005175	0.04
0.323808824	0.128552059005175	0.04
0.324596864	0.128552059005175	0.04
0.327195424	0.124843161856964	0.04
0.328591896	0.123653968275645	0.04
0.330254195	0.123653968275645	0.04
0.333944256	0.123653968275645	0.04
0.343706753	0.124285371126591	0.05
0.345554528	0.123184610256654	0.05
0.350684009	0.119996289252748	0.06
0.356200611	0.117960877296977	0.06
0.356206548	0.117960877296977	0.06
0.356490553	0.116968847492879	0.06
0.357086112	0.135154903087613	0.06
0.360733393	0.111350234580123	0.07
0.362945858	0.111350234580123	0.07
0.363236679	0.111350234580123	0.07
0.366130409	0.112248882717924	0.07
0.367161303	0.130098063867237	0.07
0.367663989	0.121692279301349	0.07
0.381649088	0.0436131294569854	0.07
0.382008897	0.0436131294569854	0.07
0.386863037	0.0385224925492832	0.06
0.386909127	0.0385224925492832	0.06
0.387745392	0.037848593087391	0.06
0.389825341	0.0475927663410416	0.06
0.395214438	0.0607605044977335	0.06
0.398731854	0.039459262761778	0.05
0.403209246	0.0484212102494993	0.05
0.412388288	0.0547779871683571	0.04
0.415094538	0.0668976752605312	0.04
0.416416237	0.0410393895648587	0.03
0.418471182	0.0392999832895317	0.03
0.419019267	0.0387524903755411	0.03
0.428769674	0.0410393895648587	0.02
0.438307149	0.0436131294569854	0.01
0.438815006	0.043273895152387	0.01
0.440316292	0.0560190122507755	0.01
0.441698853	0.0560190122507755	0.01
0.444499874	0.0658500433700592	0.01
0.444770984	0.0644418938416996	0.01
0.445049535	0.0644418938416996	0.01
0.445117302	0.0690566440659869	0.01
0.445156208	0.0690566440659869	0.01
0.445185067	0.0686912289619124	0.01
0.445185068	0.0686912289619124	0.01
0.445245414	0.0686912289619124	0.01
0.445252832	0.0686912289619124	0.01
0.445252833	0.0686912289619124	0.01
0.445252835	0.0686912289619124	0.01
0.445305777	0.0686912289619124	0.01
0.44531318	0.0686912289619124	0.01
0.445313187	0.0686912289619124	0.01
0.445313188	0.0686912289619124	0.01
0.44531319	0.0686912289619124	0.01
0.445373562	0.0686912289619124	0.01
0.445479567	0.0679718788825121	0.01
0.445494353	0.0679718788825121	0.01
0.445540001	0.0679718788825121	0.01
0.445554774	0.0676178243109023	0.01
0.445653547	0.0676178243109023	0.01
0.445675664	0.0665774506523921	0.01
0.445691925	0.0665774506523921	0.01
0.445736134	0.0665774506523921	0.01
0.445849774	0.0753716504118928	0.01
0.445917642	0.0753716504118928	0.01
0.445970843	0.0753716504118928	0.01
0.445978177	0.0753716504118928	0.01
0.446038729	0.0753716504118928	0.01
0.446188208	0.0749906696475482	0.01
0.446341735	0.0749906696475482	0.01
0.446394864	0.0749906696475482	0.01
0.446395102	0.0749906696475482	0.01
0.446455777	0.0749906696475482	0.01
0.446633323	0.0742401469306348	0.01
0.446772341	0.0742401469306348	0.01
0.447158639	0.073504498137171	0.01
0.447533088	0.073504498137171	0.01
0.447649603	0.0731421139682495	0.01
0.448791313	0.0815393828600246	0.01
0.449552291	0.0819396933992145	0.01
0.449715173	0.0819396933992145	0.01
0.453102774	0.0831645610312791	0.01
0.453117722	0.0831645610312791	0.01
0.453312195	0.0831645610312791	0.01
0.453607731	0.0831645610312791	0.01
0.453670383	0.0831645610312791	0.01
0.45367678	0.0831645610312791	0.01
0.453739439	0.0831645610312791	0.01
0.453789353	0.0831645610312791	0.01
0.453802119	0.0831645610312791	0.01
0.453864805	0.0831645610312791	0.01
0.453864814	0.0831645610312791	0.01
0.453927527	0.0831645610312791	0.01
0.454053004	0.0831645610312791	0.01
0.454131662	0.0831645610312791	0.01
0.454159539	0.0831645610312791	0.01
0.454278877	0.0831645610312791	0.01
0.454291524	0.0831645610312791	0.01
0.454297847	0.0831645610312791	0.01
0.454379121	0.0831645610312791	0.01
0.454423548	0.0831645610312791	0.01
0.454543029	0.0835810286895839	0.01
0.454618511	0.0835810286895839	0.01
0.454637485	0.0835810286895839	0.01
0.455078808	0.0852894632731109	0.01
0.455180191	0.086170141895943	0.01
0.455439212	0.114090407938258	0.01
0.455550168	0.119996289252748	0.01
0.455665947	0.126546984297804	0.01
0.455755613	0.135154903087613	0.01
0.456133439	0.0788431061806656	0.02
0.456455968	0.0788431061806656	0.02
0.456880284	0.0788431061806656	0.02
0.45760535	0.0784724118057451	0.02
0.457901934	0.0784724118057451	0.02
0.458619789	0.07810518688485	0.02
0.460382332	0.07810518688485	0.02
0.473676694	0.0749485760639685	0.03
0.474072423	0.0749485760639685	0.03
0.477096915	0.102905785715706	0.03
0.478409458	0.107895066105017	0.03
0.479732593	0.0924721189591078	0.03
0.479936634	0.0924721189591078	0.03
0.483671852	0.0693435548288525	0.04
0.484225862	0.0693435548288525	0.04
0.484458594	0.0693435548288525	0.04
0.484927676	0.0702187720536344	0.04
0.485802156	0.097325157067078	0.04
0.485999254	0.0940805469545521	0.04
0.486776039	0.0882197479922931	0.04
0.489424331	0.0934036177203307	0.04
0.490830832	0.0804390410745935	0.04
0.508934563	0.0860675980355776	0.06
0.511690912	0.074887433321842	0.06
0.514553924	0.0663267991142573	0.07
0.514645345	0.0663267991142573	0.07
0.514742139	0.0663267991142573	0.07
0.514971335	0.0668300038205666	0.07
0.515124567	0.0675992920042414	0.07
0.516063638	0.0853767202402561	0.07
0.51682809	0.0787572508143628	0.07
0.518492841	0.0814169961096276	0.07
0.534226929	0.0871341343123433	0.08
0.534308248	0.090160016728569	0.08
0.534380672	0.0465312876594061	0.07
0.536755919	0.0742814483016051	0.07
0.539174229	0.0717276180441955	0.07
0.544416783	0.0742814483016051	0.07
0.546060858	0.0742814483016051	0.07
0.556645891	0.0840016884761503	0.07
0.55802857	0.069924588480147	0.08
0.559788571	0.0723494700338395	0.08
0.562444529	0.0729821987756369	0.08
0.568776608	0.0815393828600246	0.07
0.574371638	0.0807503823703842	0.07
0.57444178	0.0807503823703842	0.07
0.583655412	0.0792173194108461	0.07
0.586308239	0.0736260921535703	0.08
0.59079165	0.079747225647349	0.08
0.593573546	0.0804390410745935	0.08
0.593673806	0.0804390410745935	0.08
0.593754277	0.0804390410745935	0.08
0.593824895	0.0804390410745935	0.08
0.593915284	0.0804390410745935	0.08
0.594318181	0.0804390410745935	0.08
0.595015574	0.0856395656779661	0.08
0.595196772	0.0872512647554806	0.08
0.595887104	0.0872512647554806	0.08
0.602148457	0.0915590161033445	0.07
0.604317115	0.0825884305963479	0.08
0.604813246	0.0825884305963479	0.08
0.604905308	0.0825884305963479	0.08
0.604905312	0.0825884305963479	0.08
0.605716504	0.0825884305963479	0.08
0.60631275	0.0825884305963479	0.08
0.606404306	0.0825884305963479	0.08
0.606824709	0.0825884305963479	0.08
0.607971158	0.0825884305963479	0.08
0.608524688	0.0825884305963479	0.08
0.624510489	0.0799765047763317	0.07
0.635412418	0.0831645610312791	0.07
0.636066531	0.0831645610312791	0.07
0.63624959	0.0831645610312791	0.07
0.636422142	0.0831645610312791	0.07
0.637881775	0.0831645610312791	0.07
0.644129804	0.0777413829371638	0.07
0.646569798	0.0799765047763317	0.07
0.648110758	0.0777413829371638	0.07
0.648827538	0.0777413829371638	0.07
0.65703705	0.0736260921535703	0.07
0.659386285	0.0729821987756369	0.07
0.667472678	0.0717276180441955	0.08
0.667879263	0.0717276180441955	0.08
0.667969788	0.0717276180441955	0.08
0.669490645	0.0717276180441955	0.08
0.678915807	0.0655318286597259	0.09
0.680589305	0.0655318286597259	0.09
0.68060848	0.0655318286597259	0.09
0.680702493	0.0655318286597259	0.09
0.680786967	0.0655318286597259	0.09
0.689921535	0.0460689163921289	0.09
0.692614054	0.0460689163921289	0.09
0.696262833	0.0451712035759809	0.1
0.697379755	0.0434767994891014	0.1
0.712354258	0.0434767994891014	0.11
0.7123899	0.0434767994891014	0.11
0.713541741	0.0434767994891014	0.11
0.715653707	0.0415295458558747	0.12
0.717816093	0.0426763885910358	0.12
0.719314887	0.0426763885910358	0.12
0.725609694	0.0415295458558747	0.13
0.725869057	0.0415295458558747	0.13
0.725979546	0.0426763885910358	0.13
0.726772429	0.0422871340536476	0.13
0.72717465	0.0422871340536476	0.13
0.735438378	0.00918721389836889	0.13
0.744518666	0.036901790171885	0.14
0.75180067	0.00900869528880408	0.13
0.756122282	0.00859134489251686	0.13
0.762884543	0.10083593423946	0.13
0.763387603	0.106025775250841	0.13
0.763491091	0.10575095366126	0.13
0.765321243	0.00927915293206168	0.12
0.766651587	0.00927915293206168	0.12
0.7676628	0.00927915293206168	0.12
0.772093843	0.0976576010382095	0.12
0.772264397	0.104746383779899	0.12
0.778829055	0.106662724935282	0.12
0.779976345	0.10511905204469	0.12
0.793117932	0.111808712829957	0.1
0.797194853	0.113162153886532	0.1
0.812482547	0.117348416384325	0.08
0.828284953	0.122336652473112	0.07
0.856064956	0.129291818681593	0.04
0.861362559	0.111957415501796	0.03
0.861783488	0.122103176476141	0.03
0.867661243	0.131380398374002	0.03
0.870144812	0.123756476306753	0.03
0.874413626	0.13737985237109	0.02
0.875954975	0.129693688273926	0.02
0.87832845	0.130177475955859	0.02
0.882218863	0.13238414271712	0.01
0.882485476	0.130473578237204	0.01
0.883671839	0.137075478324303	0.01
0.884296127	0.141096263976002	0.01
0.886381245	0.134718533562464	0.01
0.887670141	0.136422936093234	0.01
0.888469193	0.134275578503631	0.01
0.888863234	0.132194774061822	0.01
0.889014569	0.132194774061822	0.01
0.889209764	0.132194774061822	0.01
0.889576687	0.129387691197001	0.01
0.889752182	0.129387691197001	0.01
0.890083013	0.128996381658107	0.01
0.890218544	0.128996381658107	0.01
0.890354074	0.128607431871628	0.01
0.890354075	0.128607431871628	0.01
0.890459913	0.128607431871628	0.01
0.890474761	0.128607431871628	0.01
0.890489605	0.128607431871628	0.01
0.890489606	0.128607431871628	0.01
0.890506418	0.128607431871628	0.01
0.890580647	0.128607431871628	0.01
0.890595481	0.128607431871628	0.01
0.89061031	0.128607431871628	0.01
0.890610311	0.128607431871628	0.01
0.89068659	0.128607431871628	0.01
0.890701414	0.128220820556361	0.01
0.890716233	0.128220820556361	0.01
0.890731048	0.128220820556361	0.01
0.890731049	0.128220820556361	0.01
0.890851819	0.128220820556361	0.01
0.890928251	0.128220820556361	0.01
0.890957836	0.128220820556361	0.01
0.890972623	0.128220820556361	0.01
0.891093459	0.128220820556361	0.01
0.89119957	0.128220820556361	0.01
0.891214328	0.128220820556361	0.01
0.891320486	0.128220820556361	0.01
0.89133523	0.128220820556361	0.01
0.891382479	0.128220820556361	0.01
0.891456164	0.128220820556361	0.01
0.89149835	0.128220820556361	0.01
0.891577132	0.127454529486485	0.01
0.891686849	0.127454529486485	0.01
0.891698132	0.127454529486485	0.01
0.891881522	0.127454529486485	0.01
0.892012117	0.127454529486485	0.01
0.892017347	0.127454529486485	0.01
0.89206133	0.127454529486485	0.01
0.89216782	0.126322113853588	0.01
0.89229733	0.126697343233304	0.01
0.892546055	0.127074808429937	0.01
0.892568748	0.127074808429937	0.01
0.89273031	0.127074808429937	0.01
0.892793389	0.127074808429937	0.01
0.892951888	0.124478819081968	0.01
0.893016766	0.124478819081968	0.01
0.89308003	0.124478819081968	0.01
0.893142511	0.124478819081968	0.01
0.893352088	0.124116596717536	0.01
0.893395592	0.124116596717536	0.01
0.894085351	0.123756476306753	0.01
0.894189143	0.123756476306753	0.01
0.89420355	0.123756476306753	0.01
0.894332391	0.123756476306753	0.01
0.894482721	0.123756476306753	0.01
0.894690708	0.12304246858334	0.01
0.894906463	0.12304246858334	0.01
0.894913415	0.12304246858334	0.01
0.894970751	0.12304246858334	0.01
0.895081202	0.12304246858334	0.01
0.895086463	0.12304246858334	0.01
0.89539422	0.122336652473112	0.01
0.895524497	0.122336652473112	0.01
0.895638516	0.121638887809944	0.01
0.89592425	0.121638887809944	0.01
0.896396617	0.120607038467931	0.01
0.897197773	0.121769111737399	0.01
0.897282137	0.120697584296355	0.01
0.89799116	0.11622335949951	0.01
0.898455429	0.114042841249478	0.01
0.898485328	0.114281072152969	0.01
0.898662437	0.114042841249478	0.01
0.898755243	0.112634056096753	0.01
0.899310528	0.111033839085209	0.01
0.899325427	0.111033839085209	0.01
0.899413875	0.115095430884905	0.01
0.899974537	0.115326319543509	0.01
0.900307304	0.114636416005672	0.01
0.900690942	0.104499120613027	0.01
0.90151373	0.0930687929940152	0.01
0.901568195	0.0927363601913209	0.01
0.902162268	0.0934036177203307	0.01
0.902919093	0.0814399156324028	0.01
0.902932441	0.0814399156324028	0.01
0.903166806	0.0794797436921528	0.01
0.903685884	0.0728002926644931	0.01
0.903876527	0.0728002926644931	0.01
0.904039961	0.0728002926644931	0.01
0.904220945	0.0670844803419667	0.01
0.904508173	0.0675992920042414	0.01
0.904513058	0.0675992920042414	0.01
0.905345526	0.0681220661831658	0.01
0.905541598	0.0691922526299193	0.01
0.906197141	0.0683864971694031	0.01
0.906210372	0.0681220661831658	0.01
0.906508268	0.0683864971694031	0.01
0.907060652	0.0681220661831658	0.01
0.90712089	0.0681220661831658	0.01
0.907185931	0.0681220661831658	0.01
0.907198748	0.0683864971694031	0.01
0.907199842	0.0683864971694031	0.01
0.907311244	0.0647689149266436	0.01
0.907324045	0.0647689149266436	0.01
0.907336843	0.0647689149266436	0.01
0.907336844	0.0647689149266436	0.01
0.907436592	0.0647689149266436	0.01
0.907449378	0.0647689149266436	0.01
0.90746216	0.0647689149266436	0.01
0.907536422	0.0647689149266436	0.01
0.907574745	0.0647689149266436	0.01
0.907587512	0.0647689149266436	0.01
0.907674633	0.0647689149266436	0.01
0.907712898	0.0647689149266436	0.01
0.907951053	0.0647689149266436	0.01
0.907963773	0.0645185425343542	0.01
0.908089263	0.0655318286597259	0.01
0.908089264	0.0655318286597259	0.01
0.908202099	0.0655318286597259	0.01
0.908214789	0.0655318286597259	0.01
0.908289632	0.0655318286597259	0.01
0.908453284	0.0655318286597259	0.01
0.908566283	0.0660505016978579	0.01
0.908691978	0.0663129293550702	0.01
0.908729307	0.0663129293550702	0.01
0.908816452	0.0671128751913249	0.01
0.908830322	0.0671128751913249	0.01
0.908943472	0.0671128751913249	0.01
0.908956071	0.0671128751913249	0.01
0.909094444	0.0671128751913249	0.01
0.909207673	0.0665774506523921	0.01
0.909270732	0.0665774506523921	0.01
0.909308419	0.0665774506523921	0.01
0.909346075	0.0679323564938816	0.01
0.90938549	0.0679323564938816	0.01
0.909409249	0.0679323564938816	0.01
0.909446878	0.0684898866885524	0.01
0.909896599	0.0684898866885524	0.01
0.909914657	0.0684898866885524	0.01
0.910014581	0.0684898866885524	0.01
0.910051995	0.0684898866885524	0.01
0.910267	0.0684898866885524	0.01
0.910467776	0.0687720977217747	0.01
0.910628128	0.0687720977217747	0.01
0.911049792	0.0690566440659869	0.01
0.911062134	0.0690566440659869	0.01
0.91113001	0.0690566440659869	0.01
0.911404622	0.0690566440659869	0.01
0.911518912	0.0693435548288525	0.01
0.911632099	0.0696328596037898	0.01
0.911747931	0.0696328596037898	0.01
0.912015459	0.0693435548288525	0.01
0.912630246	0.0684898866885524	0.01
0.912707801	0.0684898866885524	0.01
0.912776305	0.0679323564938816	0.01
0.912811242	0.0679323564938816	0.01
0.912967277	0.069924588480147	0.01
0.913244462	0.0702187720536344	0.01
0.913630289	0.0702187720536344	0.01
0.914696902	0.0750905538335093	0.01
0.914870556	0.0750905538335093	0.01
0.914968567	0.0750905538335093	0.01
0.914983658	0.0750905538335093	0.01
0.915026039	0.0750905538335093	0.01
0.915269563	0.0750905538335093	0.01
0.915559183	0.0760631556468223	0.01
0.916024822	0.0760631556468223	0.01
0.916163647	0.0760631556468223	0.01
0.916208994	0.0767256760110703	0.01
0.916912552	0.0777413829371638	0.01
0.917248255	0.0720760880543009	0.01
0.917957453	0.0498679568980473	0.01
0.918456927	0.0553226979171122	0.01
0.918483627	0.0553226979171122	0.01
0.919120121	0.0648616479263354	0.02
0.920002472	0.0668300038205666	0.02
0.921783065	0.0678596722778059	0.02
0.922455062	0.0686529890511102	0.02
0.922504312	0.0686529890511102	0.02
0.922763582	0.0686529890511102	0.02
0.924160807	0.0711482761166268	0.02
0.924412009	0.0714367725048433	0.02
0.924507726	0.0714367725048433	0.02
0.924627878	0.0720208415447711	0.02
0.925553967	0.0732181081238092	0.02
0.926193857	0.0732181081238092	0.02
0.93064775	0.059394873864588	0.03
0.93220206	0.060206785129403	0.03
0.934071327	0.0627813974043425	0.03
0.934700606	0.0632320610078177	0.03
0.938770844	0.0334013324381552	0.03
0.942896738	0.00779670109431085	0.03
0.944027825	0.0079300609698155	0.03
0.947518522	0.00927915293206168	0.03
0.949342587	0.0382952087108965	0.04
0.951999424	0.0135507458933959	0.04
0.954119877	0.0149730577565301	0.04
0.955603107	0.0164324914883886	0.04
0.956018846	0.0164324914883886	0.04
0.956296714	0.0170363248426099	0.04
0.956766863	0.0170363248426099	0.04
0.956780018	0.0170363248426099	0.04
0.95679317	0.0170363248426099	0.04
0.956793172	0.0170363248426099	0.04
0.957077957	0.0171942814225991	0.04
0.957486775	0.0173551944828326	0.04
0.959031973	0.0178565265708152	0.04
0.959642592	0.0182071547713725	0.04
0.960819071	0.0183876837346829	0.04
0.960911853	0.0183876837346829	0.04
0.964446178	0.0149730577565301	0.05
0.966290332	0.0170363248426099	0.05
0.966980912	0.0171942814225991	0.05
0.966986309	0.0171942814225991	0.05
0.967139043	0.0171942814225991	0.05
0.967297223	0.0173551944828326	0.05
0.967302571	0.0173551944828326	0.05
0.967302572	0.0173551944828326	0.05
0.967460779	0.0173551944828326	0.05
0.967608447	0.0173551944828326	0.05
0.967619041	0.0173551944828326	0.05
0.967935716	0.0173551944828326	0.05
0.968083686	0.0175191478123074	0.05
0.968088909	0.0175191478123074	0.05
0.968237002	0.0175191478123074	0.05
0.968861479	0.0178565265708152	0.05
0.969666194	0.0182071547713725	0.05
0.970292984	0.0182071547713725	0.05
0.973457204	0.0199004592413671	0.06
0.97801719	0.0221154585944245	0.06
0.978183481	0.0221154585944245	0.06
0.985118954	0.0162881625920026	0.06
0.9860103	0.0185718285390209	0.05
1.019804062	0.0453923357664234	0.07
1.027042278	0.0527023448163465	0.07
1.027349785	0.0547779871683571	0.07
1.029637844	0.0558783506490701	0.07
1.030020301	0.0450249751988444	0.08
1.030392053	0.0450249751988444	0.08
1.030397618	0.0450249751988444	0.08
1.030958443	0.0450249751988444	0.08
1.031531241	0.0450249751988444	0.08
1.031720423	0.0450249751988444	0.08
1.034014818	0.044307808244986	0.08
1.034376329	0.043273895152387	0.08
1.035677928	0.0505147996172825	0.08
1.036124234	0.051313511415124	0.08
1.038905957	0.0587441487791507	0.08
1.041709188	0.0609506948628281	0.08
1.043349328	0.0609506948628281	0.08
1.044012776	0.0609506948628281	0.08
1.048661279	0.0552442197810244	0.09
1.054783865	0.0576997218407578	0.09
1.056246636	0.0576997218407578	0.09
1.057424783	0.0547779871683571	0.1
1.058571278	0.0552442197810244	0.1
1.067766296	0.0552442197810244	0.11
1.067971123	0.0552442197810244	0.11
1.068168044	0.0552442197810244	0.11
1.068277144	0.0552442197810244	0.11
1.06860264	0.0552442197810244	0.11
1.068892568	0.0552442197810244	0.11
1.070020858	0.0562009068366546	0.11
1.070326964	0.0562009068366546	0.11
1.076612069	0.0587441487791507	0.11
1.088407982	0.0493154079672883	0.13
1.091073782	0.0697055633769611	0.12
1.112743253	0.0639534678396237	0.1
1.113082372	0.0639534678396237	0.1
1.113233383	0.0639534678396237	0.1
1.11414031	0.0639534678396237	0.1
1.115076799	0.0639534678396237	0.1
1.125633627	0.0592806706844006	0.1
1.13205703	0.0592806706844006	0.11
1.133988353	0.0576997218407578	0.11
1.134317617	0.0576997218407578	0.11
1.136767134	0.0566917844027937	0.11
1.137302108	0.0571913125041451	0.11
1.187305519	0.0532063674879684	0.12
1.18762744	0.0532063674879684	0.12
1.192725439	0.0532063674879684	0.13
1.208724051	0.0217693142708079	0.13
1.209215802	0.0217693142708079	0.13
1.209751115	0.0217693142708079	0.13
1.209768181	0.0217693142708079	0.13
1.209825949	0.0217693142708079	0.13
1.210085375	0.021600273865088	0.13
1.210771389	0.021600273865088	0.13
1.21086869	0.021600273865088	0.13
1.212614931	0.0211085454115228	0.13
1.224141399	0.021433838454974	0.12
1.22465873	0.021433838454974	0.12
1.225416562	0.021433838454974	0.12
1.243346642	0.0164324914883886	0.1
1.246668032	0.0164324914883886	0.1
1.248955951	0.0170363248426099	0.09
1.252855937	0.0164324914883886	0.09
1.265568721	0.0164324914883886	0.08
1.270253663	0.00918721389836889	0.08
1.270604589	0.00918721389836889	0.08
1.275739262	0.00927915293206168	0.08
1.278899002	0.00927915293206168	0.08
1.285172518	0.0176862283964122	0.08
1.289511656	0.0180301361843297	0.08
1.293113698	0.0244478675449124	0.09
1.297280078	0.0394113435200561	0.09
1.302603198	0.0456156436795796	0.09
1.303502827	0.0394113435200561	0.1
1.325958837	0.0460689163921289	0.11
1.33510162	0.0507782597601429	0.12
1.335508208	0.0507782597601429	0.12
1.335711503	0.0507782597601429	0.12
1.335892556	0.0507782597601429	0.12
1.336051433	0.0507782597601429	0.12
1.33625481	0.0507782597601429	0.12
1.336413828	0.0507782597601429	0.12
1.336595099	0.0498679568980473	0.12
1.336665633	0.0498679568980473	0.12
1.336979907	0.0498679568980473	0.12
1.337161305	0.0498679568980473	0.12
1.337524247	0.0498679568980473	0.12
1.337529375	0.0498679568980473	0.12
1.337777279	0.0498679568980473	0.12
1.337887386	0.0494249359978602	0.12
1.338686534	0.0494249359978602	0.12
1.340005107	0.0494249359978602	0.12
1.342315002	0.0494249359978602	0.12
1.342368518	0.0494249359978602	0.12
1.350085516	0.0537201237618622	0.11
1.360533959	0.0537201237618622	0.12
1.360981621	0.0537201237618622	0.12
1.362279458	0.0537201237618622	0.12
1.369020462	0.0645898797655946	0.12
1.373967278	0.0652390850892899	0.12
1.377139612	0.0652390850892899	0.12
1.377274175	0.0652390850892899	0.12
1.377544294	0.0652390850892899	0.12
1.384187356	0.0633294748364219	0.12
1.38563755	0.0645898797655946	0.12
1.385801753	0.0645898797655946	0.12
1.430594094	0.0621173193747449	0.14
1.440102642	0.0645898797655946	0.14
1.450462129	0.0633294748364219	0.15
1.450674974	0.0633294748364219	0.15
1.450928234	0.0633294748364219	0.15
1.454003033	0.0615284776042321	0.16
1.454856842	0.0615284776042321	0.16
1.45657643	0.0615284776042321	0.16
1.457818346	0.0627175407547993	0.16
1.484117024	0.0652390850892899	0.16
1.485393153	0.0652390850892899	0.16
1.502972103	0.0645898797655946	0.18
1.506038743	0.0645898797655946	0.19
1.511734415	0.0645898797655946	0.19
1.512194724	0.0645898797655946	0.19
1.512403577	0.0645898797655946	0.19
1.512821455	0.0645898797655946	0.19
1.513239565	0.0645898797655946	0.19
1.516740221	0.0639534678396237	0.2
1.517647523	0.0652390850892899	0.19
1.523536021	0.0652390850892899	0.19
1.561070241	0.186466332922706	0.22
1.56916589	0.160813078883571	0.22
1.595407686	0.150349284576848	0.19
1.611568792	0.186296042919382	0.17
1.652341299	0.165364799734087	0.14
1.707257935	0.194502503646452	0.08
1.718627381	0.192884090604077	0.07
1.730827961	0.18818651342111	0.06
1.745720251	0.184922970776446	0.04
1.758275756	0.197822197072813	0.03
1.768990518	0.199524903978158	0.02
1.778615293	0.204813553954556	0.01
1.77861633	0.204813553954556	0.01
1.780115455	0.204813553954556	0.01
1.780657572	0.204813553954556	0.01
1.780928629	0.201257176642654	0.01
1.78092863	0.201257176642654	0.01
1.781081012	0.201257176642654	0.01
1.781140367	0.201257176642654	0.01
1.781170031	0.201257176642654	0.01
1.781170032	0.201257176642654	0.01
1.781381862	0.201257176642654	0.01
1.781411498	0.201257176642654	0.01
1.781411499	0.201257176642654	0.01
1.781623424	0.201257176642654	0.01
1.781653031	0.201257176642654	0.01
1.7818108	0.201257176642654	0.01
1.781835463	0.201257176642654	0.01
1.781894629	0.201257176642654	0.01
1.782136292	0.199524903978158	0.01
1.782136293	0.199524903978158	0.01
1.782378022	0.19614830540602	0.01
1.782590324	0.19614830540602	0.01
1.782619816	0.19614830540602	0.01
1.783103602	0.19614830540602	0.01
1.783345594	0.19614830540602	0.01
1.783587651	0.19614830540602	0.01
1.78377107	0.19614830540602	0.01
1.783925287	0.19614830540602	0.01
1.784314217	0.19614830540602	0.01
1.78446873	0.19614830540602	0.01
1.784506241	0.19614830540602	0.01
1.784933025	0.19614830540602	0.01
1.785009515	0.19614830540602	0.01
1.785322292	0.201841304517438	0.01
1.785988286	0.201841304517438	0.01
1.786357195	0.201841304517438	0.01
1.787927091	0.194020149496263	0.01
1.788780487	0.198638376289319	0.01
1.788872102	0.198638376289319	0.01
1.790737455	0.194251751563845	0.01
1.79204453	0.190954720880697	0.02
1.792147241	0.190954720880697	0.02
1.795060195	0.156437080486183	0.02
1.795172249	0.152015204965118	0.02
1.796669094	0.137975109564629	0.02
1.796696941	0.137975109564629	0.02
1.799436111	0.135154903087613	0.02
1.801889818	0.0506626585656025	0.02
1.808733518	0.0422871340536476	0.02
1.809599251	0.0426763885910358	0.02
1.813716026	0.0609506948628281	0.02
1.813793197	0.0609506948628281	0.02
1.814069382	0.0609506948628281	0.02
1.814345569	0.0609506948628281	0.02
1.814596154	0.0609506948628281	0.02
1.814621756	0.0609506948628281	0.02
1.814621757	0.0609506948628281	0.02
1.814846808	0.0609506948628281	0.02
1.814872379	0.0609506948628281	0.02
1.815123071	0.044307808244986	0.02
1.815288509	0.0456156436795796	0.02
1.815373832	0.0456156436795796	0.02
1.815624663	0.0456156436795796	0.02
1.815850116	0.0456156436795796	0.02
1.815875562	0.0456156436795796	0.02
1.816101116	0.0456156436795796	0.02
1.816377569	0.0456156436795796	0.02
1.81637757	0.0456156436795796	0.02
1.816628678	0.0456156436795796	0.02
1.816879855	0.0538687386403862	0.03
1.817382419	0.0538687386403862	0.03
1.817399416	0.0538687386403862	0.03
1.818036082	0.0465312876594061	0.02
1.818363245	0.0465312876594061	0.02
1.819217405	0.0465312876594061	0.02
1.819410514	0.0465312876594061	0.02
1.819581019	0.0552442197810244	0.03
1.81989941	0.0465312876594061	0.02
1.820606159	0.0465312876594061	0.02
1.822065256	0.0566917844027937	0.03
1.823267442	0.0576997218407578	0.03
1.823345161	0.0576997218407578	0.03
1.824985083	0.0576997218407578	0.03
1.828939845	0.0456156436795796	0.03
1.829613575	0.0460689163921289	0.03
1.830016016	0.0460689163921289	0.03
1.835137623	0.0411608407185248	0.04
1.83758722	0.044307808244986	0.04
1.837659261	0.044307808244986	0.04
1.839735229	0.0447353404001453	0.04
1.842215909	0.0460689163921289	0.04
1.860668056	0.0438883705148868	0.06
1.872927722	0.0364664091793296	0.06
1.877534086	0.0419049161739694	0.07
1.917919203	0.0411608407185248	0.11
1.919145255	0.0419049161739694	0.11
1.932723098	0.0394113435200561	0.12
1.933588634	0.0394113435200561	0.12
1.93486401	0.0446635130002417	0.13
1.938309591	0.0446635130002417	0.13
1.947078383	0.0573175730317163	0.14
1.959079535	0.0582172513896078	0.15
2.03833515	0.0617039545866527	0.23
2.039242563	0.0625362599110423	0.23
2.04617014	0.060104084382696	0.24
2.049316864	0.060104084382696	0.24
2.057670659	0.0593348623853211	0.25
2.058810915	0.060104084382696	0.25
2.077371996	0.0593348623853211	0.27
2.077653506	0.0593348623853211	0.27
2.07768814	0.0593348623853211	0.27
2.079378601	0.060104084382696	0.27
2.112854786	0.054068175643196	0.3
2.114638141	0.0564452784080991	0.3
2.116340052	0.0724279604963849	0.3
2.117539144	0.0582172513896078	0.31
2.119081815	0.0589575879122131	0.31
2.130868897	0.0533765242329833	0.32
2.201956234	0.0530372921663899	0.39
2.22607531	0.0690566440659869	0.41
2.226678687	0.0746135209967697	0.41
2.226980498	0.0665774506523921	0.42
2.244892022	0.139266872613733	0.43
2.268175967	0.180234512966065	0.41
2.273953022	0.189938727289717	0.4
2.279085054	0.183333281980336	0.4
2.287430653	0.184922970776446	0.39
2.401471639	0.243251649114686	0.29
2.416816988	0.250266034632872	0.3
2.57811595	0.229104305779415	0.15
2.634889835	0.236104773204344	0.09
2.63880046	0.226862163916025	0.09
2.644514931	0.236104773204344	0.08
2.64482266	0.236104773204344	0.08
2.65353762	0.226862163916025	0.08
2.669724846	0.229104305779415	0.06
2.670697515	0.229104305779415	0.06
2.670831293	0.229104305779415	0.06
2.671148642	0.229104305779415	0.06
2.671193019	0.229104305779415	0.06
2.671193179	0.229104305779415	0.06
2.671237545	0.229104305779415	0.06
2.671237705	0.229104305779415	0.06
2.671599486	0.229104305779415	0.06
2.671599646	0.229104305779415	0.06
2.671872794	0.229104305779415	0.06
2.67300408	0.229104305779415	0.06
2.673366554	0.229104305779415	0.06
2.674201502	0.242979242979243	0.06
2.674498542	0.242979242979243	0.06
2.674640938	0.242979242979243	0.06
2.674817434	0.242979242979243	0.06
2.67498819	0.240643700970513	0.06
2.675753192	0.240643700970513	0.06
2.675906626	0.233724228899771	0.05
2.67595059	0.233724228899771	0.05
2.678640892	0.229104305779415	0.05
2.679543675	0.229104305779415	0.05
2.68050645	0.229104305779415	0.05
2.684222358	0.242979242979243	0.05
2.690797174	0.245360564003667	0.05
2.690995907	0.245360564003667	0.05
2.692790444	0.238352630447468	0.05
2.697875326	0.229104305779415	0.05
2.700424629	0.229104305779415	0.05
2.703341222	0.229104305779415	0.05
2.714352711	0.236104773204344	0.05
2.721339166	0.233724228899771	0.06
2.721714851	0.233724228899771	0.06
2.721753239	0.233724228899771	0.06
2.722090639	0.233724228899771	0.06
2.72212898	0.233724228899771	0.06
2.722504826	0.233724228899771	0.06
2.725892101	0.226862163916025	0.06
2.727362573	0.226862163916025	0.06
2.728457177	0.226862163916025	0.06
2.733911556	0.226862163916025	0.07
2.734951629	0.226862163916025	0.07
2.742221604	0.226862163916025	0.08
2.744776734	0.226862163916025	0.08
2.767264537	0.226862163916025	0.1
2.784781798	0.216279030882673	0.12
2.874914635	0.216279030882673	0.21
2.884109016	0.216279030882673	0.22
2.893176138	0.216279030882673	0.23
3.190582361	0.205916192102578	0.52
3.479484296	0.175705504805243	0.8
3.557717034	0.174056381618785	0.880000000000001
3.560201153	0.179099311156496	0.880000000000001
3.561529658	0.140620753383704	0.880000000000001
3.561648443	0.140620753383704	0.880000000000001
3.562131134	0.140620753383704	0.880000000000001
3.563861522	0.136481139541018	0.880000000000001
3.566965252	0.148602365172936	0.880000000000001
3.568359469	0.148602365172936	0.880000000000001
3.571812505	0.13385419361515	0.890000000000001
3.572497766	0.141514981606335	0.880000000000001
3.579984214	0.126546984297804	0.880000000000001
3.62939674	0.125405981870183	0.910000000000001
3.629519691	0.125405981870183	0.910000000000001
3.6300627	0.125405981870183	0.910000000000001
3.630972932	0.125405981870183	0.910000000000001
3.631023885	0.125405981870183	0.910000000000001
3.631970124	0.122103176476141	0.920000000000001
3.639968026	0.123184610256654	0.920000000000001
3.707141358	0.123184610256654	0.990000000000001
3.963711323	0.119996289252748	1.25
4.442577106	0.169118127737465	1.72
4.445571488	0.169118127737465	1.72
4.452121847	0.159425648610341	1.73
4.45272527	0.169118127737465	1.73
4.453328856	0.169118127737465	1.73
4.453932605	0.169118127737465	1.73
4.459832487	0.137154066376842	1.74
4.464002998	0.169118127737465	1.74
4.492707945	0.178645286269322	1.76
4.537596069	0.176851975116305	1.81
4.550359745	0.178645286269322	1.82
4.773228095	0.178645286269322	2.04
4.895921957	0.175094310049408	2.17
5.342582978	0.190460311204847	2.43999999999999
5.343129076	0.190460311204847	2.43999999999999
5.443653327	0.190460311204847	2.29
5.445157132	0.190460311204847	2.29
6.2338777	0.200132878875444	2.67999999999999
6.234722781	0.200132878875444	2.67999999999999
6.244676548	0.200132878875444	2.68999999999999
7	0.162530627630835	3.36999999999997
