thrs	post_p	finalwindow
0	0.112781419662894	0.23
0.03256001	0.111022469699461	0.2
0.089689176	0.0923072441381288	0.17
0.098963073	0.0877555266616911	0.18
0.103967892	0.0877555266616911	0.17
0.127200542	0.0711017289976923	0.17
0.128068503	0.067719752594584	0.17
0.129730945	0.0931527852214677	0.17
0.14705261	0.082341773318642	0.16
0.148427326	0.067719752594584	0.15
0.148447444	0.0854155897345945	0.15
0.148782099	0.0846258197807435	0.15
0.151339737	0.0898602784251419	0.15
0.155752372	0.0829011477320067	0.15
0.161204767	0.0898602784251419	0.14
0.172569069	0.080369794623118	0.13
0.178140913	0.0683701623071437	0.12
0.181430774	0.0890732001957637	0.12
0.181486006	0.0890732001957637	0.12
0.186084933	0.0834681741521239	0.12
0.191788381	0.0890732001957637	0.11
0.194681585	0.0846258197807435	0.11
0.222049977	0.0976239999936802	0.08
0.222622275	0.0865910227509501	0.08
0.222656148	0.0865910227509501	0.08
0.222686318	0.0865910227509501	0.08
0.222716495	0.0865910227509501	0.08
0.222812147	0.0937251379507971	0.08
0.223196808	0.0937251379507971	0.08
0.226694446	0.08894335902685	0.08
0.226728961	0.08894335902685	0.08
0.226867021	0.08894335902685	0.08
0.226929675	0.08894335902685	0.08
0.226957829	0.08894335902685	0.08
0.226982815	0.08894335902685	0.08
0.227177477	0.0895963780285302	0.08
0.227432153	0.08894335902685	0.08
0.230426372	0.0620392389564191	0.08
0.241897099	0.0555626244582735	0.07
0.242615688	0.0466125652771675	0.06
0.242875367	0.0554184392095581	0.06
0.242941212	0.0554184392095581	0.06
0.243116147	0.0554184392095581	0.06
0.249436037	0.0521056845746446	0.06
0.254481698	0.0559263914996748	0.05
0.256228734	0.0549196308382578	0.05
0.256650521	0.0544297216814947	0.05
0.263775407	0.0539484756893023	0.05
0.272151172	0.053011070014672	0.05
0.296044019	0.0493256288190452	0.06
0.296834617	0.0461891407920541	0.06
0.296839561	0.0461891407920541	0.06
0.296839653	0.0461891407920541	0.06
0.296879772	0.0461891407920541	0.06
0.296919994	0.0461891407920541	0.06
0.296960227	0.0461891407920541	0.06
0.297156652	0.0457733397584935	0.06
0.297161557	0.0457733397584935	0.06
0.297242165	0.0457733397584935	0.06
0.297345093	0.0457733397584935	0.06
0.298432807	0.0449637990824516	0.06
0.29855614	0.0449637990824516	0.06
0.299120783	0.0449637990824516	0.06
0.299931082	0.0449637990824516	0.06
0.300638986	0.0449637990824516	0.06
0.301159527	0.0441823956147599	0.06
0.301373268	0.0441823956147599	0.06
0.302397905	0.0449637990824516	0.06
0.302406093	0.0449637990824516	0.06
0.30240618	0.0449637990824516	0.06
0.302452098	0.0449637990824516	0.06
0.302493847	0.0449637990824516	0.06
0.302531356	0.0449637990824516	0.06
0.302757814	0.0457733397584935	0.06
0.303998368	0.0453649581312335	0.06
0.304168238	0.0453649581312335	0.06
0.305094409	0.0453649581312335	0.06
0.306464617	0.0449637990824516	0.06
0.307314933	0.0449637990824516	0.06
0.320217262	0.0483868504791934	0.05
0.320290117	0.0483868504791934	0.05
0.322066605	0.0483868504791934	0.05
0.322435043	0.0493256288190452	0.05
0.322591403	0.0493256288190452	0.05
0.323097253	0.0508041451058373	0.04
0.323165924	0.0508041451058373	0.04
0.324596864	0.0498088120957636	0.04
0.327195424	0.0493256288190452	0.04
0.330254195	0.0493256288190452	0.04
0.338071632	0.0564437414674852	0.05
0.340262381	0.0544297216814947	0.05
0.345554528	0.053011070014672	0.05
0.356200611	0.0521056845746446	0.06
0.356206548	0.0521056845746446	0.06
0.356351443	0.0521056845746446	0.06
0.356490553	0.0516644910844795	0.06
0.357086112	0.0580548598906636	0.06
0.357959666	0.0499719837059336	0.07
0.360733393	0.0495660429348565	0.07
0.362945858	0.0495660429348565	0.07
0.363236679	0.0495660429348565	0.07
0.363936107	0.0495660429348565	0.07
0.366130409	0.0503846286091167	0.07
0.37384574	0.0754885892957805	0.08
0.381649088	0.0781246147631303	0.07
0.386863037	0.0729513778723867	0.06
0.387745392	0.0713759265774648	0.06
0.389222512	0.0691363336549026	0.06
0.389825341	0.0829011477320067	0.06
0.395214438	0.082458908141272	0.06
0.398731854	0.0721550535512647	0.05
0.412388288	0.0939054433378876	0.04
0.415772448	0.0530769458733608	0.03
0.416416237	0.0749825874149828	0.03
0.419019267	0.0757014446772004	0.03
0.423143546	0.0917520264730274	0.03
0.428769674	0.0796544369453134	0.02
0.438307149	0.0846258197807435	0.01
0.440249622	0.0995350215816676	0.01
0.440316292	0.0995350215816676	0.01
0.441698853	0.0995350215816676	0.01
0.444236336	0.0878231923896374	0.01
0.444499874	0.0859671627545888	0.01
0.445049535	0.0859671627545888	0.01
0.445117302	0.0956848388347557	0.01
0.445185067	0.0951872706727941	0.01
0.445185068	0.0951872706727941	0.01
0.445245414	0.0951872706727941	0.01
0.44525283	0.0951872706727941	0.01
0.445252832	0.0951872706727941	0.01
0.445252833	0.0951872706727941	0.01
0.445252835	0.0951872706727941	0.01
0.445305777	0.0951872706727941	0.01
0.44531318	0.0951872706727941	0.01
0.445313187	0.0951872706727941	0.01
0.445313188	0.0951872706727941	0.01
0.44531319	0.0951872706727941	0.01
0.445373562	0.0951872706727941	0.01
0.445419149	0.0951872706727941	0.01
0.445433949	0.0951872706727941	0.01
0.445479567	0.094694850522481	0.01
0.445494353	0.094694850522481	0.01
0.445554774	0.0942074989003446	0.01
0.445578303	0.0942074989003446	0.01
0.445653547	0.0942074989003446	0.01
0.445675664	0.0942074989003446	0.01
0.445691925	0.0989235079356379	0.01
0.445736134	0.0989235079356379	0.01
0.445849774	0.0984196237915674	0.01
0.445857123	0.0984196237915674	0.01
0.445917642	0.0984196237915674	0.01
0.445970843	0.0984196237915674	0.01
0.445978177	0.0984196237915674	0.01
0.446319857	0.0974270999338135	0.01
0.446341735	0.0974270999338135	0.01
0.446351359	0.0974270999338135	0.01
0.446395102	0.0974270999338135	0.01
0.446455777	0.0974270999338135	0.01
0.44656991	0.0969383072572288	0.01
0.446633323	0.0969383072572288	0.01
0.446772341	0.0969383072572288	0.01
0.446967543	0.0959752893982789	0.01
0.447158639	0.0959752893982789	0.01
0.447649603	0.0955009202127978	0.01
0.447876705	0.0955009202127978	0.01
0.448701687	0.0950312172154076	0.01
0.449051315	0.0950312172154076	0.01
0.449552291	0.0945661118938141	0.01
0.449715173	0.0945661118938141	0.01
0.452986292	0.0964543946521894	0.01
0.453117722	0.0964543946521894	0.01
0.453312195	0.0959752893982789	0.01
0.453607731	0.0959752893982789	0.01
0.45367678	0.0959752893982789	0.01
0.453739439	0.0959752893982789	0.01
0.453782962	0.0959752893982789	0.01
0.453789353	0.0959752893982789	0.01
0.453802119	0.0959752893982789	0.01
0.453864805	0.0959752893982789	0.01
0.453864814	0.0959752893982789	0.01
0.453927527	0.0959752893982789	0.01
0.453977538	0.0959752893982789	0.01
0.453990257	0.0959752893982789	0.01
0.454115767	0.0959752893982789	0.01
0.454131662	0.0959752893982789	0.01
0.454172215	0.0959752893982789	0.01
0.454228692	0.0959752893982789	0.01
0.454278877	0.0974270999338135	0.01
0.454291524	0.0974270999338135	0.01
0.454297847	0.0974270999338135	0.01
0.455078808	0.0989235079356379	0.01
0.455180191	0.0994325781556459	0.01
0.455439212	0.108760810822307	0.01
0.455550168	0.110734631689525	0.01
0.455678249	0.0901537723981442	0.02
0.455804735	0.0901537723981442	0.02
0.456159276	0.0901537723981442	0.02
0.456455968	0.0901537723981442	0.02
0.456880284	0.0901537723981442	0.02
0.45760535	0.0889092531887188	0.02
0.457901934	0.0889092531887188	0.02
0.458022431	0.0889092531887188	0.02
0.459124851	0.0885020139665014	0.02
0.460382332	0.0889092531887188	0.02
0.462114195	0.0901537723981442	0.02
0.46331093	0.0901537723981442	0.02
0.464728436	0.0923072441381288	0.02
0.46499053	0.0918683586453116	0.02
0.473676694	0.0861348264048326	0.03
0.474072423	0.0861348264048326	0.03
0.47699163	0.079083897639478	0.04
0.477096915	0.079083897639478	0.04
0.478409458	0.0794089151891164	0.04
0.478419311	0.0794089151891164	0.04
0.479732593	0.0781246147631303	0.04
0.484458594	0.0807361469226698	0.04
0.484927676	0.081761055784103	0.04
0.485999254	0.0818996797019299	0.04
0.48628356	0.0818996797019299	0.04
0.486776039	0.06349174544115	0.04
0.489107131	0.0703985772057839	0.04
0.489424331	0.0703985772057839	0.04
0.50407637	0.0820255070106335	0.06
0.508934563	0.0755452336027473	0.06
0.514553924	0.0826604879269093	0.07
0.514645345	0.0826604879269093	0.07
0.514742139	0.0826604879269093	0.07
0.514839037	0.0826604879269093	0.07
0.514971335	0.0826604879269093	0.07
0.515124567	0.0836316091872347	0.07
0.518492841	0.0714187697227223	0.07
0.518564452	0.0714187697227223	0.07
0.520735072	0.0516644910844795	0.07
0.534226929	0.0564437414674852	0.07
0.534308248	0.0564437414674852	0.07
0.534453117	0.0564437414674852	0.07
0.543234343	0.102991168423342	0.07
0.544416783	0.106060098920423	0.07
0.55657045	0.130332985649334	0.05
0.556807604	0.130332985649334	0.05
0.55802857	0.124628496569613	0.05
0.559788571	0.123547001326656	0.05
0.562444529	0.123547001326656	0.05
0.572491616	0.119402422657851	0.06
0.57444178	0.119402422657851	0.06
0.583655412	0.137907753495986	0.05
0.59079165	0.117110702635154	0.05
0.591193432	0.117110702635154	0.05
0.593402747	0.117110702635154	0.05
0.593573546	0.117110702635154	0.05
0.593673806	0.117110702635154	0.05
0.593673808	0.117110702635154	0.05
0.593754277	0.117110702635154	0.05
0.593754278	0.117110702635154	0.05
0.59375428	0.117110702635154	0.05
0.593834769	0.117110702635154	0.05
0.594036974	0.117110702635154	0.05
0.594152812	0.115997518207477	0.05
0.594237558	0.115997518207477	0.05
0.594318181	0.115997518207477	0.05
0.595015574	0.12058224973549	0.05
0.595196772	0.12058224973549	0.05
0.595887104	0.12058224973549	0.05
0.596219211	0.12058224973549	0.05
0.597117526	0.12058224973549	0.05
0.602148457	0.113833452518502	0.05
0.604813246	0.113833452518502	0.05
0.604905308	0.113833452518502	0.05
0.60490531	0.113833452518502	0.05
0.604988853	0.113833452518502	0.05
0.605724938	0.113833452518502	0.05
0.606051871	0.113833452518502	0.05
0.606404306	0.113833452518502	0.05
0.606824709	0.115997518207477	0.05
0.607971158	0.113833452518502	0.05
0.608524688	0.114905297048744	0.05
0.624510489	0.125643742276442	0.05
0.635412418	0.119944076314359	0.05
0.63624959	0.119944076314359	0.05
0.636422142	0.119944076314359	0.05
0.637260654	0.119944076314359	0.05
0.638075882	0.119944076314359	0.05
0.641599528	0.122160741976592	0.05
0.644129804	0.113751830601907	0.06
0.64801212	0.113751830601907	0.06
0.648110758	0.113751830601907	0.06
0.648827538	0.113751830601907	0.06
0.65703705	0.104503107297095	0.07
0.667879261	0.0993960423035811	0.08
0.667969788	0.0993960423035811	0.08
0.669490645	0.0993960423035811	0.08
0.680410924	0.0995350215816676	0.08
0.68060848	0.0995350215816676	0.08
0.680702493	0.0995350215816676	0.08
0.680786967	0.0995350215816676	0.08
0.690723937	0.105017000178741	0.09
0.692614054	0.105928579775804	0.09
0.696262833	0.103240112759143	0.1
0.697379755	0.101522354733052	0.1
0.712354258	0.101522354733052	0.11
0.7123899	0.101522354733052	0.11
0.712401774	0.101522354733052	0.11
0.714295462	0.101522354733052	0.11
0.715653707	0.0982528011974674	0.12
0.715679053	0.0982528011974674	0.12
0.717816093	0.100684734518381	0.12
0.719314887	0.100684734518381	0.12
0.725609694	0.0974680552528514	0.13
0.725869057	0.0974680552528514	0.13
0.725979546	0.0982528011974674	0.13
0.726772429	0.0982528011974674	0.13
0.72717465	0.0990502861805378	0.13
0.735438378	0.0394669901210367	0.13
0.742183791	0.0916142641059407	0.14
0.744518666	0.0882997901451835	0.14
0.7500464	0.0402479905967844	0.13
0.75180067	0.0402479905967844	0.13
0.756100951	0.0390877469770643	0.13
0.762884543	0.0910549723384797	0.13
0.763387603	0.0945132467222574	0.13
0.763491091	0.094013959945986	0.13
0.766651587	0.0986709225697915	0.13
0.7676628	0.101269608955853	0.13
0.772264397	0.090713565817783	0.12
0.779184816	0.101269608955853	0.12
0.779976345	0.0995350215816676	0.12
0.794958533	0.106402865649046	0.1
0.797194853	0.102073168306052	0.1
0.812482547	0.0965374828769988	0.08
0.849686346	0.107800054490731	0.05
0.856064956	0.110616543500692	0.04
0.861362559	0.0750885496054799	0.03
0.866065884	0.110616543500692	0.03
0.874413626	0.116192422172498	0.02
0.875213305	0.113150497692037	0.02
0.877564409	0.113833452518502	0.02
0.88244613	0.100408590853122	0.01
0.883236842	0.107990845434121	0.01
0.884296127	0.118178100900814	0.01
0.885048106	0.117375740448485	0.01
0.886381245	0.114651286419716	0.01
0.887670141	0.117864771805906	0.01
0.888469193	0.117110702635154	0.01
0.888863234	0.115631144663195	0.01
0.889014569	0.113833452518502	0.01
0.889576687	0.112435049991251	0.01
0.889752182	0.112435049991251	0.01
0.889857915	0.112435049991251	0.01
0.890068113	0.111070588245868	0.01
0.890083013	0.111070588245868	0.01
0.890218543	0.110734631689525	0.01
0.890218544	0.110734631689525	0.01
0.890228158	0.110734631689525	0.01
0.890309475	0.110068778946333	0.01
0.890354074	0.110068778946333	0.01
0.890354075	0.110068778946333	0.01
0.890407894	0.110068778946333	0.01
0.890419078	0.110068778946333	0.01
0.890459913	0.110068778946333	0.01
0.890474761	0.110068778946333	0.01
0.890489605	0.110068778946333	0.01
0.890489606	0.110068778946333	0.01
0.890506418	0.110068778946333	0.01
0.890580647	0.110068778946333	0.01
0.89061031	0.110068778946333	0.01
0.890610311	0.110068778946333	0.01
0.89068659	0.110068778946333	0.01
0.890716233	0.10973884642742	0.01
0.890731048	0.10973884642742	0.01
0.890731049	0.10973884642742	0.01
0.890822213	0.10973884642742	0.01
0.890837018	0.10973884642742	0.01
0.890851819	0.10973884642742	0.01
0.890972623	0.10973884642742	0.01
0.891093459	0.108760810822307	0.01
0.891214328	0.108760810822307	0.01
0.891244043	0.108760810822307	0.01
0.891246709	0.108760810822307	0.01
0.891320486	0.108760810822307	0.01
0.89133523	0.108760810822307	0.01
0.891382479	0.108760810822307	0.01
0.891441435	0.108760810822307	0.01
0.891456164	0.108760810822307	0.01
0.89149835	0.108760810822307	0.01
0.891521465	0.108438661539687	0.01
0.891562417	0.108438661539687	0.01
0.891698132	0.108118415031986	0.01
0.891881522	0.108118415031986	0.01
0.892017347	0.107483563304844	0.01
0.89216782	0.107483563304844	0.01
0.892182462	0.107483563304844	0.01
0.892215798	0.107483563304844	0.01
0.892245091	0.107483563304844	0.01
0.892307805	0.107168925057749	0.01
0.892546055	0.107800054490731	0.01
0.892568748	0.107800054490731	0.01
0.892793389	0.107800054490731	0.01
0.892924751	0.107800054490731	0.01
0.893016766	0.107168925057749	0.01
0.893172464	0.106856123524534	0.01
0.893313967	0.107168925057749	0.01
0.893320622	0.107168925057749	0.01
0.893352088	0.107168925057749	0.01
0.893395592	0.107168925057749	0.01
0.894085351	0.105928579775804	0.01
0.89420355	0.105928579775804	0.01
0.894913415	0.105928579775804	0.01
0.894970751	0.105928579775804	0.01
0.895081202	0.106545142669164	0.01
0.89539422	0.105928579775804	0.01
0.895840307	0.105319111763949	0.01
0.89592425	0.105319111763949	0.01
0.896928207	0.104120976106242	0.01
0.89693811	0.104120976106242	0.01
0.897131294	0.104919389918524	0.01
0.897197773	0.104627644821458	0.01
0.897282137	0.10511221642041	0.01
0.897316929	0.10511221642041	0.01
0.89799116	0.093315600020841	0.01
0.898485328	0.0917126235380817	0.01
0.898755243	0.0903545263051173	0.01
0.89889623	0.0905460724096016	0.01
0.898920463	0.0905460724096016	0.01
0.899310528	0.0901637889040295	0.01
0.899325427	0.0901637889040295	0.01
0.899413875	0.0899738550956353	0.01
0.899974537	0.0895963780285302	0.01
0.900031532	0.0895963780285302	0.01
0.900113547	0.0905460724096016	0.01
0.900274359	0.0909316113891821	0.01
0.900307304	0.0909316113891821	0.01
0.900690942	0.0878758934757495	0.01
0.901007608	0.0919733101088551	0.01
0.90151373	0.0674555196176177	0.01
0.901568195	0.0679860637894148	0.01
0.901947653	0.0759742996008989	0.01
0.902291602	0.0687977147889431	0.01
0.902932441	0.062197338313545	0.01
0.903166806	0.0611992030866279	0.01
0.903876527	0.05326022875091	0.01
0.904039961	0.05326022875091	0.01
0.904220945	0.0416490992862841	0.01
0.905345526	0.042519802077287	0.01
0.905541598	0.0426983296104152	0.01
0.906154318	0.0432430219411648	0.01
0.906197141	0.0432430219411648	0.01
0.906210372	0.0432430219411648	0.01
0.906508268	0.0432430219411648	0.01
0.907060652	0.0434276874657149	0.01
0.90712089	0.0434276874657149	0.01
0.907185931	0.0438017908619467	0.01
0.907198748	0.043991270022366	0.01
0.907199842	0.043991270022366	0.01
0.907324045	0.0358180377944513	0.01
0.907336843	0.0358180377944513	0.01
0.907336844	0.0358180377944513	0.01
0.907436592	0.0358180377944513	0.01
0.907449378	0.0358180377944513	0.01
0.90746216	0.0358180377944513	0.01
0.907536422	0.0358180377944513	0.01
0.9075492	0.0358180377944513	0.01
0.907574745	0.0358180377944513	0.01
0.907587512	0.0358180377944513	0.01
0.907674633	0.0358180377944513	0.01
0.907700146	0.0358180377944513	0.01
0.907712898	0.0358180377944513	0.01
0.907951053	0.0358180377944513	0.01
0.907963773	0.0356610344784798	0.01
0.908076559	0.0359764296874613	0.01
0.908089263	0.0359764296874613	0.01
0.908089264	0.0359764296874613	0.01
0.908151307	0.0359764296874613	0.01
0.908189407	0.0359764296874613	0.01
0.908289632	0.0358180377944513	0.01
0.908566283	0.0361362286607234	0.01
0.908578929	0.0361362286607234	0.01
0.908691978	0.0361362286607234	0.01
0.908729307	0.0361362286607234	0.01
0.908830322	0.0361362286607234	0.01
0.908943472	0.0367898771348676	0.01
0.909207673	0.0367898771348676	0.01
0.909308419	0.0367898771348676	0.01
0.909346075	0.037295845243021	0.01
0.909434338	0.0374676082053453	0.01
0.909838426	0.0369570008783265	0.01
0.909914657	0.0369570008783265	0.01
0.909925885	0.0369570008783265	0.01
0.910204731	0.0376409605680487	0.01
0.910467776	0.0379925225634308	0.01
0.910628128	0.0379925225634308	0.01
0.91113001	0.0387157228523299	0.01
0.911351929	0.0387157228523299	0.01
0.911632099	0.0389008454816828	0.01
0.911747931	0.0389008454816828	0.01
0.911776598	0.0389008454816828	0.01
0.912015459	0.0389008454816828	0.01
0.912488931	0.0390877469770643	0.01
0.912630246	0.038532353813309	0.01
0.912967277	0.038532353813309	0.01
0.913006436	0.038532353813309	0.01
0.913139907	0.038532353813309	0.01
0.913244462	0.0387157228523299	0.01
0.913630289	0.0383507135655187	0.01
0.913751419	0.0383507135655187	0.01
0.914696902	0.0392764531022706	0.01
0.914870556	0.0392764531022706	0.01
0.914983658	0.0392764531022706	0.01
0.916024822	0.0400498569335458	0.01
0.916912552	0.0412688108054496	0.01
0.917248255	0.0336919175730936	0.01
0.917957453	0.0360118183130103	0.02
0.918238351	0.0362974535476657	0.02
0.918456927	0.0361540717738669	0.02
0.918816837	0.0365876561600954	0.02
0.918837351	0.0365876561600954	0.02
0.919655338	0.0379531361548298	0.02
0.919822583	0.0379531361548298	0.02
0.920002472	0.0384312307018613	0.02
0.921364075	0.0397670834708261	0.02
0.921783065	0.0401156843813425	0.02
0.922504312	0.0406501979073432	0.02
0.922763582	0.0406501979073432	0.02
0.923268187	0.0410145245369492	0.02
0.924627878	0.0417631270081784	0.02
0.927872541	0.0290414755012562	0.02
0.929379518	0.0342594347507919	0.03
0.93220206	0.0355916961765162	0.03
0.933174706	0.0361540717738669	0.03
0.938446291	0.0204683940075716	0.03
0.938770844	0.0214770382858504	0.03
0.942896738	0.00884168610415259	0.03
0.944027825	0.00968361558634344	0.03
0.947518522	0.0205372875770341	0.04
0.948845214	0.0264025027672858	0.04
0.951999424	0.0160105895139507	0.04
0.954119877	0.0181542163060498	0.04
0.954191796	0.0181542163060498	0.04
0.955603107	0.0186537183434797	0.04
0.955985355	0.0186537183434797	0.04
0.956296714	0.019002275586276	0.04
0.956549025	0.019002275586276	0.04
0.956780018	0.019002275586276	0.04
0.956793172	0.019002275586276	0.04
0.957016096	0.0193641069161823	0.04
0.957077957	0.0193641069161823	0.04
0.957486775	0.0195502396023223	0.04
0.959642592	0.028235147353796	0.05
0.959665139	0.028235147353796	0.05
0.959857154	0.0284325024002628	0.05
0.960039043	0.0288356065454883	0.05
0.960819071	0.029895211090976	0.05
0.964446178	0.0181542163060498	0.05
0.964458654	0.0181542163060498	0.05
0.966653906	0.019002275586276	0.05
0.966980911	0.0193641069161823	0.05
0.966986309	0.0193641069161823	0.05
0.967139043	0.0193641069161823	0.05
0.967297226	0.0195502396023223	0.05
0.967302571	0.0195502396023223	0.05
0.967302572	0.0195502396023223	0.05
0.967460779	0.0195502396023223	0.05
0.96746078	0.0195502396023223	0.05
0.96761904	0.0195502396023223	0.05
0.967925221	0.0195502396023223	0.05
0.967935716	0.0195502396023223	0.05
0.968083686	0.0197399853266732	0.05
0.968088909	0.0197399853266732	0.05
0.968861479	0.0244946670448525	0.06
0.970292984	0.0329994993157315	0.06
0.970442597	0.0323692757086763	0.06
0.973457204	0.0219404020380108	0.06
0.974203145	0.0222605810818836	0.06
0.978183481	0.0227587633212495	0.06
0.981915796	0.029895211090976	0.05
0.985118954	0.0191814850451346	0.05
0.9860103	0.0191814850451346	0.05
1.019804062	0.0344528797716356	0.07
1.021711423	0.0344528797716356	0.07
1.022530753	0.0347471783505163	0.07
1.023898132	0.0347471783505163	0.07
1.027042278	0.0394669901210367	0.07
1.027349785	0.0402479905967844	0.07
1.028094642	0.0341635245719227	0.08
1.029637844	0.0344528797716356	0.08
1.030020301	0.0344528797716356	0.08
1.030397618	0.0344528797716356	0.08
1.031531241	0.0344528797716356	0.08
1.031720423	0.0344528797716356	0.08
1.032104884	0.0347471783505163	0.08
1.0327094	0.0347471783505163	0.08
1.033463082	0.0327867156216248	0.08
1.034376329	0.0333239043376706	0.08
1.034854243	0.0333239043376706	0.08
1.036124234	0.0423427612240234	0.08
1.038905957	0.0466125652771675	0.08
1.039046839	0.0466125652771675	0.08
1.041709188	0.0493256288190452	0.08
1.043349328	0.0493256288190452	0.08
1.048661279	0.0453649581312335	0.09
1.054783865	0.0493256288190452	0.09
1.056246636	0.0493256288190452	0.09
1.067766296	0.0449637990824516	0.11
1.068168044	0.0449637990824516	0.11
1.068277144	0.0449637990824516	0.11
1.06860264	0.0449637990824516	0.11
1.076612069	0.0488517299653118	0.11
1.088407982	0.0572379655948781	0.13
1.113082372	0.0796544369453134	0.13
1.113233383	0.0796544369453134	0.13
1.11414031	0.078882109293266	0.13
1.115076799	0.078882109293266	0.13
1.125633627	0.0697091966906196	0.13
1.13205703	0.0697091966906196	0.12
1.133642817	0.0697091966906196	0.12
1.162829766	0.0646448974424832	0.14
1.187305519	0.0618371455206236	0.15
1.18762744	0.0607811707675517	0.15
1.192009701	0.0607811707675517	0.15
1.192075895	0.0607811707675517	0.15
1.192725439	0.0607811707675517	0.15
1.203309389	0.06349174544115	0.14
1.208724051	0.0503015553392818	0.13
1.209215802	0.0503015553392818	0.13
1.209751115	0.0503015553392818	0.13
1.209768181	0.0503015553392818	0.13
1.209825949	0.0503015553392818	0.13
1.21086869	0.0493256288190452	0.13
1.212614931	0.0493256288190452	0.13
1.224141399	0.0488517299653118	0.12
1.22465873	0.0488517299653118	0.12
1.225416562	0.0488517299653118	0.12
1.226416878	0.0488517299653118	0.12
1.226767373	0.0488517299653118	0.12
1.243346642	0.0457733397584935	0.12
1.246668032	0.0438017908619467	0.12
1.265568721	0.0453649581312335	0.1
1.270604589	0.0430599202559225	0.1
1.275739262	0.0449637990824516	0.09
1.285172518	0.0197399853266732	0.09
1.293113698	0.019002275586276	0.09
1.302603198	0.0549196308382578	0.1
1.303502827	0.0559263914996748	0.1
1.325958837	0.0521056845746446	0.12
1.33510162	0.0597606556219622	0.11
1.335508208	0.0603517503109669	0.11
1.335711503	0.0603517503109669	0.11
1.335892556	0.0603517503109669	0.11
1.336051433	0.0603517503109669	0.11
1.33638917	0.0603517503109669	0.11
1.336413828	0.0603517503109669	0.11
1.336595099	0.060954654887551	0.11
1.336665633	0.060954654887551	0.11
1.336979907	0.0521056845746446	0.12
1.337161305	0.0521056845746446	0.12
1.337524247	0.0521056845746446	0.12
1.337529375	0.0521056845746446	0.12
1.337777279	0.0521056845746446	0.12
1.340005107	0.0603517503109669	0.11
1.343443085	0.0591810271824038	0.11
1.350085516	0.0549196308382578	0.11
1.360533959	0.0569707523491751	0.1
1.360774481	0.0569707523491751	0.1
1.360981621	0.0569707523491751	0.1
1.36116959	0.0569707523491751	0.1
1.361545683	0.0569707523491751	0.1
1.361952473	0.0569707523491751	0.1
1.362110213	0.0569707523491751	0.1
1.362279458	0.0569707523491751	0.1
1.364721715	0.0569707523491751	0.1
1.365659238	0.060954654887551	0.09
1.368578346	0.0603517503109669	0.09
1.369020462	0.0603517503109669	0.09
1.369707356	0.0603517503109669	0.09
1.377139612	0.0603517503109669	0.1
1.379222918	0.0603517503109669	0.1
1.384187356	0.0575076973048536	0.1
1.38563755	0.0766524479918422	0.1
1.434752614	0.0700521909484672	0.1
1.436494579	0.0700521909484672	0.11
1.440102642	0.0700521909484672	0.11
1.448119954	0.067719752594584	0.12
1.450462129	0.0666108248047826	0.12
1.450674974	0.0666108248047826	0.12
1.454856842	0.0666108248047826	0.12
1.45657643	0.080442037716542	0.12
1.484067531	0.0650138967145042	0.15
1.484117024	0.0650138967145042	0.15
1.485393153	0.0655376298181128	0.15
1.485917469	0.0752347375681778	0.15
1.488337206	0.0650138967145042	0.16
1.494140559	0.0650138967145042	0.16
1.502972103	0.0650138967145042	0.17
1.506038743	0.0752347375681778	0.17
1.511964569	0.0650138967145042	0.18
1.512194724	0.0650138967145042	0.18
1.512821455	0.0650138967145042	0.18
1.513239565	0.0650138967145042	0.18
1.516740221	0.0711017289976923	0.18
1.517647523	0.0650138967145042	0.19
1.519065464	0.0650138967145042	0.19
1.523536021	0.0650138967145042	0.19
1.558319819	0.0690331868083987	0.22
1.55916507	0.0683701623071437	0.22
1.56916589	0.149745716193341	0.22
1.595407686	0.155568681270955	0.19
1.595579044	0.15276435505799	0.19
1.611568792	0.158752776754438	0.17
1.718627381	0.207881319295035	0.07
1.730827961	0.182949270323872	0.06
1.745720251	0.208112525212158	0.04
1.75282717	0.182949270323872	0.04
1.768990518	0.213332435665715	0.02
1.77861633	0.223081954428911	0.01
1.780115455	0.204399414043656	0.01
1.780627841	0.204399414043656	0.01
1.780657571	0.204399414043656	0.01
1.780657572	0.204399414043656	0.01
1.780928629	0.196184442597039	0.01
1.78092863	0.196184442597039	0.01
1.781081012	0.196184442597039	0.01
1.781140367	0.196184442597039	0.01
1.781170031	0.196184442597039	0.01
1.781170032	0.196184442597039	0.01
1.781381862	0.196184442597039	0.01
1.781411498	0.196184442597039	0.01
1.781411499	0.196184442597039	0.01
1.781623424	0.196184442597039	0.01
1.781653031	0.196184442597039	0.01
1.7818108	0.196184442597039	0.01
1.781894629	0.196184442597039	0.01
1.782136292	0.196184442597039	0.01
1.782378022	0.196184442597039	0.01
1.782619816	0.196184442597039	0.01
1.783044725	0.196184442597039	0.01
1.783103602	0.196184442597039	0.01
1.783286774	0.196184442597039	0.01
1.783345594	0.196184442597039	0.01
1.78377107	0.196184442597039	0.01
1.783925287	0.196184442597039	0.01
1.784314217	0.196184442597039	0.01
1.784933025	0.193080421661805	0.01
1.785322292	0.191564955844215	0.01
1.785497332	0.191564955844215	0.01
1.785988286	0.190073094190865	0.01
1.787927091	0.185733745410349	0.01
1.788266632	0.185733745410349	0.01
1.788872102	0.187158011325287	0.01
1.78918715	0.187158011325287	0.01
1.789747139	0.184330993005866	0.01
1.790033715	0.184330993005866	0.01
1.790095821	0.184330993005866	0.01
1.790737455	0.173123719038019	0.01
1.794856772	0.163576149297866	0.02
1.795172249	0.145757763686515	0.02
1.795643534	0.140133884620278	0.02
1.796645824	0.135647772199468	0.02
1.796669094	0.135647772199468	0.02
1.796696941	0.135647772199468	0.02
1.799436111	0.128127872610128	0.02
1.808733518	0.125115262504906	0.03
1.809599251	0.125115262504906	0.03
1.813215031	0.0461891407920541	0.03
1.813716026	0.0396980890602579	0.03
1.813793197	0.0400104640610334	0.03
1.814069384	0.0396980890602579	0.03
1.814345569	0.0320126393699588	0.03
1.814596154	0.0320126393699588	0.03
1.814621756	0.0320126393699588	0.03
1.814621757	0.0320126393699588	0.03
1.814846808	0.0320126393699588	0.03
1.814872379	0.0320126393699588	0.03
1.815039963	0.0325245640349314	0.03
1.815123071	0.0325245640349314	0.03
1.815169565	0.0325245640349314	0.03
1.815288509	0.0325245640349314	0.03
1.815322808	0.0327867156216248	0.03
1.815373832	0.0327867156216248	0.03
1.815875562	0.0335991543319688	0.03
1.816101116	0.0254128281325862	0.03
1.816374833	0.0254128281325862	0.03
1.816377569	0.0254128281325862	0.03
1.81637757	0.0254128281325862	0.03
1.816879855	0.0254128281325862	0.03
1.817382419	0.0254128281325862	0.03
1.817633804	0.0254128281325862	0.03
1.818363245	0.0262887487230098	0.03
1.819395454	0.0274723845613642	0.03
1.819410514	0.0274723845613642	0.03
1.819581019	0.0274723845613642	0.03
1.82134289	0.0304928115456783	0.03
1.822065256	0.0304928115456783	0.03
1.823267442	0.0304928115456783	0.03
1.824280416	0.0304928115456783	0.03
1.824759677	0.0304928115456783	0.03
1.824985083	0.032266571347481	0.04
1.828541204	0.0260641561381711	0.04
1.828939845	0.0267497492867145	0.04
1.829051906	0.0267497492867145	0.04
1.829613575	0.0272272066873393	0.04
1.830016016	0.0279762300483623	0.04
1.835137623	0.0304928115456783	0.04
1.837659261	0.0245933953920146	0.05
1.842215909	0.0293205840406439	0.05
1.844053766	0.0293205840406439	0.05
1.860668056	0.0274723845613642	0.07
1.872927722	0.0287676306365873	0.07
1.876458705	0.0279762300483623	0.07
1.877534086	0.0272272066873393	0.07
1.917919203	0.0260641561381711	0.11
1.932723098	0.0333239043376706	0.12
1.933588634	0.0338789892366584	0.12
1.934242286	0.0353511211728268	0.12
1.93486401	0.0398536644673552	0.12
1.937910579	0.0403277940635623	0.13
1.938319698	0.0403277940635623	0.13
1.945075766	0.0476314059421154	0.14
1.947078383	0.0476314059421154	0.14
1.956133657	0.0476314059421154	0.15
1.95745413	0.0476314059421154	0.15
2.03833515	0.088595660777135	0.23
2.039242563	0.0891933905060853	0.23
2.045755957	0.119402422657851	0.23
2.049316864	0.0857232866796255	0.24
2.057670659	0.0851710180381921	0.25
2.058434493	0.0851710180381921	0.25
2.077371996	0.0851710180381921	0.27
2.077653506	0.0851710180381921	0.27
2.112854786	0.0796544369453134	0.3
2.116340052	0.117110702635154	0.3
2.117539144	0.0846258197807435	0.31
2.122322709	0.0791378823432978	0.31
2.130868897	0.0791378823432978	0.32
2.175983465	0.113833452518502	0.36
2.201956234	0.0766524479918422	0.39
2.22342495	0.0776276493523544	0.41
2.22607531	0.107800054490731	0.41
2.226678687	0.112781419662894	0.41
2.226980498	0.114905297048744	0.41
2.230993963	0.0814957860056561	0.42
2.268175967	0.202701838240721	0.41
2.273953022	0.194283267999598	0.4
2.283420782	0.1975653653297	0.39
2.287430653	0.209114396864469	0.39
2.416816988	0.275183208299653	0.28
2.57811595	0.204473866917034	0.15
2.634889835	0.208112525212158	0.09
2.644514931	0.208112525212158	0.08
2.64482266	0.208112525212158	0.08
2.65353762	0.21780211903497	0.07
2.664122924	0.21780211903497	0.06
2.669724846	0.211883031247323	0.06
2.670697515	0.211883031247323	0.06
2.67074212	0.211883031247323	0.06
2.670831293	0.211883031247323	0.06
2.671193019	0.211883031247323	0.06
2.671193179	0.211883031247323	0.06
2.671237545	0.211883031247323	0.06
2.671237705	0.211883031247323	0.06
2.671599486	0.211883031247323	0.06
2.671599646	0.211883031247323	0.06
2.671872794	0.211883031247323	0.06
2.671961685	0.211883031247323	0.06
2.672323822	0.224061417828964	0.05
2.672686057	0.21780211903497	0.05
2.673366554	0.21780211903497	0.05
2.673410821	0.21780211903497	0.05
2.674201502	0.21780211903497	0.05
2.674817434	0.21780211903497	0.05
2.675753192	0.21780211903497	0.05
2.67595059	0.21780211903497	0.05
2.677404052	0.213819987110545	0.05
2.678640892	0.211883031247323	0.05
2.679543675	0.211883031247323	0.05
2.679587204	0.211883031247323	0.05
2.68050645	0.211883031247323	0.05
2.681604422	0.211883031247323	0.05
2.684222358	0.219849329507257	0.04
2.690797174	0.208365337113037	0.04
2.690995907	0.208365337113037	0.04
2.697875326	0.204644248756774	0.03
2.700424629	0.208642932032639	0.03
2.714352711	0.193517825926504	0.05
2.720992773	0.194930934455165	0.05
2.721223607	0.198740453288861	0.05
2.721339166	0.199094169706093	0.06
2.721714851	0.199094169706093	0.06
2.721753239	0.199094169706093	0.06
2.722090639	0.199094169706093	0.06
2.72212898	0.199094169706093	0.06
2.722504826	0.199094169706093	0.06
2.727362573	0.191779992830306	0.06
2.728457177	0.191779992830306	0.06
2.734951629	0.190073094190865	0.07
2.742221604	0.193917189451885	0.08
2.744776734	0.18674885415549	0.08
2.767264537	0.18512996004648	0.1
2.795646082	0.173123719038019	0.13
2.814579483	0.173123719038019	0.15
2.857457722	0.171731554828408	0.19
2.870516676	0.175976877987143	0.2
2.874914635	0.171731554828408	0.21
2.884109016	0.175647928091504	0.22
2.885327778	0.169013333260392	0.22
2.893176138	0.178017793154996	0.23
2.901070252	0.173123719038019	0.23
3.017087015	0.169013333260392	0.35
3.091199805	0.173123719038019	0.42
3.116410384	0.158692938119951	0.45
3.116832706	0.158692938119951	0.45
3.153761559	0.14253707682712	0.48
3.557717034	0.100518866351448	0.860000000000001
3.561529658	0.100518866351448	0.870000000000001
3.561648443	0.100518866351448	0.870000000000001
3.567214517	0.100518866351448	0.870000000000001
3.568359469	0.101522354733052	0.870000000000001
3.571210711	0.109470369245034	0.880000000000001
3.572123566	0.132763727427137	0.880000000000001
3.579984214	0.111655703585376	0.870000000000001
3.62901857	0.140224815666679	0.910000000000001
3.62939674	0.140224815666679	0.910000000000001
3.629519691	0.140224815666679	0.910000000000001
3.6300627	0.140224815666679	0.910000000000001
3.631023885	0.141371492088089	0.910000000000001
3.631970124	0.146317003796285	0.910000000000001
3.633483005	0.135818280308634	0.920000000000001
3.778072999	0.136893744596089	1.06
3.963711323	0.172383891265145	1.24
4.445571488	0.243078016518738	1.68
4.452121847	0.243078016518738	1.69
4.45272527	0.243078016518738	1.69
4.453328856	0.243078016518738	1.69
4.453932605	0.243078016518738	1.69
4.459832487	0.243078016518738	1.7
4.464002998	0.243078016518738	1.7
4.475601202	0.243078016518738	1.71
4.478685952	0.243078016518738	1.72
4.480518943	0.243078016518738	1.72
4.537444354	0.250667444489836	1.73
4.550359745	0.250667444489836	1.74
4.773228095	0.253163545629421	1.92
4.848628454	0.253163545629421	2
5.341769851	0.287520468375052	2.23
5.342582978	0.287520468375052	2.23
5.343307119	0.287520468375052	2.23
5.346842194	0.287520468375052	2.24
5.443653327	0.289155527061461	2.29
6.232084175	0.347081282816862	2.66999999999999
6.2338777	0.347081282816862	2.66999999999999
6.35095118	0.34755012989324	2.77999999999998
7	0.337077456432973	3.36999999999997
