thrs	post_p	finalwindow
0	0.0905832838963121	0.23
0.03256001	0.0893878311338216	0.2
0.070216248	0.0905832838963121	0.16
0.082355146	0.0828291178591283	0.16
0.089689176	0.0780563818210272	0.16
0.098963073	0.0789664140900371	0.15
0.103967892	0.0780563818210272	0.15
0.106977596	0.0746167595568936	0.15
0.113424721	0.0746167595568936	0.15
0.127200542	0.0730081752289832	0.16
0.127695348	0.0730081752289832	0.16
0.128068503	0.0730081752289832	0.16
0.129609166	0.0730081752289832	0.16
0.129730945	0.0730081752289832	0.16
0.130460633	0.0730081752289832	0.16
0.14705261	0.0542841097559607	0.15
0.148427326	0.0641699603757721	0.15
0.155752372	0.0887630680043864	0.15
0.161204767	0.0735850269704391	0.14
0.172569069	0.0765853940033785	0.13
0.178062567	0.0651298097048558	0.12
0.178113806	0.0651298097048558	0.12
0.178140913	0.0651298097048558	0.12
0.178189211	0.0651298097048558	0.12
0.178358463	0.0651298097048558	0.12
0.181486006	0.0735850269704391	0.12
0.181486035	0.0735850269704391	0.12
0.181824923	0.0735850269704391	0.12
0.186084933	0.0898622057312712	0.12
0.194681585	0.0915629173981604	0.11
0.205298456	0.0939332635053285	0.1
0.222049977	0.0615615803518734	0.08
0.22265244	0.0656205835241075	0.08
0.222656148	0.0656205835241075	0.08
0.222716495	0.0656205835241075	0.08
0.222812147	0.0656205835241075	0.08
0.222924291	0.0856212720866753	0.08
0.223196808	0.0837681475970121	0.08
0.226694446	0.0808516569126451	0.08
0.226728961	0.0808516569126451	0.08
0.226867021	0.0808516569126451	0.08
0.226923294	0.0808516569126451	0.08
0.226957829	0.0808516569126451	0.08
0.226982815	0.0287682890561731	0.07
0.227081991	0.0287682890561731	0.07
0.227432153	0.0355505372819284	0.07
0.230426372	0.0570263500298157	0.07
0.237068117	0.0762197708880345	0.07
0.241897099	0.0369065171143762	0.06
0.242875367	0.0674633813591143	0.06
0.242941212	0.0674633813591143	0.06
0.243116147	0.0657444348278393	0.06
0.249436037	0.0630662531034548	0.06
0.254481698	0.0657444348278393	0.05
0.256228734	0.0657444348278393	0.05
0.256259656	0.0657444348278393	0.05
0.272151172	0.0635842902101536	0.05
0.287097646	0.0739043651722479	0.05
0.295749179	0.0768388014016699	0.05
0.296044019	0.0768388014016699	0.05
0.296834617	0.0768388014016699	0.05
0.296839561	0.0768388014016699	0.05
0.296839653	0.0768388014016699	0.05
0.296874128	0.0768388014016699	0.05
0.296879772	0.0768388014016699	0.05
0.29691506	0.0768388014016699	0.05
0.296919994	0.0768388014016699	0.05
0.296960227	0.0768388014016699	0.05
0.29723727	0.0768388014016699	0.05
0.297242165	0.0768388014016699	0.05
0.297345093	0.0768388014016699	0.05
0.29736316	0.0768388014016699	0.05
0.297631463	0.0768388014016699	0.05
0.298033592	0.0768388014016699	0.05
0.298062423	0.0768388014016699	0.05
0.298432807	0.0768388014016699	0.05
0.29855614	0.0768388014016699	0.05
0.299120783	0.0768388014016699	0.05
0.29926506	0.0768388014016699	0.05
0.300128238	0.0776091862337754	0.05
0.301159527	0.0776091862337754	0.05
0.301373268	0.0776091862337754	0.05
0.302406093	0.0776091862337754	0.05
0.302452098	0.0776091862337754	0.05
0.302531356	0.0776091862337754	0.05
0.302844832	0.0776091862337754	0.05
0.303037639	0.0776091862337754	0.05
0.303062807	0.0776091862337754	0.05
0.303998368	0.0776091862337754	0.05
0.304168238	0.0776091862337754	0.05
0.305094409	0.0705371415199365	0.06
0.306464617	0.0692746279182687	0.06
0.307314933	0.0686601686775037	0.06
0.308759935	0.0768388014016699	0.05
0.319078068	0.0776091862337754	0.04
0.322066605	0.0776091862337754	0.04
0.322435043	0.0776091862337754	0.04
0.323097253	0.0776091862337754	0.04
0.323537089	0.0760835606378839	0.04
0.323808824	0.0760835606378839	0.04
0.324596864	0.0746167595568936	0.04
0.327195424	0.0732054451393696	0.04
0.330254195	0.0718465273769492	0.04
0.334029253	0.0705371415199365	0.04
0.340262381	0.0641109082952109	0.05
0.343706753	0.0641109082952109	0.05
0.356200611	0.0635842902101536	0.06
0.356206548	0.0635842902101536	0.06
0.357959666	0.0596635936227263	0.07
0.363236679	0.058757821189547	0.07
0.363936107	0.058757821189547	0.07
0.366130409	0.0615615803518734	0.07
0.367161303	0.0776091862337754	0.07
0.367663989	0.0935548397182446	0.08
0.37384574	0.0932626115207446	0.08
0.382008897	0.0848392638392316	0.07
0.386863037	0.0964696547743878	0.06
0.387745392	0.0958722514060398	0.06
0.389222512	0.0929928867042864	0.06
0.389299853	0.0929928867042864	0.06
0.389825341	0.0924376443140273	0.06
0.395214438	0.0928813052413115	0.06
0.398731854	0.0989356227008431	0.05
0.411578949	0.105689755595341	0.04
0.415094538	0.103292228767821	0.04
0.415772448	0.0772648943075152	0.03
0.418471182	0.115983060222409	0.03
0.419019267	0.112608556114967	0.03
0.428769674	0.121441874152004	0.02
0.438307149	0.129573125761222	0.01
0.438815006	0.127439911835978	0.01
0.440316292	0.126399429783191	0.01
0.441750067	0.124368616800867	0.01
0.444770984	0.111837895267459	0.01
0.445156208	0.117035207058922	0.01
0.445185067	0.117035207058922	0.01
0.445185068	0.117035207058922	0.01
0.445245414	0.117035207058922	0.01
0.44525283	0.117035207058922	0.01
0.445252832	0.117035207058922	0.01
0.445252833	0.117035207058922	0.01
0.445252835	0.117035207058922	0.01
0.445313187	0.117035207058922	0.01
0.44531319	0.117035207058922	0.01
0.445373562	0.117035207058922	0.01
0.445433949	0.117035207058922	0.01
0.445479567	0.116331667560565	0.01
0.445494353	0.116331667560565	0.01
0.445540001	0.116331667560565	0.01
0.445554774	0.115636535962585	0.01
0.445578303	0.115636535962585	0.01
0.445615211	0.115636535962585	0.01
0.445653547	0.115636535962585	0.01
0.445736134	0.115636535962585	0.01
0.445849774	0.120007405024841	0.01
0.445978177	0.120007405024841	0.01
0.446188208	0.117918134847411	0.01
0.446319857	0.117918134847411	0.01
0.446341735	0.117918134847411	0.01
0.446351359	0.117918134847411	0.01
0.446394864	0.117918134847411	0.01
0.446395102	0.117918134847411	0.01
0.44656991	0.117918134847411	0.01
0.446633323	0.117918134847411	0.01
0.446772341	0.117918134847411	0.01
0.447158639	0.117237784036822	0.01
0.447533088	0.117237784036822	0.01
0.447928306	0.117237784036822	0.01
0.448701687	0.126264965972213	0.01
0.448791313	0.126264965972213	0.01
0.449715173	0.124151801456559	0.01
0.451750007	0.123463044228063	0.01
0.453102774	0.108504561828861	0.01
0.453117722	0.108504561828861	0.01
0.453312195	0.10789958079703	0.01
0.453607731	0.10789958079703	0.01
0.453670383	0.10789958079703	0.01
0.45367678	0.10789958079703	0.01
0.453739439	0.10789958079703	0.01
0.453782962	0.10789958079703	0.01
0.453789353	0.10789958079703	0.01
0.453802119	0.10789958079703	0.01
0.453864814	0.10789958079703	0.01
0.453927527	0.10789958079703	0.01
0.453990257	0.10789958079703	0.01
0.454115767	0.10789958079703	0.01
0.454228692	0.10789958079703	0.01
0.454266222	0.10789958079703	0.01
0.454297847	0.10789958079703	0.01
0.454423548	0.10789958079703	0.01
0.454543029	0.10789958079703	0.01
0.454618511	0.10789958079703	0.01
0.454637485	0.10789958079703	0.01
0.455078808	0.108504561828861	0.01
0.455439212	0.12479827848847	0.01
0.455550168	0.129573125761222	0.01
0.455755613	0.119485813914645	0.02
0.455804735	0.119485813914645	0.02
0.456133439	0.119485813914645	0.02
0.456159276	0.119485813914645	0.02
0.456880284	0.119485813914645	0.02
0.458022431	0.118847721810753	0.02
0.458619789	0.119485813914645	0.02
0.458664131	0.119485813914645	0.02
0.459124851	0.118216408732728	0.02
0.460382332	0.116973692078692	0.02
0.462114195	0.103292228767821	0.02
0.46331093	0.103292228767821	0.02
0.47699163	0.0983616989624712	0.04
0.478419311	0.0992389305382288	0.04
0.478888149	0.0992389305382288	0.04
0.479936634	0.0992389305382288	0.04
0.483511101	0.0878231454285647	0.04
0.483671852	0.0878231454285647	0.04
0.483988273	0.0878231454285647	0.04
0.484458594	0.0878231454285647	0.04
0.484927676	0.0882235208202114	0.04
0.485802156	0.100682024657491	0.04
0.48628356	0.0763838683471093	0.04
0.486776039	0.0600603873143384	0.04
0.489107131	0.0640351437029513	0.04
0.511690912	0.0615615803518734	0.06
0.514553924	0.082159303451813	0.07
0.514645345	0.082159303451813	0.07
0.514742139	0.082159303451813	0.07
0.51502476	0.0824928510105432	0.07
0.515124567	0.0824928510105432	0.07
0.516063638	0.0808516569126451	0.07
0.51682809	0.055394003599786	0.07
0.518492841	0.0566093102803054	0.07
0.529143364	0.0246202882450079	0.07
0.534226929	0.0184418633386878	0.06
0.534308248	0.0180969467306833	0.06
0.534453117	0.0179292818111283	0.06
0.534888196	0.0179292818111283	0.06
0.536755919	0.0261742798146334	0.06
0.544416783	0.0279376582513797	0.06
0.546060858	0.0560819956699144	0.06
0.556645891	0.0580030527142327	0.05
0.556807604	0.0580030527142327	0.05
0.55802857	0.0565502305892319	0.05
0.559788571	0.0560819956699144	0.05
0.566766402	0.0640351437029513	0.05
0.572491616	0.0665519218849026	0.04
0.574371638	0.065269280114733	0.05
0.57444178	0.065269280114733	0.05
0.579525048	0.065269280114733	0.05
0.59079165	0.0538525066099396	0.05
0.591193432	0.0538525066099396	0.05
0.591819223	0.0533575642018709	0.05
0.593402747	0.0533575642018709	0.05
0.593573546	0.0533575642018709	0.05
0.593673806	0.0533575642018709	0.05
0.593673808	0.0533575642018709	0.05
0.593754277	0.0533575642018709	0.05
0.593754278	0.0533575642018709	0.05
0.59375428	0.0533575642018709	0.05
0.593824895	0.0533575642018709	0.05
0.593915284	0.0533575642018709	0.05
0.594036974	0.0533575642018709	0.05
0.594237558	0.052871636678281	0.05
0.594318181	0.052871636678281	0.05
0.595015574	0.0538525066099396	0.05
0.595887104	0.0533575642018709	0.05
0.596219211	0.0538525066099396	0.05
0.596894832	0.0533575642018709	0.05
0.597117526	0.0533575642018709	0.05
0.602148457	0.0519258587246662	0.05
0.602674298	0.0519258587246662	0.05
0.604317115	0.0581690985118829	0.04
0.604813246	0.0581690985118829	0.04
0.604905308	0.0581690985118829	0.04
0.60490531	0.0581690985118829	0.04
0.604905312	0.0581690985118829	0.04
0.604988853	0.0581690985118829	0.04
0.605716504	0.0575920561906005	0.04
0.605724938	0.0575920561906005	0.04
0.606051871	0.0575920561906005	0.04
0.60631275	0.0575920561906005	0.04
0.606824709	0.0543567171162974	0.05
0.607971158	0.0543567171162974	0.05
0.608756287	0.0570263500298157	0.04
0.61827716	0.054870458507549	0.05
0.624510489	0.0659043608431297	0.05
0.630942519	0.0580030527142327	0.05
0.635412418	0.0580030527142327	0.05
0.63624959	0.0580030527142327	0.05
0.636422142	0.0580030527142327	0.05
0.637031954	0.0580030527142327	0.05
0.638075882	0.0580030527142327	0.05
0.641599528	0.0585040585740562	0.05
0.644129804	0.0538525066099396	0.06
0.64559646	0.0538525066099396	0.06
0.646569798	0.0538525066099396	0.06
0.64801212	0.0538525066099396	0.06
0.667879261	0.0559276357216767	0.07
0.667879263	0.0559276357216767	0.07
0.667969788	0.0559276357216767	0.07
0.669490645	0.0559276357216767	0.07
0.671132308	0.0559276357216767	0.07
0.678915807	0.0519258587246662	0.08
0.680410924	0.0519258587246662	0.08
0.680589305	0.0519258587246662	0.08
0.68060848	0.0519258587246662	0.08
0.680702493	0.0519258587246662	0.08
0.680786967	0.0519258587246662	0.08
0.689921535	0.0465171578874639	0.09
0.692614054	0.0461474036222383	0.09
0.696262833	0.0188001831986758	0.09
0.697379755	0.0191727030546118	0.09
0.712354258	0.0184418633386878	0.09
0.712401774	0.0184418633386878	0.09
0.71365913	0.0182677770743572	0.09
0.714295462	0.0182677770743572	0.09
0.715679053	0.0184418633386878	0.09
0.717816093	0.0184418633386878	0.09
0.719314887	0.0184418633386878	0.09
0.725869057	0.0193645544036246	0.09
0.725979546	0.0193645544036246	0.09
0.726772429	0.0184418633386878	0.1
0.72717465	0.0184418633386878	0.1
0.744518666	0.0188001831986758	0.11
0.7500464	0.0179292818111283	0.12
0.75180067	0.0180969467306833	0.12
0.756100951	0.0180969467306833	0.12
0.756122282	0.0180969467306833	0.12
0.762884543	0.0182677770743572	0.12
0.763491091	0.0182677770743572	0.12
0.765321243	0.0184418633386878	0.12
0.766651587	0.018619299503019	0.12
0.772264397	0.125213555994942	0.12
0.778829055	0.123377486533082	0.12
0.779976345	0.0092180855026863	0.11
0.786383987	0.122310799869831	0.11
0.793117932	0.137730962497839	0.1
0.794958533	0.133104344288477	0.1
0.799403767	0.129101628445528	0.1
0.8034392	0.137752306531759	0.09
0.828284953	0.13924146284229	0.07
0.861783488	0.141778275071665	0.03
0.866065884	0.150053483735398	0.03
0.870144812	0.145848865809682	0.03
0.875213305	0.152324851754507	0.02
0.875954975	0.150053483735398	0.02
0.877564409	0.150036911500149	0.02
0.880342154	0.145848865809682	0.02
0.88244613	0.157203012987445	0.01
0.882485476	0.157203012987445	0.01
0.886381245	0.151865093662423	0.01
0.887670141	0.153114587975246	0.01
0.888863234	0.151780257670184	0.01
0.889576687	0.150468982720678	0.01
0.889752182	0.150468982720678	0.01
0.889857915	0.150468982720678	0.01
0.890068113	0.149180170698595	0.01
0.890083013	0.149180170698595	0.01
0.890218543	0.148755458973055	0.01
0.890218544	0.148755458973055	0.01
0.890309475	0.148755458973055	0.01
0.890339212	0.148755458973055	0.01
0.890354074	0.149180170698595	0.01
0.890354075	0.149180170698595	0.01
0.890407894	0.149180170698595	0.01
0.890419078	0.149180170698595	0.01
0.890459913	0.149180170698595	0.01
0.890474761	0.149180170698595	0.01
0.890489605	0.149180170698595	0.01
0.890489606	0.149180170698595	0.01
0.890580647	0.149180170698595	0.01
0.890595481	0.149180170698595	0.01
0.89061031	0.149180170698595	0.01
0.890610311	0.149180170698595	0.01
0.89068659	0.149180170698595	0.01
0.890716233	0.148755458973055	0.01
0.890731048	0.148755458973055	0.01
0.890731049	0.148755458973055	0.01
0.890822213	0.148755458973055	0.01
0.890837018	0.148755458973055	0.01
0.890851819	0.148755458973055	0.01
0.890957836	0.148755458973055	0.01
0.890972623	0.148755458973055	0.01
0.891093459	0.148333158666806	0.01
0.89119957	0.148333158666806	0.01
0.891214328	0.148333158666806	0.01
0.891320486	0.148333158666806	0.01
0.891441435	0.148333158666806	0.01
0.891456164	0.148333158666806	0.01
0.89149835	0.148333158666806	0.01
0.891521465	0.148333158666806	0.01
0.891577132	0.147913249300728	0.01
0.891686849	0.147913249300728	0.01
0.891698132	0.147913249300728	0.01
0.892012117	0.14749571062694	0.01
0.89206133	0.14749571062694	0.01
0.89216782	0.147080522625544	0.01
0.892182462	0.147080522625544	0.01
0.892245091	0.147080522625544	0.01
0.892307805	0.146667665501428	0.01
0.892546055	0.148333158666806	0.01
0.89273031	0.148333158666806	0.01
0.892924751	0.14749571062694	0.01
0.892951888	0.14749571062694	0.01
0.892952212	0.14749571062694	0.01
0.893142511	0.14749571062694	0.01
0.893172464	0.147080522625544	0.01
0.893313967	0.147080522625544	0.01
0.893320622	0.147080522625544	0.01
0.893395592	0.147080522625544	0.01
0.894232534	0.146667665501428	0.01
0.894332391	0.146667665501428	0.01
0.894511483	0.145848865809682	0.01
0.894690708	0.145848865809682	0.01
0.894906463	0.145848865809682	0.01
0.894913415	0.145848865809682	0.01
0.895081202	0.145848865809682	0.01
0.895086463	0.145848865809682	0.01
0.895300675	0.145848865809682	0.01
0.89539422	0.145848865809682	0.01
0.895840307	0.152292497226898	0.01
0.89592425	0.152292497226898	0.01
0.896329745	0.151456077337001	0.01
0.896396617	0.151873135674517	0.01
0.896928207	0.149404678758076	0.01
0.89693811	0.149404678758076	0.01
0.897131294	0.147408107947042	0.01
0.897197773	0.145848865809682	0.01
0.897282137	0.144224661392456	0.01
0.898155973	0.12710240579093	0.01
0.898485328	0.124983993609639	0.01
0.89889623	0.122683633403563	0.01
0.898920463	0.122683633403563	0.01
0.899325427	0.12119653268055	0.01
0.900031532	0.12119653268055	0.01
0.900113547	0.120952180506736	0.01
0.900690942	0.114270900697991	0.01
0.901007608	0.123209162493019	0.01
0.901568195	0.0909889056205834	0.01
0.901947653	0.0903730874859652	0.01
0.902162268	0.0903730874859652	0.01
0.902291602	0.068696011440365	0.01
0.902919093	0.0605977288786005	0.01
0.903166806	0.0577557538785881	0.01
0.904220945	0.0560106468736685	0.01
0.904508173	0.0565139351099617	0.01
0.905424433	0.0572860579295186	0.01
0.905541598	0.0572860579295186	0.01
0.906154318	0.0572860579295186	0.01
0.906210372	0.0572860579295186	0.01
0.906508268	0.0583489835389448	0.01
0.906786831	0.0580795712860525	0.01
0.906922556	0.0580795712860525	0.01
0.906983581	0.0588953765556789	0.01
0.907060652	0.0588953765556789	0.01
0.907185931	0.0594520993976349	0.01
0.907198748	0.0600194477958226	0.01
0.907199842	0.0600194477958226	0.01
0.907311244	0.051258999961427	0.01
0.907324045	0.051258999961427	0.01
0.907336843	0.051258999961427	0.01
0.907336844	0.051258999961427	0.01
0.907436592	0.051258999961427	0.01
0.90746216	0.051258999961427	0.01
0.907536422	0.051258999961427	0.01
0.9075492	0.051258999961427	0.01
0.907574745	0.051258999961427	0.01
0.907587512	0.051258999961427	0.01
0.907674633	0.051258999961427	0.01
0.907700146	0.051258999961427	0.01
0.907712898	0.051258999961427	0.01
0.907951053	0.051258999961427	0.01
0.907963773	0.0507699890961777	0.01
0.907963774	0.0507699890961777	0.01
0.908076559	0.0507699890961777	0.01
0.908089263	0.0507699890961777	0.01
0.908089264	0.0507699890961777	0.01
0.908151307	0.0507699890961777	0.01
0.908189407	0.0510133226480038	0.01
0.908202099	0.0510133226480038	0.01
0.908214789	0.0510133226480038	0.01
0.908453284	0.0505289659259423	0.01
0.908566283	0.0502902203881635	0.01
0.908577365	0.0502902203881635	0.01
0.908578929	0.0502902203881635	0.01
0.908691978	0.0502902203881635	0.01
0.908729307	0.0502902203881635	0.01
0.908855181	0.0495873312326927	0.01
0.908956071	0.050053720349745	0.01
0.909183517	0.0493573808403016	0.01
0.909207673	0.0493573808403016	0.01
0.909270732	0.0493573808403016	0.01
0.909346075	0.0495873312326927	0.01
0.909642167	0.0495873312326927	0.01
0.909896599	0.0491295532928845	0.01
0.910014581	0.0491295532928845	0.01
0.910051995	0.0498194342792113	0.01
0.910267	0.050053720349745	0.01
0.910467776	0.050053720349745	0.01
0.910628128	0.050053720349745	0.01
0.911351929	0.0505289659259423	0.01
0.911383512	0.0502902203881635	0.01
0.911404622	0.0502902203881635	0.01
0.911632099	0.0505289659259423	0.01
0.912015459	0.0505289659259423	0.01
0.912707801	0.0502902203881635	0.01
0.912776305	0.0502902203881635	0.01
0.912811242	0.0546123796408999	0.01
0.913006436	0.0551309881352404	0.01
0.913751419	0.054870458507549	0.01
0.914696902	0.0583489835389448	0.01
0.914870556	0.0583489835389448	0.01
0.914983658	0.0583489835389448	0.01
0.915026039	0.0583489835389448	0.01
0.915269563	0.0583489835389448	0.01
0.915559183	0.0452835274182181	0.01
0.916688985	0.0457113843953431	0.01
0.917957453	0.0514655459577871	0.01
0.918238351	0.0538525066099396	0.02
0.918456927	0.0532178187218634	0.02
0.918483627	0.0532178187218634	0.02
0.918816837	0.0534277125235386	0.02
0.918837351	0.0534277125235386	0.02
0.919120121	0.0538525066099396	0.02
0.919655338	0.0540674468591825	0.02
0.919822583	0.0540674468591825	0.02
0.921364075	0.0547226869987707	0.02
0.921783065	0.0549446439448906	0.02
0.922455062	0.0556214510290958	0.02
0.922504312	0.0556214510290958	0.02
0.922787758	0.0556214510290958	0.02
0.923473233	0.0560819956699144	0.02
0.924160807	0.0558507739546007	0.02
0.924412009	0.0560819956699144	0.02
0.924507726	0.0560819956699144	0.02
0.924627878	0.0565502305892319	0.02
0.925553967	0.0451682256826659	0.02
0.926193857	0.0453607228358645	0.02
0.929379518	0.0486324870531653	0.03
0.93220206	0.0493410373932564	0.03
0.933174706	0.0500705394171564	0.03
0.934700606	0.0498861490565966	0.03
0.93534835	0.0498861490565966	0.03
0.938446291	0.0321096350314651	0.03
0.938770844	0.0335961440187015	0.03
0.941112169	0.0379933838585426	0.03
0.942896738	0.0212033714731879	0.03
0.944027825	0.0213593901227366	0.03
0.947518522	0.0232404791741758	0.03
0.949342587	0.0259403778962382	0.03
0.951999424	0.0266549704780087	0.03
0.953473419	0.0188001831986758	0.03
0.955603107	0.0228742070509244	0.04
0.955985355	0.0228742070509244	0.04
0.956018846	0.0228742070509244	0.04
0.956296714	0.0228742070509244	0.04
0.956549025	0.0228742070509244	0.04
0.956766863	0.0230558885296476	0.04
0.956780018	0.0230558885296476	0.04
0.95679317	0.0230558885296476	0.04
0.956793172	0.0230558885296476	0.04
0.957077957	0.0230558885296476	0.04
0.958321379	0.0238124220416287	0.04
0.959031973	0.0250451319596455	0.04
0.959642592	0.0257106193988465	0.04
0.959665139	0.0259403778962382	0.04
0.959857154	0.0261742798146334	0.04
0.960039043	0.0261742798146334	0.04
0.964446178	0.00967913915775386	0.04
0.964458654	0.00967913915775386	0.04
0.966653906	0.0228742070509244	0.05
0.966980912	0.0230558885296476	0.05
0.966986309	0.0230558885296476	0.05
0.967297226	0.0230558885296476	0.05
0.967302571	0.0230558885296476	0.05
0.967302572	0.0230558885296476	0.05
0.967460779	0.0230558885296476	0.05
0.96746078	0.0230558885296476	0.05
0.96761904	0.0230558885296476	0.05
0.967619041	0.0230558885296476	0.05
0.967925221	0.0230558885296476	0.05
0.967935716	0.0230558885296476	0.05
0.968083686	0.0234280494227665	0.05
0.968088909	0.0234280494227665	0.05
0.968237002	0.0234280494227665	0.05
0.968861479	0.0250451319596455	0.05
0.969035555	0.0250451319596455	0.05
0.969666194	0.0259403778962382	0.05
0.970292984	0.0259403778962382	0.05
0.970442597	0.0259403778962382	0.05
0.973457204	0.0180969467306833	0.05
0.974203145	0.00930674856189689	0.05
0.981915796	0.00930674856189689	0.05
1.019804062	0	0.07
1.022530753	0	0.07
1.027042278	0	0.07
1.027349785	0	0.08
1.028094642	0	0.08
1.029078227	0	0.08
1.029271857	0	0.08
1.030392053	0	0.08
1.030397618	0	0.08
1.030958443	0	0.08
1.031720423	0	0.08
1.032104884	0	0.08
1.033463082	0	0.08
1.034376329	0	0.08
1.034854243	0	0.08
1.036124234	0.0312455697205932	0.08
1.039046839	0.0349092383080223	0.08
1.041709188	0.0365579162148279	0.08
1.043349328	0.0365579162148279	0.08
1.044012776	0.0365579162148279	0.08
1.048661279	0.0322882147569812	0.09
1.049025044	0.0322882147569812	0.09
1.054783865	0.0352269693612272	0.09
1.057424783	0.0320210838926777	0.1
1.067766296	0.0320210838926777	0.11
1.068277144	0.0320210838926777	0.11
1.068892568	0.0322882147569812	0.11
1.070020858	0.0334028467736547	0.11
1.070326964	0.0339895285874427	0.11
1.088407982	0.0488077099574477	0.13
1.112743253	0.0659043608431297	0.14
1.113082372	0.0659043608431297	0.14
1.113233383	0.0659043608431297	0.14
1.115076799	0.0672123347767232	0.14
1.116382888	0.0672123347767232	0.14
1.125633627	0.0678859859505122	0.13
1.127882011	0.0678859859505122	0.13
1.133642817	0.0678859859505122	0.12
1.136767134	0.0678859859505122	0.12
1.137302108	0.0678859859505122	0.12
1.183360064	0.054870458507549	0.16
1.187305519	0.0698301207827821	0.15
1.187446683	0.0698301207827821	0.15
1.18762744	0.0676599401497832	0.15
1.192009701	0.0666246594993643	0.15
1.209825949	0.0779565602193752	0.13
1.210085375	0.0779565602193752	0.13
1.212614931	0.0765853940033785	0.13
1.224141399	0.0759177411365239	0.12
1.225416562	0.0759177411365239	0.12
1.226416878	0.0759177411365239	0.12
1.243346642	0.0687279031046833	0.12
1.246668032	0.0687279031046833	0.12
1.248955951	0.0661188097732528	0.12
1.265568721	0.0727467966021288	0.1
1.270060331	0.0687279031046833	0.1
1.270253663	0.0687279031046833	0.1
1.275739262	0.073359615870743	0.09
1.289511656	0.05239447996619	0.08
1.293113698	0.0581690985118829	0.07
1.297280078	0.05239447996619	0.08
1.303502827	0.0559276357216767	0.07
1.325958837	0.0856212720866753	0.06
1.335485912	0.0839700795169656	0.07
1.335508208	0.0839700795169656	0.07
1.335711503	0.0856212720866753	0.07
1.335892556	0.0856212720866753	0.07
1.336051433	0.0856212720866753	0.07
1.33625481	0.0856212720866753	0.07
1.336413828	0.0856212720866753	0.07
1.336595099	0.0856212720866753	0.07
1.336979907	0.0856212720866753	0.07
1.337117106	0.0856212720866753	0.07
1.337161305	0.0856212720866753	0.07
1.337524247	0.0856212720866753	0.07
1.337529375	0.0856212720866753	0.07
1.337777279	0.0856212720866753	0.07
1.337887386	0.0856212720866753	0.07
1.338686534	0.0856212720866753	0.07
1.342315002	0.0839700795169656	0.08
1.343443085	0.0839700795169656	0.08
1.360533959	0.0873387055156429	0.09
1.360774481	0.0864714620378471	0.09
1.360981621	0.101712891277892	0.09
1.36116959	0.101712891277892	0.09
1.361338457	0.101712891277892	0.09
1.361545683	0.101712891277892	0.09
1.364721715	0.101712891277892	0.09
1.368077892	0.0970745499580861	0.09
1.368578346	0.0970745499580861	0.09
1.369020462	0.0970745499580861	0.09
1.373967278	0.106816725731091	0.08
1.377274175	0.104714936300314	0.08
1.377544294	0.105755389271973	0.08
1.38563755	0.101712891277892	0.08
1.385801753	0.101712891277892	0.08
1.434752614	0.0860829283831565	0.1
1.440102642	0.0860829283831565	0.11
1.450674974	0.0833853258069682	0.12
1.450928234	0.0833853258069682	0.12
1.454856842	0.0833853258069682	0.12
1.45657643	0.0970745499580861	0.12
1.457818346	0.0833853258069682	0.13
1.484067531	0.0827371371402717	0.15
1.484117024	0.0827371371402717	0.15
1.502972103	0.0820989480207859	0.17
1.511734415	0.0820989480207859	0.18
1.512194724	0.0820989480207859	0.18
1.512403577	0.0820989480207859	0.18
1.512821455	0.0820989480207859	0.18
1.513239565	0.0820989480207859	0.18
1.515375804	0.0820989480207859	0.18
1.516740221	0.0873387055156429	0.18
1.517647523	0.0820989480207859	0.19
1.523536021	0.0820989480207859	0.19
1.558531046	0.125647143441928	0.23
1.561070241	0.153564593560331	0.22
1.611568792	0.132531037995636	0.18
1.652341299	0.142091358230994	0.14
1.718627381	0.179562559392266	0.07
1.730827961	0.165053678904748	0.06
1.75282717	0.160724758083121	0.04
1.758275756	0.184982802868769	0.03
1.768990518	0.184982802868769	0.02
1.77861633	0.166322927387388	0.02
1.780627841	0.179562559392266	0.01
1.780657571	0.179562559392266	0.01
1.780657572	0.179562559392266	0.01
1.780839524	0.176122149731316	0.01
1.780928629	0.176122149731316	0.01
1.78092863	0.176122149731316	0.01
1.781081012	0.176122149731316	0.01
1.781170031	0.176122149731316	0.01
1.781170032	0.176122149731316	0.01
1.781411499	0.176122149731316	0.01
1.781623424	0.176122149731316	0.01
1.781653031	0.176122149731316	0.01
1.781835463	0.176122149731316	0.01
1.781894629	0.176122149731316	0.01
1.782136292	0.176122149731316	0.01
1.782378022	0.171201822199825	0.01
1.782531315	0.171201822199825	0.01
1.782619816	0.171201822199825	0.01
1.783044725	0.171201822199825	0.01
1.783103602	0.171201822199825	0.01
1.783286774	0.171201822199825	0.01
1.783345594	0.171201822199825	0.01
1.783587651	0.171201822199825	0.01
1.78377107	0.171201822199825	0.01
1.783829774	0.171201822199825	0.01
1.784013316	0.171201822199825	0.01
1.78446873	0.171201822199825	0.01
1.784506241	0.171201822199825	0.01
1.784933025	0.166548941550228	0.01
1.785009515	0.166548941550228	0.01
1.785322292	0.172244421195047	0.01
1.785497332	0.172244421195047	0.01
1.785988286	0.170724867842388	0.01
1.787927091	0.167764800248819	0.01
1.788266632	0.167764800248819	0.01
1.788872102	0.169231891257412	0.01
1.78918715	0.169231891257412	0.01
1.789358594	0.169231891257412	0.01
1.790033715	0.164905627993542	0.01
1.790095821	0.164905627993542	0.01
1.790737455	0.159178524350113	0.01
1.792147241	0.159470015249121	0.02
1.794856772	0.134996410545751	0.02
1.795060195	0.127860916865764	0.02
1.795172249	0.119936570599341	0.02
1.795643534	0.115636535962585	0.02
1.796669094	0.110993883612649	0.02
1.796696941	0.110993883612649	0.02
1.799436111	0.113315030036169	0.02
1.801889818	0.0538525066099396	0.02
1.812688451	0.0656205835241075	0.03
1.813215031	0.0671383090243333	0.03
1.813240824	0.0671383090243333	0.03
1.813793197	0.0551684087525155	0.03
1.814345569	0.0556214510290958	0.03
1.814621756	0.0407108964262518	0.03
1.814621757	0.0407108964262518	0.03
1.814846808	0.0407108964262518	0.03
1.814872379	0.0407108964262518	0.03
1.815039963	0.0417652368639293	0.03
1.815123071	0.0417652368639293	0.03
1.815169565	0.0417652368639293	0.03
1.815288509	0.0417652368639293	0.03
1.815322808	0.0424990030278924	0.03
1.815373832	0.0424990030278924	0.03
1.815624663	0.0432590130858321	0.03
1.815875562	0.0432590130858321	0.03
1.816101116	0.0349092383080223	0.03
1.816377569	0.0349092383080223	0.03
1.81637757	0.0349092383080223	0.03
1.816628678	0.0345971875965276	0.03
1.817399416	0.0345971875965276	0.03
1.818036082	0.0349092383080223	0.03
1.818363245	0.0355505372819284	0.03
1.819217405	0.0365579162148279	0.03
1.819395454	0.0369065171143762	0.03
1.81989941	0.0369065171143762	0.03
1.820606159	0.0383700392835671	0.03
1.82134289	0.0670912865667553	0.04
1.823345161	0.051793502712247	0.04
1.824280416	0.0547226869987707	0.04
1.824759677	0.0400370869309588	0.04
1.824985083	0.0407108964262518	0.04
1.828541204	0.0352269693612272	0.04
1.829613575	0.0365579162148279	0.04
1.830016016	0.0365579162148279	0.04
1.83758722	0.0336936340122087	0.05
1.837659261	0.0336936340122087	0.05
1.839735229	0.0358801044001281	0.05
1.842215909	0.0610223550931463	0.06
1.844053766	0.0538525066099396	0.06
1.846490238	0.0336936340122087	0.06
1.860714054	0.0362158391215991	0.07
1.872927722	0.0342906662480548	0.08
1.876458705	0.0271536472244101	0.08
1.917919203	0.0284859779833701	0.11
1.919145255	0.0284859779833701	0.11
1.932723098	0.0452835274182181	0.12
1.934242286	0.0479779596785708	0.12
1.937910579	0.0432590130858321	0.13
1.938309591	0.0432590130858321	0.13
1.938319698	0.0432590130858321	0.13
1.939501786	0.0432590130858321	0.13
1.940502926	0.0432590130858321	0.13
1.945075766	0.0505689774086692	0.14
1.947078383	0.0505689774086692	0.14
1.95745413	0.0505689774086692	0.15
1.959079535	0.0505689774086692	0.15
1.961031557	0.0505689774086692	0.15
2.03833515	0.0488077099574477	0.23
2.039242563	0.0488077099574477	0.23
2.045755957	0.0477749116034775	0.24
2.049316864	0.0474402906041141	0.24
2.057670659	0.0474402906041141	0.25
2.058434493	0.0474402906041141	0.25
2.077371996	0.0474402906041141	0.27
2.077653506	0.0474402906041141	0.27
2.112854786	0.0467849166829432	0.3
2.116340052	0.0452230579527167	0.31
2.117539144	0.0452230579527167	0.31
2.119081815	0.0452230579527167	0.31
2.122322709	0.0452230579527167	0.31
2.130868897	0.0452230579527167	0.32
2.175983465	0.0672123347767232	0.36
2.21647999	0.0449231169997361	0.41
2.225736601	0.064646322347457	0.41
2.22607531	0.0665519218849026	0.41
2.226980498	0.0506793364320934	0.42
2.244892022	0.125746105157721	0.43
2.273953022	0.148930047056246	0.4
2.279085054	0.166118966307069	0.4
2.287430653	0.168880261344327	0.39
2.36737444	0.194782239595047	0.32
2.396315913	0.194782239595047	0.31
2.401471639	0.194782239595047	0.3
2.416816988	0.166118966307069	0.31
2.57811595	0.214400299728894	0.17
2.63880046	0.214400299728894	0.12
2.644514931	0.214400299728894	0.12
2.664122924	0.214400299728894	0.1
2.670697515	0.214400299728894	0.1
2.670831293	0.214400299728894	0.1
2.671148642	0.214400299728894	0.1
2.671193019	0.214400299728894	0.1
2.671193179	0.214400299728894	0.1
2.671237545	0.214400299728894	0.1
2.671237705	0.214400299728894	0.1
2.671599646	0.214400299728894	0.1
2.671961685	0.214400299728894	0.1
2.672323822	0.214400299728894	0.1
2.673366554	0.214400299728894	0.1
2.673410821	0.214400299728894	0.1
2.674201502	0.214400299728894	0.1
2.674817434	0.214400299728894	0.1
2.67498819	0.214400299728894	0.1
2.675753192	0.214400299728894	0.1
2.675906626	0.214400299728894	0.1
2.677404052	0.214400299728894	0.1
2.678640892	0.212262436821892	0.11
2.679543675	0.212262436821892	0.11
2.681604422	0.212262436821892	0.11
2.692790444	0.214400299728894	0.1
2.697875326	0.214400299728894	0.09
2.716197088	0.214400299728894	0.08
2.720992773	0.214400299728894	0.09
2.721339166	0.214400299728894	0.09
2.721714851	0.214400299728894	0.09
2.721753239	0.214400299728894	0.09
2.72212898	0.214400299728894	0.09
2.722504826	0.214400299728894	0.09
2.725138453	0.210166787793069	0.09
2.727362573	0.210166787793069	0.09
2.728042156	0.210166787793069	0.09
2.728457177	0.210166787793069	0.09
2.730687704	0.212262436821892	0.09
2.741703646	0.204588069795418	0.08
2.742221604	0.204588069795418	0.08
2.758261585	0.204588069795418	0.1
2.784781798	0.181333665684771	0.12
2.814579483	0.181333665684771	0.15
2.870516676	0.17782571564208	0.2
2.874914635	0.17782571564208	0.21
2.893176138	0.189337319162993	0.23
2.901070252	0.179562559392266	0.23
3.017087015	0.171201822199825	0.35
3.091199805	0.155622791066704	0.42
3.116410384	0.178453393894127	0.45
3.190582361	0.190520829711416	0.52
3.479484296	0.193391859594483	0.81
3.560201153	0.192021188323403	0.890000000000001
3.561648443	0.191281707144293	0.890000000000001
3.563861522	0.201544196534899	0.890000000000001
3.566965252	0.198413282758163	0.890000000000001
3.567214517	0.198413282758163	0.890000000000001
3.571210711	0.190938561571949	0.890000000000001
3.571812505	0.194782239595047	0.890000000000001
3.572123566	0.194782239595047	0.890000000000001
3.575584373	0.192841249606029	0.890000000000001
3.579984214	0.192841249606029	0.890000000000001
3.62901857	0.17782571564208	0.910000000000001
3.62939674	0.17782571564208	0.910000000000001
3.629519691	0.17782571564208	0.910000000000001
3.630972932	0.17782571564208	0.910000000000001
3.639968026	0.17782571564208	0.920000000000001
3.82876748	0.200280048180842	1.11
3.963711323	0.198413282758163	1.25
4.078052931	0.215616420103301	1.36
4.442577106	0.211839970234712	1.73
4.452121847	0.211839970234712	1.74
4.45272527	0.211839970234712	1.74
4.453932605	0.211839970234712	1.74
4.464002998	0.211839970234712	1.75
4.478685952	0.220376097424076	1.76
4.480518943	0.220376097424076	1.76
4.492707945	0.212915685832682	1.78
4.536969429	0.214733029914177	1.82
4.537596069	0.214733029914177	1.82
4.848628454	0.211128844949584	2.13
5.341769851	0.270559350700257	2.51999999999999
5.342582978	0.270559350700257	2.51999999999999
5.346842194	0.270559350700257	2.50999999999999
5.445157132	0.277301858968866	2.55999999999999
6.2338777	0.312327099053651	2.67999999999999
6.244676548	0.312327099053651	2.68999999999999
6.358499262	0.312327099053651	2.79999999999998
7	0.349617070632985	3.42999999999997
