thrs	post_p	finalwindow
0	0.0640633920850823	0.23
0.03256001	0.0631676210401375	0.2
0.070216248	0.0622965549244527	0.17
0.093809574	0.0561069459259333	0.16
0.098963073	0.0561069459259333	0.16
0.106977596	0.0547470675883654	0.17
0.115659216	0.0547470675883654	0.18
0.127200542	0.0432233095983593	0.17
0.127695348	0.0416300819183979	0.17
0.128068503	0.0408767162415544	0.17
0.130460633	0.0606245591030665	0.17
0.148427326	0.0408767162415544	0.15
0.148447444	0.0563067487418541	0.15
0.148782099	0.0563067487418541	0.15
0.178140913	0.0420172751156149	0.12
0.178189211	0.0420172751156149	0.12
0.178358463	0.0420172751156149	0.12
0.181430774	0.0581845100074581	0.12
0.181486006	0.0581845100074581	0.12
0.181486035	0.0581845100074581	0.12
0.191788381	0.0601203131594857	0.11
0.205298456	0.0664180545345276	0.1
0.206482242	0.0664180545345276	0.1
0.222049977	0.0420172751156149	0.08
0.222622275	0.0381175164283136	0.08
0.22265244	0.0381175164283136	0.08
0.222656148	0.0381175164283136	0.08
0.222686318	0.0381175164283136	0.08
0.222697977	0.0381175164283136	0.08
0.222812147	0.045394951154696	0.08
0.222924291	0.0525630931726268	0.08
0.226694446	0.0500665210745992	0.08
0.226728961	0.0500665210745992	0.08
0.226867021	0.0500665210745992	0.08
0.226923294	0.0500665210745992	0.08
0.226929675	0.0500665210745992	0.08
0.227081991	0.0500665210745992	0.08
0.227432153	0.0500665210745992	0.08
0.230426372	0.0442825217125281	0.08
0.237068117	0.0442825217125281	0.07
0.241897099	0.0442825217125281	0.07
0.24235868	0.0442825217125281	0.07
0.242875367	0.0509402262727757	0.06
0.249436037	0.048221507856813	0.06
0.259750174	0.0500005527426339	0.05
0.295749179	0.0432233095983593	0.06
0.296044019	0.0432233095983593	0.06
0.296839561	0.0408767162415544	0.06
0.296839653	0.0408767162415544	0.06
0.296879772	0.0408767162415544	0.06
0.29691506	0.0408767162415544	0.06
0.296919994	0.0408767162415544	0.06
0.296960227	0.0408767162415544	0.06
0.297161557	0.0408767162415544	0.06
0.297207868	0.0408767162415544	0.06
0.297242165	0.0408767162415544	0.06
0.297345093	0.0408767162415544	0.06
0.298033592	0.040510166768193	0.06
0.298432807	0.040510166768193	0.06
0.299120783	0.040510166768193	0.06
0.29926506	0.040510166768193	0.06
0.299931082	0.040510166768193	0.06
0.300638986	0.040510166768193	0.06
0.301159527	0.040510166768193	0.06
0.301373268	0.040510166768193	0.06
0.302397905	0.0420172751156149	0.06
0.30240618	0.0420172751156149	0.06
0.302443572	0.0420172751156149	0.06
0.302452098	0.0420172751156149	0.06
0.302453753	0.0420172751156149	0.06
0.302493847	0.0420172751156149	0.06
0.302757814	0.0420172751156149	0.06
0.302844832	0.0420172751156149	0.06
0.303062807	0.0428136783040427	0.06
0.303998368	0.0424117383453936	0.06
0.305094409	0.0424117383453936	0.06
0.320217262	0.044500624402457	0.04
0.322066605	0.044500624402457	0.04
0.322435043	0.044500624402457	0.04
0.322591403	0.044500624402457	0.04
0.323097253	0.044500624402457	0.04
0.323165924	0.044500624402457	0.04
0.323808824	0.044500624402457	0.04
0.324596864	0.0440665464884931	0.04
0.327195424	0.0424117383453936	0.04
0.330254195	0.0424117383453936	0.04
0.333944256	0.0424117383453936	0.04
0.334029253	0.0424117383453936	0.04
0.338071632	0.0543705553038393	0.05
0.340262381	0.0517036899433032	0.05
0.343625259	0.0517036899433032	0.05
0.343706753	0.0517036899433032	0.05
0.345554528	0.0517036899433032	0.05
0.350684009	0.0508719370096534	0.06
0.351815198	0.0504660157236313	0.06
0.356206548	0.0512844412672938	0.06
0.356351443	0.0512844412672938	0.06
0.356437896	0.0512844412672938	0.06
0.357086112	0.0589299465166052	0.06
0.357959666	0.0618095046267476	0.06
0.363936107	0.0492862107144815	0.07
0.366130409	0.0512844412672938	0.07
0.367161303	0.0589299465166052	0.07
0.381649088	0.0447208861488042	0.07
0.382008897	0.0447208861488042	0.07
0.386863037	0.0499084885939393	0.06
0.386909127	0.0499084885939393	0.06
0.387745392	0.0499084885939393	0.06
0.389222512	0.0485671163560511	0.06
0.389299853	0.0485671163560511	0.06
0.389825341	0.0483074480251132	0.06
0.398731854	0.0525194450493235	0.05
0.403209246	0.0510361398318266	0.05
0.411578949	0.0568125374986877	0.04
0.412388288	0.0568125374986877	0.04
0.415094538	0.0656141673688801	0.04
0.438307149	0.0538497629257569	0.01
0.438815006	0.0534515487875105	0.01
0.440249622	0.0526725315506248	0.01
0.440316292	0.0526725315506248	0.01
0.444236336	0.0574695626007539	0.01
0.444770984	0.0543280972472845	0.01
0.445049535	0.0543280972472845	0.01
0.445117302	0.0635779208438121	0.01
0.445156208	0.0635779208438121	0.01
0.445185067	0.0632356361853528	0.01
0.445185068	0.0632356361853528	0.01
0.445245414	0.0632356361853528	0.01
0.44525283	0.0632356361853528	0.01
0.445252832	0.0632356361853528	0.01
0.445252833	0.0632356361853528	0.01
0.445252835	0.0632356361853528	0.01
0.445305777	0.0632356361853528	0.01
0.44531318	0.0632356361853528	0.01
0.445313187	0.0632356361853528	0.01
0.445313188	0.0632356361853528	0.01
0.44531319	0.0632356361853528	0.01
0.445373562	0.0632356361853528	0.01
0.445433949	0.0632356361853528	0.01
0.445479567	0.0628970173094578	0.01
0.445494353	0.0628970173094578	0.01
0.445554774	0.0625620056403795	0.01
0.445578303	0.0625620056403795	0.01
0.445675664	0.0625620056403795	0.01
0.445736134	0.0670517834546634	0.01
0.445849774	0.0660021820115536	0.01
0.445857123	0.0660021820115536	0.01
0.445917642	0.0660021820115536	0.01
0.445970843	0.0660021820115536	0.01
0.445978177	0.0660021820115536	0.01
0.446188208	0.0649849341891823	0.01
0.446341735	0.0649849341891823	0.01
0.446351359	0.0649849341891823	0.01
0.446395102	0.0649849341891823	0.01
0.446455777	0.0649849341891823	0.01
0.446633323	0.0649849341891823	0.01
0.446772341	0.0649849341891823	0.01
0.447158639	0.0646527840401485	0.01
0.447649603	0.0646527840401485	0.01
0.447876705	0.0646527840401485	0.01
0.447928306	0.0646527840401485	0.01
0.448791313	0.0646527840401485	0.01
0.449051315	0.0656595791975838	0.01
0.449715173	0.0656595791975838	0.01
0.452986292	0.0663483788892611	0.01
0.453102774	0.0663483788892611	0.01
0.453117722	0.0663483788892611	0.01
0.453312195	0.0660021820115536	0.01
0.453607731	0.0660021820115536	0.01
0.453670383	0.0660021820115536	0.01
0.45367678	0.0660021820115536	0.01
0.453739439	0.0660021820115536	0.01
0.453789353	0.0660021820115536	0.01
0.453802119	0.0660021820115536	0.01
0.453864814	0.0660021820115536	0.01
0.453927527	0.0660021820115536	0.01
0.453952078	0.0660021820115536	0.01
0.453977538	0.0660021820115536	0.01
0.453990257	0.0660021820115536	0.01
0.454053004	0.0660021820115536	0.01
0.454131662	0.0660021820115536	0.01
0.454159539	0.0660021820115536	0.01
0.454172215	0.0660021820115536	0.01
0.454228692	0.0660021820115536	0.01
0.454266222	0.0663483788892611	0.01
0.454278877	0.0663483788892611	0.01
0.454297847	0.0663483788892611	0.01
0.454379121	0.0663483788892611	0.01
0.454543029	0.0663483788892611	0.01
0.454618511	0.0663483788892611	0.01
0.455078808	0.0656595791975838	0.01
0.455180191	0.0666982266840293	0.01
0.455439212	0.104179098907876	0.01
0.455550168	0.109013586496312	0.01
0.455678249	0.115442174563923	0.01
0.455804735	0.116588050928379	0.01
0.456133439	0.0609165156271746	0.02
0.456159276	0.0609165156271746	0.02
0.456880284	0.0609165156271746	0.02
0.458022431	0.0609165156271746	0.02
0.458664131	0.0612112977748535	0.02
0.460382332	0.062419519206385	0.02
0.462114195	0.062419519206385	0.02
0.46331093	0.062419519206385	0.02
0.464728436	0.0606245591030665	0.02
0.46499053	0.0609165156271746	0.02
0.472596627	0.0578518739208661	0.03
0.474072423	0.0578518739208661	0.03
0.478419311	0.0539071355343799	0.04
0.478888149	0.0541378537195219	0.04
0.479732593	0.0541378537195219	0.04
0.479936634	0.0541378537195219	0.04
0.483511101	0.0550808195511884	0.04
0.483671852	0.0550808195511884	0.04
0.484225862	0.0550808195511884	0.04
0.484458594	0.0553217160978992	0.04
0.485999254	0.0752711987437508	0.04
0.486776039	0.049543597497606	0.04
0.489107131	0.0529296686223266	0.04
0.508934563	0.0596243861736016	0.06
0.511690912	0.0606245591030665	0.06
0.514645345	0.057719881982402	0.07
0.514742139	0.057719881982402	0.07
0.514971335	0.0579512647135611	0.07
0.516063638	0.0764386693592892	0.07
0.518492841	0.0563694792809748	0.07
0.518564452	0.0563694792809748	0.07
0.534226929	0.0509402262727757	0.07
0.534308248	0.0509402262727757	0.07
0.534380672	0.0509402262727757	0.07
0.534453117	0.0509402262727757	0.07
0.534888196	0.0686903076016469	0.07
0.543234343	0.0572626156751446	0.07
0.544416783	0.057719881982402	0.07
0.55657045	0.071404584398886	0.05
0.556807604	0.071404584398886	0.05
0.559788571	0.07002115204184	0.05
0.574371638	0.07002115204184	0.06
0.579525048	0.0667862658653362	0.06
0.586308239	0.0649849341891823	0.06
0.591819223	0.0534515487875105	0.05
0.593673806	0.053983822785933	0.05
0.593673808	0.053983822785933	0.05
0.59375428	0.053983822785933	0.05
0.593824895	0.053983822785933	0.05
0.594036974	0.053983822785933	0.05
0.594152812	0.0534515487875105	0.05
0.594237558	0.0534515487875105	0.05
0.594318181	0.0534515487875105	0.05
0.595015574	0.0509402262727757	0.06
0.595196772	0.0509402262727757	0.06
0.595887104	0.0545268042481491	0.05
0.596219211	0.0545268042481491	0.05
0.597117526	0.0545268042481491	0.05
0.602148457	0.0529296686223266	0.05
0.602674298	0.0529296686223266	0.05
0.604813246	0.0529296686223266	0.05
0.604905308	0.0529296686223266	0.05
0.60490531	0.0529296686223266	0.05
0.604988853	0.0529296686223266	0.05
0.605716504	0.0529296686223266	0.05
0.605724938	0.0529296686223266	0.05
0.606051871	0.0529296686223266	0.05
0.606404306	0.0529296686223266	0.05
0.606824709	0.0524178807900591	0.06
0.608524688	0.0486542939364308	0.06
0.630942519	0.071404584398886	0.04
0.636066531	0.0638370759625988	0.05
0.636422142	0.0649849341891823	0.05
0.637031954	0.0649849341891823	0.05
0.637260654	0.0649849341891823	0.05
0.638075882	0.0649849341891823	0.05
0.641599528	0.0616588594291642	0.05
0.644129804	0.0596243861736016	0.06
0.64559646	0.0596243861736016	0.06
0.648110758	0.0606245591030665	0.06
0.648827538	0.0606245591030665	0.06
0.65703705	0.0534515487875105	0.07
0.667472678	0.0511806893094849	0.08
0.667879261	0.0511806893094849	0.08
0.667879263	0.0511806893094849	0.08
0.667969788	0.0511806893094849	0.08
0.669490645	0.0511806893094849	0.08
0.671132308	0.0508208400970254	0.08
0.680410924	0.034880174999255	0.08
0.680589305	0.034880174999255	0.08
0.68060848	0.034880174999255	0.08
0.680786967	0.034880174999255	0.08
0.689921535	0.0329709215944917	0.09
0.690723937	0.032672849934482	0.09
0.692614054	0.0332744818922148	0.09
0.697379755	0.031810117496142	0.1
0.712354258	0.0312598364528265	0.11
0.712401774	0.0312598364528265	0.11
0.713541741	0.0315325763922127	0.11
0.71365913	0.0315325763922127	0.11
0.714295462	0.0315325763922127	0.11
0.715653707	0.0290021579101987	0.12
0.717816093	0.0307282702115715	0.12
0.719314887	0.0307282702115715	0.12
0.725869057	0.0285440388990336	0.13
0.725979546	0.0290021579101987	0.13
0.726772429	0.0294752219920062	0.13
0.735438378	0.0172415764837733	0.13
0.742183791	0.027459654936519	0.14
0.744518666	0.0270486255671046	0.14
0.7500464	0.0174076690408969	0.13
0.756122282	0.0166077360002854	0.13
0.762884543	0.117114454874166	0.13
0.763284143	0.11791013931482	0.13
0.763491091	0.11706143761185	0.13
0.772093843	0.114318603284719	0.12
0.779976345	0.118185908475252	0.12
0.786383987	0.11682873078092	0.11
0.794958533	0.125067139679202	0.1
0.799403767	0.122039161499797	0.1
0.817085993	0.125723855695166	0.08
0.849686346	0.133997540456132	0.05
0.861362559	0.138454654490397	0.03
0.861783488	0.136017903064679	0.03
0.864973627	0.140065545274871	0.03
0.870144812	0.134353351872552	0.03
0.874413626	0.143421548850562	0.02
0.875213305	0.140889735327423	0.02
0.875954975	0.137255293933284	0.02
0.877564409	0.138775329751402	0.02
0.880342154	0.134711057933183	0.02
0.88244613	0.141557847670342	0.01
0.882485476	0.141557847670342	0.01
0.883671839	0.146829682954268	0.01
0.885800269	0.14256756073616	0.01
0.887670141	0.14390642835651	0.01
0.888863234	0.141491871251822	0.01
0.889014569	0.141491871251822	0.01
0.889209764	0.141491871251822	0.01
0.889576687	0.14031472468771	0.01
0.889752182	0.14031472468771	0.01
0.890083013	0.14031472468771	0.01
0.890218543	0.139926683045653	0.01
0.890218544	0.139926683045653	0.01
0.890228158	0.139926683045653	0.01
0.890339212	0.139540781749802	0.01
0.890354074	0.139926683045653	0.01
0.890354075	0.139926683045653	0.01
0.890419078	0.139926683045653	0.01
0.890459913	0.139926683045653	0.01
0.890474761	0.139926683045653	0.01
0.890489605	0.139926683045653	0.01
0.890489606	0.139926683045653	0.01
0.890506418	0.139926683045653	0.01
0.890580647	0.139926683045653	0.01
0.89061031	0.139926683045653	0.01
0.890610311	0.139926683045653	0.01
0.89068659	0.139926683045653	0.01
0.890716233	0.139926683045653	0.01
0.890731048	0.139926683045653	0.01
0.890731049	0.139926683045653	0.01
0.890737499	0.139926683045653	0.01
0.890851819	0.139926683045653	0.01
0.890928251	0.139926683045653	0.01
0.890957836	0.139926683045653	0.01
0.890972623	0.139926683045653	0.01
0.891093459	0.139926683045653	0.01
0.891214328	0.139926683045653	0.01
0.891244043	0.139926683045653	0.01
0.891246709	0.139926683045653	0.01
0.891320486	0.139926683045653	0.01
0.89133523	0.139926683045653	0.01
0.891441435	0.139926683045653	0.01
0.891456164	0.139926683045653	0.01
0.89149835	0.139926683045653	0.01
0.891521465	0.139926683045653	0.01
0.891562417	0.139926683045653	0.01
0.891686849	0.139926683045653	0.01
0.891698132	0.139926683045653	0.01
0.891881522	0.139926683045653	0.01
0.892012117	0.139540781749802	0.01
0.892017347	0.139540781749802	0.01
0.89216782	0.139157003140391	0.01
0.892182462	0.139157003140391	0.01
0.892215798	0.139157003140391	0.01
0.892307805	0.138775329751402	0.01
0.892546055	0.139540781749802	0.01
0.892568748	0.139540781749802	0.01
0.892793389	0.139540781749802	0.01
0.892951888	0.138775329751402	0.01
0.892952212	0.138775329751402	0.01
0.893016766	0.138775329751402	0.01
0.893313967	0.138395744307914	0.01
0.893395592	0.138395744307914	0.01
0.894085351	0.137642769097629	0.01
0.894189143	0.137642769097629	0.01
0.89420355	0.137642769097629	0.01
0.89422449	0.137269345713222	0.01
0.894332391	0.137269345713222	0.01
0.894511483	0.137269345713222	0.01
0.894690708	0.136897943034089	0.01
0.895300675	0.136897943034089	0.01
0.89539422	0.136161134536925	0.01
0.895524497	0.136161134536925	0.01
0.895638516	0.135795696529372	0.01
0.895840307	0.136161134536925	0.01
0.89592425	0.136161134536925	0.01
0.896329745	0.135795696529372	0.01
0.896396617	0.135795696529372	0.01
0.89685771	0.13507067381148	0.01
0.896928207	0.134711057933183	0.01
0.89693811	0.134711057933183	0.01
0.897131294	0.136064776083244	0.01
0.897197773	0.134994805737169	0.01
0.897282137	0.132562470647113	0.01
0.89799116	0.130021972700912	0.01
0.898155973	0.127519583917634	0.01
0.898455429	0.125904158729475	0.01
0.898755243	0.124849756287403	0.01
0.899310528	0.123556331009944	0.01
0.899325427	0.123556331009944	0.01
0.899413875	0.122540727747272	0.01
0.900113547	0.120315556768479	0.01
0.900307304	0.121048246626999	0.01
0.901947653	0.0817932732621744	0.01
0.902162268	0.0828649229760793	0.01
0.902291602	0.0762406418941479	0.01
0.902919093	0.0649849341891823	0.01
0.903166806	0.0617290690352793	0.01
0.903685884	0.0617290690352793	0.01
0.903876527	0.0614491856149204	0.01
0.904220945	0.0583859340995189	0.01
0.904513058	0.0600489619590291	0.01
0.905345526	0.0589299465166052	0.01
0.905541598	0.0594841919792521	0.01
0.906210372	0.0597652427571686	0.01
0.906786831	0.0606245591030665	0.01
0.906922556	0.0606245591030665	0.01
0.907060652	0.0618095046267476	0.01
0.90712089	0.0618095046267476	0.01
0.907185931	0.0621130142078349	0.01
0.907198748	0.0630416945993588	0.01
0.907324045	0.0499586633317328	0.01
0.907336843	0.0499586633317328	0.01
0.907336844	0.0499586633317328	0.01
0.907449378	0.0499586633317328	0.01
0.90746216	0.0499586633317328	0.01
0.907536422	0.0499586633317328	0.01
0.907574745	0.0499586633317328	0.01
0.907587512	0.0499586633317328	0.01
0.907700146	0.0499586633317328	0.01
0.907712898	0.0499586633317328	0.01
0.907951053	0.0499586633317328	0.01
0.907963773	0.0499586633317328	0.01
0.907963774	0.0499586633317328	0.01
0.908076559	0.0502110579380769	0.01
0.908089264	0.0502110579380769	0.01
0.908151307	0.0502110579380769	0.01
0.90817671	0.0504660157236313	0.01
0.908189407	0.0504660157236313	0.01
0.908214789	0.0504660157236313	0.01
0.908289632	0.0504660157236313	0.01
0.908566283	0.0507235759330024	0.01
0.908577365	0.0507235759330024	0.01
0.908578929	0.0507235759330024	0.01
0.908691978	0.0507235759330024	0.01
0.908816452	0.0515122757543515	0.01
0.908830322	0.0515122757543515	0.01
0.908855181	0.0515122757543515	0.01
0.908943472	0.0515122757543515	0.01
0.908956071	0.0515122757543515	0.01
0.909195105	0.0509837786160674	0.01
0.909270732	0.0509837786160674	0.01
0.909308419	0.0509837786160674	0.01
0.909346075	0.0515122757543515	0.01
0.90938549	0.0515122757543515	0.01
0.909434338	0.0517806545257783	0.01
0.909446878	0.0517806545257783	0.01
0.909620416	0.0517806545257783	0.01
0.909642167	0.0517806545257783	0.01
0.909838426	0.0512466646487348	0.01
0.909925885	0.0512466646487348	0.01
0.910014581	0.0512466646487348	0.01
0.910051995	0.0512466646487348	0.01
0.910204731	0.0515122757543515	0.01
0.910267	0.0515122757543515	0.01
0.911049792	0.0517806545257783	0.01
0.911351929	0.0517806545257783	0.01
0.911632099	0.0515122757543515	0.01
0.911747931	0.0515122757543515	0.01
0.911776598	0.0515122757543515	0.01
0.912630246	0.0515122757543515	0.01
0.912707801	0.0515122757543515	0.01
0.912811242	0.0603132580406278	0.01
0.912967277	0.0609390903385314	0.01
0.913006436	0.0609390903385314	0.01
0.913630289	0.0606245591030665	0.01
0.913751419	0.0609390903385314	0.01
0.914696902	0.0612569022853998	0.01
0.914870556	0.0612569022853998	0.01
0.914968567	0.0612569022853998	0.01
0.914983658	0.0612569022853998	0.01
0.915026039	0.0612569022853998	0.01
0.915269563	0.0612569022853998	0.01
0.916163647	0.0619025757938131	0.01
0.916208994	0.0612569022853998	0.01
0.916688985	0.0615780465418549	0.01
0.916912552	0.0622305438437387	0.01
0.917248255	0.0620115136988168	0.01
0.919120121	0.0532094080051203	0.02
0.919655338	0.0539425025591634	0.02
0.919822583	0.0539425025591634	0.02
0.921364075	0.0541913771155557	0.02
0.921783065	0.0541913771155557	0.02
0.922504312	0.0549519729674157	0.02
0.922787758	0.0549519729674157	0.02
0.923268187	0.0557342232303167	0.02
0.923473233	0.0557342232303167	0.02
0.924412009	0.0552102717714232	0.02
0.924627878	0.0554710102825146	0.02
0.925553967	0.0562682146820168	0.02
0.926193857	0.0562682146820168	0.02
0.929379518	0.04721990498905	0.03
0.93064775	0.0476026463724552	0.03
0.93220206	0.04721990498905	0.03
0.934700606	0.0483870497448266	0.03
0.93534835	0.0487890261003891	0.03
0.938770844	0.0160663202811886	0.03
0.941112169	0.0192633580495224	0.03
0.944027825	0.0144786591545738	0.03
0.949342587	0.0161621181873338	0.03
0.950306111	0.0164564912693799	0.03
0.951999424	0.0166077360002854	0.03
0.953473419	0	0.03
0.954119877	0	0.03
0.955603107	0	0.03
0.955985355	0	0.03
0.956296714	0.0150829082591005	0.04
0.956549025	0.0150829082591005	0.04
0.956766863	0.0152098612447186	0.04
0.956780018	0.0152098612447186	0.04
0.956793172	0.0152098612447186	0.04
0.957016096	0.015338969500296	0.04
0.957077957	0.015338969500296	0.04
0.957486775	0.0154702883804583	0.04
0.959857154	0.0160188459377296	0.04
0.960819071	0.0160188459377296	0.04
0.960911853	0.0160188459377296	0.04
0.964458654	0	0.04
0.966290332	0.0150829082591005	0.05
0.966653906	0.0150829082591005	0.05
0.966980911	0.015338969500296	0.05
0.966980912	0.015338969500296	0.05
0.966986309	0.015338969500296	0.05
0.967144414	0.015338969500296	0.05
0.967297223	0.0154702883804583	0.05
0.967297226	0.0154702883804583	0.05
0.967302571	0.0154702883804583	0.05
0.967302572	0.0154702883804583	0.05
0.96761904	0.0154702883804583	0.05
0.967619041	0.0154702883804583	0.05
0.967772081	0.0154702883804583	0.05
0.967925221	0.0154702883804583	0.05
0.967935716	0.0154702883804583	0.05
0.968083686	0.0154702883804583	0.05
0.968088909	0.0154702883804583	0.05
0.968237002	0.0154702883804583	0.05
0.968861479	0.0154702883804583	0.05
0.969666194	0.0158780914981204	0.05
0.970292984	0.0157397890761115	0.05
0.970442597	0.0157397890761115	0.05
0.974203145	0	0.05
0.97801719	0	0.05
0.981915796	0.00814689463060672	0.05
0.985118954	0.0076632087935791	0.05
1.019804062	0.03238011938677	0.06
1.021711423	0.0338986861771244	0.06
1.027042278	0.0307282702115715	0.07
1.027349785	0.0312598364528265	0.07
1.029078227	0.0315325763922127	0.07
1.029271857	0.0315325763922127	0.07
1.029637844	0.0315325763922127	0.07
1.029659545	0.0315325763922127	0.07
1.030020301	0.031810117496142	0.07
1.030392053	0.031810117496142	0.07
1.031720423	0.0329709215944917	0.07
1.032104884	0.0329709215944917	0.07
1.0327094	0.0329709215944917	0.07
1.033463082	0.0329709215944917	0.07
1.034014818	0.0329709215944917	0.07
1.034376329	0.0329709215944917	0.07
1.034854243	0.0338986861771244	0.07
1.038905957	0.0299639745935293	0.08
1.039046839	0.0299639745935293	0.08
1.041709188	0.0312598364528265	0.08
1.043349328	0.0312598364528265	0.08
1.044012776	0.0312598364528265	0.08
1.048661279	0.0264546466858778	0.09
1.049025044	0.0264546466858778	0.09
1.056246636	0.0281001677531517	0.09
1.058571278	0.0264546466858778	0.1
1.067971123	0.0352200910806577	0.1
1.068277144	0.0262624087460167	0.11
1.06860264	0.0262624087460167	0.11
1.088407982	0.0432233095983593	0.12
1.088762574	0.0428136783040427	0.12
1.113082372	0.0428136783040427	0.1
1.113233383	0.0428136783040427	0.1
1.11414031	0.0428136783040427	0.1
1.116382888	0.0428136783040427	0.1
1.125633627	0.044500624402457	0.1
1.127882011	0.0424117383453936	0.11
1.13205703	0.0440665464884931	0.11
1.133642817	0.0432233095983593	0.11
1.133988353	0.0432233095983593	0.11
1.136767134	0.0432233095983593	0.11
1.162829766	0.034880174999255	0.13
1.183360064	0.0332744818922148	0.15
1.187305519	0.0546642606129767	0.15
1.18762744	0.0530591809317794	0.15
1.192725439	0.0534515487875105	0.15
1.208724051	0.040510166768193	0.13
1.208769953	0.040510166768193	0.13
1.209215802	0.040510166768193	0.13
1.209751115	0.040510166768193	0.13
1.210085375	0.0401501327108197	0.13
1.210771389	0.0401501327108197	0.13
1.21086869	0.0401501327108197	0.13
1.212614931	0.0397964418824911	0.13
1.226416878	0.040510166768193	0.12
1.243346642	0.045394951154696	0.11
1.248955951	0.0359917378714458	0.12
1.252855937	0.0424117383453936	0.11
1.268447511	0.0420172751156149	0.1
1.270253663	0.0387717955689165	0.1
1.270604589	0.0387717955689165	0.1
1.275739262	0.0428136783040427	0.09
1.278899002	0.0352200910806577	0.09
1.285172518	0.0338986861771244	0.09
1.289511656	0.0563067487418541	0.09
1.293113698	0.0563067487418541	0.09
1.302603198	0.0885497699841177	0.09
1.303502827	0.0894261949948435	0.09
1.325958837	0.0903201423391738	0.09
1.335485912	0.0885497699841177	0.1
1.335508208	0.0885497699841177	0.1
1.335711503	0.0885497699841177	0.1
1.335892556	0.0885497699841177	0.1
1.336051433	0.0885497699841177	0.1
1.33625481	0.0885497699841177	0.1
1.33638917	0.0885497699841177	0.1
1.336413828	0.0885497699841177	0.1
1.336595099	0.0885497699841177	0.1
1.336665633	0.0885497699841177	0.1
1.336979907	0.0885497699841177	0.1
1.337524247	0.0885497699841177	0.1
1.337529375	0.0885497699841177	0.1
1.337777279	0.0885497699841177	0.1
1.337887386	0.0885497699841177	0.1
1.340005107	0.0885497699841177	0.1
1.342368518	0.0876903571220844	0.1
1.343443085	0.0894261949948435	0.1
1.360533959	0.0912321428082274	0.09
1.360774481	0.0912321428082274	0.09
1.360981621	0.114318603284719	0.09
1.36116959	0.114318603284719	0.09
1.36135761	0.114318603284719	0.09
1.361545683	0.114318603284719	0.09
1.361952473	0.114318603284719	0.09
1.362279458	0.114318603284719	0.09
1.364721715	0.112135820641907	0.09
1.368077892	0.111075392020582	0.09
1.368578346	0.111075392020582	0.09
1.369707356	0.113216692098028	0.09
1.370127164	0.113216692098028	0.09
1.373967278	0.113216692098028	0.09
1.377139612	0.114318603284719	0.09
1.377274175	0.114318603284719	0.09
1.377544294	0.114318603284719	0.09
1.379222918	0.118949429521057	0.08
1.384187356	0.118949429521057	0.09
1.38563755	0.118949429521057	0.09
1.385801753	0.118949429521057	0.09
1.430594094	0.0949184165703947	0.1
1.434752614	0.0949184165703947	0.1
1.440102642	0.0949184165703947	0.11
1.448119954	0.0912321428082274	0.12
1.450674974	0.0912321428082274	0.12
1.450928234	0.0912321428082274	0.12
1.454003033	0.0912321428082274	0.12
1.45657643	0.0868474658396902	0.12
1.457818346	0.0912321428082274	0.13
1.484067531	0.0891546835585827	0.15
1.484117024	0.0891546835585827	0.15
1.485917469	0.0806460240516703	0.15
1.488337206	0.0891546835585827	0.16
1.502972103	0.0891546835585827	0.17
1.506038743	0.0806460240516703	0.17
1.511734415	0.0891546835585827	0.18
1.511964569	0.0891546835585827	0.18
1.512194724	0.0891546835585827	0.18
1.512403577	0.0891546835585827	0.18
1.512821455	0.0891546835585827	0.18
1.513239565	0.0891546835585827	0.18
1.517647523	0.0891546835585827	0.19
1.523536021	0.0891546835585827	0.19
1.558319819	0.0894261949948435	0.22
1.55916507	0.0868474658396902	0.22
1.561070241	0.155335603248321	0.22
1.595579044	0.186638233075802	0.19
1.730827961	0.245674234646492	0.06
1.75282717	0.241438804164231	0.04
1.768990518	0.261745014392586	0.02
1.77492366	0.26681781907423	0.01
1.777374698	0.269294690904921	0.01
1.77861633	0.264214095062812	0.01
1.780115455	0.259321653587059	0.01
1.780627841	0.259321653587059	0.01
1.780657571	0.259321653587059	0.01
1.780657572	0.259321653587059	0.01
1.780928629	0.256942754406353	0.01
1.78092863	0.256942754406353	0.01
1.781081012	0.256942754406353	0.01
1.781140367	0.256942754406353	0.01
1.781170031	0.256942754406353	0.01
1.781170032	0.256942754406353	0.01
1.781381862	0.256942754406353	0.01
1.781411498	0.256942754406353	0.01
1.781411499	0.256942754406353	0.01
1.781623424	0.256942754406353	0.01
1.781653031	0.256942754406353	0.01
1.7818108	0.256942754406353	0.01
1.781835463	0.256942754406353	0.01
1.781894629	0.256942754406353	0.01
1.782136293	0.252313534651195	0.01
1.782378022	0.252313534651195	0.01
1.782619816	0.252313534651195	0.01
1.783044725	0.252313534651195	0.01
1.783103602	0.252313534651195	0.01
1.783286774	0.252313534651195	0.01
1.783345594	0.252313534651195	0.01
1.783587651	0.252313534651195	0.01
1.783829774	0.252313534651195	0.01
1.783925287	0.252313534651195	0.01
1.784314217	0.252313534651195	0.01
1.78446873	0.252313534651195	0.01
1.784506241	0.252313534651195	0.01
1.784933025	0.254607104360982	0.01
1.785009515	0.254607104360982	0.01
1.785988286	0.254607104360982	0.01
1.786357195	0.254607104360982	0.01
1.787927091	0.248434396553536	0.01
1.788266632	0.248434396553536	0.01
1.78918715	0.255458562480345	0.01
1.789358594	0.255458562480345	0.01
1.789747139	0.253073452704714	0.01
1.790737455	0.258908360878852	0.01
1.79204453	0.256061881091236	0.02
1.799436111	0.187850857723071	0.02
1.809599251	0.174551052692605	0.03
1.812688451	0.174821966224494	0.04
1.813716026	0.174821966224494	0.04
1.813793197	0.174821966224494	0.04
1.814069384	0.174821966224494	0.04
1.814621756	0.174821966224494	0.04
1.814621757	0.174821966224494	0.04
1.814872379	0.174821966224494	0.04
1.815039963	0.175822551794031	0.04
1.815123071	0.175822551794031	0.04
1.815288509	0.175822551794031	0.04
1.815373832	0.175822551794031	0.04
1.815624663	0.175822551794031	0.04
1.815850116	0.175822551794031	0.04
1.815875562	0.175822551794031	0.04
1.816377569	0.175822551794031	0.04
1.816628678	0.175822551794031	0.04
1.817382419	0.171538368319161	0.04
1.818036082	0.171538368319161	0.04
1.818363245	0.171538368319161	0.04
1.819217405	0.174551052692605	0.04
1.819395454	0.174551052692605	0.04
1.819581019	0.174551052692605	0.04
1.81989941	0.174551052692605	0.04
1.820606159	0.175578935297646	0.04
1.82134289	0.134782827835033	0.04
1.822065256	0.0821118464300771	0.04
1.823267442	0.172854575892575	0.05
1.823345161	0.172854575892575	0.05
1.824280416	0.172854575892575	0.05
1.828939845	0.170557118122118	0.05
1.829051906	0.170557118122118	0.05
1.830016016	0.170557118122118	0.05
1.835137623	0.171887393098946	0.06
1.860714054	0.163428802375336	0.08
1.872927722	0.0706293352625765	0.09
1.876458705	0.160232166085663	0.1
1.919145255	0.152265982642441	0.14
1.934242286	0.0601203131594857	0.15
1.937910579	0.0251652011768796	0.15
1.938309591	0.0256413163670167	0.15
1.938319698	0.0256413163670167	0.15
1.940502926	0.0266497196992638	0.15
1.945075766	0.040510166768193	0.16
1.956133657	0.0269143366397936	0.16
1.961031557	0.0261357947865096	0.16
2.03833515	0.0586566789719651	0.23
2.039242563	0.0586566789719651	0.23
2.045755957	0.0572626156751446	0.24
2.04617014	0.0572626156751446	0.24
2.057670659	0.0572626156751446	0.25
2.058810915	0.0572626156751446	0.25
2.060706206	0.0504660157236313	0.25
2.067556414	0.0572626156751446	0.26
2.077653506	0.0572626156751446	0.27
2.07768814	0.0572626156751446	0.27
2.079378601	0.0572626156751446	0.27
2.080200147	0.0504660157236313	0.27
2.112854786	0.0500665210745992	0.3
2.114638141	0.0589299465166052	0.3
2.116340052	0.0555037758608517	0.31
2.119081815	0.0555037758608517	0.31
2.130868897	0.0489051061344122	0.32
2.175983465	0.0555037758608517	0.37
2.201956234	0.0489051061344122	0.39
2.22342495	0.0492862107144815	0.41
2.225736601	0.0615421976595781	0.42
2.22607531	0.0615421976595781	0.42
2.226678687	0.0615421976595781	0.42
2.230993963	0.0550808195511884	0.42
2.244892022	0.155876571666421	0.43
2.268175967	0.208335252575054	0.41
2.273953022	0.190742536961804	0.4
2.279085054	0.21325246993671	0.4
2.283420782	0.194158276843239	0.39
2.36737444	0.226989666839467	0.31
2.396315913	0.273502046642394	0.29
2.416816988	0.280065498628183	0.3
2.63880046	0.253890857106821	0.09
2.644514931	0.264128179151531	0.08
2.664122924	0.264128179151531	0.06
2.669724846	0.253890857106821	0.06
2.67074212	0.260366244969231	0.06
2.671193019	0.260366244969231	0.06
2.671193179	0.260366244969231	0.06
2.671237705	0.260366244969231	0.06
2.671599486	0.260366244969231	0.06
2.671599646	0.260366244969231	0.06
2.671961685	0.260366244969231	0.06
2.672323822	0.260366244969231	0.06
2.672686057	0.264128179151531	0.05
2.67300408	0.264128179151531	0.05
2.673410821	0.264128179151531	0.05
2.674201502	0.264128179151531	0.05
2.674498542	0.264128179151531	0.05
2.674640938	0.264128179151531	0.05
2.674817434	0.264128179151531	0.05
2.675906626	0.261492223553124	0.05
2.67595059	0.261492223553124	0.05
2.677404052	0.256375062013025	0.05
2.678640892	0.253890857106821	0.05
2.681604422	0.260366244969231	0.05
2.692790444	0.260009451338735	0.03
2.703341222	0.244417499643591	0.04
2.714352711	0.233600009764786	0.05
2.716197088	0.233600009764786	0.05
2.720992773	0.229287240624377	0.05
2.721339166	0.23994107307732	0.06
2.721753239	0.23994107307732	0.06
2.722090639	0.23994107307732	0.06
2.72212898	0.23994107307732	0.06
2.722504826	0.23994107307732	0.06
2.725892101	0.231462744163978	0.06
2.727362573	0.231462744163978	0.06
2.728042156	0.231462744163978	0.06
2.730687704	0.233600009764786	0.06
2.741703646	0.23562566606752	0.08
2.742221604	0.23562566606752	0.08
2.744776734	0.229364232758842	0.08
2.758261585	0.229364232758842	0.09
2.784781798	0.210297980354193	0.12
2.814579483	0.210297980354193	0.15
2.870516676	0.210297980354193	0.2
2.874914635	0.208564258082261	0.21
2.884109016	0.210963163074868	0.22
2.885327778	0.205181180584686	0.22
2.893176138	0.21325246993671	0.23
2.901070252	0.2035304678685	0.23
3.017087015	0.201241512085834	0.35
3.091199805	0.188699639417043	0.42
3.116410384	0.199018190838538	0.45
3.116832706	0.199018190838538	0.45
3.153761559	0.178202396176002	0.48
3.190582361	0.154587907300318	0.47
3.194633906	0.151537627705993	0.48
3.479484296	0.150057187274657	0.76
3.557717034	0.150057187274657	0.840000000000001
3.560201153	0.150057187274657	0.840000000000001
3.561648443	0.145784481339439	0.850000000000001
3.562131134	0.145784481339439	0.850000000000001
3.563861522	0.145784481339439	0.850000000000001
3.565454716	0.147181421947057	0.850000000000001
3.568359469	0.150057187274657	0.850000000000001
3.571210711	0.151537627705993	0.850000000000001
3.571812505	0.145784481339439	0.860000000000001
3.572123566	0.145784481339439	0.860000000000001
3.579984214	0.150057187274657	0.860000000000001
3.62901857	0.178202396176002	0.910000000000001
3.629519691	0.178202396176002	0.910000000000001
3.6300627	0.178202396176002	0.910000000000001
3.630972932	0.178202396176002	0.910000000000001
3.631169027	0.179678993841971	0.910000000000001
3.631970124	0.191354612647067	0.910000000000001
3.633483005	0.169828516119522	0.920000000000001
3.639968026	0.173914715287219	0.920000000000001
3.707141358	0.173914715287219	0.990000000000001
3.778072999	0.171169079218477	1.06
3.82876748	0.203084873064553	1.09
4.442577106	0.231462744163978	1.7
4.452121847	0.224559451964582	1.71
4.45272527	0.231462744163978	1.71
4.453328856	0.231462744163978	1.71
4.459832487	0.220181561937502	1.72
4.480518943	0.220181561937502	1.74
4.536342962	0.240959479398042	1.7
4.537444354	0.240959479398042	1.7
4.537596069	0.240959479398042	1.7
4.550359745	0.240959479398042	1.69
4.773228095	0.231462744163978	1.89
4.848628454	0.240959479398042	1.96
4.895921957	0.240959479398042	2.01
5.342582978	0.260867404288189	2.16
5.343129076	0.260867404288189	2.16
5.443653327	0.267035358592671	2.11
6.2338777	0.301733477019186	2.66999999999999
6.234722781	0.301733477019186	2.66999999999999
6.244676548	0.301733477019186	2.67999999999999
6.35095118	0.28203959620097	2.77999999999998
6.358499262	0.28203959620097	2.78999999999998
7	0.214550911472663	3.36999999999997
