thrs	post_p	finalwindow
0	0.0989730091886551	0.23
0.03256001	0.0975323650349801	0.2
0.089689176	0.0830295054126449	0.17
0.103967892	0.0810215494591374	0.16
0.106977596	0.0791084196456969	0.17
0.113424721	0.0791084196456969	0.17
0.123778241	0.108377966644224	0.18
0.128068503	0.0579126556984198	0.17
0.129609166	0.0793896089628565	0.17
0.130460633	0.077462242863052	0.17
0.14705261	0.0652433341604758	0.15
0.148447444	0.0732471468138759	0.15
0.155752372	0.103963849552167	0.15
0.178062567	0.0589313432704899	0.12
0.178140913	0.0589313432704899	0.12
0.178358463	0.0589313432704899	0.12
0.181430774	0.077462242863052	0.12
0.181486006	0.077462242863052	0.12
0.181824923	0.077462242863052	0.12
0.194681585	0.106125028228532	0.11
0.205298456	0.107616433444145	0.1
0.206482242	0.10686552761208	0.1
0.222049977	0.0764992523353623	0.08
0.22265244	0.100805616118247	0.08
0.222656148	0.100805616118247	0.08
0.222686318	0.100805616118247	0.08
0.222697977	0.0999955669988022	0.08
0.222716495	0.0999955669988022	0.08
0.222812147	0.113631402457448	0.08
0.223196808	0.111860867453789	0.08
0.226694446	0.10607602631379	0.08
0.226867021	0.10607602631379	0.08
0.226923294	0.10607602631379	0.08
0.226957829	0.10607602631379	0.08
0.226982815	0.10607602631379	0.08
0.227081991	0.10686552761208	0.08
0.227432153	0.10686552761208	0.08
0.230426372	0.0365249685762657	0.07
0.237068117	0.0738752578782662	0.07
0.24235868	0.0733094768752151	0.07
0.242615688	0.0639970493996348	0.06
0.242875367	0.0800535561305435	0.06
0.249436037	0.0732471468138759	0.06
0.256228734	0.0764992523353623	0.05
0.256650521	0.0764992523353623	0.05
0.259750174	0.0758259320951484	0.05
0.263775407	0.0758259320951484	0.05
0.272151172	0.0764992523353623	0.05
0.287097646	0.0856230548557399	0.06
0.295749179	0.0864825949753234	0.06
0.296834617	0.0815695072028556	0.06
0.296839561	0.0815695072028556	0.06
0.296874128	0.0815695072028556	0.06
0.29691506	0.0815695072028556	0.06
0.296919994	0.0815695072028556	0.06
0.296960227	0.0815695072028556	0.06
0.297156652	0.0815695072028556	0.06
0.297207868	0.0815695072028556	0.06
0.29723727	0.0815695072028556	0.06
0.297242165	0.0815695072028556	0.06
0.297345093	0.0815695072028556	0.06
0.29736316	0.0815695072028556	0.06
0.297631463	0.0815695072028556	0.06
0.298033592	0.0808044221997515	0.06
0.298432807	0.0808044221997515	0.06
0.298682719	0.0808044221997515	0.06
0.299120783	0.0808044221997515	0.06
0.299931082	0.0808044221997515	0.06
0.301159527	0.078592924188711	0.06
0.301373268	0.078592924188711	0.06
0.302397905	0.0793165162611039	0.06
0.302406093	0.0793165162611039	0.06
0.302443572	0.0793165162611039	0.06
0.302452098	0.0793165162611039	0.06
0.302493847	0.0793165162611039	0.06
0.302694303	0.0815695072028556	0.06
0.302757814	0.0815695072028556	0.06
0.303037639	0.0800535561305435	0.06
0.303062807	0.0800535561305435	0.06
0.303998368	0.0793165162611039	0.06
0.304168238	0.0793165162611039	0.06
0.305094409	0.0793165162611039	0.06
0.306464617	0.078592924188711	0.06
0.308759935	0.078592924188711	0.06
0.319078068	0.0847804323261917	0.05
0.322066605	0.0847804323261917	0.05
0.322591403	0.0864825949753234	0.05
0.323097253	0.0864825949753234	0.05
0.323165924	0.0864825949753234	0.05
0.323537089	0.0864825949753234	0.05
0.323808824	0.0864825949753234	0.05
0.324596864	0.0847804323261917	0.05
0.327195424	0.0847804323261917	0.05
0.330254195	0.0847804323261917	0.05
0.334029253	0.0856230548557399	0.04
0.343625259	0.0898187335770106	0.05
0.343706753	0.0898187335770106	0.05
0.345554528	0.088983771087735	0.05
0.350684009	0.0881641893802422	0.06
0.356200611	0.0873595673408319	0.06
0.356206548	0.0873595673408319	0.06
0.357086112	0.0828242422063212	0.07
0.357959666	0.0835471423344542	0.07
0.360733393	0.0828242422063212	0.07
0.362945858	0.0828242422063212	0.07
0.363236679	0.0828242422063212	0.07
0.366130409	0.0835471423344542	0.07
0.37384574	0.08605067853272	0.08
0.381649088	0.0751175475089001	0.07
0.382008897	0.0751175475089001	0.07
0.386863037	0.0738752578782662	0.06
0.389222512	0.0694111349963971	0.06
0.389299853	0.0694111349963971	0.06
0.395214438	0.0642835713637854	0.06
0.403209246	0.0815143781229812	0.05
0.411578949	0.0934515428019336	0.04
0.415094538	0.0731228041214859	0.04
0.416416237	0.0787365844779451	0.03
0.419019267	0.0800535561305435	0.03
0.423143546	0.0886036172419841	0.03
0.428769674	0.0832169931949743	0.02
0.438307149	0.0873595673408319	0.01
0.438815006	0.0873595673408319	0.01
0.440249622	0.0984139071294193	0.01
0.440316292	0.0984139071294193	0.01
0.441698853	0.0984139071294193	0.01
0.441750067	0.0984139071294193	0.01
0.444236336	0.0781853398866107	0.01
0.444499874	0.0755409810106011	0.01
0.444770984	0.0738752578782662	0.01
0.445049535	0.0738752578782662	0.01
0.445156208	0.0738752578782662	0.01
0.445185067	0.0726733895891174	0.01
0.445185068	0.0726733895891174	0.01
0.445245414	0.0726733895891174	0.01
0.44525283	0.0726733895891174	0.01
0.445252832	0.0726733895891174	0.01
0.445252833	0.0726733895891174	0.01
0.445252835	0.0726733895891174	0.01
0.445305777	0.0726733895891174	0.01
0.445313188	0.0726733895891174	0.01
0.44531319	0.0726733895891174	0.01
0.445373562	0.0726733895891174	0.01
0.445433949	0.0726733895891174	0.01
0.445494353	0.072281410202458	0.01
0.445554774	0.072281410202458	0.01
0.445615211	0.072281410202458	0.01
0.445653547	0.072281410202458	0.01
0.445857123	0.0718936365795337	0.01
0.445970843	0.0718936365795337	0.01
0.445978177	0.0718936365795337	0.01
0.446188208	0.0711304387433419	0.01
0.446351359	0.0711304387433419	0.01
0.44656991	0.0696516435080029	0.01
0.446633323	0.0696516435080029	0.01
0.446772341	0.0696516435080029	0.01
0.446967543	0.0696516435080029	0.01
0.447158639	0.0696516435080029	0.01
0.447876705	0.0696516435080029	0.01
0.448791313	0.0734971051695338	0.01
0.449051315	0.0738752578782662	0.01
0.449552291	0.0734971051695338	0.01
0.452986292	0.0700155476964289	0.01
0.453102774	0.0700155476964289	0.01
0.453312195	0.0700155476964289	0.01
0.453607731	0.0700155476964289	0.01
0.453670383	0.0700155476964289	0.01
0.45367678	0.0700155476964289	0.01
0.453739439	0.0700155476964289	0.01
0.453782962	0.0700155476964289	0.01
0.453789353	0.0700155476964289	0.01
0.453864805	0.0700155476964289	0.01
0.453864814	0.0700155476964289	0.01
0.453952078	0.0700155476964289	0.01
0.453977538	0.0700155476964289	0.01
0.453990257	0.0700155476964289	0.01
0.454053004	0.0700155476964289	0.01
0.454115767	0.0700155476964289	0.01
0.454131662	0.0700155476964289	0.01
0.454159539	0.0700155476964289	0.01
0.454172215	0.0700155476964289	0.01
0.454228692	0.0700155476964289	0.01
0.454266222	0.0711304387433419	0.01
0.454278877	0.0711304387433419	0.01
0.454297847	0.0711304387433419	0.01
0.454379121	0.0711304387433419	0.01
0.454423548	0.0711304387433419	0.01
0.454543029	0.0715100013925934	0.01
0.454618511	0.0715100013925934	0.01
0.455180191	0.0738752578782662	0.01
0.455439212	0.0685822790840313	0.01
0.455665947	0.0692437649272744	0.02
0.456133439	0.0692437649272744	0.02
0.456159276	0.0692437649272744	0.02
0.456455968	0.0692437649272744	0.02
0.458022431	0.0689114346296095	0.02
0.458619789	0.0689114346296095	0.02
0.458664131	0.0689114346296095	0.02
0.459124851	0.0689114346296095	0.02
0.46499053	0.0655625269160176	0.02
0.472596627	0.0616420635481191	0.03
0.473676694	0.0616420635481191	0.03
0.474072423	0.0616420635481191	0.03
0.47699163	0.0355087759324826	0.03
0.478419311	0.0368767490410292	0.03
0.478888149	0.037235371562125	0.03
0.479732593	0.0189708796575165	0.03
0.479936634	0.0189708796575165	0.03
0.483671852	0.0584175588440341	0.04
0.483988273	0.0584175588440341	0.04
0.484225862	0.0584175588440341	0.04
0.484458594	0.059191639516703	0.04
0.485802156	0.0568681927628486	0.04
0.485999254	0.0590612045987061	0.04
0.486776039	0.0314282746683235	0.04
0.499369323	0.0368767490410292	0.05
0.508934563	0.0335192949586634	0.06
0.514645345	0.0562279313135209	0.07
0.51473946	0.0562279313135209	0.07
0.514971335	0.0566717923483823	0.07
0.515124567	0.0573508806765309	0.07
0.51682809	0.031325424091851	0.07
0.520735072	0.0205306318355036	0.07
0.529143364	0.0180753039247286	0.07
0.534226929	0.017740310671566	0.07
0.534308248	0.017740310671566	0.07
0.534453117	0.017740310671566	0.07
0.534888196	0.0828242422063212	0.07
0.543234343	0.0811851622103984	0.07
0.544416783	0.0847804323261917	0.07
0.546060858	0.0986088728935299	0.06
0.556645891	0.0994627283296648	0.05
0.556807604	0.0994627283296648	0.05
0.55802857	0.0986088728935299	0.05
0.559788571	0.0994627283296648	0.05
0.562444529	0.0994627283296648	0.05
0.566766402	0.110996130549385	0.04
0.568776608	0.10686552761208	0.04
0.583655412	0.10686552761208	0.05
0.586308239	0.104739472308925	0.05
0.59079165	0.103707855096927	0.05
0.591819223	0.103707855096927	0.05
0.593402747	0.105791819420927	0.05
0.593673806	0.105791819420927	0.05
0.593673808	0.105791819420927	0.05
0.593754277	0.105791819420927	0.05
0.593754278	0.105791819420927	0.05
0.59375428	0.105791819420927	0.05
0.593915284	0.105791819420927	0.05
0.594036974	0.105791819420927	0.05
0.594152812	0.104739472308925	0.05
0.594318181	0.104739472308925	0.05
0.595015574	0.0988402852470946	0.06
0.595196772	0.0988402852470946	0.06
0.595887104	0.0988402852470946	0.06
0.596894832	0.0988402852470946	0.06
0.602148457	0.0979210920865425	0.06
0.602674298	0.0979210920865425	0.06
0.604813246	0.104739472308925	0.06
0.604905308	0.104739472308925	0.06
0.604905312	0.104739472308925	0.06
0.604988853	0.104739472308925	0.06
0.605716504	0.104739472308925	0.06
0.605724938	0.104739472308925	0.06
0.60631275	0.105791819420927	0.06
0.607971158	0.102696361230106	0.06
0.608524688	0.102696361230106	0.06
0.608756287	0.102696361230106	0.06
0.61827716	0.104739472308925	0.06
0.630942519	0.102696361230106	0.05
0.63624959	0.104739472308925	0.05
0.637031954	0.105791819420927	0.05
0.644129804	0.100731433367089	0.06
0.64801212	0.101704407588712	0.06
0.648110758	0.101704407588712	0.06
0.648827538	0.101704407588712	0.06
0.659386285	0.0930191001264996	0.07
0.667879261	0.0880290579872323	0.08
0.667879263	0.0880290579872323	0.08
0.667969788	0.0880290579872323	0.08
0.671132308	0.0880290579872323	0.08
0.678915807	0.0835471423344542	0.09
0.680410924	0.0835471423344542	0.09
0.68060848	0.0835471423344542	0.09
0.680702493	0.0835471423344542	0.09
0.689921535	0.12146979772595	0.09
0.690723937	0.12146979772595	0.09
0.696262833	0.115817086162975	0.1
0.712354258	0.113700619943052	0.11
0.7123899	0.113700619943052	0.11
0.712401774	0.113700619943052	0.11
0.713541741	0.114749094700736	0.11
0.71365913	0.114749094700736	0.11
0.714295462	0.114749094700736	0.11
0.715679053	0.108733090524321	0.12
0.717816093	0.110667088843023	0.12
0.719314887	0.110667088843023	0.12
0.725609694	0.10686552761208	0.13
0.725979546	0.107791220446712	0.13
0.735438378	0.095396090004429	0.14
0.742183791	0.095396090004429	0.14
0.744518666	0.0939555383542428	0.14
0.7500464	0.0268701131561979	0.14
0.762884543	0.112317405132344	0.13
0.763284143	0.115749754613428	0.13
0.763387603	0.115169477469761	0.13
0.766651587	0.112504819761179	0.13
0.7676628	0.11464544888026	0.13
0.779184816	0.113578528276346	0.12
0.786383987	0.115839088943468	0.11
0.793117932	0.120942308156349	0.1
0.794958533	0.12185820994484	0.1
0.797194853	0.118173944415138	0.1
0.8034392	0.12386276818069	0.09
0.817085993	0.12254137664205	0.08
0.828284953	0.126998825215725	0.07
0.849686346	0.123198529298085	0.05
0.856064956	0.125435905325073	0.04
0.861362559	0.114376843948344	0.03
0.861783488	0.122265456214686	0.03
0.864973627	0.13025990623922	0.03
0.866065884	0.126517149852319	0.03
0.867661243	0.128361251026582	0.03
0.870144812	0.123529755816664	0.03
0.874413626	0.131426301378851	0.02
0.875213305	0.129493743649133	0.02
0.875954975	0.127248395187219	0.02
0.880342154	0.12386276818069	0.02
0.883236842	0.137148224338574	0.01
0.883671839	0.135423495139352	0.01
0.884296127	0.135887864526567	0.01
0.885800269	0.133014381006071	0.01
0.887670141	0.134761497273995	0.01
0.888469193	0.133198802595719	0.01
0.888863234	0.131671934495581	0.01
0.889014569	0.131295671405283	0.01
0.889209764	0.131295671405283	0.01
0.889752182	0.130549559775852	0.01
0.889857915	0.130549559775852	0.01
0.890083013	0.129811880061696	0.01
0.890218544	0.129446157631363	0.01
0.890309475	0.128720860288212	0.01
0.890339212	0.128720860288212	0.01
0.890354074	0.129446157631363	0.01
0.890354075	0.129446157631363	0.01
0.890459913	0.129446157631363	0.01
0.890474761	0.129446157631363	0.01
0.890489605	0.129446157631363	0.01
0.890489606	0.129446157631363	0.01
0.890506418	0.129446157631363	0.01
0.890580647	0.129446157631363	0.01
0.890595481	0.129446157631363	0.01
0.89061031	0.129446157631363	0.01
0.890610311	0.129446157631363	0.01
0.89068659	0.129446157631363	0.01
0.890701414	0.129446157631363	0.01
0.890716233	0.129446157631363	0.01
0.890731048	0.129446157631363	0.01
0.890731049	0.129446157631363	0.01
0.890851819	0.129446157631363	0.01
0.890928251	0.129446157631363	0.01
0.890957836	0.129446157631363	0.01
0.890972623	0.129446157631363	0.01
0.891093459	0.129446157631363	0.01
0.891214328	0.129446157631363	0.01
0.891246709	0.129446157631363	0.01
0.891382479	0.129446157631363	0.01
0.891441435	0.129446157631363	0.01
0.891456164	0.129446157631363	0.01
0.89149835	0.129446157631363	0.01
0.891521465	0.129082490130503	0.01
0.891562417	0.129082490130503	0.01
0.891577132	0.128003645458021	0.01
0.891698132	0.128003645458021	0.01
0.891793338	0.128003645458021	0.01
0.891881522	0.128003645458021	0.01
0.89206133	0.128003645458021	0.01
0.89216782	0.127648026882602	0.01
0.892182462	0.127648026882602	0.01
0.892215798	0.127648026882602	0.01
0.892245091	0.127648026882602	0.01
0.892307805	0.126592928876663	0.01
0.892546055	0.126592928876663	0.01
0.892924751	0.131175720966746	0.01
0.892951888	0.131175720966746	0.01
0.893016766	0.131175720966746	0.01
0.893142511	0.131175720966746	0.01
0.893172464	0.131175720966746	0.01
0.893313967	0.131536231602673	0.01
0.893320622	0.131536231602673	0.01
0.893395592	0.131536231602673	0.01
0.894189143	0.131898729284576	0.01
0.89420355	0.131898729284576	0.01
0.89422449	0.131898729284576	0.01
0.894232534	0.131898729284576	0.01
0.894482721	0.132263230486016	0.01
0.895086463	0.131898729284576	0.01
0.895300675	0.131898729284576	0.01
0.89539422	0.131898729284576	0.01
0.895638516	0.136081693938349	0.01
0.89592425	0.137207032550445	0.01
0.896928207	0.134246597528049	0.01
0.89693811	0.134246597528049	0.01
0.897197773	0.139039744788721	0.01
0.897282137	0.13829622479304	0.01
0.897316929	0.13829622479304	0.01
0.898155973	0.123808935119802	0.01
0.898455429	0.122278374841739	0.01
0.898485328	0.122530834849947	0.01
0.898662437	0.122026953021272	0.01
0.898755243	0.121031520581874	0.01
0.898920463	0.120052197173978	0.01
0.899310528	0.119328042355452	0.01
0.899325427	0.119328042355452	0.01
0.899974537	0.11674593374763	0.01
0.900031532	0.116288418298542	0.01
0.900113547	0.117438997032701	0.01
0.900307304	0.117207063437495	0.01
0.90151373	0.0837059675376707	0.01
0.901568195	0.0853280755549423	0.01
0.902162268	0.0873595673408319	0.01
0.902291602	0.0826879629698481	0.01
0.902860993	0.0747865962621803	0.01
0.904513058	0.0648094851495482	0.01
0.905424433	0.065925372627728	0.01
0.905541598	0.065925372627728	0.01
0.906154318	0.065925372627728	0.01
0.906197141	0.0656428137026177	0.01
0.906210372	0.0656428137026177	0.01
0.906508268	0.0656428137026177	0.01
0.906922556	0.0648094851495482	0.01
0.907060652	0.0656428137026177	0.01
0.90712089	0.0656428137026177	0.01
0.907185931	0.0656428137026177	0.01
0.907198748	0.066210374613883	0.01
0.907199842	0.066210374613883	0.01
0.907324045	0.059191639516703	0.01
0.907336843	0.059191639516703	0.01
0.907336844	0.059191639516703	0.01
0.907436592	0.059191639516703	0.01
0.907449378	0.059191639516703	0.01
0.90746216	0.059191639516703	0.01
0.9075492	0.059191639516703	0.01
0.907574745	0.059191639516703	0.01
0.907587512	0.059191639516703	0.01
0.907712898	0.059191639516703	0.01
0.907951053	0.059191639516703	0.01
0.907963773	0.0586733263154361	0.01
0.908076559	0.0586733263154361	0.01
0.908089263	0.0586733263154361	0.01
0.908089264	0.0586733263154361	0.01
0.908151307	0.0586733263154361	0.01
0.90817671	0.0589313432704899	0.01
0.908189407	0.0589313432704899	0.01
0.908289632	0.0586733263154361	0.01
0.908453284	0.0586733263154361	0.01
0.908566283	0.0597191917692648	0.01
0.908578929	0.0597191917692648	0.01
0.908691978	0.0599865100829317	0.01
0.908729307	0.0599865100829317	0.01
0.908816452	0.0602562323269264	0.01
0.908830322	0.0599865100829317	0.01
0.908855181	0.0599865100829317	0.01
0.908943472	0.0602562323269264	0.01
0.908956071	0.0602562323269264	0.01
0.909195105	0.0597191917692648	0.01
0.909270732	0.0597191917692648	0.01
0.909346075	0.0602562323269264	0.01
0.90938549	0.0602562323269264	0.01
0.909434338	0.0602562323269264	0.01
0.909642167	0.0602562323269264	0.01
0.909838426	0.0599865100829317	0.01
0.909896599	0.0599865100829317	0.01
0.909925885	0.0599865100829317	0.01
0.910014581	0.0602562323269264	0.01
0.910267	0.0608030194907749	0.01
0.910467776	0.0613598210234299	0.01
0.910628128	0.0613598210234299	0.01
0.911062134	0.0613598210234299	0.01
0.91113001	0.0613598210234299	0.01
0.911351929	0.0613598210234299	0.01
0.911404622	0.0613598210234299	0.01
0.911518912	0.0616420635481191	0.01
0.911747931	0.0625045882011068	0.01
0.911776598	0.0625045882011068	0.01
0.912630246	0.0622144104679651	0.01
0.912776305	0.0622144104679651	0.01
0.912967277	0.0580283956076197	0.01
0.913006436	0.0580283956076197	0.01
0.913244462	0.0580283956076197	0.01
0.913630289	0.0577590521077084	0.01
0.913751419	0.0577590521077084	0.01
0.914018042	0.0577590521077084	0.01
0.914983658	0.0567062259386478	0.01
0.915559183	0.0481829725165938	0.01
0.916024822	0.0481829725165938	0.01
0.916163647	0.0484044734880954	0.01
0.916688985	0.0497774592129705	0.01
0.916912552	0.0497774592129705	0.01
0.917957453	0.00854985346740603	0.01
0.918238351	0.0553607458261782	0.02
0.918483627	0.0555750248057012	0.02
0.918816837	0.0560085979097305	0.02
0.919120121	0.0562279313135209	0.02
0.919655338	0.0566717923483823	0.02
0.922071236	0.0587590805632739	0.02
0.922455062	0.0597369388457701	0.02
0.922504312	0.0597369388457701	0.02
0.922787758	0.0597369388457701	0.02
0.923473233	0.0519697309046391	0.02
0.924412009	0.0519697309046391	0.02
0.924507726	0.0519697309046391	0.02
0.924627878	0.0521876846700188	0.02
0.925553967	0.0447052302596785	0.02
0.927872541	0.00730939327283861	0.02
0.929379518	0.0521439477887054	0.03
0.93220206	0.0535040983011576	0.03
0.934071327	0.0472352357575697	0.03
0.934700606	0.047056614704125	0.03
0.93534835	0.047056614704125	0.03
0.938446291	0.00550260471474032	0.03
0.938770844	0.00576785884649584	0.03
0.942896738	0.00778496638050731	0.03
0.947518522	0.0089495391381218	0.03
0.949342587	0.0095762750091411	0.03
0.953473419	0.0153259757715613	0.04
0.954119877	0.0157031085293289	0.04
0.954191796	0.0157031085293289	0.04
0.956296714	0.0166596616300619	0.04
0.956766863	0.016805908780744	0.04
0.956780018	0.016805908780744	0.04
0.95679317	0.016805908780744	0.04
0.956793172	0.016805908780744	0.04
0.957077957	0.0171062437409049	0.04
0.957486775	0.0171062437409049	0.04
0.959642592	0.0182475900721877	0.04
0.959665139	0.0184231921429146	0.04
0.960039043	0.0184231921429146	0.04
0.964446178	0.0157031085293289	0.05
0.966290332	0.0166596616300619	0.05
0.966653906	0.0166596616300619	0.05
0.966980911	0.0171062437409049	0.05
0.966986309	0.0171062437409049	0.05
0.967297223	0.0171062437409049	0.05
0.967297226	0.0171062437409049	0.05
0.967302572	0.0171062437409049	0.05
0.96746078	0.0171062437409049	0.05
0.967608447	0.0171062437409049	0.05
0.96761904	0.0171062437409049	0.05
0.967925221	0.0171062437409049	0.05
0.968083686	0.0174175084741565	0.05
0.968088909	0.0174175084741565	0.05
0.968237002	0.0174175084741565	0.05
0.969035555	0.0179062406563218	0.05
0.969666194	0.0184231921429146	0.05
0.970292984	0.0182475900721877	0.05
0.973766743	0.0203848918563312	0.06
0.974203145	0.0095762750091411	0.05
0.981915796	0.0182475900721877	0.05
0.985118954	0.0152042583870783	0.06
0.9860103	0.0154496576952666	0.06
1.019804062	0.0158329781222325	0.07
1.021711423	0.0158329781222325	0.07
1.023898132	0.0160992700663605	0.07
1.027042278	0.0180753039247286	0.07
1.028094642	0.0187847344903155	0.07
1.029271857	0.0187847344903155	0.07
1.029637844	0.0187847344903155	0.07
1.029659545	0.0189708796575165	0.07
1.030020301	0.0191607509162689	0.07
1.030397618	0.0158329781222325	0.08
1.030958443	0.0158329781222325	0.08
1.031531241	0.0158329781222325	0.08
1.031720423	0.0158329781222325	0.08
1.032104884	0.0158329781222325	0.08
1.034014818	0.0153259757715613	0.08
1.034376329	0.0155753521071404	0.08
1.035677928	0.0155753521071404	0.08
1.036124234	0.0155753521071404	0.08
1.038905957	0.0174175084741565	0.08
1.039046839	0.0174175084741565	0.08
1.041709188	0.0179062406563218	0.08
1.043349328	0.0179062406563218	0.08
1.044012776	0.0179062406563218	0.08
1.049025044	0.0162358035618784	0.09
1.054783865	0.0169547463380447	0.09
1.058571278	0.0162358035618784	0.1
1.067971123	0.0162358035618784	0.11
1.068277144	0.0162358035618784	0.11
1.06860264	0.0162358035618784	0.11
1.068892568	0.0162358035618784	0.11
1.076612069	0.0171062437409049	0.11
1.088762574	0.0131202619239282	0.13
1.113082372	0.0187847344903155	0.13
1.113233383	0.0187847344903155	0.13
1.11414031	0.0187847344903155	0.13
1.116382888	0.0171062437409049	0.14
1.125633627	0.0089495391381218	0.13
1.127882011	0.00920780516313456	0.12
1.13205703	0.00903400284265616	0.12
1.136767134	0.00948142022592529	0.11
1.137302108	0.0089495391381218	0.12
1.187305519	0.0209806292890833	0.15
1.187446683	0.0209806292890833	0.15
1.18762744	0.0206784707308419	0.15
1.192075895	0.0203848918563312	0.15
1.192725439	0.0202412064099094	0.15
1.208724051	0.0239560674993409	0.13
1.208769953	0.0239560674993409	0.13
1.209215802	0.0239560674993409	0.13
1.209751115	0.0239560674993409	0.13
1.209768181	0.0239560674993409	0.13
1.209825949	0.0239560674993409	0.13
1.210085375	0.0237578732426943	0.13
1.210771389	0.0237578732426943	0.13
1.21086869	0.0237578732426943	0.13
1.212614931	0.0235629314939293	0.13
1.22465873	0.0239560674993409	0.12
1.225416562	0.0239560674993409	0.12
1.226416878	0.0239560674993409	0.12
1.245566855	0.0276461703076344	0.1
1.246668032	0.0276461703076344	0.1
1.248955951	0.028753438260482	0.09
1.252855937	0.0281889350391244	0.09
1.265568721	0.0276461703076344	0.08
1.268447511	0.028753438260482	0.08
1.270060331	0.028753438260482	0.08
1.270604589	0.0281889350391244	0.08
1.275739262	0.0327733306608244	0.09
1.278899002	0.033637083335539	0.09
1.285172518	0.0358411652531267	0.08
1.289511656	0.0358411652531267	0.08
1.297280078	0.0324951871946313	0.09
1.302603198	0.037235371562125	0.09
1.303502827	0.0383543475989455	0.09
1.325958837	0.0383543475989455	0.11
1.33510162	0.0538048427687096	0.12
1.335485912	0.0538048427687096	0.12
1.335508208	0.0538048427687096	0.12
1.335711503	0.0538048427687096	0.12
1.335892556	0.0538048427687096	0.12
1.336051433	0.0538048427687096	0.12
1.336595099	0.0538048427687096	0.12
1.336665633	0.0538048427687096	0.12
1.337117106	0.0538048427687096	0.12
1.337524247	0.0538048427687096	0.12
1.337529375	0.0538048427687096	0.12
1.337777279	0.0538048427687096	0.12
1.337887386	0.0533054628596818	0.12
1.338686534	0.0533054628596818	0.12
1.340005107	0.0533054628596818	0.12
1.342315002	0.0570093142788727	0.11
1.343443085	0.0570093142788727	0.11
1.346883901	0.0558995716390532	0.11
1.350085516	0.0553607458261782	0.11
1.360774481	0.0553607458261782	0.12
1.360981621	0.0553607458261782	0.12
1.36116959	0.0553607458261782	0.12
1.361338457	0.0553607458261782	0.12
1.36135761	0.0553607458261782	0.12
1.361545683	0.0553607458261782	0.12
1.362110213	0.0553607458261782	0.12
1.368077892	0.066539123519836	0.12
1.368578346	0.0658848582272026	0.12
1.369020462	0.0672065134232964	0.12
1.369707356	0.0672065134232964	0.12
1.370127164	0.0672065134232964	0.12
1.373967278	0.0616420635481191	0.13
1.385801753	0.0622144104679651	0.13
1.448119954	0.0672065134232964	0.12
1.450462129	0.066539123519836	0.12
1.450928234	0.066539123519836	0.12
1.454003033	0.066539123519836	0.12
1.454856842	0.066539123519836	0.12
1.457818346	0.066539123519836	0.13
1.485393153	0.066539123519836	0.15
1.485917469	0.0646141827228925	0.16
1.488337206	0.0652433341604758	0.16
1.494140559	0.0646141827228925	0.16
1.506038743	0.0646141827228925	0.18
1.511734415	0.0646141827228925	0.18
1.512403577	0.0646141827228925	0.18
1.513239565	0.0646141827228925	0.18
1.515375804	0.0658848582272026	0.18
1.517647523	0.0646141827228925	0.19
1.519065464	0.0646141827228925	0.19
1.558319819	0.152167558220767	0.23
1.558531046	0.152167558220767	0.23
1.55916507	0.149526446302451	0.23
1.561070241	0.179899274852066	0.22
1.56916589	0.172060022134219	0.22
1.595579044	0.189277552089486	0.19
1.652341299	0.228060074771685	0.13
1.745720251	0.221189671397569	0.04
1.75282717	0.228060074771685	0.03
1.758275756	0.226127981267748	0.03
1.77492366	0.235285254994293	0.01
1.777374698	0.241891615166106	0.01
1.77861633	0.233744326262788	0.01
1.780657572	0.220733677583319	0.01
1.780839524	0.217278216427066	0.01
1.780928629	0.217278216427066	0.01
1.78092863	0.217278216427066	0.01
1.781140367	0.217278216427066	0.01
1.781170031	0.217278216427066	0.01
1.781170032	0.217278216427066	0.01
1.781381862	0.217278216427066	0.01
1.781411498	0.217278216427066	0.01
1.781411499	0.217278216427066	0.01
1.781623424	0.217278216427066	0.01
1.781653031	0.217278216427066	0.01
1.781894629	0.217278216427066	0.01
1.782136292	0.217278216427066	0.01
1.782136293	0.217278216427066	0.01
1.782378022	0.215590740735959	0.01
1.782531315	0.215590740735959	0.01
1.782619816	0.215590740735959	0.01
1.783044725	0.215590740735959	0.01
1.783286774	0.215590740735959	0.01
1.783345594	0.215590740735959	0.01
1.783829774	0.215590740735959	0.01
1.784013316	0.215590740735959	0.01
1.78446873	0.215590740735959	0.01
1.784506241	0.215590740735959	0.01
1.785497332	0.213929274363304	0.01
1.785988286	0.20909505375644	0.01
1.787927091	0.190252887234223	0.01
1.788266632	0.190252887234223	0.01
1.788780487	0.191663789050636	0.01
1.788872102	0.191663789050636	0.01
1.78918715	0.191663789050636	0.01
1.789358594	0.191663789050636	0.01
1.790095821	0.191663789050636	0.01
1.790737455	0.161917479530201	0.01
1.792147241	0.195820049815893	0.02
1.795172249	0.161586170551391	0.02
1.795643534	0.156308926303896	0.02
1.796669094	0.150571812378864	0.02
1.796696941	0.150571812378864	0.02
1.808733518	0.141523446440064	0.03
1.812688451	0.0679735124108356	0.03
1.813240824	0.0685822790840313	0.03
1.813716026	0.0616420635481191	0.03
1.813793197	0.0616420635481191	0.03
1.814345569	0.0627974854872601	0.03
1.814621756	0.0553607458261782	0.03
1.814621757	0.0553607458261782	0.03
1.814846808	0.0553607458261782	0.03
1.814872379	0.0553607458261782	0.03
1.815039963	0.0553607458261782	0.03
1.815123071	0.0553607458261782	0.03
1.815288509	0.0553607458261782	0.03
1.815322808	0.0553607458261782	0.03
1.815624663	0.0570093142788727	0.03
1.815875562	0.0570093142788727	0.03
1.816101116	0.148588630343363	0.04
1.81637757	0.148588630343363	0.04
1.816628678	0.148588630343363	0.04
1.816879855	0.148588630343363	0.04
1.817399416	0.140851680521966	0.04
1.818363245	0.140851680521966	0.04
1.819395454	0.141523446440064	0.04
1.819410514	0.141523446440064	0.04
1.81989941	0.141523446440064	0.04
1.823267442	0.0656428137026177	0.04
1.823345161	0.0579126556984198	0.04
1.824280416	0.0599865100829317	0.04
1.828541204	0.0383543475989455	0.04
1.828939845	0.136322141454732	0.05
1.829051906	0.136322141454732	0.05
1.830016016	0.136322141454732	0.05
1.835137623	0.0513973230572529	0.05
1.836263396	0.0358411652531267	0.05
1.83758722	0.0358411652531267	0.05
1.860668056	0.110177167935507	0.08
1.860714054	0.110177167935507	0.08
1.876458705	0.0361798362116036	0.08
1.877534086	0.0379739570705975	0.08
1.919145255	0.037235371562125	0.11
1.932723098	0.0361798362116036	0.12
1.933588634	0.0365249685762657	0.12
1.934242286	0.037235371562125	0.12
1.93486401	0.0333441510531263	0.13
1.937910579	0.0327733306608244	0.13
1.938319698	0.0327733306608244	0.13
1.945075766	0.0456748512941216	0.14
1.956133657	0.0456748512941216	0.15
1.959079535	0.0467912018097521	0.15
1.961031557	0.0467912018097521	0.15
2.03833515	0.0690319122756555	0.23
2.039242563	0.0704168957139578	0.23
2.04617014	0.0924203608262934	0.23
2.057190684	0.0942401575970944	0.24
2.058810915	0.0961330589963607	0.24
2.060706206	0.0690319122756555	0.25
2.067556414	0.095177197635471	0.25
2.077371996	0.0942401575970944	0.26
2.077653506	0.095177197635471	0.26
2.07768814	0.095177197635471	0.26
2.077935092	0.095177197635471	0.26
2.080200147	0.0690319122756555	0.27
2.114638141	0.0716629631041169	0.3
2.116340052	0.085793593298682	0.3
2.117539144	0.0898187335770106	0.3
2.122322709	0.095177197635471	0.3
2.175983465	0.0842827726952979	0.36
2.201956234	0.0942401575970944	0.38
2.21647999	0.0850314725440641	0.4
2.22342495	0.0672678497009671	0.41
2.225736601	0.0800535561305435	0.41
2.22607531	0.081415333337457	0.41
2.226678687	0.0850314725440641	0.41
2.230993963	0.0915365658960051	0.41
2.244892022	0.118013840293153	0.42
2.268175967	0.13044366406983	0.41
2.283420782	0.148788599254303	0.39
2.287430653	0.137586292888854	0.39
2.36737444	0.171659297711809	0.31
2.396315913	0.177978742017988	0.28
2.416816988	0.179737648781778	0.27
2.57811595	0.212588821030605	0.15
2.634889835	0.232491418178221	0.1
2.64482266	0.232491418178221	0.09
2.65353762	0.210464181932829	0.08
2.664122924	0.234772301164523	0.07
2.67074212	0.212588821030605	0.06
2.670831293	0.212588821030605	0.06
2.671148642	0.212588821030605	0.06
2.671193019	0.212588821030605	0.06
2.671193179	0.212588821030605	0.06
2.671237545	0.212588821030605	0.06
2.671237705	0.212588821030605	0.06
2.671599486	0.212588821030605	0.06
2.671599646	0.212588821030605	0.06
2.671872794	0.212588821030605	0.06
2.671961685	0.212588821030605	0.06
2.672323822	0.212588821030605	0.06
2.672686057	0.212588821030605	0.06
2.67300408	0.212588821030605	0.06
2.673410821	0.212588821030605	0.06
2.674201502	0.234772301164523	0.06
2.674498542	0.234772301164523	0.06
2.674640938	0.234772301164523	0.06
2.67498819	0.230254427681412	0.06
2.675753192	0.230254427681412	0.06
2.675906626	0.230254427681412	0.06
2.679587204	0.212588821030605	0.05
2.684222358	0.234772301164523	0.05
2.690995907	0.237098381276081	0.05
2.692790444	0.230254427681412	0.05
2.697875326	0.230254427681412	0.05
2.700424629	0.230254427681412	0.05
2.716197088	0.210464181932829	0.05
2.720992773	0.232491418178221	0.06
2.721339166	0.232491418178221	0.06
2.721714851	0.232491418178221	0.06
2.721753239	0.232491418178221	0.06
2.72212898	0.232491418178221	0.06
2.722504826	0.232491418178221	0.06
2.725138453	0.20433765419977	0.06
2.725892101	0.20433765419977	0.06
2.727362573	0.20433765419977	0.06
2.728457177	0.20433765419977	0.06
2.733911556	0.225907151932533	0.07
2.734951629	0.20433765419977	0.07
2.741703646	0.221720990158194	0.08
2.742221604	0.221720990158194	0.08
2.744776734	0.20044768648181	0.08
2.758261585	0.20044768648181	0.09
2.784781798	0.186264079289323	0.12
2.814579483	0.186264079289323	0.15
2.870516676	0.18302635922544	0.2
2.874914635	0.18302635922544	0.21
2.893176138	0.20587429986932	0.23
2.901070252	0.181449345054743	0.23
3.017087015	0.181926421457512	0.35
3.091199805	0.173137824590302	0.42
3.116410384	0.181386829556582	0.45
3.153761559	0.208898364768395	0.49
3.190582361	0.190446258152939	0.52
3.479484296	0.19309577350851	0.81
3.561529658	0.19309577350851	0.890000000000001
3.561648443	0.188145277224164	0.890000000000001
3.563861522	0.186264079289323	0.890000000000001
3.567214517	0.20433765419977	0.890000000000001
3.571210711	0.206339810512752	0.890000000000001
3.572123566	0.206339810512752	0.890000000000001
3.572497766	0.206339810512752	0.890000000000001
3.579984214	0.20838159042064	0.890000000000001
3.62901857	0.210464181932829	0.910000000000001
3.62939674	0.210464181932829	0.910000000000001
3.629519691	0.210464181932829	0.910000000000001
3.6300627	0.210464181932829	0.910000000000001
3.631970124	0.206339810512752	0.920000000000001
3.639968026	0.20838159042064	0.920000000000001
3.707141358	0.20838159042064	0.990000000000001
3.778072999	0.206339810512752	1.06
3.963711323	0.211659817094602	1.25
4.078052931	0.250627372049776	1.36
4.442577106	0.229793795502676	1.72
4.445571488	0.23211557283197	1.72
4.452121847	0.244176955877637	1.73
4.45272527	0.229793795502676	1.73
4.453328856	0.229793795502676	1.73
4.453932605	0.229793795502676	1.73
4.459832487	0.246182021012659	1.74
4.478685952	0.245900633053281	1.76
4.480518943	0.245900633053281	1.76
4.492707945	0.244265716289782	1.76
4.536342962	0.230681268751697	1.81
4.536969429	0.230681268751697	1.81
4.550359745	0.222347978435357	1.81
4.773228095	0.239563219202323	2.04
4.848628454	0.222347978435357	2.11
5.341769851	0.258963102037145	2.44999999999999
5.342582978	0.258963102037145	2.44999999999999
5.343129076	0.258963102037145	2.44999999999999
5.343307119	0.262045408652274	2.44999999999999
5.445157132	0.271748876278565	2.42999999999999
6.2338777	0.292244585835189	2.67999999999999
6.234722781	0.292244585835189	2.67999999999999
6.244676548	0.292244585835189	2.68999999999999
6.358499262	0.313100952348588	2.78999999999998
7	0.304389094874231	3.29999999999997
