thrs	post_p	finalwindow
0	0.16362608561591	0.23
0.03256001	0.16362608561591	0.2
0.089689176	0.145386468191002	0.16
0.098963073	0.141872096779584	0.16
0.103967892	0.136907961215144	0.16
0.106977596	0.136907961215144	0.16
0.113424721	0.136907961215144	0.16
0.115659216	0.136907961215144	0.17
0.127200542	0.109972282425676	0.17
0.127695348	0.103204058149523	0.17
0.128068503	0.116357257710861	0.17
0.129609166	0.127605960488842	0.17
0.129730945	0.127605960488842	0.17
0.148427326	0.116357257710861	0.15
0.148447444	0.13080541462112	0.15
0.151339737	0.127605960488842	0.15
0.155752372	0.134399864924759	0.15
0.161204767	0.127605960488842	0.14
0.172569069	0.127953705192091	0.13
0.178113806	0.119400746254664	0.12
0.178140913	0.119400746254664	0.12
0.181430774	0.12972125107265	0.12
0.181486006	0.12972125107265	0.12
0.181486035	0.12972125107265	0.12
0.181824923	0.12972125107265	0.12
0.186084933	0.137228070553502	0.12
0.205298456	0.141189512776454	0.1
0.222049977	0.11207222745312	0.08
0.222622275	0.112532692443628	0.08
0.22265244	0.112532692443628	0.08
0.222656148	0.112532692443628	0.08
0.222716495	0.112532692443628	0.08
0.222812147	0.119609316303531	0.08
0.222924291	0.126573975611453	0.08
0.223196808	0.125558548722208	0.08
0.226867021	0.122607724594709	0.08
0.226923294	0.122607724594709	0.08
0.226957829	0.122607724594709	0.08
0.227432153	0.121654698764683	0.08
0.241897099	0.0972206319035732	0.07
0.242615688	0.0587681574041603	0.06
0.242875367	0.0768520585803851	0.06
0.242941212	0.0768520585803851	0.06
0.243116147	0.0761046558529057	0.06
0.249436037	0.0768520585803851	0.06
0.256228734	0.0768520585803851	0.06
0.259750174	0.078391786589194	0.05
0.263775407	0.078391786589194	0.05
0.287097646	0.0621932698834364	0.07
0.296044019	0.0687499662619905	0.07
0.296839561	0.0776142869766322	0.06
0.296839653	0.0776142869766322	0.06
0.296874128	0.0776142869766322	0.06
0.296919994	0.0776142869766322	0.06
0.296960227	0.0776142869766322	0.06
0.297161557	0.0768520585803851	0.06
0.297207868	0.0768520585803851	0.06
0.297242165	0.0768520585803851	0.06
0.29736316	0.0768520585803851	0.06
0.297631463	0.0768520585803851	0.06
0.298033592	0.0761046558529057	0.06
0.298062423	0.0761046558529057	0.06
0.298432807	0.0761046558529057	0.06
0.29855614	0.0761046558529057	0.06
0.298682719	0.0761046558529057	0.06
0.301373268	0.0761046558529057	0.06
0.302406093	0.078391786589194	0.06
0.30240618	0.078391786589194	0.06
0.302443572	0.078391786589194	0.06
0.302452098	0.078391786589194	0.06
0.302493847	0.078391786589194	0.06
0.302531356	0.078391786589194	0.06
0.302757814	0.0739471988201891	0.07
0.302844832	0.0739471988201891	0.07
0.303037639	0.0739471988201891	0.07
0.304168238	0.0732549745914062	0.07
0.305094409	0.0732549745914062	0.07
0.306464617	0.0732549745914062	0.07
0.307314933	0.0732549745914062	0.07
0.320217262	0.0712539372611768	0.07
0.322435043	0.0712539372611768	0.07
0.323097253	0.0712539372611768	0.07
0.323165924	0.0712539372611768	0.07
0.323808824	0.0712539372611768	0.07
0.327195424	0.0776142869766322	0.06
0.328591896	0.0776142869766322	0.06
0.330254195	0.0746526302215371	0.06
0.334029253	0.0746526302215371	0.06
0.340262381	0.0753716504118928	0.05
0.343625259	0.0753716504118928	0.05
0.343706753	0.0753716504118928	0.05
0.351815198	0.0732549745914062	0.06
0.356206548	0.0732549745914062	0.06
0.356437896	0.0712539372611768	0.06
0.357086112	0.0687499662619905	0.07
0.357959666	0.0693593140311561	0.07
0.362945858	0.0687499662619905	0.07
0.363936107	0.0687499662619905	0.07
0.367663989	0.0997715249517368	0.08
0.37384574	0.0942541665433232	0.08
0.386863037	0.0986919595809311	0.06
0.386909127	0.0986919595809311	0.06
0.389222512	0.0918929839245	0.06
0.389299853	0.0918929839245	0.06
0.389825341	0.0956364373624888	0.06
0.395214438	0.0820445868352451	0.06
0.411578949	0.107455483511709	0.04
0.415094538	0.088654177243386	0.04
0.416416237	0.0980325748945472	0.03
0.419019267	0.113152564057003	0.03
0.428769674	0.119609316303531	0.02
0.438307149	0.127953705192091	0.01
0.440249622	0.127605960488842	0.01
0.441750067	0.123575800062583	0.01
0.444499874	0.096328936409519	0.01
0.445049535	0.0946834991332457	0.01
0.445117302	0.099697837897077	0.01
0.445185067	0.099697837897077	0.01
0.445185068	0.099697837897077	0.01
0.445252832	0.099697837897077	0.01
0.445252835	0.099697837897077	0.01
0.445305777	0.099697837897077	0.01
0.44531318	0.099697837897077	0.01
0.445313187	0.099697837897077	0.01
0.445313188	0.099697837897077	0.01
0.44531319	0.099697837897077	0.01
0.445373562	0.099697837897077	0.01
0.445433949	0.099697837897077	0.01
0.445494353	0.099697837897077	0.01
0.445540001	0.099697837897077	0.01
0.445615211	0.0991364995018266	0.01
0.445675664	0.0980325748945472	0.01
0.445736134	0.102918309782479	0.01
0.445849774	0.102918309782479	0.01
0.445857123	0.102918309782479	0.01
0.445917642	0.102918309782479	0.01
0.445970843	0.102918309782479	0.01
0.445978177	0.102918309782479	0.01
0.446038729	0.102918309782479	0.01
0.446188208	0.101236505787597	0.01
0.446395102	0.101236505787597	0.01
0.446455777	0.101236505787597	0.01
0.446465528	0.099077778742235	0.01
0.44656991	0.099077778742235	0.01
0.446633323	0.099077778742235	0.01
0.446967543	0.098552405652232	0.01
0.447158639	0.098552405652232	0.01
0.447533088	0.098552405652232	0.01
0.447649603	0.098552405652232	0.01
0.447876705	0.098552405652232	0.01
0.447928306	0.098552405652232	0.01
0.448701687	0.102126567662059	0.01
0.448791313	0.102126567662059	0.01
0.449051315	0.102126567662059	0.01
0.449552291	0.1015962156686	0.01
0.449715173	0.1015962156686	0.01
0.451750007	0.101071343544163	0.01
0.452986292	0.0858816081540563	0.01
0.453102774	0.0858816081540563	0.01
0.453607731	0.0854403505504184	0.01
0.45367678	0.0854403505504184	0.01
0.453739439	0.0854403505504184	0.01
0.453802119	0.0854403505504184	0.01
0.453864805	0.0854403505504184	0.01
0.453864814	0.0854403505504184	0.01
0.453990257	0.0854403505504184	0.01
0.454053004	0.0854403505504184	0.01
0.454115767	0.0854403505504184	0.01
0.454131662	0.0854403505504184	0.01
0.454159539	0.0854403505504184	0.01
0.454228692	0.0854403505504184	0.01
0.454266222	0.0854403505504184	0.01
0.454291524	0.0854403505504184	0.01
0.454297847	0.0854403505504184	0.01
0.454379121	0.0854403505504184	0.01
0.454543029	0.0858816081540563	0.01
0.454618511	0.0858816081540563	0.01
0.454637485	0.0858816081540563	0.01
0.455078808	0.0850036041100989	0.01
0.455550168	0.0848852652906903	0.01
0.455665947	0.0855602432154469	0.01
0.455678249	0.0883710250826964	0.01
0.456133439	0.0891028152459842	0.01
0.456455968	0.0761046558529057	0.01
0.456880284	0.0956364373624888	0.02
0.458022431	0.0942541665433232	0.02
0.458619789	0.0942541665433232	0.02
0.458664131	0.0942541665433232	0.02
0.459124851	0.093354639145031	0.02
0.460382332	0.0929112834392349	0.02
0.462114195	0.0800907916600699	0.02
0.46331093	0.0800907916600699	0.02
0.464728436	0.0782074473926034	0.02
0.46499053	0.0782074473926034	0.02
0.473676694	0.0760611434465276	0.03
0.474072423	0.0760611434465276	0.03
0.477096915	0.0414869636598173	0.03
0.478419311	0.0441058318326638	0.03
0.478888149	0.0449159237106421	0.03
0.479732593	0.0383931316809656	0.03
0.483511101	0.0717922735236812	0.04
0.483988273	0.0717922735236812	0.04
0.484225862	0.0717922735236812	0.04
0.48628356	0.055176955303027	0.04
0.490830832	0.0337559899919427	0.04
0.499369323	0.0493154079672883	0.05
0.50407637	0.0484774665042631	0.05
0.511690912	0.0394247258904305	0.06
0.514645345	0.0676858631245413	0.07
0.514742139	0.0676858631245413	0.07
0.514839037	0.0676858631245413	0.07
0.514971335	0.0676858631245413	0.07
0.515124567	0.0681824841704742	0.07
0.518492841	0.0407948852643852	0.07
0.518564452	0.0407948852643852	0.07
0.529143364	0.0481592401004326	0.07
0.534226929	0.048962770456258	0.06
0.534308248	0.047535158699352	0.06
0.534380672	0.047535158699352	0.06
0.534453117	0.047535158699352	0.06
0.536755919	0.0549188033082369	0.06
0.539174229	0.0559661812397282	0.06
0.544416783	0.0570542857910817	0.06
0.546060858	0.112532692443628	0.06
0.55657045	0.116357257710861	0.05
0.556645891	0.116357257710861	0.05
0.556807604	0.116357257710861	0.05
0.559788571	0.111615515397963	0.05
0.562444529	0.113465067797516	0.05
0.566766402	0.129567835924147	0.04
0.568776608	0.123715345909506	0.04
0.572491616	0.125991729814218	0.04
0.574371638	0.11425393151582	0.04
0.57444178	0.11537694997554	0.04
0.579525048	0.122607724594709	0.05
0.583655412	0.122607724594709	0.05
0.586308239	0.108951546673967	0.05
0.59079165	0.113152564057003	0.05
0.591193432	0.113152564057003	0.05
0.593402747	0.11207222745312	0.05
0.593673806	0.11207222745312	0.05
0.593673808	0.11207222745312	0.05
0.59375428	0.11207222745312	0.05
0.593824895	0.11207222745312	0.05
0.593834769	0.11207222745312	0.05
0.593915284	0.11207222745312	0.05
0.594036974	0.11207222745312	0.05
0.594152812	0.11207222745312	0.05
0.594237558	0.11207222745312	0.05
0.595015574	0.113152564057003	0.05
0.595196772	0.113152564057003	0.05
0.595887104	0.113152564057003	0.05
0.596894832	0.116522264206183	0.05
0.597117526	0.116522264206183	0.05
0.602148457	0.108951546673967	0.05
0.602674298	0.108951546673967	0.05
0.604317115	0.108951546673967	0.05
0.604813246	0.108951546673967	0.05
0.604905308	0.108951546673967	0.05
0.60490531	0.108951546673967	0.05
0.604905312	0.108951546673967	0.05
0.604988853	0.108951546673967	0.05
0.60631275	0.108951546673967	0.05
0.606404306	0.108951546673967	0.05
0.606824709	0.113152564057003	0.05
0.607971158	0.111012325017869	0.05
0.608756287	0.111012325017869	0.05
0.624510489	0.1041194888858	0.06
0.635412418	0.109972282425676	0.06
0.636066531	0.109972282425676	0.06
0.636422142	0.107949585102686	0.06
0.637260654	0.107949585102686	0.06
0.638075882	0.107949585102686	0.06
0.641599528	0.111012325017869	0.06
0.64801212	0.11537694997554	0.06
0.648110758	0.11537694997554	0.06
0.648827538	0.11537694997554	0.06
0.65703705	0.101420653628082	0.07
0.659386285	0.100551866794041	0.07
0.667879263	0.0948635442736265	0.08
0.667969788	0.0948635442736265	0.08
0.671132308	0.0941030434236484	0.08
0.678915807	0.0871189060886101	0.09
0.68060848	0.0871189060886101	0.09
0.680702493	0.0871189060886101	0.09
0.689921535	0.0768520585803851	0.09
0.690723937	0.0761046558529057	0.09
0.692614054	0.0768520585803851	0.09
0.696262833	0.0719086913194082	0.1
0.712354258	0.0712539372611768	0.11
0.7123899	0.0712539372611768	0.11
0.712401774	0.0712539372611768	0.11
0.715653707	0.0669845135128738	0.12
0.717816093	0.0699795599903294	0.12
0.725609694	0.0669845135128738	0.13
0.725869057	0.0669845135128738	0.13
0.725979546	0.0675628361961953	0.13
0.726772429	0.0669845135128738	0.13
0.72717465	0.0693593140311561	0.13
0.735438378	0.0617028852978438	0.14
0.742183791	0.0626915115909891	0.14
0.744518666	0.0631978007800482	0.14
0.7500464	0	0.14
0.756100951	0.10198137785798	0.14
0.756122282	0.10198137785798	0.14
0.762884543	0.0914158838926399	0.13
0.763284143	0.0972826112502996	0.13
0.763491091	0.098775006883073	0.13
0.765321243	0.103701378875404	0.13
0.766651587	0.103204058149523	0.13
0.778829055	0.10198137785798	0.12
0.779976345	0.100551866794041	0.12
0.786383987	0.107859410752066	0.11
0.794958533	0.11325181018099	0.1
0.797194853	0.109785273934226	0.1
0.799403767	0.104710539218617	0.1
0.817085993	0.115068488650112	0.08
0.828284953	0.116944400156598	0.07
0.856064956	0.124739784134356	0.04
0.861362559	0.117413552623302	0.03
0.861783488	0.119690623795904	0.03
0.866065884	0.125833864018302	0.03
0.870144812	0.115998860678161	0.03
0.874413626	0.130409082912199	0.02
0.875954975	0.125833864018302	0.02
0.877564409	0.124020906219459	0.02
0.880342154	0.114761672275213	0.02
0.882218863	0.119285188006544	0.01
0.88244613	0.11848250113186	0.01
0.883671839	0.125760328619954	0.01
0.884296127	0.134064953980245	0.01
0.885048106	0.13200899684432	0.01
0.885800269	0.130409082912199	0.01
0.886381245	0.129234368283265	0.01
0.888863234	0.12331026664296	0.01
0.889209764	0.121913142455354	0.01
0.889576687	0.121226385706473	0.01
0.890218544	0.120210636327988	0.01
0.890228158	0.120210636327988	0.01
0.890309475	0.118555025996534	0.01
0.890339212	0.118555025996534	0.01
0.890354074	0.118882489662189	0.01
0.890354075	0.118882489662189	0.01
0.890419078	0.118882489662189	0.01
0.890459913	0.118882489662189	0.01
0.890474761	0.118882489662189	0.01
0.890489605	0.118882489662189	0.01
0.890489606	0.118882489662189	0.01
0.890580647	0.118882489662189	0.01
0.890595481	0.118882489662189	0.01
0.89061031	0.118882489662189	0.01
0.890610311	0.118882489662189	0.01
0.89068659	0.118882489662189	0.01
0.890701414	0.118555025996534	0.01
0.890716233	0.118555025996534	0.01
0.890731048	0.118555025996534	0.01
0.890731049	0.118555025996534	0.01
0.890737499	0.118555025996534	0.01
0.890822213	0.118555025996534	0.01
0.890837018	0.118555025996534	0.01
0.890851819	0.118555025996534	0.01
0.890928251	0.118555025996534	0.01
0.890957836	0.118555025996534	0.01
0.890972622	0.118555025996534	0.01
0.890972623	0.118555025996534	0.01
0.891093459	0.118555025996534	0.01
0.89119957	0.118555025996534	0.01
0.891214328	0.118555025996534	0.01
0.891244043	0.118555025996534	0.01
0.891246709	0.118555025996534	0.01
0.891320486	0.118555025996534	0.01
0.891382479	0.118555025996534	0.01
0.891441435	0.118555025996534	0.01
0.891456164	0.118555025996534	0.01
0.891686849	0.117905481036117	0.01
0.891698132	0.117905481036117	0.01
0.892017347	0.117583370332726	0.01
0.89206133	0.117583370332726	0.01
0.892182462	0.11726301480854	0.01
0.89229733	0.11662751222501	0.01
0.892307805	0.11662751222501	0.01
0.892568748	0.116944400156598	0.01
0.892793389	0.116944400156598	0.01
0.892924751	0.119285188006544	0.01
0.892951888	0.118962811667123	0.01
0.893142511	0.118962811667123	0.01
0.893313967	0.118323258349024	0.01
0.893320622	0.118323258349024	0.01
0.893352088	0.118323258349024	0.01
0.894085351	0.117376718809521	0.01
0.894189143	0.117376718809521	0.01
0.89420355	0.117376718809521	0.01
0.894332391	0.117376718809521	0.01
0.894511483	0.117064561988333	0.01
0.894690708	0.116754061090536	0.01
0.894906463	0.116754061090536	0.01
0.894970751	0.116754061090536	0.01
0.895081202	0.117376718809521	0.01
0.895524497	0.121957242270709	0.01
0.89592425	0.122607724594709	0.01
0.896329745	0.122281618371659	0.01
0.896396617	0.12326518307163	0.01
0.89685771	0.121957242270709	0.01
0.89693811	0.121313625651872	0.01
0.897131294	0.122288394556745	0.01
0.89799116	0.110547665386537	0.01
0.898155973	0.10828151834449	0.01
0.898455429	0.107400862400141	0.01
0.898485328	0.107400862400141	0.01
0.898755243	0.104842796173765	0.01
0.89889623	0.104842796173765	0.01
0.898920463	0.104842796173765	0.01
0.899325427	0.103406093367157	0.01
0.899413875	0.108106562591584	0.01
0.899974537	0.107688966580391	0.01
0.900113547	0.106863378943166	0.01
0.900274359	0.108106562591584	0.01
0.900307304	0.108106562591584	0.01
0.900690942	0.0849570745308883	0.01
0.90151373	0.0816640590935905	0.01
0.901947653	0.0759288405589736	0.01
0.902162268	0.0764943301941188	0.01
0.902291602	0.0782424927507741	0.01
0.902860993	0.0785416512494141	0.01
0.902932441	0.0791468840885928	0.01
0.903166806	0.0678230862628428	0.01
0.903685884	0.0647984983144346	0.01
0.903876527	0.0647984983144346	0.01
0.904220945	0.0515427202382879	0.01
0.904508173	0.0517524852870755	0.01
0.904513058	0.0519639646878044	0.01
0.905424433	0.0528274531225272	0.01
0.906210372	0.0526089017739236	0.01
0.906508268	0.0532700489818821	0.01
0.906786831	0.0532700489818821	0.01
0.906922556	0.0532700489818821	0.01
0.907060652	0.0534941397087237	0.01
0.90712089	0.0534941397087237	0.01
0.907185931	0.0537201237618622	0.01
0.907198748	0.0537201237618622	0.01
0.907324045	0.0532700489818821	0.01
0.907336843	0.0532700489818821	0.01
0.907336844	0.0532700489818821	0.01
0.907436592	0.0532700489818821	0.01
0.907449378	0.0532700489818821	0.01
0.90746216	0.0532700489818821	0.01
0.907536422	0.0532700489818821	0.01
0.907574745	0.0532700489818821	0.01
0.907587512	0.0532700489818821	0.01
0.907674633	0.0532700489818821	0.01
0.907700146	0.0532700489818821	0.01
0.907712898	0.0532700489818821	0.01
0.907951053	0.0532700489818821	0.01
0.907963773	0.0530478278867633	0.01
0.907963774	0.0530478278867633	0.01
0.908076559	0.0534941397087237	0.01
0.908089263	0.0534941397087237	0.01
0.908089264	0.0534941397087237	0.01
0.908151307	0.0534941397087237	0.01
0.908202099	0.0539480252379581	0.01
0.908214789	0.0539480252379581	0.01
0.908289632	0.0539480252379581	0.01
0.908566283	0.0551171665898783	0.01
0.908577365	0.0551171665898783	0.01
0.908691978	0.0551171665898783	0.01
0.908729307	0.0551171665898783	0.01
0.908816452	0.0558432955531241	0.01
0.908943472	0.056841761226701	0.01
0.909094444	0.056841761226701	0.01
0.909183517	0.056841761226701	0.01
0.909195105	0.056841761226701	0.01
0.909270732	0.056841761226701	0.01
0.909308419	0.056841761226701	0.01
0.909346075	0.0570969815516276	0.01
0.909409249	0.0570969815516276	0.01
0.909434338	0.0573545040994226	0.01
0.909446878	0.0573545040994226	0.01
0.909620416	0.0573545040994226	0.01
0.909838426	0.056841761226701	0.01
0.910014581	0.0573545040994226	0.01
0.910051995	0.0573545040994226	0.01
0.910204731	0.0576143601621308	0.01
0.910628128	0.0589497790380214	0.01
0.911062134	0.0592243261573153	0.01
0.91113001	0.0592243261573153	0.01
0.911351929	0.0592243261573153	0.01
0.911383512	0.0592243261573153	0.01
0.911404622	0.0592243261573153	0.01
0.911518912	0.0597811644270875	0.01
0.911747931	0.0597811644270875	0.01
0.912015459	0.060063528732313	0.01
0.912488931	0.060063528732313	0.01
0.912630246	0.0597811644270875	0.01
0.912811242	0.0597811644270875	0.01
0.913006436	0.0557006092254134	0.01
0.913139907	0.0557006092254134	0.01
0.913244462	0.0562342977998154	0.01
0.914870556	0.062422239883456	0.01
0.914968567	0.062422239883456	0.01
0.915269563	0.062422239883456	0.01
0.915559183	0.0533309782269399	0.01
0.916024822	0.0533309782269399	0.01
0.916912552	0.0544096789077052	0.01
0.917248255	0.0547140144517858	0.01
0.917957453	0.067231149306362	0.01
0.918456927	0.0537687975479807	0.02
0.918483627	0.0537687975479807	0.02
0.919655338	0.0571336288108525	0.02
0.922071236	0.0596210021721219	0.02
0.922455062	0.0606776689408088	0.02
0.922504312	0.0606776689408088	0.02
0.924160807	0.0581412008618922	0.02
0.924627878	0.0589497790380214	0.02
0.926193857	0.0503370993217771	0.02
0.927872541	0.0596210021721219	0.02
0.929379518	0.0515427202382879	0.03
0.93064775	0.0525312853171428	0.03
0.934700606	0.0511282504829712	0.03
0.938446291	0.024777920880301	0.03
0.941112169	0.00808565101680109	0.03
0.942896738	0.00897599260269956	0.03
0.947518522	0.0327862100212122	0.04
0.948845214	0.0246219993388251	0.04
0.949342587	0.0261001791108397	0.04
0.950306111	0.00724700355521971	0.04
0.953473419	0.00865819700661329	0.04
0.954119877	0.00865819700661329	0.04
0.955603107	0.00897599260269956	0.04
0.955985355	0.00897599260269956	0.04
0.956296714	0.0093180062276122	0.04
0.956766863	0.0093180062276122	0.04
0.95679317	0.0093180062276122	0.04
0.956793172	0.0093180062276122	0.04
0.957016096	0.00940762123687764	0.04
0.957077957	0.00940762123687764	0.04
0.958321379	0.00968711589246814	0.04
0.959031973	0.024777920880301	0.05
0.959642592	0.0068897020160601	0.05
0.959857154	0.00693857271118627	0.05
0.960039043	0.00708943509403966	0.05
0.960819071	0.00735599892802025	0.05
0.960911853	0.00735599892802025	0.05
0.964446178	0.00865819700661329	0.05
0.964458654	0.00865819700661329	0.05
0.966653906	0.0093180062276122	0.05
0.966980912	0.00940762123687764	0.05
0.966986309	0.00940762123687764	0.05
0.967297223	0.00959212385408162	0.05
0.967297226	0.00959212385408162	0.05
0.967302571	0.00959212385408162	0.05
0.967302572	0.00959212385408162	0.05
0.967460779	0.00959212385408162	0.05
0.96746078	0.00959212385408162	0.05
0.96761904	0.00959212385408162	0.05
0.967772081	0.00959212385408162	0.05
0.968083686	0.00968711589246814	0.05
0.968088909	0.00968711589246814	0.05
0.968237002	0.00968711589246814	0.05
0.968861479	0.0231643237403399	0.06
0.969035555	0.023302278266088	0.06
0.970292984	0.013046293033509	0.06
0.973457204	0.0141811120414744	0.06
0.973766743	0.0141811120414744	0.06
0.974203145	0.0139784615789866	0.06
0.978183481	0.0149391338211386	0.06
0.981915796	0.00905912043451912	0.05
0.985118954	0.00881423121854532	0.05
1.019804062	0.0087355173955867	0.06
1.021711423	0.00914380237440194	0.06
1.022530753	0.00914380237440194	0.06
1.023898132	0.00914380237440194	0.06
1.027042278	0.0080193633371029	0.07
1.028094642	0.00815304369201775	0.07
1.029271857	0.00836213507579498	0.07
1.029637844	0.00836213507579498	0.07
1.029659545	0.00850759110123071	0.07
1.030020301	0.00858223337529211	0.07
1.030392053	0.00865819700661329	0.07
1.030958443	0.00889437648577151	0.07
1.031531241	0.00889437648577151	0.07
1.031720423	0.00889437648577151	0.07
1.0327094	0.00889437648577151	0.07
1.034014818	0.00889437648577151	0.07
1.034854243	0.00923008241559142	0.07
1.035677928	0.00923008241559142	0.07
1.036124234	0.00923008241559142	0.07
1.039046839	0.00808565101680109	0.08
1.041709188	0.00858223337529211	0.08
1.044012776	0.00858223337529211	0.08
1.054783865	0.00815304369201775	0.09
1.056246636	0.00815304369201775	0.09
1.057424783	0.00940762123687764	0.09
1.058571278	0.00735599892802025	0.1
1.067766296	0.00949897671199365	0.1
1.067971123	0.00959212385408162	0.1
1.068277144	0.00719370821650712	0.11
1.06860264	0.00724700355521971	0.11
1.070020858	0.00752578123707393	0.11
1.070326964	0.00758413049277792	0.11
1.076612069	0.0080193633371029	0.11
1.088762574	0.0264530922867302	0.13
1.091073782	0.0281669582294802	0.13
1.112743253	0.0355986874102067	0.14
1.113082372	0.0349625009608099	0.14
1.125633627	0.0383931316809656	0.13
1.127882011	0.0383931316809656	0.13
1.13205703	0.0391616648627374	0.12
1.133642817	0.0383931316809656	0.12
1.134317617	0.0383931316809656	0.12
1.136767134	0.0383931316809656	0.12
1.162829766	0.0362584553715808	0.14
1.187305519	0.0337559899919427	0.15
1.187446683	0.0337559899919427	0.15
1.18762744	0.0334672619438656	0.15
1.192009701	0.0334672619438656	0.15
1.208769953	0.037295272789034	0.14
1.210771389	0.0383931316809656	0.14
1.21086869	0.0383931316809656	0.14
1.212614931	0.0383931316809656	0.14
1.224141399	0.050653048887192	0.14
1.22465873	0.050653048887192	0.14
1.226767373	0.0497935693732015	0.14
1.243346642	0.0539099074693328	0.12
1.245566855	0.0534192336084826	0.12
1.246668032	0.0539099074693328	0.12
1.248955951	0.0544096789077052	0.12
1.252855937	0.0534192336084826	0.12
1.265568721	0.0554375457046349	0.11
1.268447511	0.0539099074693328	0.11
1.270060331	0.0570542857910817	0.1
1.270253663	0.0565049956520967	0.1
1.275739262	0.0565049956520967	0.1
1.278899002	0.0549188033082369	0.1
1.285172518	0.0787423644142547	0.1
1.289511656	0.0290739083587486	0.09
1.302603198	0.0665774506523921	0.09
1.303502827	0.067231149306362	0.09
1.325958837	0.0653074619518398	0.11
1.33510162	0.0685778285123522	0.1
1.335508208	0.0685778285123522	0.1
1.335711503	0.0685778285123522	0.1
1.335892556	0.0685778285123522	0.1
1.336051433	0.0685778285123522	0.1
1.33625481	0.0685778285123522	0.1
1.336595099	0.0678978120868341	0.1
1.336979907	0.0678978120868341	0.1
1.337161305	0.0678978120868341	0.1
1.337524247	0.0678978120868341	0.1
1.337777279	0.0678978120868341	0.1
1.338686534	0.0678978120868341	0.1
1.342368518	0.0665774506523921	0.1
1.346883901	0.0685778285123522	0.1
1.360533959	0.067231149306362	0.1
1.360774481	0.067231149306362	0.1
1.360981621	0.067231149306362	0.1
1.36116959	0.067231149306362	0.1
1.36135761	0.067231149306362	0.1
1.361545683	0.067231149306362	0.1
1.361952473	0.067231149306362	0.1
1.362279458	0.067231149306362	0.1
1.364721715	0.067231149306362	0.1
1.365659238	0.0678978120868341	0.1
1.368578346	0.0685778285123522	0.1
1.369020462	0.0685778285123522	0.1
1.369707356	0.0685778285123522	0.1
1.370127164	0.067231149306362	0.11
1.377139612	0.0867326786614184	0.11
1.377274175	0.0867326786614184	0.11
1.379222918	0.0867326786614184	0.11
1.384187356	0.0678978120868341	0.1
1.38563755	0.0961062481134923	0.1
1.385801753	0.0961062481134923	0.1
1.434752614	0.084485366306684	0.1
1.436494579	0.084485366306684	0.11
1.440102642	0.084485366306684	0.11
1.450674974	0.0816640590935905	0.12
1.450928234	0.0816640590935905	0.12
1.45657643	0.0816640590935905	0.13
1.457818346	0.0816640590935905	0.13
1.484067531	0.0796687142660545	0.15
1.484117024	0.0796687142660545	0.15
1.485393153	0.0803229061553986	0.15
1.485917469	0.0864770906325538	0.15
1.488337206	0.0796687142660545	0.16
1.502972103	0.0790250924524087	0.17
1.511734415	0.0790250924524087	0.18
1.512194724	0.0790250924524087	0.18
1.512403577	0.0790250924524087	0.18
1.512821455	0.0790250924524087	0.18
1.513239565	0.0790250924524087	0.18
1.515375804	0.0796687142660545	0.18
1.516740221	0.0790250924524087	0.19
1.517647523	0.078391786589194	0.19
1.519065464	0.078391786589194	0.19
1.55916507	0.093354639145031	0.22
1.561070241	0.144897017787367	0.22
1.56916589	0.123201659674464	0.22
1.595407686	0.118882489662189	0.19
1.595579044	0.118164443042437	0.19
1.611568792	0.137711051160477	0.17
1.652341299	0.111135977726813	0.14
1.707257935	0.141369556757547	0.08
1.718627381	0.136720358269576	0.07
1.730827961	0.131321904614026	0.06
1.75282717	0.130292971429809	0.04
1.758275756	0.140177863872502	0.03
1.768990518	0.140177863872502	0.02
1.777374698	0.154504428643605	0.01
1.778615293	0.148968083378973	0.01
1.780115455	0.145069388236429	0.01
1.780627841	0.145069388236429	0.01
1.780657571	0.145069388236429	0.01
1.780657572	0.145069388236429	0.01
1.780839524	0.14381477948737	0.01
1.780928629	0.14381477948737	0.01
1.78092863	0.14381477948737	0.01
1.781081012	0.14381477948737	0.01
1.781140367	0.14381477948737	0.01
1.781170031	0.14381477948737	0.01
1.781170032	0.14381477948737	0.01
1.781381862	0.14381477948737	0.01
1.781411499	0.14381477948737	0.01
1.781623424	0.14381477948737	0.01
1.781653031	0.14381477948737	0.01
1.7818108	0.14381477948737	0.01
1.781835463	0.14381477948737	0.01
1.781894629	0.14381477948737	0.01
1.782136292	0.141369556757547	0.01
1.782378022	0.141369556757547	0.01
1.782531315	0.141369556757547	0.01
1.782590324	0.141369556757547	0.01
1.782619816	0.141369556757547	0.01
1.783044725	0.141369556757547	0.01
1.783103602	0.141369556757547	0.01
1.783286774	0.141369556757547	0.01
1.783345594	0.141369556757547	0.01
1.78377107	0.141369556757547	0.01
1.783829774	0.141369556757547	0.01
1.783925287	0.141369556757547	0.01
1.784013316	0.141369556757547	0.01
1.784314217	0.141369556757547	0.01
1.784933025	0.141369556757547	0.01
1.785322292	0.140177863872502	0.01
1.785497332	0.140177863872502	0.01
1.786357195	0.139006094100305	0.01
1.787927091	0.127605960488842	0.01
1.788266632	0.127605960488842	0.01
1.788780487	0.12972125107265	0.01
1.788872102	0.12972125107265	0.01
1.78918715	0.12972125107265	0.01
1.789747139	0.12972125107265	0.01
1.790095821	0.12972125107265	0.01
1.790737455	0.130224948875256	0.01
1.79204453	0.139070678246184	0.02
1.795172249	0.106455313967157	0.02
1.795643534	0.104070903636013	0.02
1.796696941	0.099608783276473	0.02
1.801889818	0.0394777627614596	0.02
1.808733518	0.100787329066716	0.03
1.809599251	0.100787329066716	0.03
1.812688451	0.0602770586537051	0.03
1.813215031	0.0617028852978438	0.03
1.813240824	0.0617028852978438	0.03
1.813716026	0.0548454886829503	0.03
1.814069384	0.0557383936699111	0.03
1.814345569	0.0481592401004326	0.03
1.814596154	0.0481592401004326	0.03
1.814621756	0.0481592401004326	0.03
1.814621757	0.0481592401004326	0.03
1.814846808	0.0481592401004326	0.03
1.814872379	0.0481592401004326	0.03
1.815039963	0.048962770456258	0.03
1.815123071	0.048962770456258	0.03
1.815322808	0.0502196320276334	0.03
1.815373832	0.0502196320276334	0.03
1.815875562	0.050653048887192	0.03
1.816101116	0.050653048887192	0.03
1.81637757	0.0510940120192886	0.03
1.816628678	0.0510940120192886	0.03
1.816879855	0.0510940120192886	0.03
1.817399416	0.0510940120192886	0.03
1.817633804	0.0510940120192886	0.03
1.818036082	0.0519993794043915	0.03
1.818363245	0.0529374111544312	0.03
1.81989941	0.0549188033082369	0.03
1.820606159	0.0554375457046349	0.03
1.823345161	0.0570542857910817	0.03
1.824280416	0.0570542857910817	0.03
1.824985083	0.0570542857910817	0.03
1.828541204	0.0510940120192886	0.04
1.829051906	0.0519993794043915	0.04
1.829613575	0.0524642027385523	0.04
1.830016016	0.0529374111544312	0.04
1.835137623	0.0587681574041603	0.03
1.836263396	0.0587681574041603	0.03
1.83758722	0.0587681574041603	0.03
1.837659261	0.0587681574041603	0.03
1.839735229	0.0565049956520967	0.04
1.842215909	0.0570542857910817	0.04
1.844053766	0.0570542857910817	0.04
1.860668056	0.0484774665042631	0.05
1.860714054	0.0484774665042631	0.05
1.872927722	0.0480016885016056	0.06
1.877534086	0.0510940120192886	0.07
1.932723098	0.0561958382604705	0.12
1.933588634	0.0576143601621309	0.12
1.937910579	0.0607449556074376	0.13
1.938309591	0.0607449556074376	0.13
1.940502926	0.0539807405398074	0.13
1.945075766	0.0657955461264525	0.14
1.947078383	0.0657955461264525	0.14
1.95745413	0.0657955461264525	0.15
1.959079535	0.0662909807622907	0.15
1.961031557	0.0593625609426417	0.15
2.03833515	0.0682052310670309	0.23
2.049316864	0.0677756190446703	0.24
2.057190684	0.0673513852378471	0.25
2.057670659	0.0673513852378471	0.25
2.058810915	0.0677756190446703	0.25
2.077371996	0.0673513852378471	0.27
2.077653506	0.0673513852378471	0.27
2.079378601	0.0677756190446703	0.27
2.080200147	0.0619961836520114	0.27
2.112854786	0.0604633497911128	0.3
2.117539144	0.0882100344455013	0.3
2.119081815	0.0657062616431443	0.31
2.122322709	0.0600919119381717	0.31
2.130868897	0.0600919119381717	0.32
2.21647999	0.0840016884761502	0.4
2.22607531	0.0809134957476366	0.41
2.226678687	0.0856359039644259	0.41
2.268175967	0.168758642953854	0.41
2.273953022	0.179339867072209	0.4
2.283420782	0.180919370418774	0.39
2.36737444	0.226877583012683	0.32
2.396315913	0.231349112641006	0.31
2.401471639	0.231349112641006	0.3
2.63880046	0.253232550954547	0.1
2.64482266	0.253232550954547	0.09
2.65353762	0.245887713336937	0.08
2.664122924	0.253232550954547	0.07
2.669724846	0.253232550954547	0.07
2.670831293	0.245887713336937	0.06
2.671193019	0.245887713336937	0.06
2.671193179	0.245887713336937	0.06
2.671237545	0.245887713336937	0.06
2.671237705	0.245887713336937	0.06
2.671599486	0.245887713336937	0.06
2.671599646	0.245887713336937	0.06
2.671872794	0.245887713336937	0.06
2.671961685	0.245887713336937	0.06
2.672323822	0.245887713336937	0.06
2.67300408	0.245887713336937	0.06
2.674817434	0.253232550954547	0.06
2.67498819	0.253232550954547	0.06
2.675753192	0.253232550954547	0.06
2.675906626	0.253232550954547	0.06
2.68050645	0.253232550954547	0.06
2.681604422	0.245887713336937	0.05
2.690797174	0.248288189935187	0.06
2.690995907	0.248288189935187	0.06
2.697875326	0.248288189935187	0.06
2.714352711	0.250735997867726	0.07
2.720992773	0.255779319890995	0.07
2.721339166	0.255779319890995	0.07
2.721714851	0.255779319890995	0.07
2.721753239	0.255779319890995	0.07
2.722090639	0.255779319890995	0.07
2.72212898	0.255779319890995	0.07
2.722504826	0.255779319890995	0.07
2.725138453	0.253232550954547	0.08
2.725892101	0.253232550954547	0.08
2.728042156	0.253232550954547	0.08
2.728457177	0.253232550954547	0.08
2.730687704	0.253232550954547	0.08
2.733911556	0.245887713336937	0.09
2.741703646	0.255779319890995	0.08
2.744776734	0.255779319890995	0.09
2.767264537	0.253232550954547	0.11
2.795646082	0.220485254529244	0.13
2.814579483	0.220485254529244	0.15
2.870516676	0.220485254529244	0.2
2.884109016	0.232406149285241	0.22
2.885327778	0.218433780399959	0.22
2.893176138	0.234950723972255	0.23
2.901070252	0.227581376066788	0.23
3.017087015	0.204719346749823	0.35
3.116410384	0.225136998409051	0.45
3.116832706	0.225136998409051	0.45
3.153761559	0.196494692668477	0.48
3.190582361	0.186629071019371	0.5
3.194633906	0.186629071019371	0.51
3.560201153	0.188905369326609	0.870000000000001
3.561648443	0.188905369326609	0.880000000000001
3.562131134	0.188905369326609	0.880000000000001
3.565454716	0.187098764525275	0.880000000000001
3.566965252	0.202028708796359	0.880000000000001
3.567214517	0.202028708796359	0.880000000000001
3.568359469	0.202028708796359	0.880000000000001
3.571210711	0.184773644954582	0.880000000000001
3.571812505	0.184773644954582	0.880000000000001
3.579984214	0.19830536784502	0.880000000000001
3.62939674	0.20360773148869	0.910000000000001
3.629519691	0.20360773148869	0.910000000000001
3.6300627	0.20360773148869	0.910000000000001
3.630972932	0.20360773148869	0.910000000000001
3.631023885	0.207360927846144	0.910000000000001
3.631169027	0.207360927846144	0.910000000000001
3.631970124	0.199987984117188	0.920000000000001
3.707141358	0.20360773148869	0.990000000000001
3.963711323	0.194793415029246	1.25
4.078052931	0.214745044734228	1.36
4.442577106	0.236000444724456	1.72
4.445571488	0.212947005046893	1.73
4.452121847	0.236380644107559	1.73
4.45272527	0.236000444724456	1.73
4.453932605	0.236000444724456	1.73
4.459832487	0.212947005046893	1.74
4.478685952	0.215757137694254	1.76
4.480518943	0.215757137694254	1.76
4.492707945	0.238687816726139	1.77
4.537596069	0.245887713336937	1.81
4.773228095	0.236380644107559	2.05
4.895921957	0.24343996574714	2.17
5.341769851	0.260101153605728	2.44999999999999
5.342582978	0.260101153605728	2.44999999999999
5.343129076	0.260101153605728	2.44999999999999
5.443653327	0.276058610433622	2.43999999999999
6.232084175	0.314070115184748	2.67999999999999
6.2338777	0.314070115184748	2.67999999999999
6.35095118	0.293909953153486	2.78999999999998
7	0.308996839915327	3.42999999999997
