thrs	post_p	finalwindow
0	0.150224293307301	0.23
0.070216248	0.131027111231048	0.18
0.113424721	0.153004011831936	0.19
0.123778241	0.153004011831936	0.18
0.127200542	0.0955989605913139	0.17
0.127695348	0.106920905439821	0.17
0.128068503	0.106051980606642	0.17
0.14705261	0.0974155108861586	0.15
0.148427326	0.106051980606642	0.15
0.148782099	0.105197065079606	0.15
0.151339737	0.120185777437726	0.15
0.155752372	0.14814065746911	0.15
0.161204767	0.120185777437726	0.14
0.172569069	0.127128138099011	0.13
0.178062567	0.106051980606642	0.12
0.178113806	0.106051980606642	0.12
0.178140913	0.106051980606642	0.12
0.178358463	0.106051980606642	0.12
0.181486006	0.119281077536869	0.12
0.186084933	0.145368269737393	0.12
0.191788381	0.121104305805495	0.11
0.194681585	0.151020848226088	0.11
0.205298456	0.150048420889509	0.1
0.206482242	0.147204852774321	0.1
0.222049977	0.0976295649696093	0.08
0.222622275	0.10813919140613	0.08
0.222656148	0.10813919140613	0.08
0.222686318	0.10813919140613	0.08
0.222716495	0.10813919140613	0.08
0.222924291	0.137293075540965	0.08
0.223196808	0.136336825755291	0.08
0.226694446	0.129141059474573	0.08
0.226728961	0.129141059474573	0.08
0.226867021	0.129141059474573	0.08
0.226923294	0.129141059474573	0.08
0.226929675	0.129141059474573	0.08
0.226982815	0.129141059474573	0.08
0.227177477	0.13174866174695	0.08
0.227432153	0.0811407577005089	0.07
0.241897099	0.0727812878271988	0.06
0.242615688	0.0881979611135472	0.06
0.242875367	0.123343119939676	0.06
0.243116147	0.122331396726584	0.06
0.263775407	0.147788339713786	0.04
0.287097646	0.117511932535177	0.05
0.295749179	0.129141059474573	0.04
0.296834617	0.129141059474573	0.04
0.296839561	0.129141059474573	0.04
0.296839653	0.129141059474573	0.04
0.296874128	0.129141059474573	0.04
0.296879772	0.129141059474573	0.04
0.29691506	0.129141059474573	0.04
0.296960227	0.129141059474573	0.04
0.297156652	0.129141059474573	0.04
0.297161557	0.129141059474573	0.04
0.297207868	0.129141059474573	0.04
0.29723727	0.129141059474573	0.04
0.297242165	0.129141059474573	0.04
0.297345093	0.129141059474573	0.04
0.297631463	0.129141059474573	0.04
0.298033592	0.129141059474573	0.04
0.298682719	0.13174866174695	0.03
0.299120783	0.13174866174695	0.03
0.299931082	0.13174866174695	0.03
0.300128238	0.13174866174695	0.03
0.300638986	0.130431829070885	0.03
0.301373268	0.130431829070885	0.03
0.302397905	0.130431829070885	0.03
0.302443572	0.130431829070885	0.03
0.302452098	0.130431829070885	0.03
0.302453753	0.130431829070885	0.03
0.302531356	0.130431829070885	0.03
0.302844832	0.130431829070885	0.03
0.303037639	0.130431829070885	0.03
0.303998368	0.130431829070885	0.03
0.304168238	0.130431829070885	0.03
0.305094409	0.130431829070885	0.03
0.306047128	0.130431829070885	0.03
0.307314933	0.130431829070885	0.03
0.308759935	0.129141059474573	0.03
0.320217262	0.124223725738887	0.03
0.322435043	0.121902864083905	0.03
0.322777267	0.121902864083905	0.03
0.323165924	0.121902864083905	0.03
0.324596864	0.121902864083905	0.03
0.327195424	0.107804186774818	0.04
0.328591896	0.107804186774818	0.04
0.330254195	0.107804186774818	0.04
0.338071632	0.0995779779749406	0.05
0.340262381	0.0959183592060574	0.05
0.343706753	0.0959183592060574	0.05
0.345554528	0.0952184788919877	0.05
0.351815198	0.0931788064192371	0.06
0.356206548	0.0912246849000614	0.06
0.356351443	0.0912246849000614	0.06
0.356437896	0.0912246849000614	0.06
0.356490553	0.0912246849000614	0.06
0.357086112	0.108702183375709	0.06
0.357959666	0.0993024337586172	0.06
0.360733393	0.0881438036338514	0.07
0.362945858	0.0881438036338514	0.07
0.363236679	0.0881438036338514	0.07
0.366130409	0.0893508424387148	0.07
0.37384574	0.0969993135814029	0.08
0.382008897	0.0675974262927132	0.07
0.386863037	0.0445305419112515	0.06
0.386909127	0.0602238203690952	0.06
0.387745392	0.0591810035425464	0.06
0.389222512	0.0585056267930185	0.06
0.389299853	0.0585056267930185	0.06
0.389825341	0.0732922498233904	0.06
0.395214438	0.0717514230886107	0.06
0.403209246	0.0762916463041575	0.05
0.412388288	0.0841643906848476	0.04
0.415094538	0.0809105860602571	0.04
0.415772448	0.0239421489966625	0.03
0.418471182	0.0736306004751781	0.03
0.423143546	0.091866887667657	0.03
0.438307149	0.0838693438284787	0.01
0.440316292	0.101910931717401	0.01
0.444236336	0.0967128546677233	0.01
0.445049535	0.0922105516427042	0.01
0.445117302	0.0922105516427042	0.01
0.445156208	0.0922105516427042	0.01
0.445185067	0.0922105516427042	0.01
0.445185068	0.0922105516427042	0.01
0.445252832	0.0922105516427042	0.01
0.445252833	0.0922105516427042	0.01
0.445252835	0.0922105516427042	0.01
0.445305777	0.0922105516427042	0.01
0.44531318	0.0922105516427042	0.01
0.44531319	0.0922105516427042	0.01
0.445373562	0.0922105516427042	0.01
0.445419149	0.0922105516427042	0.01
0.445433949	0.0922105516427042	0.01
0.445479567	0.0911497214459182	0.01
0.445494353	0.0911497214459182	0.01
0.445554774	0.0906284071856926	0.01
0.445578303	0.0906284071856926	0.01
0.445615211	0.0906284071856926	0.01
0.445691925	0.0938489181354564	0.01
0.445736134	0.0938489181354564	0.01
0.445849774	0.107804186774818	0.01
0.445857123	0.107804186774818	0.01
0.445970843	0.107804186774818	0.01
0.445978177	0.107804186774818	0.01
0.446038729	0.107804186774818	0.01
0.446319857	0.107804186774818	0.01
0.446341735	0.107804186774818	0.01
0.446394864	0.107804186774818	0.01
0.446465528	0.106629686040853	0.01
0.44656991	0.106629686040853	0.01
0.446772341	0.106629686040853	0.01
0.446888185	0.106051980606642	0.01
0.447158639	0.106051980606642	0.01
0.447533088	0.106051980606642	0.01
0.447542535	0.106051980606642	0.01
0.447649603	0.104915148015457	0.01
0.447876705	0.104915148015457	0.01
0.448701687	0.107642506314449	0.01
0.449051315	0.107642506314449	0.01
0.449552291	0.107080423851795	0.01
0.452986292	0.106524181006451	0.01
0.453312195	0.106524181006451	0.01
0.453607731	0.106524181006451	0.01
0.453670383	0.106524181006451	0.01
0.45367678	0.106524181006451	0.01
0.453739439	0.106524181006451	0.01
0.453802119	0.106524181006451	0.01
0.453864814	0.106524181006451	0.01
0.453927527	0.106524181006451	0.01
0.453952078	0.106524181006451	0.01
0.453977538	0.106524181006451	0.01
0.453990257	0.106524181006451	0.01
0.454131662	0.106524181006451	0.01
0.454172215	0.106524181006451	0.01
0.454266222	0.107080423851795	0.01
0.454278877	0.107080423851795	0.01
0.454297847	0.107080423851795	0.01
0.454379121	0.107080423851795	0.01
0.454423548	0.107080423851795	0.01
0.454543029	0.107080423851795	0.01
0.454618511	0.107080423851795	0.01
0.455439212	0.15574895501555	0.01
0.455550168	0.161427511052867	0.01
0.455665947	0.169135806386088	0.01
0.455678249	0.169135806386088	0.01
0.455755613	0.17585352583133	0.01
0.456455968	0.102273979714045	0.02
0.456880284	0.102273979714045	0.02
0.45760535	0.101766433185919	0.02
0.457901934	0.101766433185919	0.02
0.458022431	0.101766433185919	0.02
0.458619789	0.101263899299415	0.02
0.458664131	0.101263899299415	0.02
0.459124851	0.100766304160496	0.02
0.460382332	0.0993024337586172	0.02
0.462114195	0.0993024337586172	0.02
0.46499053	0.0983499226194413	0.02
0.472596627	0.0942803943036223	0.03
0.473676694	0.0942803943036223	0.03
0.477096915	0.0983499226194413	0.03
0.478409458	0.0893508424387148	0.04
0.478419311	0.0893508424387148	0.04
0.478888149	0.0881979611135472	0.04
0.479732593	0.0881979611135472	0.04
0.479936634	0.0881979611135472	0.04
0.483671852	0.0881979611135472	0.04
0.484458594	0.0885789349507665	0.04
0.485802156	0.126764161553887	0.04
0.485999254	0.112207208128553	0.04
0.48628356	0.113057817582062	0.04
0.486776039	0.106920905439821	0.04
0.489107131	0.0938489181354564	0.04
0.489424331	0.0938489181354564	0.04
0.514553924	0.089179870703709	0.07
0.51473946	0.089179870703709	0.07
0.514742139	0.089179870703709	0.07
0.514839037	0.089179870703709	0.07
0.514971335	0.089179870703709	0.07
0.51502476	0.089179870703709	0.07
0.515124567	0.0927285702125517	0.07
0.516063638	0.109518430372169	0.07
0.518492841	0.0905913985404159	0.07
0.518564452	0.0905913985404159	0.07
0.520735072	0.0741631779841394	0.07
0.534226929	0.059573980457597	0.07
0.534308248	0.059573980457597	0.07
0.534380672	0.059573980457597	0.07
0.534453117	0.059573980457597	0.07
0.534888196	0.105262338155919	0.07
0.539174229	0.0655598214186292	0.06
0.543234343	0.0917178857909488	0.07
0.544416783	0.0931276555217594	0.07
0.556645891	0.113123783561994	0.05
0.556807604	0.113123783561994	0.05
0.55802857	0.109051563030737	0.05
0.559788571	0.109051563030737	0.05
0.562444529	0.109051563030737	0.05
0.568776608	0.109051563030737	0.06
0.572491616	0.107123452474278	0.06
0.574371638	0.107123452474278	0.06
0.57444178	0.107123452474278	0.06
0.579525048	0.112077479864205	0.06
0.586308239	0.109051563030737	0.06
0.59079165	0.103464787819285	0.06
0.591819223	0.0929134335979615	0.05
0.593402747	0.0938489181354564	0.05
0.593673806	0.0938489181354564	0.05
0.593673808	0.0938489181354564	0.05
0.593824895	0.0938489181354564	0.05
0.593915284	0.0938489181354564	0.05
0.594036974	0.0938489181354564	0.05
0.594318181	0.0938489181354564	0.05
0.595015574	0.0860513644373719	0.06
0.595196772	0.0860513644373719	0.06
0.595887104	0.0860513644373719	0.06
0.596219211	0.0860513644373719	0.06
0.597117526	0.0852642218192506	0.06
0.604813246	0.0910973202909043	0.05
0.604905308	0.0910973202909043	0.05
0.604905312	0.0910973202909043	0.05
0.606051871	0.0910973202909043	0.05
0.606404306	0.0910973202909043	0.05
0.607971158	0.0929134335979615	0.05
0.630942519	0.122254258894343	0.05
0.636066531	0.122254258894343	0.05
0.636422142	0.117511932535177	0.06
0.637031954	0.117511932535177	0.06
0.638075882	0.115276112884964	0.06
0.641599528	0.116383285712174	0.06
0.64559646	0.116383285712174	0.06
0.64801212	0.118662684215102	0.06
0.648110758	0.118662684215102	0.06
0.648827538	0.118662684215102	0.06
0.65703705	0.107804186774818	0.07
0.667879263	0.105197065079606	0.08
0.669490645	0.105197065079606	0.08
0.678915807	0.0988238830545647	0.09
0.680589305	0.0988238830545647	0.09
0.68060848	0.0988238830545647	0.09
0.680786967	0.0988238830545647	0.09
0.689921535	0.0938489181354564	0.09
0.692614054	0.0938489181354564	0.09
0.696262833	0.0893508424387148	0.1
0.697379755	0.0885024771100583	0.1
0.712354258	0.0852642218192506	0.11
0.7123899	0.0852642218192506	0.11
0.712401774	0.0852642218192506	0.11
0.713541741	0.0852642218192506	0.11
0.714295462	0.0852642218192506	0.11
0.715679053	0.0794501502201911	0.12
0.717816093	0.0822545737578385	0.12
0.719314887	0.0822545737578385	0.12
0.725869057	0.0787786715694585	0.13
0.72717465	0.0815350695543592	0.13
0.735438378	0.0737895688439715	0.14
0.756100951	0.0333708515912151	0.13
0.762884543	0.0912573998792845	0.13
0.763284143	0.0945454421573773	0.13
0.763387603	0.0936190184745518	0.13
0.763491091	0.0927105741374224	0.13
0.766651587	0.091866887667657	0.13
0.772093843	0.0885024771100583	0.12
0.772264397	0.0923412581184339	0.12
0.793117932	0.0933409242645581	0.1
0.794958533	0.0936072591066534	0.1
0.797194853	0.0908015147708438	0.1
0.799403767	0.0910973202909043	0.1
0.817085993	0.0946008714867109	0.08
0.828284953	0.0958280565308619	0.07
0.849686346	0.0992285091294405	0.05
0.866065884	0.102543148288374	0.03
0.867661243	0.102879170050711	0.03
0.870144812	0.0997731930558516	0.03
0.874413626	0.107198268644164	0.02
0.875954975	0.102840874894212	0.02
0.877564409	0.103171147924063	0.02
0.87832845	0.103171147924063	0.02
0.880342154	0.0997731930558516	0.02
0.882218863	0.0994830873365329	0.01
0.88244613	0.101935054710368	0.01
0.882485476	0.101935054710368	0.01
0.883671839	0.107611972657784	0.01
0.884296127	0.109518430372169	0.01
0.885048106	0.108180475927626	0.01
0.885800269	0.10560030032281	0.01
0.886381245	0.10560030032281	0.01
0.887670141	0.106184740940703	0.01
0.888863234	0.105875482373039	0.01
0.889209764	0.104656254708442	0.01
0.889576687	0.104355822768889	0.01
0.889752182	0.104355822768889	0.01
0.889857915	0.104355822768889	0.01
0.890068113	0.103760103967942	0.01
0.890083013	0.103760103967942	0.01
0.890218543	0.103464787819285	0.01
0.890218544	0.103464787819285	0.01
0.890309475	0.103171147924063	0.01
0.890339212	0.103171147924063	0.01
0.890354074	0.103464787819285	0.01
0.890354075	0.103464787819285	0.01
0.890459913	0.103464787819285	0.01
0.890474761	0.103464787819285	0.01
0.890489605	0.103464787819285	0.01
0.890489606	0.103464787819285	0.01
0.890506418	0.103464787819285	0.01
0.890580647	0.103464787819285	0.01
0.890595481	0.103464787819285	0.01
0.89061031	0.103464787819285	0.01
0.890610311	0.103464787819285	0.01
0.89068659	0.103464787819285	0.01
0.890701414	0.103464787819285	0.01
0.890716233	0.103464787819285	0.01
0.890731048	0.103464787819285	0.01
0.890731049	0.103464787819285	0.01
0.890822213	0.103464787819285	0.01
0.890837018	0.103464787819285	0.01
0.890851819	0.103464787819285	0.01
0.890957836	0.103464787819285	0.01
0.890972622	0.103464787819285	0.01
0.890972623	0.103464787819285	0.01
0.891093459	0.102879170050711	0.01
0.89119957	0.102879170050711	0.01
0.891214328	0.102879170050711	0.01
0.891244043	0.102879170050711	0.01
0.891246709	0.102879170050711	0.01
0.89133523	0.102879170050711	0.01
0.891382479	0.102879170050711	0.01
0.891456164	0.102879170050711	0.01
0.89149835	0.102879170050711	0.01
0.891521465	0.102588840128316	0.01
0.891562417	0.102588840128316	0.01
0.891577132	0.101727599720241	0.01
0.891686849	0.101727599720241	0.01
0.891698132	0.101727599720241	0.01
0.891793338	0.101727599720241	0.01
0.891881522	0.101727599720241	0.01
0.89216782	0.101443724027172	0.01
0.892182462	0.101443724027172	0.01
0.892215798	0.101443724027172	0.01
0.892245091	0.102013068642451	0.01
0.89229733	0.102013068642451	0.01
0.892546055	0.102879170050711	0.01
0.89273031	0.102879170050711	0.01
0.892924751	0.102300144244349	0.01
0.892951888	0.102300144244349	0.01
0.89308003	0.102300144244349	0.01
0.893142511	0.102300144244349	0.01
0.893172464	0.101727599720241	0.01
0.893313967	0.101727599720241	0.01
0.893320622	0.101727599720241	0.01
0.893395592	0.101727599720241	0.01
0.89420355	0.102013068642451	0.01
0.89422449	0.101727599720241	0.01
0.894232534	0.101727599720241	0.01
0.894332391	0.102300144244349	0.01
0.894482721	0.102300144244349	0.01
0.894511483	0.102013068642451	0.01
0.894690708	0.102013068642451	0.01
0.894906463	0.102013068642451	0.01
0.895081202	0.102300144244349	0.01
0.89539422	0.102013068642451	0.01
0.895524497	0.102013068642451	0.01
0.895638516	0.102013068642451	0.01
0.895840307	0.102588840128316	0.01
0.896928207	0.101727599720241	0.01
0.897131294	0.101161428262415	0.01
0.897197773	0.100047783594777	0.01
0.897282137	0.098422543481918	0.01
0.897316929	0.0973680707186199	0.01
0.898455429	0.0863412135993995	0.01
0.898485328	0.0863412135993995	0.01
0.89889623	0.0852642218192506	0.01
0.898920463	0.0852642218192506	0.01
0.899413875	0.08944205221419	0.01
0.900031532	0.0881818221401991	0.01
0.900113547	0.0885382494482911	0.01
0.900274359	0.0888975697789809	0.01
0.901007608	0.0736306004751781	0.01
0.90151373	0.0655964378744964	0.01
0.901568195	0.0663749439506051	0.01
0.902162268	0.0644550446199269	0.01
0.902919093	0.0502557446075894	0.01
0.903166806	0.0469609889030894	0.01
0.904220945	0.0397795265739246	0.01
0.904508173	0.0404703796785408	0.01
0.905345526	0.0406468587052409	0.01
0.906210372	0.0415528555809535	0.01
0.906922556	0.0406468587052409	0.01
0.906983581	0.0410044748117664	0.01
0.907060652	0.0410044748117664	0.01
0.907185931	0.041368439475445	0.01
0.907198748	0.0415528555809535	0.01
0.907298438	0.0373862566373923	0.01
0.907311244	0.0373862566373923	0.01
0.907324045	0.0377224805093556	0.01
0.907336843	0.0377224805093556	0.01
0.907336844	0.0377224805093556	0.01
0.907436592	0.0377224805093556	0.01
0.907449378	0.0377224805093556	0.01
0.90746216	0.0377224805093556	0.01
0.907536422	0.0377224805093556	0.01
0.907574745	0.0377224805093556	0.01
0.907587512	0.0377224805093556	0.01
0.907700146	0.0377224805093556	0.01
0.907712898	0.0377224805093556	0.01
0.907951053	0.0377224805093556	0.01
0.907963773	0.0375536160211651	0.01
0.907963774	0.0375536160211651	0.01
0.908076559	0.0375536160211651	0.01
0.908089263	0.0375536160211651	0.01
0.908089264	0.0375536160211651	0.01
0.908151307	0.0375536160211651	0.01
0.90817671	0.0375536160211651	0.01
0.908189407	0.0375536160211651	0.01
0.908202099	0.0375536160211651	0.01
0.908214789	0.0375536160211651	0.01
0.908566283	0.0375536160211651	0.01
0.908578929	0.0375536160211651	0.01
0.908729307	0.0375536160211651	0.01
0.908816452	0.0375536160211651	0.01
0.908956071	0.0380648067506632	0.01
0.909195105	0.0375536160211651	0.01
0.909270732	0.0375536160211651	0.01
0.909346075	0.0375536160211651	0.01
0.90938549	0.0375536160211651	0.01
0.909409249	0.0375536160211651	0.01
0.909620416	0.0377224805093556	0.01
0.909642167	0.0377224805093556	0.01
0.909838426	0.0377224805093556	0.01
0.909896599	0.0377224805093556	0.01
0.909914657	0.0377224805093556	0.01
0.909925885	0.0377224805093556	0.01
0.910014581	0.0375536160211651	0.01
0.910204731	0.0380648067506632	0.01
0.910267	0.0380648067506632	0.01
0.910467776	0.0382383104134798	0.01
0.910628128	0.0382383104134798	0.01
0.911049792	0.038590106489486	0.01
0.91113001	0.038590106489486	0.01
0.911404622	0.038590106489486	0.01
0.911518912	0.038768443163233	0.01
0.911632099	0.0393134820023161	0.01
0.911776598	0.0393134820023161	0.01
0.912015459	0.0393134820023161	0.01
0.912488931	0.038768443163233	0.01
0.912630246	0.038590106489486	0.01
0.912707801	0.038590106489486	0.01
0.912776305	0.0382383104134798	0.01
0.912811242	0.0382383104134798	0.01
0.913006436	0.038590106489486	0.01
0.913244462	0.0389484357861517	0.01
0.913751419	0.0389484357861517	0.01
0.914018042	0.0389484357861517	0.01
0.914870556	0.0428912892359321	0.01
0.914968567	0.0428912892359321	0.01
0.914983658	0.0428912892359321	0.01
0.915269563	0.0428912892359321	0.01
0.915559183	0.0428912892359321	0.01
0.916024822	0.0428912892359321	0.01
0.916208994	0.0426948296524468	0.01
0.916912552	0.0428912892359321	0.01
0.917248255	0.0460712297640152	0.01
0.917957453	0.0555187366141725	0.01
0.918456927	0.0400123793365272	0.02
0.918483627	0.0400123793365272	0.02
0.918837351	0.0401691349147831	0.02
0.919120121	0.0408086351196789	0.02
0.920002472	0.040971704435442	0.02
0.922071236	0.0426770588959717	0.02
0.922504312	0.0428554349438968	0.02
0.922763582	0.0428554349438968	0.02
0.924160807	0.043584103730064	0.02
0.924412009	0.0437701591790467	0.02
0.924507726	0.0437701591790467	0.02
0.925553967	0.0441470766079533	0.02
0.926193857	0.0441470766079533	0.02
0.929379518	0.0561558312744558	0.02
0.93064775	0.0375230756841605	0.03
0.93220206	0.0383654916632302	0.03
0.933174706	0.0389484357861517	0.03
0.934071327	0.0389484357861517	0.03
0.93534835	0.0392466018581346	0.03
0.938446291	0.0339790957464954	0.03
0.938770844	0.0352646187225917	0.03
0.948845214	0.0331729139028438	0.04
0.951999424	0.0142455815899676	0.04
0.953473419	0.0155529056191548	0.04
0.954119877	0.016089841122269	0.04
0.955603107	0.0168154962809257	0.04
0.955985355	0.0168154962809257	0.04
0.956018846	0.0168154962809257	0.04
0.956296714	0.0171244222738578	0.04
0.956549025	0.0171244222738578	0.04
0.956766863	0.0171244222738578	0.04
0.957016096	0.0179487879429665	0.04
0.957077957	0.0179487879429665	0.04
0.958321379	0.0183011940168156	0.04
0.959642592	0.0181821977380848	0.05
0.959857154	0.0183011940168156	0.05
0.960039043	0.0191798741282439	0.05
0.960911853	0.0200030661503155	0.05
0.964458654	0.016089841122269	0.05
0.966653906	0.0171244222738578	0.05
0.966980911	0.0179487879429665	0.05
0.966980912	0.0179487879429665	0.05
0.966986309	0.0179487879429665	0.05
0.967139043	0.0179487879429665	0.05
0.967297223	0.0181232780129574	0.05
0.967297226	0.0181232780129574	0.05
0.967302572	0.0181232780129574	0.05
0.967460779	0.0181232780129574	0.05
0.96746078	0.0181232780129574	0.05
0.967608447	0.0181232780129574	0.05
0.96761904	0.0181232780129574	0.05
0.967772081	0.0181232780129574	0.05
0.968088909	0.0183011940168156	0.05
0.968237002	0.0183011940168156	0.05
0.969035555	0.0314917850851222	0.06
0.970292984	0.0231973478935711	0.06
0.973766743	0.0191798741282439	0.06
0.974203145	0.0193123351562074	0.06
0.97801719	0.0210574735718116	0.06
0.978183481	0.0210574735718116	0.06
0.981915796	0.0181232780129574	0.05
0.985118954	0.00923510372088852	0.05
1.019804062	0.0383081555630899	0.07
1.022530753	0.0386256424462238	0.07
1.023898132	0.0392766697417378	0.07
1.027042278	0.0441090929994022	0.07
1.028094642	0.0449601221466824	0.07
1.029078227	0.0463000741828081	0.07
1.029637844	0.0463000741828081	0.07
1.029659545	0.0467646517337387	0.07
1.030020301	0.0383081555630899	0.08
1.030392053	0.0383081555630899	0.08
1.030397618	0.0383081555630899	0.08
1.030958443	0.0383081555630899	0.08
1.031531241	0.0383081555630899	0.08
1.031720423	0.0383081555630899	0.08
1.0327094	0.0386256424462238	0.08
1.033463082	0.0379958453528478	0.08
1.034014818	0.0386256424462238	0.08
1.035677928	0.0463768616994095	0.08
1.036124234	0.0479679341121333	0.08
1.038905957	0.0529649388080183	0.08
1.039046839	0.0529649388080183	0.08
1.043349328	0.0550503222188656	0.08
1.044012776	0.0550503222188656	0.08
1.048661279	0.0519803937014221	0.09
1.054783865	0.0545137312523907	0.09
1.057424783	0.0505703443502084	0.1
1.058571278	0.0519803937014221	0.1
1.068168044	0.0505703443502084	0.11
1.068277144	0.0505703443502084	0.11
1.06860264	0.0519803937014221	0.11
1.068892568	0.0519803937014221	0.11
1.070020858	0.0529649388080183	0.11
1.076612069	0.0545137312523907	0.11
1.088407982	0.0528220122434547	0.13
1.113082372	0.0630267162162007	0.14
1.113233383	0.0630267162162007	0.14
1.11414031	0.0642683182196129	0.14
1.115076799	0.0649076460171713	0.14
1.133988353	0.0630267162162007	0.15
1.134317617	0.0630267162162007	0.15
1.187305519	0.0983499226194413	0.15
1.187446683	0.0983499226194413	0.15
1.18762744	0.0974155108861586	0.15
1.192075895	0.0983499226194413	0.15
1.208724051	0.102273979714045	0.15
1.209751115	0.102273979714045	0.15
1.209825949	0.102273979714045	0.15
1.210085375	0.102273979714045	0.15
1.210771389	0.102273979714045	0.15
1.212614931	0.121599951830204	0.15
1.225416562	0.102273979714045	0.14
1.226416878	0.100273575320439	0.14
1.226767373	0.100273575320439	0.14
1.243346642	0.0974155108861586	0.13
1.246668032	0.0893508424387148	0.13
1.248955951	0.0964986875326136	0.13
1.252855937	0.0910973202909043	0.12
1.268447511	0.0983499226194413	0.11
1.270060331	0.0974155108861586	0.11
1.270604589	0.0929134335979615	0.1
1.275739262	0.0910973202909043	0.1
1.278899002	0.0983499226194413	0.1
1.289511656	0.127875586769874	0.1
1.293113698	0.129141059474573	0.1
1.302603198	0.129141059474573	0.1
1.325958837	0.130431829070885	0.11
1.33510162	0.12663467450919	0.11
1.335508208	0.130431829070885	0.11
1.335711503	0.130431829070885	0.11
1.335892556	0.130431829070885	0.11
1.336051433	0.130431829070885	0.11
1.33638917	0.130431829070885	0.11
1.336413828	0.130431829070885	0.11
1.336595099	0.115432988956686	0.12
1.336665633	0.115432988956686	0.12
1.337117106	0.115432988956686	0.12
1.337161305	0.115432988956686	0.12
1.337529375	0.115432988956686	0.12
1.338686534	0.113426325246743	0.12
1.342368518	0.127875586769874	0.11
1.343443085	0.127875586769874	0.11
1.350085516	0.120774652631069	0.11
1.360981621	0.129141059474573	0.1
1.36116959	0.129141059474573	0.1
1.361338457	0.129141059474573	0.1
1.361545683	0.129141059474573	0.1
1.362110213	0.129141059474573	0.1
1.362279458	0.129141059474573	0.1
1.365659238	0.129141059474573	0.1
1.368077892	0.129141059474573	0.1
1.369020462	0.130431829070885	0.1
1.369707356	0.130431829070885	0.1
1.370127164	0.13174866174695	0.1
1.373967278	0.129141059474573	0.11
1.377139612	0.130693085501489	0.11
1.377544294	0.130693085501489	0.11
1.379222918	0.130693085501489	0.11
1.384187356	0.131926251117622	0.11
1.38563755	0.131926251117622	0.11
1.418305639	0.141256087067305	0.09
1.430594094	0.120551511694762	0.1
1.434752614	0.120551511694762	0.1
1.436494579	0.120551511694762	0.11
1.440102642	0.120551511694762	0.11
1.448119954	0.114621863205201	0.12
1.450462129	0.112772851772181	0.12
1.450928234	0.112772851772181	0.12
1.454003033	0.112772851772181	0.12
1.454856842	0.112772851772181	0.12
1.45657643	0.109462021857679	0.12
1.457818346	0.112772851772181	0.13
1.484067531	0.110108543879941	0.15
1.484117024	0.110108543879941	0.15
1.485393153	0.110982547604647	0.15
1.485917469	0.100601524050698	0.15
1.488337206	0.110108543879941	0.16
1.494140559	0.109248198407733	0.16
1.502972103	0.109248198407733	0.17
1.506038743	0.0997047807719862	0.17
1.511734415	0.109248198407733	0.18
1.512194724	0.109248198407733	0.18
1.512403577	0.109248198407733	0.18
1.512821455	0.109248198407733	0.18
1.513239565	0.109248198407733	0.18
1.515375804	0.110108543879941	0.18
1.516740221	0.0902156296719742	0.18
1.517647523	0.0938489181354564	0.18
1.519065464	0.109248198407733	0.19
1.558319819	0.0938489181354564	0.21
1.55916507	0.0919964147846831	0.21
1.56916589	0.0993024337586172	0.21
1.595407686	0.167864356873313	0.19
1.595579044	0.167864356873313	0.19
1.652341299	0.219079783014139	0.14
1.730827961	0.267811251988257	0.06
1.75282717	0.265351914192873	0.04
1.758275756	0.272869272520347	0.03
1.768990518	0.272869272520347	0.02
1.77492366	0.265351914192873	0.02
1.777374698	0.292183412257851	0.01
1.778615293	0.286391619714304	0.01
1.780627841	0.286391619714304	0.01
1.780657571	0.286391619714304	0.01
1.780657572	0.286391619714304	0.01
1.780839524	0.286391619714304	0.01
1.780928629	0.286391619714304	0.01
1.78092863	0.286391619714304	0.01
1.781081012	0.286391619714304	0.01
1.781140367	0.286391619714304	0.01
1.781170031	0.286391619714304	0.01
1.781170032	0.286391619714304	0.01
1.781411498	0.286391619714304	0.01
1.781411499	0.286391619714304	0.01
1.781623424	0.286391619714304	0.01
1.781653031	0.286391619714304	0.01
1.781835463	0.286391619714304	0.01
1.781894629	0.286391619714304	0.01
1.782378022	0.283580984065433	0.01
1.782531315	0.283580984065433	0.01
1.782619816	0.283580984065433	0.01
1.783044725	0.283580984065433	0.01
1.783103602	0.283580984065433	0.01
1.783286774	0.283580984065433	0.01
1.783345594	0.283580984065433	0.01
1.784013316	0.283580984065433	0.01
1.784314217	0.283580984065433	0.01
1.784506241	0.283580984065433	0.01
1.784933025	0.280824979199027	0.01
1.785009515	0.280824979199027	0.01
1.785988286	0.275470612086132	0.01
1.786357195	0.275470612086132	0.01
1.787927091	0.26143069813625	0.01
1.788266632	0.26143069813625	0.01
1.788780487	0.26389787368474	0.01
1.789358594	0.26389787368474	0.01
1.79204453	0.277717021986727	0.02
1.794856772	0.23365693065472	0.02
1.795172249	0.218040672853185	0.02
1.795643534	0.206974314189247	0.02
1.796645824	0.201851953115592	0.02
1.796696941	0.201851953115592	0.02
1.809599251	0.176705757936413	0.03
1.813215031	0.104355822768889	0.03
1.813240824	0.104355822768889	0.03
1.813716026	0.0893508424387148	0.03
1.814345569	0.0827413396941555	0.03
1.814596154	0.0742302923767091	0.03
1.814621756	0.0742302923767091	0.03
1.814621757	0.0742302923767091	0.03
1.814872379	0.0742302923767091	0.03
1.815123071	0.177025371904369	0.04
1.815169565	0.177025371904369	0.04
1.815288509	0.177025371904369	0.04
1.815322808	0.177025371904369	0.04
1.815373832	0.177025371904369	0.04
1.815624663	0.177025371904369	0.04
1.815875562	0.177025371904369	0.04
1.816374833	0.177025371904369	0.04
1.81637757	0.177025371904369	0.04
1.816628678	0.177025371904369	0.04
1.817382419	0.172958501659255	0.04
1.818363245	0.172958501659255	0.04
1.819395454	0.173880336621636	0.04
1.819410514	0.173880336621636	0.04
1.81989941	0.173880336621636	0.04
1.820606159	0.173880336621636	0.04
1.822065256	0.103527928249979	0.04
1.823267442	0.101514544315135	0.04
1.823345161	0.0860513644373719	0.04
1.824280416	0.087670070319147	0.04
1.824759677	0.0727812878271988	0.04
1.824985083	0.0734986491196531	0.04
1.828939845	0.168492155357163	0.05
1.829051906	0.168492155357163	0.05
1.829613575	0.168492155357163	0.05
1.836263396	0.0458446364084142	0.05
1.83758722	0.0467646517337387	0.05
1.837659261	0.0467646517337387	0.05
1.842215909	0.0995779779749406	0.06
1.844053766	0.0837323620716796	0.06
1.846490238	0.0467646517337387	0.06
1.860668056	0.154827872709624	0.08
1.872927722	0.0453980713233637	0.07
1.876458705	0.0449601221466824	0.07
1.877534086	0.0449601221466824	0.07
1.917919203	0.0432896828177696	0.11
1.919145255	0.0432896828177696	0.11
1.932723098	0.0247911888025006	0.12
1.933588634	0.0254685661698853	0.12
1.93486401	0.0389484357861517	0.13
1.937910579	0.0389484357861517	0.13
1.938309591	0.0389484357861517	0.13
1.938319698	0.0389484357861517	0.13
1.939501786	0.0389484357861517	0.13
1.940502926	0.0237388986597239	0.13
1.945075766	0.0376885862296638	0.14
1.95745413	0.0376885862296638	0.15
1.959079535	0.0376885862296638	0.15
1.961031557	0.0229592727501236	0.15
2.03833515	0.0561558312744558	0.23
2.039242563	0.0561558312744558	0.23
2.045755957	0.0453980713233637	0.23
2.057190684	0.0449601221466824	0.24
2.058434493	0.0458446364084142	0.24
2.060706206	0.041953622991125	0.25
2.077653506	0.0453980713233637	0.26
2.07768814	0.0453980713233637	0.26
2.079378601	0.0458446364084142	0.26
2.080200147	0.041953622991125	0.27
2.112854786	0.0411596724856798	0.3
2.114638141	0.035944559673203	0.3
2.116340052	0.0425001615929562	0.3
2.117539144	0.0436955467046361	0.3
2.119081815	0.0441090929994022	0.3
2.122322709	0.0409016582789687	0.31
2.130868897	0.0467646517337387	0.31
2.175983465	0.0421161029098088	0.36
2.22342495	0.0414209625468269	0.41
2.225736601	0.0399500191352019	0.41
2.22607531	0.0402954264872377	0.41
2.226678687	0.041368439475445	0.41
2.244892022	0.0453980713233637	0.42
2.268175967	0.104355822768889	0.41
2.273953022	0.105937189890178	0.4
2.279085054	0.108929024969452	0.4
2.283420782	0.108401193509371	0.39
2.36737444	0.138201823023397	0.31
2.396315913	0.150776561666105	0.28
2.416816988	0.178153183829029	0.29
2.57811595	0.135687094197195	0.15
2.634889835	0.149267496704405	0.09
2.64482266	0.149267496704405	0.08
2.65353762	0.150776561666105	0.07
2.671148642	0.134463738986996	0.06
2.671193179	0.134463738986996	0.06
2.671237545	0.134463738986996	0.06
2.671237705	0.134463738986996	0.06
2.671599646	0.134463738986996	0.06
2.671872794	0.134463738986996	0.06
2.671961685	0.134463738986996	0.06
2.672323822	0.134463738986996	0.06
2.672686057	0.150776561666105	0.05
2.674498542	0.150776561666105	0.05
2.674817434	0.150776561666105	0.05
2.67498819	0.150776561666105	0.05
2.675753192	0.147788339713786	0.05
2.675906626	0.143521682120519	0.05
2.679543675	0.134463738986996	0.05
2.68050645	0.134463738986996	0.05
2.681604422	0.134463738986996	0.05
2.690995907	0.1408115244222	0.04
2.692790444	0.1408115244222	0.04
2.697875326	0.150776561666105	0.03
2.700424629	0.144916262306742	0.03
2.703341222	0.148307035960083	0.04
2.714352711	0.146931861970702	0.05
2.720992773	0.142955213985394	0.05
2.721339166	0.142955213985394	0.06
2.721714851	0.142955213985394	0.06
2.721753239	0.142955213985394	0.06
2.722090639	0.142955213985394	0.06
2.72212898	0.142955213985394	0.06
2.722504826	0.142955213985394	0.06
2.725138453	0.141677070881219	0.06
2.725892101	0.141677070881219	0.06
2.727362573	0.141677070881219	0.06
2.728042156	0.141677070881219	0.06
2.728457177	0.141677070881219	0.06
2.733911556	0.141677070881219	0.07
2.734951629	0.141677070881219	0.07
2.744776734	0.14042158064775	0.08
2.767264537	0.13797619184579	0.1
2.784781798	0.134463738986996	0.12
2.814579483	0.134463738986996	0.15
2.857457722	0.133332327572493	0.19
2.884109016	0.131125679276302	0.22
2.901070252	0.137776248400808	0.23
3.017087015	0.133394684023581	0.35
3.091199805	0.123343119939676	0.42
3.116410384	0.138458432108081	0.45
3.153761559	0.0819332325210716	0.48
3.190582361	0.124579498899961	0.52
3.194633906	0.0819332325210716	0.52
3.557717034	0.0938489181354564	0.880000000000001
3.560201153	0.143062767668818	0.890000000000001
3.561648443	0.114621863205201	0.890000000000001
3.562131134	0.140881532397364	0.890000000000001
3.566965252	0.103304413716306	0.880000000000001
3.567214517	0.103304413716306	0.880000000000001
3.575584373	0.102444288794936	0.880000000000001
3.62901857	0.0971079735154068	0.910000000000001
3.62939674	0.0971079735154068	0.910000000000001
3.630972932	0.0971079735154068	0.910000000000001
3.631023885	0.0979584145871162	0.910000000000001
3.639968026	0.0971079735154068	0.920000000000001
3.778072999	0.0954506347266078	1.06
3.82876748	0.100880699272786	1.11
3.963711323	0.098422543481918	1.25
4.442577106	0.176466803818815	1.72
4.445571488	0.179872106128325	1.72
4.452121847	0.168492155357163	1.73
4.45272527	0.176466803818815	1.73
4.453328856	0.176466803818815	1.73
4.453932605	0.176466803818815	1.73
4.464002998	0.176466803818815	1.74
4.475601202	0.179872106128325	1.75
4.480518943	0.143798446731238	1.76
4.492707945	0.173188042842664	1.77
4.536342962	0.181624521852827	1.81
4.537444354	0.187092813668684	1.81
4.537596069	0.187092813668684	1.81
4.773228095	0.173188042842664	2.05
4.848628454	0.143798446731238	2.13
4.895921957	0.181624521852827	2.17
5.341769851	0.214124034583963	2.44999999999999
5.342582978	0.214124034583963	2.44999999999999
5.343129076	0.214124034583963	2.44999999999999
5.343307119	0.214124034583963	2.44999999999999
6.232084175	0.229748912834893	2.66999999999999
6.234722781	0.233343575692089	2.66999999999999
7	0.304901023075398	3.22999999999998
