thrs	post_p	finalwindow
0	0.132701259730101	0.23
0.03256001	0.132701259730101	0.2
0.070216248	0.132701259730101	0.16
0.089689176	0.129492441685854	0.15
0.093809574	0.120734111936903	0.15
0.098963073	0.120734111936903	0.15
0.103967892	0.120734111936903	0.14
0.106977596	0.114292236013983	0.15
0.113424721	0.113085480733504	0.15
0.115659216	0.111903942267313	0.15
0.123778241	0.111903942267313	0.14
0.127695348	0.111903942267313	0.15
0.130460633	0.111903942267313	0.15
0.14705261	0.0902226794775664	0.15
0.148427326	0.118072142520272	0.15
0.155752372	0.119536342948431	0.15
0.161204767	0.118946326511064	0.14
0.172569069	0.105648853576306	0.13
0.178113806	0.119009263815424	0.12
0.178140913	0.119009263815424	0.12
0.178189211	0.119009263815424	0.12
0.178358463	0.119009263815424	0.12
0.181430774	0.11983355164454	0.12
0.181486006	0.11983355164454	0.12
0.181486035	0.11983355164454	0.12
0.181824923	0.11983355164454	0.12
0.191788381	0.121648310309515	0.11
0.194681585	0.122576458928621	0.11
0.205298456	0.125775246230853	0.1
0.206482242	0.124959999033939	0.1
0.222049977	0.107235537460099	0.08
0.222622275	0.0932333213119357	0.08
0.22265244	0.0932333213119357	0.08
0.222656148	0.0932333213119357	0.08
0.222686318	0.0932333213119357	0.08
0.222697977	0.0919000114218811	0.08
0.222812147	0.105599251259381	0.08
0.226694446	0.109240750276527	0.08
0.226728961	0.109240750276527	0.08
0.226867021	0.109240750276527	0.08
0.226923294	0.109240750276527	0.08
0.226929675	0.109240750276527	0.08
0.226957829	0.109240750276527	0.08
0.226982815	0.109240750276527	0.08
0.227081991	0.109988638806153	0.08
0.227177477	0.109988638806153	0.08
0.227432153	0.0633585716768843	0.07
0.237068117	0.107107871103651	0.07
0.241897099	0.104860766627999	0.07
0.242875367	0.0805699148668905	0.06
0.242941212	0.0805699148668905	0.06
0.249436037	0.0761164058266662	0.06
0.256650521	0.0833568529920884	0.05
0.259750174	0.0812490312644583	0.05
0.263775407	0.0812490312644583	0.05
0.295749179	0.0835374521265467	0.06
0.296044019	0.0835374521265467	0.06
0.296834617	0.0741405246426073	0.06
0.296839561	0.0741405246426073	0.06
0.296839653	0.0741405246426073	0.06
0.296874128	0.0741405246426073	0.06
0.296879772	0.0741405246426073	0.06
0.296960227	0.0741405246426073	0.06
0.297161557	0.0747876541588949	0.06
0.29723727	0.0747876541588949	0.06
0.297242165	0.0747876541588949	0.06
0.298033592	0.0747876541588949	0.06
0.298062423	0.0747876541588949	0.06
0.29855614	0.0747876541588949	0.06
0.298682719	0.0747876541588949	0.06
0.299120783	0.0747876541588949	0.06
0.29926506	0.0747876541588949	0.06
0.299931082	0.0747876541588949	0.06
0.300128238	0.0747876541588949	0.06
0.302397905	0.0754461799812077	0.06
0.302406093	0.0754461799812077	0.06
0.30240618	0.0754461799812077	0.06
0.302443572	0.0754461799812077	0.06
0.302452098	0.0754461799812077	0.06
0.302493847	0.0754461799812077	0.06
0.302531356	0.0754461799812077	0.06
0.302535608	0.0754461799812077	0.06
0.302694303	0.0754461799812077	0.06
0.302757814	0.0754461799812077	0.06
0.302844832	0.0754461799812077	0.06
0.303998368	0.0774932273929722	0.06
0.305094409	0.0774932273929722	0.06
0.306464617	0.0819396933992145	0.05
0.308759935	0.0827308592114332	0.05
0.319078068	0.0843599278114456	0.04
0.320217262	0.0843599278114456	0.04
0.322066605	0.0835374521265467	0.04
0.322435043	0.0835374521265467	0.04
0.322777267	0.0835374521265467	0.04
0.323097253	0.0835374521265467	0.04
0.327195424	0.0819396933992145	0.04
0.330254195	0.0811635162882934	0.04
0.334029253	0.0811635162882934	0.04
0.338071632	0.0754461799812077	0.05
0.343625259	0.0716602509112912	0.05
0.345554528	0.0704813209685279	0.05
0.351815198	0.0693405538879397	0.06
0.356200611	0.0704813209685279	0.06
0.356206548	0.0704813209685279	0.06
0.356351443	0.0704813209685279	0.06
0.356437896	0.0704813209685279	0.06
0.356490553	0.0704813209685279	0.06
0.357086112	0.0827308592114332	0.06
0.360733393	0.064149160643341	0.07
0.363236679	0.064149160643341	0.07
0.366130409	0.0666439110469946	0.07
0.367663989	0.0796544560752591	0.07
0.382008897	0.0495240640943445	0.07
0.386863037	0.0508298075789529	0.06
0.386909127	0.0508298075789529	0.06
0.387745392	0.0490827615456706	0.06
0.389222512	0.0469319932831192	0.06
0.389299853	0.0469319932831192	0.06
0.389825341	0.0524905566370694	0.06
0.395214438	0.0506114490388487	0.06
0.398731854	0.0505300474858579	0.05
0.411578949	0.0615383802135196	0.04
0.412388288	0.0607625526813872	0.04
0.415772448	0.0520652778232004	0.03
0.418471182	0.060524102582349	0.03
0.419019267	0.0592681404153199	0.03
0.428769674	0.064149160643341	0.02
0.438815006	0.0687839069941605	0.01
0.440249622	0.0749329978375325	0.01
0.440316292	0.0749329978375325	0.01
0.441750067	0.0737858242039454	0.01
0.444236336	0.0642453591606134	0.01
0.444499874	0.060954669823963	0.01
0.445049535	0.0595979385302669	0.01
0.445117302	0.0651693365717872	0.01
0.445156208	0.0651693365717872	0.01
0.445185067	0.0651693365717872	0.01
0.445185068	0.0651693365717872	0.01
0.445245414	0.0651693365717872	0.01
0.44525283	0.0651693365717872	0.01
0.445252832	0.0651693365717872	0.01
0.445252833	0.0651693365717872	0.01
0.445252835	0.0651693365717872	0.01
0.445305777	0.0651693365717872	0.01
0.44531318	0.0651693365717872	0.01
0.445313187	0.0651693365717872	0.01
0.445313188	0.0651693365717872	0.01
0.44531319	0.0651693365717872	0.01
0.445373562	0.0651693365717872	0.01
0.445419149	0.0651693365717872	0.01
0.445479567	0.0648108327035412	0.01
0.445494353	0.0648108327035412	0.01
0.445540001	0.0648108327035412	0.01
0.445554774	0.0644562515961456	0.01
0.445615211	0.0644562515961456	0.01
0.445653547	0.0644562515961456	0.01
0.445736134	0.0637586029135406	0.01
0.445849774	0.0797603826448824	0.01
0.445857123	0.0797603826448824	0.01
0.445970843	0.0797603826448824	0.01
0.445978177	0.0797603826448824	0.01
0.446038729	0.0797603826448824	0.01
0.446319857	0.0789207754289048	0.01
0.446341735	0.0789207754289048	0.01
0.446394864	0.0789207754289048	0.01
0.446395102	0.0789207754289048	0.01
0.446455777	0.0789207754289048	0.01
0.44656991	0.0789207754289048	0.01
0.446772341	0.0789207754289048	0.01
0.446967543	0.0785075657842447	0.01
0.447158639	0.0785075657842447	0.01
0.447533088	0.0785075657842447	0.01
0.447649603	0.0780986605296964	0.01
0.447928306	0.0776939927557398	0.01
0.448701687	0.0873706842492523	0.01
0.448791313	0.0873706842492523	0.01
0.449051315	0.0882707792308188	0.01
0.449552291	0.0878184254196492	0.01
0.451750007	0.0882707792308188	0.01
0.453607731	0.0832129349419809	0.01
0.453670383	0.0832129349419809	0.01
0.45367678	0.0832129349419809	0.01
0.453782962	0.0832129349419809	0.01
0.453789353	0.0832129349419809	0.01
0.453802119	0.0832129349419809	0.01
0.453864805	0.0832129349419809	0.01
0.453864814	0.0832129349419809	0.01
0.453927527	0.0832129349419809	0.01
0.454053004	0.0832129349419809	0.01
0.454131662	0.0832129349419809	0.01
0.454159539	0.0832129349419809	0.01
0.454172215	0.0832129349419809	0.01
0.454228692	0.0832129349419809	0.01
0.454266222	0.0840839756339568	0.01
0.454278877	0.0840839756339568	0.01
0.454291524	0.0840839756339568	0.01
0.454297847	0.0840839756339568	0.01
0.454379121	0.0840839756339568	0.01
0.454423548	0.0840839756339568	0.01
0.454543029	0.0849734446580469	0.01
0.454618511	0.0849734446580469	0.01
0.455078808	0.0868100575583157	0.01
0.455439212	0.0909891597923112	0.01
0.455550168	0.0985220424186838	0.01
0.455665947	0.102285644622953	0.01
0.455755613	0.105302612721861	0.01
0.456133439	0.0851987600567004	0.02
0.456159276	0.0851987600567004	0.02
0.456880284	0.0851987600567004	0.02
0.45760535	0.0839466754460402	0.02
0.457901934	0.0839466754460402	0.02
0.458022431	0.0839466754460402	0.02
0.458619789	0.0827308592114332	0.02
0.459124851	0.0835374521265467	0.02
0.460382332	0.0823333757124962	0.02
0.472596627	0.0726732458484749	0.03
0.473676694	0.0726732458484749	0.03
0.474072423	0.0726732458484749	0.03
0.47699163	0.0767986463014026	0.03
0.477096915	0.0767986463014026	0.03
0.478409458	0.0819396933992145	0.03
0.478419311	0.0819396933992145	0.03
0.479732593	0.0713618363650496	0.04
0.479936634	0.0713618363650496	0.04
0.483511101	0.0677683917777378	0.04
0.483671852	0.0677683917777378	0.04
0.484225862	0.0677683917777378	0.04
0.485802156	0.073504498137171	0.04
0.485999254	0.0685393669118893	0.04
0.48628356	0.069030198302831	0.04
0.486776039	0.0661295575040267	0.04
0.490830832	0.0654797973786747	0.04
0.499369323	0.0907788311392094	0.05
0.511690912	0.0789207754289048	0.06
0.514553924	0.0732253091677617	0.07
0.51473946	0.0732253091677617	0.07
0.514742139	0.0732253091677617	0.07
0.514971335	0.0732253091677617	0.07
0.51502476	0.0732253091677617	0.07
0.51682809	0.0728229813227491	0.07
0.518492841	0.0771128151244849	0.07
0.518564452	0.0771128151244849	0.07
0.529143364	0.046423433635306	0.07
0.534226929	0.0523196141251498	0.06
0.534308248	0.0513168922236163	0.06
0.534380672	0.0513168922236163	0.06
0.536755919	0.0498828610819201	0.06
0.539174229	0.0508298075789529	0.06
0.544416783	0.0485267980660561	0.07
0.546060858	0.0592681404153199	0.06
0.55657045	0.0615383802135197	0.05
0.556645891	0.0615383802135197	0.05
0.556807604	0.0615383802135197	0.05
0.562444529	0.060954669823963	0.05
0.566766402	0.0592681404153199	0.06
0.568776608	0.0592681404153199	0.06
0.572491616	0.0592681404153199	0.06
0.574371638	0.0592681404153199	0.06
0.579525048	0.0633585716768843	0.06
0.586308239	0.0621333780771223	0.06
0.591193432	0.0603819287310148	0.06
0.593402747	0.0603819287310148	0.06
0.593573546	0.0603819287310148	0.06
0.593673806	0.0603819287310148	0.06
0.593673808	0.0603819287310148	0.06
0.593754277	0.0603819287310148	0.06
0.59375428	0.0603819287310148	0.06
0.593834769	0.0603819287310148	0.06
0.593915284	0.0603819287310148	0.06
0.594036974	0.0603819287310148	0.06
0.594237558	0.060954669823963	0.06
0.595015574	0.0320627732446671	0.06
0.596219211	0.0320627732446671	0.06
0.596894832	0.0581946971666233	0.07
0.597117526	0.0320627732446671	0.06
0.604905308	0.0302515407230655	0.07
0.60490531	0.0302515407230655	0.07
0.604988853	0.0302515407230655	0.07
0.605724938	0.0302515407230655	0.07
0.606404306	0.0302515407230655	0.07
0.606824709	0.0308321114527264	0.07
0.608524688	0.0308321114527264	0.07
0.608756287	0.0308321114527264	0.07
0.61827716	0.0288914699247281	0.07
0.630942519	0.0299693780224561	0.06
0.63624959	0.0305390670651449	0.06
0.636422142	0.0302515407230655	0.06
0.637260654	0.0302515407230655	0.06
0.637881775	0.0296924302666905	0.06
0.638075882	0.0296924302666905	0.06
0.641599528	0.0305390670651449	0.06
0.64559646	0.0305390670651449	0.06
0.646569798	0.0311308342737342	0.06
0.648110758	0.0311308342737342	0.06
0.65703705	0.0267284510258218	0.07
0.659386285	0.0265079431040695	0.07
0.667879261	0.0260776651400654	0.08
0.667879263	0.0260776651400654	0.08
0.678915807	0.0234169331491465	0.09
0.680410924	0.0234169331491465	0.09
0.680589305	0.0234169331491465	0.09
0.68060848	0.0234169331491465	0.09
0.680702493	0.0234169331491465	0.09
0.680786967	0.0234169331491465	0.09
0.689921535	0.0205687616404919	0.09
0.690723937	0.0205687616404919	0.09
0.692614054	0.0205687616404919	0.09
0.696262833	0.0196264686739268	0.1
0.697379755	0.0199928321021358	0.1
0.712354258	0.0194482763805307	0.11
0.7123899	0.0194482763805307	0.11
0.712401774	0.0194482763805307	0.11
0.713541741	0.0194482763805307	0.11
0.71365913	0.0194482763805307	0.11
0.714295462	0.0194482763805307	0.11
0.715653707	0.0182861155051757	0.12
0.725609694	0.0182861155051757	0.13
0.725979546	0.0182861155051757	0.13
0.726772429	0.0186037425020068	0.13
0.72717465	0.0192732906548691	0.13
0.742183791	0.017682324766618	0.14
0.744518666	0.0165869528687216	0.14
0.7500464	0.00842864566618719	0.14
0.75180067	0.0894011127622075	0.14
0.756100951	0.00955676662113626	0.13
0.756122282	0.00955676662113626	0.13
0.762884543	0.0906590793415047	0.13
0.763284143	0.0962844910627229	0.13
0.763387603	0.0953818931972346	0.13
0.7676628	0.0107027645360774	0.12
0.772093843	0.091959788575034	0.12
0.772264397	0.0955097982940723	0.12
0.778829055	0.0984778534618864	0.12
0.779184816	0.0980381343112057	0.12
0.786383987	0.100604268892163	0.11
0.797194853	0.104277374322318	0.1
0.817085993	0.109613418851856	0.08
0.828284953	0.113788762304355	0.07
0.861362559	0.104860766627999	0.03
0.861783488	0.112639491445976	0.03
0.866065884	0.117408387853925	0.03
0.867661243	0.117424890755778	0.03
0.874413626	0.121154336296257	0.02
0.875213305	0.118406842176142	0.02
0.877564409	0.117424890755778	0.02
0.87832845	0.116784696555032	0.02
0.882218863	0.110461291712868	0.01
0.88244613	0.11545177143941	0.01
0.882485476	0.11545177143941	0.01
0.883236842	0.120221329126073	0.01
0.884296127	0.123665155098794	0.01
0.885048106	0.121506764325756	0.01
0.885800269	0.120803946775524	0.01
0.887670141	0.120394820083061	0.01
0.888469193	0.120057429868366	0.01
0.888863234	0.117747627168547	0.01
0.889014569	0.11710391869418	0.01
0.889209764	0.11710391869418	0.01
0.889576687	0.11583738772586	0.01
0.889752182	0.11583738772586	0.01
0.889857915	0.11583738772586	0.01
0.890083013	0.11583738772586	0.01
0.890218543	0.115525024095623	0.01
0.890218544	0.115525024095623	0.01
0.890309475	0.114905323587627	0.01
0.890354074	0.114905323587627	0.01
0.890354075	0.114905323587627	0.01
0.890407894	0.114905323587627	0.01
0.890419078	0.114905323587627	0.01
0.890459913	0.114905323587627	0.01
0.890474761	0.114905323587627	0.01
0.890489605	0.114905323587627	0.01
0.890489606	0.114905323587627	0.01
0.890580647	0.114905323587627	0.01
0.890595481	0.114905323587627	0.01
0.89061031	0.114905323587627	0.01
0.890610311	0.114905323587627	0.01
0.890716233	0.114905323587627	0.01
0.890731048	0.114905323587627	0.01
0.890731049	0.114905323587627	0.01
0.890822213	0.114905323587627	0.01
0.890851819	0.114905323587627	0.01
0.890928251	0.114905323587627	0.01
0.890957836	0.114905323587627	0.01
0.890972622	0.114905323587627	0.01
0.890972623	0.114905323587627	0.01
0.891093459	0.114597959817438	0.01
0.891214328	0.114597959817438	0.01
0.891246709	0.114597959817438	0.01
0.891320486	0.114597959817438	0.01
0.89133523	0.114597959817438	0.01
0.891382479	0.114597959817438	0.01
0.891441435	0.114597959817438	0.01
0.891456164	0.114597959817438	0.01
0.89149835	0.114597959817438	0.01
0.891521465	0.114292236013983	0.01
0.891562417	0.114292236013983	0.01
0.891577132	0.1139881390869	0.01
0.891698132	0.1139881390869	0.01
0.891793338	0.1139881390869	0.01
0.892012117	0.113685656084777	0.01
0.892017347	0.113685656084777	0.01
0.89206133	0.113685656084777	0.01
0.892182462	0.113384774193313	0.01
0.892215798	0.113384774193313	0.01
0.892245091	0.1139881390869	0.01
0.892307805	0.113685656084777	0.01
0.89273031	0.114597959817438	0.01
0.892793389	0.114597959817438	0.01
0.892924751	0.116815763543905	0.01
0.892951888	0.116197547625964	0.01
0.893016766	0.116197547625964	0.01
0.89308003	0.116197547625964	0.01
0.893142511	0.116197547625964	0.01
0.893172464	0.115282396149029	0.01
0.893313967	0.115585840742682	0.01
0.893320622	0.115585840742682	0.01
0.894189143	0.115282396149029	0.01
0.89420355	0.115282396149029	0.01
0.894332391	0.115890886996816	0.01
0.894482721	0.115890886996816	0.01
0.894511483	0.114680261749126	0.01
0.894690708	0.114381547172714	0.01
0.895086463	0.115282396149029	0.01
0.895524497	0.114680261749126	0.01
0.89592425	0.11498054063449	0.01
0.896329745	0.112911016587169	0.01
0.896396617	0.112911016587169	0.01
0.896928207	0.112046708752715	0.01
0.89693811	0.112046708752715	0.01
0.897197773	0.11246348499934	0.01
0.897282137	0.109453392854714	0.01
0.89799116	0.0947961945941984	0.01
0.898155973	0.0936657071996234	0.01
0.898485328	0.0932948461539617	0.01
0.898662437	0.0927440285425992	0.01
0.898755243	0.0918403119328208	0.01
0.89889623	0.0916616779395905	0.01
0.898920463	0.0916616779395905	0.01
0.899310528	0.0904304359414666	0.01
0.899413875	0.0899128285222121	0.01
0.900113547	0.0895710362746251	0.01
0.900274359	0.0902572392373606	0.01
0.901007608	0.0700868581972022	0.01
0.90151373	0.0502791521270392	0.01
0.901568195	0.0506449204677777	0.01
0.901947653	0.0510160495542296	0.01
0.902162268	0.0517748683825145	0.01
0.902291602	0.045177317040161	0.01
0.902860993	0.0446635130002417	0.01
0.902919093	0.0446635130002417	0.01
0.902932441	0.0450047405457281	0.01
0.903166806	0.0409245057295494	0.01
0.904039961	0.0333957630282095	0.01
0.904508173	0.0257640132903269	0.01
0.904513058	0.0259722694180934	0.01
0.905345526	0.0258677222033504	0.01
0.905541598	0.0259722694180934	0.01
0.906154318	0.0259722694180934	0.01
0.906197141	0.0259722694180934	0.01
0.906210372	0.0257640132903269	0.01
0.906508268	0.0261839197411072	0.01
0.906786831	0.0261839197411072	0.01
0.906922556	0.0260776651400654	0.01
0.907060652	0.0263990479199185	0.01
0.90712089	0.0263990479199185	0.01
0.907185931	0.0263990479199185	0.01
0.907198748	0.0265079431040695	0.01
0.907311244	0.0221879788669579	0.01
0.907324045	0.0221879788669579	0.01
0.907336843	0.0221879788669579	0.01
0.907336844	0.0221879788669579	0.01
0.907449378	0.0221879788669579	0.01
0.90746216	0.0221879788669579	0.01
0.907536422	0.0221879788669579	0.01
0.9075492	0.0221879788669579	0.01
0.907574745	0.0221879788669579	0.01
0.907587512	0.0221879788669579	0.01
0.907700146	0.0221879788669579	0.01
0.907712898	0.0221879788669579	0.01
0.907951053	0.0221879788669579	0.01
0.907963773	0.0220056282917355	0.01
0.908076559	0.0220964273741168	0.01
0.908089263	0.0220964273741168	0.01
0.908089264	0.0220964273741168	0.01
0.908151307	0.0220964273741168	0.01
0.90817671	0.0221879788669579	0.01
0.908189407	0.0221879788669579	0.01
0.908202099	0.0221879788669579	0.01
0.908566283	0.0220056282917355	0.01
0.908578929	0.0220056282917355	0.01
0.908691978	0.0220964273741168	0.01
0.908729307	0.0220964273741168	0.01
0.908816452	0.0225618991415373	0.01
0.908830322	0.0224672425085671	0.01
0.908855181	0.0224672425085671	0.01
0.908956071	0.0226573567438917	0.01
0.909094444	0.0226573567438917	0.01
0.909183517	0.0225618991415373	0.01
0.909207673	0.0225618991415373	0.01
0.909270732	0.0225618991415373	0.01
0.909308419	0.0225618991415373	0.01
0.909346075	0.0227536255253402	0.01
0.90938549	0.0227536255253402	0.01
0.909434338	0.022948638339395	0.01
0.909620416	0.022948638339395	0.01
0.909838426	0.0227536255253402	0.01
0.909914657	0.0227536255253402	0.01
0.910051995	0.0227536255253402	0.01
0.910204731	0.0228507158698531	0.01
0.910628128	0.0230474036777551	0.01
0.911049792	0.0231470228144764	0.01
0.91113001	0.0231470228144764	0.01
0.911383512	0.022948638339395	0.01
0.911404622	0.022948638339395	0.01
0.911518912	0.0230474036777551	0.01
0.911632099	0.0231470228144764	0.01
0.911747931	0.0231470228144764	0.01
0.911776598	0.0231470228144764	0.01
0.912015459	0.0231470228144764	0.01
0.912488931	0.0231470228144764	0.01
0.912630246	0.0231470228144764	0.01
0.912707801	0.0231470228144764	0.01
0.912776305	0.0231470228144764	0.01
0.912811242	0.0231470228144764	0.01
0.912967277	0.0188492995646063	0.01
0.913006436	0.0188492995646063	0.01
0.913139907	0.0188492995646063	0.01
0.913751419	0.0189325988138767	0.01
0.914696902	0.0235542626659929	0.01
0.914870556	0.0235542626659929	0.01
0.914968567	0.0235542626659929	0.01
0.915559183	0.0237633038983943	0.01
0.916024822	0.0237633038983943	0.01
0.916208994	0.0243025084566373	0.01
0.916912552	0.024751816081983	0.01
0.917957453	0.0196264686739268	0.01
0.918238351	0.0281325867317209	0.02
0.918456927	0.0280274171048396	0.02
0.918483627	0.0280274171048396	0.02
0.918816837	0.0286705003418432	0.02
0.919120121	0.0288914699247281	0.02
0.919655338	0.0293437874210664	0.02
0.921364075	0.0298104929072021	0.02
0.921783065	0.030049457401173	0.02
0.922071236	0.030170382105693	0.02
0.922455062	0.0304151749480001	0.02
0.923268187	0.0266177403872879	0.02
0.923473233	0.0266177403872879	0.02
0.924160807	0.0266177403872879	0.02
0.924412009	0.0266177403872879	0.02
0.924507726	0.0266177403872879	0.02
0.924627878	0.0271806589234729	0.02
0.925553967	0.0275299854756063	0.02
0.933174706	0.0248667509335845	0.03
0.934071327	0.024963348517503	0.03
0.93534835	0.0254578167322575	0.03
0.938446291	0.0196865939562841	0.03
0.938770844	0.0207012811268297	0.03
0.942896738	0.0198079564893645	0.03
0.944027825	0.0203731333733437	0.03
0.947518522	0.0198079564893645	0.04
0.950306111	0.0305390670651449	0.04
0.953473419	0.0288914699247281	0.04
0.955603107	0.0308321114527264	0.04
0.956018846	0.0308321114527264	0.04
0.956296714	0.0317459884608384	0.04
0.956766863	0.0317459884608384	0.04
0.956780018	0.0317459884608384	0.04
0.95679317	0.0317459884608384	0.04
0.957486775	0.0320627732446671	0.04
0.959642592	0.0296924302666905	0.05
0.959665139	0.0296924302666905	0.05
0.960819071	0.0307583243728065	0.05
0.960911853	0.0307583243728065	0.05
0.964446178	0.0291536117866589	0.05
0.964458654	0.0291536117866589	0.05
0.966653906	0.0317459884608384	0.05
0.966980911	0.0320627732446671	0.05
0.966980912	0.0320627732446671	0.05
0.966986309	0.0320627732446671	0.05
0.967139043	0.0320627732446671	0.05
0.967144414	0.0320627732446671	0.05
0.967297223	0.0320627732446671	0.05
0.967302571	0.0320627732446671	0.05
0.967302572	0.0320627732446671	0.05
0.967460779	0.0320627732446671	0.05
0.96746078	0.0320627732446671	0.05
0.967608447	0.0320627732446671	0.05
0.96761904	0.0320627732446671	0.05
0.967619041	0.0320627732446671	0.05
0.967772081	0.0320627732446671	0.05
0.967925221	0.0320627732446671	0.05
0.968083686	0.0225144713352792	0.06
0.968088909	0.0225144713352792	0.06
0.968861479	0.0248667509335845	0.06
0.969035555	0.0251588127769878	0.06
0.970442597	0.0473021258181519	0.06
0.973766743	0.0474518186883189	0.06
0.974203145	0.047103998316775	0.06
0.981915796	0.0524905566370694	0.06
0.9860103	0.0418847602426682	0.05
1.019804062	0.0603819287310148	0.06
1.022530753	0.0615383802135197	0.06
1.023898132	0.0615383802135197	0.06
1.027042278	0.0576724260447368	0.07
1.028094642	0.0581946971666233	0.07
1.029271857	0.0581946971666233	0.07
1.029637844	0.0581946971666233	0.07
1.029659545	0.0587265139187929	0.07
1.030020301	0.0592681404153199	0.07
1.030392053	0.0592681404153199	0.07
1.030958443	0.0603819287310148	0.07
1.031531241	0.0603819287310148	0.07
1.031720423	0.0603819287310148	0.07
1.032104884	0.0603819287310148	0.07
1.034014818	0.0603819287310148	0.07
1.034376329	0.0603819287310148	0.07
1.038905957	0.0894690047423414	0.08
1.039046839	0.0894690047423414	0.08
1.041709188	0.0925618651913538	0.08
1.043349328	0.0925618651913538	0.08
1.044012776	0.0925618651913538	0.08
1.048661279	0.0819396933992145	0.09
1.056246636	0.0858819330904383	0.09
1.057424783	0.103271907107179	0.09
1.067971123	0.0807048284073509	0.11
1.068168044	0.0807048284073509	0.11
1.068277144	0.0807048284073509	0.11
1.06860264	0.0807048284073509	0.11
1.068892568	0.0807048284073509	0.11
1.070326964	0.0819396933992145	0.11
1.076612069	0.0845263702453236	0.11
1.088407982	0.115752030246762	0.12
1.088762574	0.115752030246762	0.12
1.113082372	0.106348211257618	0.12
1.113233383	0.106348211257618	0.12
1.11414031	0.106348211257618	0.12
1.115076799	0.106348211257618	0.12
1.125633627	0.106348211257618	0.11
1.127882011	0.106348211257618	0.11
1.133988353	0.103271907107179	0.12
1.134317617	0.103271907107179	0.12
1.136767134	0.103271907107179	0.12
1.162829766	0.0967422264049811	0.14
1.187305519	0.0933687832342821	0.15
1.187446683	0.0933687832342821	0.15
1.18762744	0.0925618651913538	0.15
1.192009701	0.0925618651913538	0.15
1.192075895	0.0925618651913538	0.15
1.203309389	0.0941898937921263	0.14
1.208769953	0.0804019059323082	0.14
1.209768181	0.0819396933992145	0.14
1.209825949	0.0819396933992145	0.14
1.212614931	0.0843599278114456	0.13
1.224141399	0.0851987600567004	0.12
1.225416562	0.0851987600567004	0.12
1.226767373	0.0851987600567004	0.12
1.245566855	0.0566555108057131	0.12
1.246668032	0.0566555108057131	0.12
1.252855937	0.0633585716768843	0.11
1.268447511	0.0627399940178333	0.1
1.270060331	0.0615383802135197	0.1
1.270253663	0.0592681404153199	0.1
1.270604589	0.0592681404153199	0.1
1.278899002	0.0587265139187929	0.1
1.285172518	0.0672416289883988	0.1
1.289511656	0.0827308592114332	0.1
1.302603198	0.073866599045922	0.1
1.335485912	0.0804019059323082	0.12
1.335508208	0.0804019059323082	0.12
1.335711503	0.0804019059323082	0.12
1.335892556	0.0804019059323082	0.12
1.336051433	0.0804019059323082	0.12
1.33625481	0.0804019059323082	0.12
1.336413828	0.0804019059323082	0.12
1.336595099	0.0796544560752591	0.12
1.336665633	0.0796544560752591	0.12
1.336979907	0.0796544560752591	0.12
1.337117106	0.0796544560752591	0.12
1.337161305	0.0796544560752591	0.12
1.337529375	0.0796544560752591	0.12
1.337777279	0.0796544560752591	0.12
1.337887386	0.0789207754289048	0.12
1.338686534	0.0789207754289048	0.12
1.340005107	0.0789207754289048	0.12
1.342315002	0.0851987600567004	0.11
1.342368518	0.0851987600567004	0.11
1.343443085	0.0851987600567004	0.11
1.360533959	0.0851987600567004	0.1
1.360774481	0.0851987600567004	0.1
1.360981621	0.0851987600567004	0.1
1.36116959	0.0851987600567004	0.1
1.361338457	0.0851987600567004	0.1
1.361545683	0.0851987600567004	0.1
1.361952473	0.0851987600567004	0.1
1.362110213	0.0851987600567004	0.1
1.362279458	0.0851987600567004	0.1
1.364721715	0.0851987600567004	0.1
1.365659238	0.0851987600567004	0.1
1.368077892	0.0851987600567004	0.1
1.368578346	0.0851987600567004	0.11
1.369707356	0.0851987600567004	0.11
1.370127164	0.0851987600567004	0.11
1.373967278	0.0851987600567004	0.11
1.379222918	0.0930084228088946	0.11
1.384187356	0.0921195751624397	0.12
1.38563755	0.0921195751624397	0.12
1.385801753	0.0921195751624397	0.12
1.418305639	0.0879185473659301	0.1
1.434752614	0.0863435012451072	0.1
1.450462129	0.0819396933992145	0.12
1.450674974	0.0819396933992145	0.12
1.450928234	0.0819396933992145	0.12
1.454003033	0.0819396933992145	0.12
1.45657643	0.0819396933992145	0.13
1.457818346	0.0819396933992145	0.13
1.484067531	0.0805699148668905	0.15
1.484117024	0.0805699148668905	0.15
1.485393153	0.0805699148668905	0.15
1.488337206	0.0805699148668905	0.16
1.506038743	0.0835374521265467	0.17
1.511734415	0.0805699148668905	0.18
1.512194724	0.0805699148668905	0.18
1.512403577	0.0805699148668905	0.18
1.512821455	0.0805699148668905	0.18
1.513239565	0.0805699148668905	0.18
1.515375804	0.0805699148668905	0.18
1.516740221	0.0805699148668905	0.19
1.523536021	0.0785990157821994	0.19
1.558319819	0.150098634587862	0.23
1.55916507	0.148753677633281	0.23
1.561070241	0.16848807484844	0.22
1.611568792	0.17521490432927	0.18
1.707257935	0.232002331681725	0.08
1.718627381	0.232002331681725	0.07
1.730827961	0.219060925526059	0.06
1.75282717	0.223211268415792	0.04
1.768990518	0.222661022689213	0.03
1.777374698	0.224691974194214	0.02
1.778615293	0.224691974194214	0.02
1.780657571	0.224691974194214	0.02
1.780657572	0.224691974194214	0.02
1.780839524	0.224691974194214	0.02
1.780928629	0.224691974194214	0.02
1.78092863	0.224691974194214	0.02
1.781081012	0.224691974194214	0.02
1.781170031	0.224691974194214	0.02
1.781170032	0.224691974194214	0.02
1.781381862	0.224691974194214	0.02
1.781411498	0.224691974194214	0.02
1.781411499	0.224691974194214	0.02
1.781623424	0.224691974194214	0.02
1.781653031	0.224691974194214	0.02
1.781894629	0.224691974194214	0.02
1.782136292	0.232002331681725	0.01
1.782136293	0.232002331681725	0.01
1.782378022	0.232002331681725	0.01
1.782590324	0.232002331681725	0.01
1.782619816	0.232002331681725	0.01
1.783044725	0.232002331681725	0.01
1.783286774	0.232002331681725	0.01
1.783345594	0.232002331681725	0.01
1.78377107	0.232002331681725	0.01
1.783829774	0.232002331681725	0.01
1.783925287	0.232002331681725	0.01
1.784013316	0.232002331681725	0.01
1.784314217	0.232002331681725	0.01
1.784506241	0.232002331681725	0.01
1.784933025	0.225345978375671	0.01
1.785322292	0.23101338107961	0.01
1.785497332	0.23101338107961	0.01
1.785988286	0.228867091677039	0.01
1.786357195	0.228867091677039	0.01
1.788780487	0.221116623277646	0.01
1.788872102	0.221116623277646	0.01
1.789358594	0.221116623277646	0.01
1.790033715	0.221116623277646	0.01
1.790095821	0.221116623277646	0.01
1.790737455	0.232192848312178	0.02
1.79204453	0.232192848312178	0.02
1.794856772	0.200154996976141	0.02
1.795060195	0.194343967035898	0.02
1.795172249	0.183678613310487	0.02
1.795643534	0.177587500915281	0.02
1.796669094	0.168639670412766	0.02
1.808733518	0.159840332820484	0.03
1.809599251	0.159840332820484	0.03
1.812688451	0.108303475800571	0.03
1.813215031	0.109308319601132	0.03
1.813240824	0.109308319601132	0.03
1.813793197	0.103271907107179	0.03
1.814069382	0.105302612721861	0.03
1.814621756	0.160378547336037	0.04
1.814621757	0.160378547336037	0.04
1.814846808	0.160378547336037	0.04
1.814872379	0.160378547336037	0.04
1.815123071	0.160378547336037	0.04
1.815169565	0.160378547336037	0.04
1.815288509	0.160378547336037	0.04
1.815322808	0.160378547336037	0.04
1.815373832	0.160378547336037	0.04
1.815624663	0.160378547336037	0.04
1.815875562	0.160378547336037	0.04
1.816101116	0.160378547336037	0.04
1.816374833	0.160378547336037	0.04
1.816628678	0.160378547336037	0.04
1.817382419	0.155541654380457	0.04
1.817399416	0.155541654380457	0.04
1.818036082	0.155541654380457	0.04
1.819217405	0.156382792944875	0.04
1.819395454	0.156382792944875	0.04
1.819410514	0.156382792944875	0.04
1.819581019	0.156382792944875	0.04
1.81989941	0.156382792944875	0.04
1.820606159	0.156382792944875	0.04
1.822065256	0.0959543039418414	0.04
1.824280416	0.102285644622953	0.04
1.824759677	0.0843599278114456	0.04
1.828541204	0.152265679256892	0.05
1.829051906	0.153071667493336	0.05
1.829613575	0.153071667493336	0.05
1.835137623	0.0835374521265467	0.05
1.836263396	0.15701964136459	0.06
1.837659261	0.152265679256892	0.06
1.839735229	0.153071667493336	0.06
1.844053766	0.100368574199806	0.06
1.846490238	0.15701964136459	0.07
1.860668056	0.135385130662089	0.08
1.860714054	0.135385130662089	0.08
1.876458705	0.0533623029467529	0.08
1.877534086	0.0551956460798183	0.09
1.917919203	0.0523196141251498	0.11
1.919145255	0.0528358147989298	0.11
1.932723098	0.0418847602426682	0.12
1.934242286	0.0489705520465917	0.13
1.93486401	0.0489705520465917	0.13
1.938309591	0.0485267980660561	0.13
1.938319698	0.0485267980660561	0.13
1.939501786	0.0489705520465917	0.13
1.940502926	0.0395639351867192	0.13
1.956133657	0.045632272441306	0.15
1.961031557	0.0371616313697606	0.15
2.03833515	0.0700332575004838	0.23
2.039242563	0.0705457984881167	0.23
2.04617014	0.069030198302831	0.24
2.058434493	0.069030198302831	0.25
2.058810915	0.0695281103885293	0.25
2.060706206	0.062283929671765	0.25
2.067556414	0.069030198302831	0.26
2.077935092	0.069030198302831	0.27
2.079378601	0.0695281103885293	0.27
2.112854786	0.061834447846605	0.3
2.114638141	0.0638079337385022	0.3
2.117539144	0.0675783505276822	0.31
2.122322709	0.060954669823963	0.31
2.130868897	0.060954669823963	0.32
2.175983465	0.0675783505276822	0.37
2.21647999	0.0671078780588684	0.41
2.22607531	0.073504498137171	0.42
2.226678687	0.073504498137171	0.42
2.230993963	0.0671078780588684	0.42
2.268175967	0.183994156093354	0.41
2.273953022	0.200873136398445	0.4
2.279085054	0.188031923149432	0.4
2.36737444	0.220666457129771	0.31
2.416816988	0.28373785117801	0.27
2.57811595	0.245238165596941	0.15
2.63880046	0.245238165596941	0.09
2.644514931	0.253849208019715	0.08
2.65353762	0.256097292699381	0.07
2.664122924	0.256097292699381	0.06
2.669724846	0.247335688495391	0.06
2.670697515	0.247335688495391	0.06
2.67074212	0.247335688495391	0.06
2.670831293	0.247335688495391	0.06
2.671148642	0.247335688495391	0.06
2.671193019	0.247335688495391	0.06
2.671193179	0.247335688495391	0.06
2.671237545	0.247335688495391	0.06
2.671237705	0.247335688495391	0.06
2.671599486	0.247335688495391	0.06
2.671599646	0.247335688495391	0.06
2.671961685	0.255835868255672	0.05
2.672323822	0.253506847232683	0.05
2.672686057	0.256097292699381	0.05
2.673410821	0.256097292699381	0.05
2.674201502	0.256097292699381	0.05
2.674498542	0.256097292699381	0.05
2.674640938	0.256097292699381	0.05
2.67498819	0.256097292699381	0.05
2.675753192	0.251640248365456	0.05
2.67595059	0.247335688495391	0.05
2.677404052	0.247335688495391	0.05
2.678640892	0.247335688495391	0.05
2.679543675	0.247335688495391	0.05
2.68050645	0.247335688495391	0.05
2.681604422	0.247335688495391	0.05
2.684222358	0.258385551164123	0.04
2.690995907	0.242470122466121	0.04
2.692790444	0.255835868255672	0.03
2.697875326	0.232192848312178	0.03
2.703341222	0.234309370789824	0.04
2.714352711	0.2183841607468	0.05
2.716197088	0.2183841607468	0.05
2.721223607	0.219060925526059	0.05
2.721339166	0.232354299255793	0.06
2.721753239	0.232354299255793	0.06
2.72212898	0.232354299255793	0.06
2.722504826	0.232354299255793	0.06
2.725138453	0.2183841607468	0.06
2.725892101	0.2183841607468	0.06
2.734951629	0.2183841607468	0.07
2.741703646	0.230431583878833	0.08
2.742221604	0.230431583878833	0.08
2.758261585	0.216544437246215	0.09
2.814579483	0.199719555846371	0.15
2.857457722	0.19666351764731	0.19
2.874914635	0.19666351764731	0.21
2.884109016	0.206507853701856	0.22
2.885327778	0.193699594769308	0.22
2.893176138	0.209675268845716	0.23
2.901070252	0.198179756009848	0.23
3.017087015	0.197206683327129	0.35
3.091199805	0.191503605249578	0.42
3.116410384	0.196020780324315	0.45
3.116832706	0.196020780324315	0.45
3.479484296	0.161457874526755	0.8
3.557717034	0.15995084618372	0.880000000000001
3.560201153	0.162993570879154	0.880000000000001
3.561529658	0.13660716824428	0.880000000000001
3.561648443	0.175106395580036	0.890000000000001
3.563861522	0.177748258675133	0.890000000000001
3.566965252	0.19707473146949	0.890000000000001
3.567214517	0.19707473146949	0.890000000000001
3.568359469	0.18981716030705	0.890000000000001
3.572123566	0.164558761118063	0.880000000000001
3.579984214	0.150053410971242	0.880000000000001
3.62901857	0.142090592440815	0.910000000000001
3.62939674	0.142090592440815	0.910000000000001
3.629519691	0.142090592440815	0.910000000000001
3.6300627	0.142090592440815	0.910000000000001
3.630972932	0.142090592440815	0.910000000000001
3.631023885	0.142090592440815	0.910000000000001
3.631169027	0.142090592440815	0.910000000000001
3.631970124	0.138417911157614	0.920000000000001
3.633483005	0.138417911157614	0.920000000000001
3.82876748	0.148837030906433	1.11
3.963711323	0.145057413594869	1.25
4.078052931	0.185129999412172	1.36
4.445571488	0.2112066619496	1.72
4.452121847	0.209241798418243	1.73
4.45272527	0.207122245759178	1.73
4.453328856	0.207122245759178	1.73
4.453932605	0.207122245759178	1.73
4.459832487	0.180668740719556	1.74
4.480518943	0.177812132128725	1.76
4.536342962	0.2112066619496	1.8
4.536969429	0.2112066619496	1.8
4.537444354	0.2112066619496	1.8
4.848628454	0.209144514453466	2.11
4.895921957	0.209144514453466	2.16
5.341769851	0.250767391515073	2.43999999999999
5.342582978	0.250767391515073	2.43999999999999
5.343129076	0.250767391515073	2.43999999999999
5.343307119	0.250767391515073	2.43999999999999
5.443653327	0.250767391515073	2.42999999999999
5.445157132	0.250767391515073	2.42999999999999
6.232084175	0.27007006832841	2.67999999999999
6.234722781	0.27007006832841	2.67999999999999
6.244676548	0.27007006832841	2.68999999999999
6.35095118	0.255697683038325	2.78999999999998
7	0.26308697531335	3.36999999999997
