thrs	post_p	finalwindow
0	0.0674722130046986	0.23
0.03256001	0.0664562733083027	0.2
0.089689176	0.0577593564009121	0.18
0.093809574	0.0577593564009121	0.19
0.103967892	0.111577240600383	0.2
0.106977596	0.0493616223868859	0.19
0.113424721	0.111577240600383	0.19
0.115659216	0.10768811176271	0.19
0.127200542	0.0482816600578077	0.17
0.128068503	0.067130132600357	0.17
0.130460633	0.0984879666189858	0.17
0.148427326	0.10548210543438	0.16
0.151339737	0.095919474717209	0.15
0.155752372	0.10768811176271	0.15
0.172569069	0.0918543950789733	0.13
0.178113806	0.106207329532094	0.13
0.178140913	0.106207329532094	0.13
0.178189211	0.106207329532094	0.13
0.178358463	0.106207329532094	0.13
0.181430774	0.0967606227425531	0.12
0.181486006	0.0967606227425531	0.12
0.181486035	0.0967606227425531	0.12
0.181824923	0.0967606227425531	0.12
0.194681585	0.108444095793064	0.11
0.206482242	0.109988359913935	0.1
0.222049977	0.0964786056690799	0.08
0.222622275	0.0911644732811796	0.08
0.222656148	0.0911644732811796	0.08
0.222686318	0.0911644732811796	0.08
0.222697977	0.0911644732811796	0.08
0.222924291	0.115358827248208	0.08
0.226694446	0.107572741046741	0.08
0.226867021	0.107572741046741	0.08
0.226923294	0.107572741046741	0.08
0.226957829	0.107572741046741	0.08
0.227177477	0.107572741046741	0.08
0.227432153	0.106772016191758	0.08
0.230426372	0.106772016191758	0.08
0.237068117	0.102450627186884	0.07
0.241897099	0.100889365349081	0.07
0.24235868	0.100889365349081	0.07
0.242941212	0.104060969565643	0.06
0.243116147	0.102134521065076	0.06
0.254481698	0.0984879666189858	0.05
0.256259656	0.0967606227425531	0.05
0.296839561	0.102134521065076	0.06
0.296879772	0.102134521065076	0.06
0.296960227	0.102134521065076	0.06
0.297161557	0.101197799306912	0.06
0.297242165	0.101197799306912	0.06
0.297345093	0.101197799306912	0.06
0.297631463	0.101197799306912	0.06
0.298033592	0.101197799306912	0.06
0.298062423	0.101197799306912	0.06
0.298432807	0.101197799306912	0.06
0.29855614	0.101197799306912	0.06
0.298682719	0.101197799306912	0.06
0.299120783	0.101197799306912	0.06
0.29926506	0.101197799306912	0.06
0.300128238	0.101197799306912	0.06
0.301159527	0.100278103590702	0.06
0.302397905	0.104060969565643	0.06
0.302406093	0.104060969565643	0.06
0.30240618	0.104060969565643	0.06
0.302443572	0.104060969565643	0.06
0.302452098	0.104060969565643	0.06
0.302493847	0.104060969565643	0.06
0.302531356	0.104060969565643	0.06
0.302844832	0.104060969565643	0.06
0.303037639	0.104060969565643	0.06
0.303062807	0.104060969565643	0.06
0.303998368	0.106061488023456	0.06
0.304168238	0.106061488023456	0.06
0.306047128	0.106061488023456	0.06
0.307314933	0.103088746079212	0.06
0.308759935	0.102134521065076	0.06
0.322435043	0.109210769068386	0.04
0.323097253	0.108140432042918	0.04
0.323165924	0.108140432042918	0.04
0.327195424	0.105051705599966	0.04
0.334029253	0.102134521065076	0.04
0.340262381	0.0967606227425531	0.05
0.345554528	0.0967606227425531	0.05
0.350684009	0.095919474717209	0.06
0.351815198	0.095919474717209	0.06
0.356200611	0.0934815464774893	0.06
0.356206548	0.0934815464774893	0.06
0.356351443	0.0934815464774893	0.06
0.356490553	0.0934815464774893	0.06
0.357086112	0.105051705599966	0.06
0.360733393	0.0896825337753397	0.07
0.362945858	0.0896825337753397	0.07
0.366130409	0.0896825337753397	0.07
0.367161303	0.100278103590702	0.07
0.367663989	0.105051705599966	0.07
0.37384574	0.0733261226663623	0.08
0.386863037	0.0420021808303505	0.06
0.386909127	0.0420021808303505	0.06
0.389299853	0.0394963891314745	0.06
0.398731854	0.0422703590541212	0.05
0.412388288	0.0467475062961322	0.04
0.415094538	0.0455415995370771	0.04
0.418471182	0.0510752978559404	0.03
0.419019267	0.0502991978344263	0.03
0.423143546	0.0477592081691219	0.03
0.428769674	0.0518757231426336	0.02
0.438307149	0.054886242592834	0.01
0.440316292	0.0539910205524726	0.01
0.444236336	0.0507814698610482	0.01
0.444770984	0.0493616223868859	0.01
0.445049535	0.0493616223868859	0.01
0.445117302	0.0493616223868859	0.01
0.445156208	0.0493616223868859	0.01
0.445185068	0.0488156688778955	0.01
0.445245414	0.0488156688778955	0.01
0.445252833	0.0488156688778955	0.01
0.445252835	0.0488156688778955	0.01
0.445305777	0.0488156688778955	0.01
0.44531318	0.0488156688778955	0.01
0.445313187	0.0488156688778955	0.01
0.44531319	0.0488156688778955	0.01
0.445373562	0.0488156688778955	0.01
0.445419149	0.0488156688778955	0.01
0.445433949	0.0488156688778955	0.01
0.445479567	0.0482816600578077	0.01
0.445554774	0.0480190130727088	0.01
0.445578303	0.0480190130727088	0.01
0.445615211	0.0480190130727088	0.01
0.445653547	0.0480190130727088	0.01
0.445736134	0.0480190130727088	0.01
0.445849774	0.0480190130727088	0.01
0.445917642	0.0480190130727088	0.01
0.445978177	0.0480190130727088	0.01
0.446319857	0.0477592081691219	0.01
0.446351359	0.0477592081691219	0.01
0.446394864	0.0477592081691219	0.01
0.446395102	0.0477592081691219	0.01
0.446465528	0.0467475062961322	0.01
0.44656991	0.0467475062961322	0.01
0.446633323	0.0467475062961322	0.01
0.446967543	0.0462575603543495	0.01
0.447158639	0.0462575603543495	0.01
0.447649603	0.0460164185341489	0.01
0.447876705	0.0460164185341489	0.01
0.448791313	0.0514723989194631	0.01
0.449051315	0.0514723989194631	0.01
0.451750007	0.0512069823287154	0.01
0.452986292	0.0509442889285759	0.01
0.453102774	0.0509442889285759	0.01
0.453117722	0.0509442889285759	0.01
0.453607731	0.0509442889285759	0.01
0.45367678	0.0509442889285759	0.01
0.453739439	0.0509442889285759	0.01
0.453789353	0.0509442889285759	0.01
0.453802119	0.0509442889285759	0.01
0.453864805	0.0509442889285759	0.01
0.453864814	0.0509442889285759	0.01
0.453927527	0.0509442889285759	0.01
0.453952078	0.0509442889285759	0.01
0.453977538	0.0509442889285759	0.01
0.453990257	0.0509442889285759	0.01
0.454115767	0.0509442889285759	0.01
0.454131662	0.0509442889285759	0.01
0.454159539	0.0509442889285759	0.01
0.454172215	0.0509442889285759	0.01
0.454266222	0.0512069823287154	0.01
0.454543029	0.0512069823287154	0.01
0.454618511	0.0512069823287154	0.01
0.455180191	0.0517405812660577	0.01
0.455439212	0.0762100844931107	0.01
0.455550168	0.0775491332263975	0.01
0.456159276	0.0759291396060831	0.01
0.456455968	0.0479900063593014	0.02
0.456880284	0.0479900063593014	0.02
0.45760535	0.0475306193076787	0.02
0.458619789	0.0477592081691219	0.02
0.458664131	0.0477592081691219	0.02
0.459124851	0.0475306193076787	0.02
0.460382332	0.0473042082026989	0.02
0.462114195	0.0473042082026989	0.02
0.464728436	0.046203755125858	0.02
0.46499053	0.0466377346003088	0.02
0.472596627	0.0323545479767612	0.02
0.473676694	0.0445457053130631	0.03
0.477096915	0.0297385170016217	0.03
0.478409458	0.0308470236272	0.03
0.478419311	0.0308470236272	0.03
0.478888149	0.0314328552663789	0.03
0.479936634	0.0314328552663789	0.03
0.483671852	0.0415626998609729	0.04
0.483988273	0.0415626998609729	0.04
0.484458594	0.0417373839903466	0.04
0.485999254	0.054886242592834	0.04
0.48628356	0.054886242592834	0.04
0.486776039	0.0252090110017228	0.04
0.489424331	0.0275138789211953	0.04
0.490830832	0.0275138789211953	0.04
0.508934563	0.0381754427133291	0.06
0.514645345	0.0457777778322475	0.07
0.514742139	0.0457777778322475	0.07
0.514839037	0.0461257160398253	0.07
0.514971335	0.0461257160398253	0.07
0.51502476	0.0461257160398253	0.07
0.515124567	0.0468377045965484	0.07
0.516063638	0.0591351474981462	0.07
0.51682809	0.0348038409520477	0.07
0.518492841	0.0366536700526946	0.07
0.518564452	0.0366536700526946	0.07
0.534226929	0.0314328552663789	0.06
0.534308248	0.0311371841531412	0.06
0.534380672	0.0311371841531412	0.06
0.534888196	0.0311371841531412	0.06
0.544416783	0.0527856755139998	0.06
0.55657045	0.0749164938110953	0.05
0.556807604	0.0749164938110953	0.05
0.559788571	0.0742860279469302	0.05
0.562444529	0.0742860279469302	0.05
0.566766402	0.0866880429853384	0.04
0.568776608	0.0850181907240054	0.04
0.572491616	0.0850181907240054	0.04
0.57444178	0.0826306473795531	0.05
0.583655412	0.0811120813077372	0.05
0.59079165	0.0620931879073524	0.05
0.591819223	0.0615162230607237	0.05
0.593573546	0.0615162230607237	0.05
0.593673806	0.0615162230607237	0.05
0.593673808	0.0615162230607237	0.05
0.593754277	0.0615162230607237	0.05
0.593754278	0.0615162230607237	0.05
0.59375428	0.0615162230607237	0.05
0.593834769	0.0615162230607237	0.05
0.594036974	0.0615162230607237	0.05
0.594152812	0.0603938731560994	0.05
0.594237558	0.0603938731560994	0.05
0.595015574	0.0620931879073524	0.05
0.596219211	0.0620931879073524	0.05
0.602148457	0.0582677101482373	0.05
0.602674298	0.0582677101482373	0.05
0.604317115	0.0657958081050864	0.04
0.604813246	0.0657958081050864	0.04
0.604905308	0.0657958081050864	0.04
0.604905312	0.0657958081050864	0.04
0.604988853	0.0657958081050864	0.04
0.605716504	0.0657958081050864	0.04
0.605724938	0.0657958081050864	0.04
0.606051871	0.0657958081050864	0.04
0.608524688	0.0638908991949216	0.04
0.61827716	0.0638908991949216	0.04
0.624510489	0.0645134937164963	0.04
0.630942519	0.0730564036987148	0.04
0.636066531	0.0667434064344544	0.05
0.63624959	0.0667434064344544	0.05
0.636422142	0.0667434064344544	0.05
0.637260654	0.0667434064344544	0.05
0.641599528	0.0667434064344544	0.05
0.644129804	0.0624277674982113	0.06
0.646569798	0.0624277674982113	0.06
0.64801212	0.0624277674982113	0.06
0.648110758	0.0624277674982113	0.06
0.648827538	0.0624277674982113	0.06
0.65703705	0.0645134937164963	0.07
0.667472678	0.0631293532910086	0.08
0.667879263	0.0631293532910086	0.08
0.669490645	0.0631293532910086	0.08
0.671132308	0.0631293532910086	0.08
0.678915807	0.0577593564009121	0.09
0.680410924	0.0577593564009121	0.09
0.680589305	0.0577593564009121	0.09
0.68060848	0.0577593564009121	0.09
0.680702493	0.0577593564009121	0.09
0.690723937	0.0615162230607237	0.09
0.692614054	0.0620931879073524	0.09
0.697379755	0.0603938731560994	0.1
0.712354258	0.0593117434943311	0.11
0.7123899	0.0593117434943311	0.11
0.712401774	0.0593117434943311	0.11
0.71365913	0.0603938731560994	0.11
0.714295462	0.0603938731560994	0.11
0.715679053	0.0582677101482373	0.12
0.725869057	0.057259796149282	0.13
0.725979546	0.057259796149282	0.13
0.726772429	0.0567688031851797	0.13
0.742183791	0.0539910205524726	0.14
0.744518666	0.0522854179699305	0.14
0.7500464	0.0282174975030752	0.14
0.75180067	0.12341441679773	0.14
0.756122282	0.0326739091850719	0.13
0.762884543	0.126455174711245	0.13
0.763284143	0.129694967752825	0.13
0.763387603	0.131761325264463	0.13
0.763491091	0.131434344230511	0.13
0.7676628	0.125716816999079	0.13
0.779184816	0.12659993557334	0.12
0.779976345	0.125716816999079	0.12
0.793117932	0.139219363531494	0.1
0.794958533	0.140873372442302	0.1
0.799403767	0.129506038562339	0.1
0.812482547	0.138608647830658	0.08
0.817085993	0.137610336341218	0.08
0.849686346	0.13616507659224	0.05
0.856064956	0.147223963668724	0.04
0.861362559	0.14837160767322	0.03
0.864973627	0.149831571290819	0.03
0.866065884	0.147652243583822	0.03
0.867661243	0.141874201919023	0.03
0.875213305	0.149831571290819	0.02
0.880342154	0.13689960241564	0.02
0.882218863	0.14754494017194	0.01
0.88244613	0.150177577347624	0.01
0.883236842	0.155832661993884	0.01
0.883671839	0.157802415939302	0.01
0.885800269	0.152533215544685	0.01
0.887670141	0.145535404412657	0.01
0.888469193	0.14470556693794	0.01
0.888863234	0.142671793755374	0.01
0.889576687	0.14030547555826	0.01
0.889752182	0.14030547555826	0.01
0.889857915	0.14030547555826	0.01
0.890068113	0.14030547555826	0.01
0.890083013	0.14030547555826	0.01
0.890218543	0.139918699545827	0.01
0.890218544	0.139918699545827	0.01
0.890228158	0.139918699545827	0.01
0.890309475	0.138771061134996	0.01
0.890339212	0.138771061134996	0.01
0.890354074	0.139534050099458	0.01
0.890354075	0.139534050099458	0.01
0.890407894	0.139534050099458	0.01
0.890419078	0.139534050099458	0.01
0.890459913	0.139534050099458	0.01
0.890474761	0.139534050099458	0.01
0.890489605	0.139534050099458	0.01
0.890489606	0.139534050099458	0.01
0.890506418	0.139534050099458	0.01
0.890580647	0.139534050099458	0.01
0.890595481	0.139534050099458	0.01
0.89061031	0.139534050099458	0.01
0.890610311	0.139534050099458	0.01
0.89068659	0.139534050099458	0.01
0.890701414	0.139151509728854	0.01
0.890716233	0.139151509728854	0.01
0.890731048	0.139151509728854	0.01
0.890731049	0.139151509728854	0.01
0.890737499	0.139151509728854	0.01
0.890822213	0.139151509728854	0.01
0.890837018	0.139151509728854	0.01
0.890851819	0.139151509728854	0.01
0.890957836	0.139151509728854	0.01
0.890972623	0.139151509728854	0.01
0.891093459	0.138016371022225	0.01
0.89119957	0.138016371022225	0.01
0.891214328	0.138016371022225	0.01
0.891246709	0.138016371022225	0.01
0.89133523	0.138016371022225	0.01
0.891382479	0.138016371022225	0.01
0.891456164	0.138016371022225	0.01
0.891562417	0.138016371022225	0.01
0.891698132	0.138016371022225	0.01
0.891793338	0.138016371022225	0.01
0.891881522	0.138016371022225	0.01
0.892017347	0.138016371022225	0.01
0.892182462	0.137642095838405	0.01
0.892245091	0.138771061134996	0.01
0.892307805	0.138016371022225	0.01
0.892546055	0.138392687207534	0.01
0.892568748	0.138392687207534	0.01
0.89273031	0.138392687207534	0.01
0.892924751	0.14277212372975	0.01
0.892951888	0.142388289732225	0.01
0.892952212	0.142388289732225	0.01
0.893016766	0.142388289732225	0.01
0.893142511	0.142388289732225	0.01
0.893172464	0.142388289732225	0.01
0.893320622	0.143158032711992	0.01
0.893352088	0.143158032711992	0.01
0.893395592	0.143158032711992	0.01
0.894085351	0.142388289732225	0.01
0.89420355	0.142388289732225	0.01
0.894232534	0.141626780107725	0.01
0.894332391	0.141626780107725	0.01
0.894482721	0.141626780107725	0.01
0.894511483	0.141626780107725	0.01
0.894690708	0.141626780107725	0.01
0.894913415	0.141626780107725	0.01
0.894970751	0.141626780107725	0.01
0.895081202	0.141626780107725	0.01
0.89539422	0.141626780107725	0.01
0.895840307	0.144537373725536	0.01
0.89592425	0.144537373725536	0.01
0.896329745	0.143387412111726	0.01
0.896396617	0.143387412111726	0.01
0.89685771	0.143008147161172	0.01
0.89693811	0.143008147161172	0.01
0.897131294	0.141882295574419	0.01
0.897197773	0.141141524680486	0.01
0.897316929	0.142006514028885	0.01
0.898155973	0.122763484007056	0.01
0.898455429	0.121721740054219	0.01
0.898485328	0.121980515016722	0.01
0.898662437	0.121207470073982	0.01
0.898755243	0.120697527355614	0.01
0.89889623	0.120444161687701	0.01
0.898920463	0.120444161687701	0.01
0.899310528	0.117484705125257	0.01
0.900113547	0.116530275883649	0.01
0.900274359	0.117725760308722	0.01
0.900307304	0.117725760308722	0.01
0.900690942	0.079037047366197	0.01
0.901007608	0.0755577528100797	0.01
0.902162268	0.055114706044228	0.01
0.902291602	0.0511829892146885	0.01
0.902860993	0.0457777778322475	0.01
0.902919093	0.0457777778322475	0.01
0.902932441	0.0461608009808473	0.01
0.903685884	0.0329059117138097	0.01
0.903876527	0.0327663165111978	0.01
0.904220945	0.0283382810366817	0.01
0.905424433	0.0298727037322905	0.01
0.905541598	0.0298727037322905	0.01
0.906154318	0.0300081069119398	0.01
0.906197141	0.0294737279003065	0.01
0.906210372	0.029343093756292	0.01
0.906786831	0.0298727037322905	0.01
0.907060652	0.0302826293886537	0.01
0.907185931	0.0305622210550836	0.01
0.907198748	0.0308470236272	0.01
0.907199842	0.0308470236272	0.01
0.907298438	0.0308470236272	0.01
0.907311244	0.0308470236272	0.01
0.907324045	0.0311371841531412	0.01
0.907336843	0.0311371841531412	0.01
0.907336844	0.0311371841531412	0.01
0.907436592	0.0311371841531412	0.01
0.907449378	0.0311371841531412	0.01
0.90746216	0.0311371841531412	0.01
0.9075492	0.0311371841531412	0.01
0.907574745	0.0311371841531412	0.01
0.907587512	0.0311371841531412	0.01
0.907674633	0.0311371841531412	0.01
0.907700146	0.0311371841531412	0.01
0.907712898	0.0311371841531412	0.01
0.907951053	0.0311371841531412	0.01
0.907963773	0.0311371841531412	0.01
0.908089263	0.0311371841531412	0.01
0.908089264	0.0311371841531412	0.01
0.908214789	0.031284321121362	0.01
0.908289632	0.031284321121362	0.01
0.908566283	0.0314328552663789	0.01
0.908578929	0.0314328552663789	0.01
0.908691978	0.0315828065840051	0.01
0.908830322	0.0315828065840051	0.01
0.908855181	0.0314328552663789	0.01
0.908943472	0.0318870426465282	0.01
0.908956071	0.0318870426465282	0.01
0.909094444	0.0318870426465282	0.01
0.909183517	0.0318870426465282	0.01
0.909195105	0.0318870426465282	0.01
0.909207673	0.0318870426465282	0.01
0.909308419	0.0318870426465282	0.01
0.909346075	0.0323545479767612	0.01
0.90938549	0.0323545479767612	0.01
0.909434338	0.0323545479767612	0.01
0.909446878	0.0323545479767612	0.01
0.909896599	0.0318870426465282	0.01
0.909914657	0.0318870426465282	0.01
0.910204731	0.0315828065840051	0.01
0.910467776	0.0320413693372083	0.01
0.910628128	0.0320413693372083	0.01
0.911049792	0.0326739091850719	0.01
0.911062134	0.0326739091850719	0.01
0.91113001	0.0326739091850719	0.01
0.911351929	0.0326739091850719	0.01
0.911383512	0.0325134443736185	0.01
0.911404622	0.0325134443736185	0.01
0.911518912	0.0325134443736185	0.01
0.911747931	0.0325134443736185	0.01
0.912015459	0.0325134443736185	0.01
0.912488931	0.0325134443736185	0.01
0.912630246	0.0323545479767612	0.01
0.912707801	0.0323545479767612	0.01
0.912776305	0.0323545479767612	0.01
0.912811242	0.0323545479767612	0.01
0.912967277	0.0221328954983396	0.01
0.913139907	0.0221328954983396	0.01
0.913244462	0.0221328954983396	0.01
0.913751419	0.0222444447845587	0.01
0.914018042	0.0223571241781869	0.01
0.914696902	0.0220224594029021	0.01
0.914870556	0.0220224594029021	0.01
0.915026039	0.0220224594029021	0.01
0.916024822	0.01652537054479	0.01
0.916163647	0.0166082833637088	0.01
0.916208994	0.0166082833637088	0.01
0.916688985	0.0166920323758119	0.01
0.918456927	0	0.01
0.918483627	0	0.01
0.918816837	0.0320857374321635	0.02
0.918837351	0.0320857374321635	0.02
0.919655338	0.0329059117138097	0.02
0.920002472	0.0329059117138097	0.02
0.921364075	0.0339174062581979	0.02
0.922455062	0.0343701941626165	0.02
0.922504312	0.0343701941626165	0.02
0.923268187	0.0251324519776003	0.02
0.924412009	0.0255989108077155	0.02
0.924507726	0.0255989108077155	0.02
0.924627878	0.0255989108077155	0.02
0.925553967	0.0206809705206074	0.02
0.926193857	0.0207783323208113	0.02
0.927872541	0.00889097392729507	0.02
0.929379518	0.0302036831992876	0.03
0.93064775	0.0302036831992876	0.03
0.93220206	0.0303222574476336	0.03
0.933174706	0.0222893799703077	0.03
0.934071327	0.0225628502802725	0.03
0.938446291	0.00630142015479687	0.03
0.941112169	0.00771050928070374	0.03
0.944027825	0.00934266154611953	0.03
0.948845214	0.0103021948281312	0.03
0.949342587	0.0103021948281312	0.03
0.950306111	0.0109135804878716	0.03
0.951999424	0.0108066929554508	0.03
0.954191796	0.0088199049242098	0.04
0.955603107	0.00911122308430524	0.04
0.956296714	0.00958616421081354	0.04
0.956766863	0.00967017716926063	0.04
0.956780018	0.00967017716926063	0.04
0.95679317	0.00967017716926063	0.04
0.957016096	0.00967017716926063	0.04
0.959857154	0.0103992906310834	0.04
0.960039043	0.010701878827638	0.04
0.960819071	0.010701878827638	0.04
0.960911853	0.010701878827638	0.04
0.964446178	0.0088199049242098	0.05
0.966290332	0.00958616421081354	0.05
0.966653906	0.00958616421081354	0.05
0.966980911	0.00967017716926063	0.05
0.966980912	0.00967017716926063	0.05
0.966986309	0.00967017716926063	0.05
0.967139043	0.00967017716926063	0.05
0.967144414	0.00967017716926063	0.05
0.967297223	0.00967017716926063	0.05
0.967297226	0.00967017716926063	0.05
0.967302571	0.00967017716926063	0.05
0.967302572	0.00967017716926063	0.05
0.96746078	0.00967017716926063	0.05
0.967608447	0.00967017716926063	0.05
0.96761904	0.00967017716926063	0.05
0.967619041	0.00967017716926063	0.05
0.967925221	0.00967017716926063	0.05
0.968083686	0.00967017716926063	0.05
0.968088909	0.00967017716926063	0.05
0.968237002	0.00967017716926063	0.05
0.968861479	0.0101133428799939	0.05
0.969666194	0.0103992906310834	0.05
0.970292984	0.0105990783540903	0.05
0.970442597	0.0105990783540903	0.05
0.973766743	0.0110226035627878	0.05
0.974203145	0.0110226035627878	0.05
0.97801719	0.0160837523068644	0.06
0.981915796	0.0170795978681402	0.06
1.019804062	0.037913099189278	0.07
1.021711423	0.0382415968625598	0.07
1.022530753	0.0392621565653163	0.07
1.027349785	0.043954209006516	0.07
1.029271857	0.043954209006516	0.07
1.029637844	0.043954209006516	0.07
1.029659545	0.043954209006516	0.07
1.030020301	0.037913099189278	0.08
1.031531241	0.0382415968625598	0.08
1.031720423	0.0382415968625598	0.08
1.032104884	0.0392621565653163	0.08
1.034014818	0.037913099189278	0.08
1.034854243	0.037913099189278	0.08
1.036124234	0.0562861589932586	0.08
1.038905957	0.0598479171403334	0.08
1.039046839	0.0598479171403334	0.08
1.041709188	0.0645134937164963	0.08
1.043349328	0.0645134937164963	0.08
1.044012776	0.0645134937164963	0.08
1.048661279	0.0535542720845437	0.09
1.057424783	0.0535542720845437	0.1
1.067766296	0.0535542720845437	0.11
1.068168044	0.0535542720845437	0.11
1.068277144	0.0535542720845437	0.11
1.06860264	0.0535542720845437	0.11
1.068892568	0.0535542720845437	0.11
1.070326964	0.0553450793993702	0.11
1.088407982	0.0589158758334861	0.13
1.088762574	0.0589158758334861	0.13
1.112743253	0.0834114546463907	0.14
1.113233383	0.0818643226785497	0.14
1.11414031	0.0826306473795531	0.14
1.115076799	0.0842071589487536	0.14
1.116382888	0.0842071589487536	0.14
1.125633627	0.0866880429853384	0.14
1.127882011	0.0866880429853384	0.14
1.133642817	0.0826306473795531	0.14
1.133988353	0.0826306473795531	0.14
1.134317617	0.0826306473795531	0.14
1.136767134	0.0866880429853384	0.13
1.137302108	0.0866880429853384	0.13
1.183360064	0.0617073496169396	0.16
1.187305519	0.0674722130046986	0.15
1.187446683	0.0674722130046986	0.15
1.18762744	0.066960389855776	0.15
1.192009701	0.0664562733083027	0.15
1.192075895	0.0664562733083027	0.15
1.192725439	0.0645134937164963	0.15
1.203309389	0.066960389855776	0.14
1.208724051	0.0461608009808473	0.13
1.209215802	0.0461608009808473	0.13
1.209768181	0.0461608009808473	0.13
1.209825949	0.0461608009808473	0.13
1.210085375	0.0461608009808473	0.13
1.212614931	0.0446659200882023	0.13
1.224141399	0.0454010587093742	0.12
1.22465873	0.0454010587093742	0.12
1.225416562	0.0454010587093742	0.12
1.226416878	0.0454010587093742	0.12
1.243346642	0.0297385170016217	0.11
1.252855937	0.0329996378656318	0.1
1.265568721	0.0329996378656318	0.09
1.270253663	0.0329996378656318	0.09
1.270604589	0.0326739091850719	0.09
1.278899002	0.0418693637470403	0.09
1.285172518	0.0218048607893527	0.09
1.289511656	0.0311371841531412	0.09
1.293113698	0.0311371841531412	0.09
1.302603198	0.0430958423668464	0.09
1.33510162	0.0430958423668464	0.11
1.335485912	0.0435207936771851	0.11
1.335508208	0.0435207936771851	0.11
1.335711503	0.0435207936771851	0.11
1.335892556	0.0435207936771851	0.11
1.336051433	0.0435207936771851	0.11
1.33625481	0.0435207936771851	0.11
1.33638917	0.0435207936771851	0.11
1.336413828	0.0435207936771851	0.11
1.336979907	0.0403386815063556	0.12
1.337117106	0.0403386815063556	0.12
1.337529375	0.0403386815063556	0.12
1.337777279	0.0403386815063556	0.12
1.337887386	0.0399733399056088	0.12
1.338686534	0.0399733399056088	0.12
1.342315002	0.0435207936771851	0.11
1.342368518	0.0435207936771851	0.11
1.346883901	0.0422703590541212	0.11
1.360533959	0.0430958423668464	0.1
1.360981621	0.0430958423668464	0.1
1.36116959	0.0430958423668464	0.1
1.361545683	0.0430958423668464	0.1
1.361952473	0.0430958423668464	0.1
1.362110213	0.0430958423668464	0.1
1.362279458	0.0430958423668464	0.1
1.365659238	0.043954209006516	0.1
1.368077892	0.043954209006516	0.1
1.369020462	0.043954209006516	0.1
1.373967278	0.0430958423668464	0.11
1.377274175	0.0697573657654919	0.11
1.377544294	0.0697573657654919	0.11
1.379222918	0.0691329923969496	0.11
1.38563755	0.0759291396060831	0.1
1.385801753	0.0759291396060831	0.1
1.418305639	0.0744650756377038	0.09
1.430594094	0.0673251811494612	0.1
1.440102642	0.0673251811494612	0.11
1.450928234	0.0650568851288073	0.12
1.45657643	0.0650568851288073	0.13
1.457818346	0.0650568851288073	0.13
1.484067531	0.0639791045292533	0.15
1.484117024	0.0639791045292533	0.15
1.485393153	0.0645134937164963	0.15
1.485917469	0.0639791045292533	0.16
1.488337206	0.0639791045292533	0.16
1.494140559	0.0629364525875062	0.16
1.502972103	0.0629364525875062	0.17
1.506038743	0.0629364525875062	0.18
1.511734415	0.0629364525875062	0.18
1.511964569	0.0629364525875062	0.18
1.512194724	0.0629364525875062	0.18
1.515375804	0.0634534956985936	0.18
1.516740221	0.0629364525875062	0.19
1.517647523	0.0624277674982113	0.19
1.519065464	0.0624277674982113	0.19
1.558319819	0.111416289758774	0.23
1.558531046	0.111416289758774	0.23
1.55916507	0.11096808778078	0.23
1.561070241	0.101877336032902	0.22
1.595407686	0.122705141767999	0.19
1.652341299	0.131652150967346	0.14
1.707257935	0.160350468336203	0.08
1.718627381	0.156558517774829	0.07
1.75282717	0.147271427593247	0.04
1.758275756	0.16165560344896	0.03
1.768990518	0.160350468336203	0.02
1.77492366	0.156805726100144	0.01
1.778615293	0.169955480624372	0.01
1.780115455	0.156558517774829	0.01
1.780627841	0.156558517774829	0.01
1.780657572	0.156558517774829	0.01
1.780928629	0.156558517774829	0.01
1.78092863	0.156558517774829	0.01
1.781081012	0.156558517774829	0.01
1.781170031	0.156558517774829	0.01
1.781170032	0.156558517774829	0.01
1.781381862	0.156558517774829	0.01
1.781411498	0.156558517774829	0.01
1.781411499	0.156558517774829	0.01
1.781623424	0.156558517774829	0.01
1.781653031	0.156558517774829	0.01
1.7818108	0.156558517774829	0.01
1.781894629	0.156558517774829	0.01
1.782136292	0.156558517774829	0.01
1.782136293	0.156558517774829	0.01
1.782378022	0.156558517774829	0.01
1.782590324	0.156558517774829	0.01
1.782619816	0.156558517774829	0.01
1.783044725	0.156558517774829	0.01
1.783103602	0.156558517774829	0.01
1.783286774	0.156558517774829	0.01
1.783345594	0.156558517774829	0.01
1.783587651	0.156558517774829	0.01
1.783829774	0.156558517774829	0.01
1.783925287	0.156558517774829	0.01
1.784013316	0.156558517774829	0.01
1.784314217	0.156558517774829	0.01
1.78446873	0.156558517774829	0.01
1.784506241	0.156558517774829	0.01
1.784933025	0.157802415939302	0.01
1.785009515	0.157802415939302	0.01
1.785322292	0.156558517774829	0.01
1.785497332	0.156558517774829	0.01
1.785988286	0.15533407661761	0.01
1.787927091	0.152941767373859	0.01
1.788266632	0.152941767373859	0.01
1.788780487	0.15533407661761	0.01
1.78918715	0.15533407661761	0.01
1.789358594	0.15533407661761	0.01
1.789747139	0.15533407661761	0.01
1.790033715	0.15533407661761	0.01
1.790095821	0.15533407661761	0.01
1.794856772	0.152533215544685	0.02
1.795172249	0.143885139214139	0.02
1.795643534	0.139151509728854	0.02
1.796645824	0.135438390803753	0.02
1.796669094	0.135438390803753	0.02
1.801889818	0.121207470073982	0.02
1.808733518	0.147898095577862	0.03
1.809599251	0.147898095577862	0.03
1.812688451	0.145682835314704	0.03
1.813716026	0.140798472308135	0.03
1.813793197	0.140798472308135	0.03
1.814069382	0.143235464988084	0.03
1.814069384	0.143235464988084	0.03
1.814345569	0.13616507659224	0.03
1.814596154	0.129995061535908	0.03
1.814621756	0.129995061535908	0.03
1.814621757	0.129995061535908	0.03
1.814846808	0.129995061535908	0.03
1.814872379	0.129995061535908	0.03
1.815123071	0.132394729631873	0.03
1.815288509	0.132394729631873	0.03
1.815322808	0.133628096018843	0.03
1.815373832	0.133628096018843	0.03
1.815624663	0.13616507659224	0.03
1.815875562	0.13616507659224	0.03
1.816101116	0.108140432042918	0.03
1.816374833	0.108140432042918	0.03
1.81637757	0.108140432042918	0.03
1.817382419	0.107090871402248	0.03
1.817399416	0.107090871402248	0.03
1.818036082	0.108140432042918	0.03
1.818363245	0.144440839553703	0.04
1.819395454	0.145804162911188	0.04
1.819410514	0.145804162911188	0.04
1.819581019	0.145804162911188	0.04
1.820606159	0.146495521278194	0.04
1.823267442	0.144560106403528	0.04
1.824985083	0.126554345730604	0.04
1.829613575	0.143102775180036	0.05
1.830016016	0.143102775180036	0.05
1.835137623	0.126554345730604	0.05
1.836263396	0.103088746079212	0.05
1.839735229	0.143102775180036	0.06
1.844053766	0.137294599159375	0.06
1.846490238	0.103088746079212	0.06
1.860668056	0.139233305985396	0.08
1.860714054	0.139233305985396	0.08
1.876458705	0.107090871402248	0.08
1.932723098	0.0946397025295411	0.12
1.933588634	0.0946397025295411	0.12
1.934242286	0.113908378169607	0.13
1.937910579	0.113908378169607	0.13
1.938319698	0.113908378169607	0.13
1.939501786	0.114896816093054	0.13
1.945075766	0.115358827248208	0.14
1.947078383	0.115358827248208	0.14
1.956133657	0.115358827248208	0.15
1.95745413	0.115358827248208	0.15
1.959079535	0.116294086677504	0.15
1.961031557	0.0919239620307275	0.15
2.03833515	0.104439802339923	0.23
2.039242563	0.10520580339753	0.23
2.04617014	0.101484186151019	0.24
2.049316864	0.102207295372935	0.24
2.057670659	0.101484186151019	0.25
2.058434493	0.101484186151019	0.25
2.058810915	0.102207295372935	0.25
2.060706206	0.0805201692220635	0.25
2.077371996	0.101484186151019	0.27
2.077653506	0.101484186151019	0.27
2.077935092	0.101484186151019	0.27
2.079378601	0.102207295372935	0.27
2.080200147	0.0805201692220635	0.27
2.117539144	0.101484186151019	0.31
2.119081815	0.102207295372935	0.31
2.130868897	0.0805201692220635	0.32
2.175983465	0.101484186151019	0.37
2.201956234	0.0799368334593483	0.39
2.22607531	0.104766718378317	0.42
2.226980498	0.104766718378317	0.42
2.244892022	0.127510583409488	0.43
2.268175967	0.138171076615523	0.41
2.273953022	0.133960884395827	0.4
2.279085054	0.140237065663721	0.4
2.283420782	0.135053987535303	0.39
2.57811595	0.176649800447674	0.15
2.634889835	0.183650190301015	0.09
2.63880046	0.176649800447674	0.09
2.644514931	0.183650190301015	0.08
2.64482266	0.183650190301015	0.08
2.65353762	0.185117379989622	0.07
2.664122924	0.185117379989622	0.06
2.669724846	0.178006855820466	0.06
2.670697515	0.184915929752565	0.06
2.67074212	0.184915929752565	0.06
2.670831293	0.184915929752565	0.06
2.671148642	0.184915929752565	0.06
2.671193019	0.184915929752565	0.06
2.671193179	0.184915929752565	0.06
2.671237545	0.184915929752565	0.06
2.671237705	0.184915929752565	0.06
2.671599486	0.184915929752565	0.06
2.671599646	0.184915929752565	0.06
2.671872794	0.197756462690921	0.05
2.671961685	0.197756462690921	0.05
2.672323822	0.186608201362581	0.05
2.672686057	0.185117379989622	0.05
2.67300408	0.185117379989622	0.05
2.673410821	0.185117379989622	0.05
2.674498542	0.185117379989622	0.05
2.674640938	0.185117379989622	0.05
2.67498819	0.185117379989622	0.05
2.675753192	0.183650190301015	0.05
2.675906626	0.180784493469169	0.05
2.67595059	0.180784493469169	0.05
2.677404052	0.178006855820466	0.05
2.678640892	0.178006855820466	0.05
2.679543675	0.178006855820466	0.05
2.68050645	0.178006855820466	0.05
2.690797174	0.183650190301015	0.04
2.690995907	0.183650190301015	0.04
2.692790444	0.186909251763519	0.03
2.697875326	0.164330665440287	0.03
2.700424629	0.165701673432094	0.03
2.714352711	0.172314720030041	0.05
2.720992773	0.167764322814139	0.05
2.721223607	0.176225545074274	0.05
2.721339166	0.184915929752565	0.06
2.721714851	0.184915929752565	0.06
2.721753239	0.184915929752565	0.06
2.722090639	0.184915929752565	0.06
2.72212898	0.184915929752565	0.06
2.722504826	0.184915929752565	0.06
2.725138453	0.169665110325496	0.06
2.725892101	0.169665110325496	0.06
2.727362573	0.169665110325496	0.06
2.730687704	0.170979650783551	0.06
2.733911556	0.182140972643388	0.07
2.742221604	0.180784493469169	0.08
2.744776734	0.167095750482132	0.08
2.758261585	0.167095750482132	0.09
2.767264537	0.167095750482132	0.1
2.784781798	0.157552057520043	0.12
2.795646082	0.157552057520043	0.13
2.814579483	0.157552057520043	0.15
2.870516676	0.157552057520043	0.2
2.874914635	0.156435205679735	0.21
2.884109016	0.168253927433849	0.22
2.901070252	0.15533407661761	0.23
3.017087015	0.15852212998184	0.35
3.091199805	0.161000390946085	0.42
3.116410384	0.19443760498854	0.45
3.116832706	0.19443760498854	0.45
3.479484296	0.17367080273746	0.78
3.560201153	0.17367080273746	0.860000000000001
3.561648443	0.18761549446154	0.870000000000001
3.562131134	0.18761549446154	0.870000000000001
3.563861522	0.170319844163519	0.870000000000001
3.565454716	0.170319844163519	0.870000000000001
3.567214517	0.170319844163519	0.870000000000001
3.568359469	0.17367080273746	0.870000000000001
3.571210711	0.194180328063969	0.880000000000001
3.571812505	0.194180328063969	0.880000000000001
3.575584373	0.1843377245849	0.870000000000001
3.62901857	0.174756565538345	0.910000000000001
3.62939674	0.174756565538345	0.910000000000001
3.629519691	0.174756565538345	0.910000000000001
3.631023885	0.176225545074274	0.910000000000001
3.633483005	0.170492983263792	0.920000000000001
3.639968026	0.173311873761216	0.920000000000001
3.778072999	0.171890872329579	1.06
3.82876748	0.183650190301015	1.11
3.963711323	0.180784493469169	1.25
4.442577106	0.294533990756854	1.72
4.445571488	0.297368905009422	1.72
4.452121847	0.278598189185984	1.73
4.45272527	0.294533990756854	1.73
4.453328856	0.294533990756854	1.73
4.453932605	0.294533990756854	1.73
4.464002998	0.294533990756854	1.74
4.475601202	0.297368905009422	1.75
4.536342962	0.276678989913505	1.8
4.536969429	0.276678989913505	1.8
4.537444354	0.276678989913505	1.8
4.537596069	0.276678989913505	1.8
4.550359745	0.271443240607443	1.81
4.773228095	0.279373344712016	2.03
4.848628454	0.271443240607443	2.11
4.895921957	0.282120691881995	2.15
5.341769851	0.3234741145712	2.32999999999999
5.342582978	0.3234741145712	2.32999999999999
5.343129076	0.3234741145712	2.32999999999999
5.343307119	0.3234741145712	2.32999999999999
5.346842194	0.3234741145712	2.32999999999999
5.443653327	0.330937030149298	2.32999999999999
6.232084175	0.287325652165587	2.66999999999999
6.234722781	0.295423369756995	2.66999999999999
6.244676548	0.295423369756995	2.67999999999999
6.35095118	0.26889897867874	2.77999999999998
6.358499262	0.26889897867874	2.78999999999998
7	0.300258922205172	3.22999999999998
