thrs	post_p	finalwindow
0	0.0543004689296681	0.23
0.03256001	0.0509757941293855	0.2
0.082355146	0.0404500350791668	0.18
0.089689176	0.0409473903574079	0.17
0.103967892	0.0404500350791668	0.17
0.113424721	0.0404500350791668	0.18
0.115659216	0.081563571318201	0.19
0.127695348	0.0405732377654788	0.17
0.128068503	0.0405732377654788	0.17
0.129609166	0.0575868389845343	0.17
0.129730945	0.0575868389845343	0.17
0.130460633	0.0575868389845343	0.17
0.14705261	0.0803823540039541	0.16
0.148782099	0.0394907107719287	0.15
0.151339737	0.0575868389845343	0.15
0.161204767	0.0575868389845343	0.14
0.172569069	0.0699925104743797	0.13
0.178062567	0.0413285077925141	0.12
0.178140913	0.0413285077925141	0.12
0.178358463	0.0413285077925141	0.12
0.181430774	0.0586001519092458	0.12
0.181486006	0.0586001519092458	0.12
0.181824923	0.0586001519092458	0.12
0.186084933	0.0827800223273616	0.12
0.194681585	0.0846742893963761	0.11
0.222049977	0.0747026113592057	0.09
0.222622275	0.061865981374751	0.08
0.222656148	0.061865981374751	0.08
0.222697977	0.061865981374751	0.08
0.222812147	0.0714403569715747	0.08
0.222924291	0.0808212792474656	0.08
0.223196808	0.0786733138229948	0.08
0.226694446	0.0759808824892775	0.08
0.226728961	0.0759808824892775	0.08
0.226867021	0.0759808824892775	0.08
0.226929675	0.0759808824892775	0.08
0.226957829	0.0759808824892775	0.08
0.227177477	0.0766365644396719	0.08
0.230426372	0.0766365644396719	0.08
0.24235868	0.0786733138229948	0.07
0.242875367	0.0793765031558108	0.07
0.242941212	0.0793765031558108	0.07
0.243116147	0.0793765031558108	0.07
0.249436037	0.081563571318201	0.07
0.254481698	0.0823196247397651	0.07
0.256228734	0.0846742893963761	0.07
0.256259656	0.0846742893963761	0.07
0.256650521	0.0846742893963761	0.07
0.259750174	0.0808212792474656	0.07
0.295749179	0.0734666388307992	0.07
0.296839561	0.0763541773015975	0.06
0.296874128	0.0763541773015975	0.06
0.296879772	0.0763541773015975	0.06
0.296919994	0.0763541773015975	0.06
0.296960227	0.0763541773015975	0.06
0.297207868	0.0756112199878643	0.06
0.29723727	0.0756112199878643	0.06
0.297242165	0.0756112199878643	0.06
0.297345093	0.0756112199878643	0.06
0.297631463	0.0756112199878643	0.06
0.29855614	0.0748825818981278	0.06
0.298682719	0.0748825818981278	0.06
0.299120783	0.0748825818981278	0.06
0.29926506	0.0748825818981278	0.06
0.302397905	0.0748825818981278	0.06
0.302406093	0.0748825818981278	0.06
0.30240618	0.0748825818981278	0.06
0.302443572	0.0748825818981278	0.06
0.302452098	0.0748825818981278	0.06
0.302453753	0.0748825818981278	0.06
0.302531356	0.0748825818981278	0.06
0.302757814	0.0748825818981278	0.06
0.302844832	0.0748825818981278	0.06
0.303037639	0.0771118801309955	0.06
0.303062807	0.0771118801309955	0.06
0.304168238	0.0701504777132832	0.07
0.305094409	0.0701504777132832	0.07
0.306464617	0.0701504777132832	0.07
0.307314933	0.0771118801309955	0.06
0.308759935	0.0756112199878643	0.06
0.322435043	0.0748825818981278	0.07
0.322591403	0.0748825818981278	0.07
0.323097253	0.0748825818981278	0.07
0.323537089	0.0748825818981278	0.07
0.323808824	0.0748825818981278	0.07
0.327195424	0.0727785596118379	0.08
0.328591896	0.0727785596118379	0.08
0.330254195	0.0734666388307992	0.08
0.333944256	0.0714403569715747	0.08
0.338071632	0.0734666388307992	0.08
0.340262381	0.0734666388307992	0.08
0.350684009	0.0734666388307992	0.07
0.356206548	0.0756112199878643	0.06
0.356351443	0.0756112199878643	0.06
0.356437896	0.0748825818981278	0.06
0.356490553	0.0748825818981278	0.06
0.357086112	0.0734666388307992	0.07
0.357959666	0.0734666388307992	0.07
0.360733393	0.0734666388307992	0.07
0.362945858	0.0734666388307992	0.07
0.363936107	0.0734666388307992	0.07
0.367161303	0.0727785596118379	0.08
0.367663989	0.0717702727082381	0.08
0.387745392	0.0515392968979303	0.06
0.389825341	0.0555457832241247	0.06
0.398731854	0.0529439186118197	0.05
0.411578949	0.0663329271412875	0.04
0.415094538	0.0590155329466362	0.04
0.415772448	0.0642532346513096	0.03
0.416416237	0.0671207589908017	0.03
0.418471182	0.0622791795144581	0.03
0.438815006	0.066545950327526	0.01
0.440249622	0.0728638638249288	0.01
0.440316292	0.0728638638249288	0.01
0.441698853	0.0728638638249288	0.01
0.441750067	0.0722708995543911	0.01
0.444236336	0.0605535993919828	0.01
0.444770984	0.057093211517209	0.01
0.445049535	0.057093211517209	0.01
0.445117302	0.0630370143972991	0.01
0.445156208	0.0630370143972991	0.01
0.445185067	0.0626810759243363	0.01
0.445185068	0.0626810759243363	0.01
0.445245414	0.0626810759243363	0.01
0.44525283	0.0626810759243363	0.01
0.445252832	0.0626810759243363	0.01
0.445252833	0.0626810759243363	0.01
0.445252835	0.0626810759243363	0.01
0.445305777	0.0626810759243363	0.01
0.44531318	0.0626810759243363	0.01
0.445313188	0.0626810759243363	0.01
0.44531319	0.0626810759243363	0.01
0.445373562	0.0626810759243363	0.01
0.445419149	0.0626810759243363	0.01
0.445433949	0.0626810759243363	0.01
0.445479567	0.0623291344949186	0.01
0.445494353	0.0623291344949186	0.01
0.445540001	0.0623291344949186	0.01
0.445554774	0.0612966303435394	0.01
0.445578303	0.0612966303435394	0.01
0.445615211	0.0612966303435394	0.01
0.445653547	0.0612966303435394	0.01
0.445736134	0.0612966303435394	0.01
0.445849774	0.0670155108781353	0.01
0.445857123	0.0670155108781353	0.01
0.445917642	0.0670155108781353	0.01
0.445970843	0.0670155108781353	0.01
0.446038729	0.0670155108781353	0.01
0.446319857	0.0670155108781353	0.01
0.446341735	0.0670155108781353	0.01
0.446394864	0.0670155108781353	0.01
0.446395102	0.0670155108781353	0.01
0.446772341	0.0662879156182757	0.01
0.446967543	0.0648791152933138	0.01
0.447533088	0.0648791152933138	0.01
0.447542535	0.0648791152933138	0.01
0.447649603	0.0645362222860425	0.01
0.447928306	0.0641969346757069	0.01
0.448701687	0.0685517502229131	0.01
0.448791313	0.0685517502229131	0.01
0.449051315	0.0689063507744456	0.01
0.449552291	0.0685517502229131	0.01
0.449715173	0.0685517502229131	0.01
0.451750007	0.0689063507744456	0.01
0.453102774	0.0525856341183989	0.01
0.453312195	0.052310303380033	0.01
0.453607731	0.052310303380033	0.01
0.453670383	0.052310303380033	0.01
0.45367678	0.052310303380033	0.01
0.453739439	0.052310303380033	0.01
0.453802119	0.052310303380033	0.01
0.453864805	0.052310303380033	0.01
0.453864814	0.052310303380033	0.01
0.453927527	0.052310303380033	0.01
0.453977538	0.052310303380033	0.01
0.453990257	0.052310303380033	0.01
0.454115767	0.052310303380033	0.01
0.454131662	0.052310303380033	0.01
0.454159539	0.052310303380033	0.01
0.454278877	0.052863878551599	0.01
0.454379121	0.052863878551599	0.01
0.454423548	0.052863878551599	0.01
0.454543029	0.052863878551599	0.01
0.454618511	0.052863878551599	0.01
0.454637485	0.052863878551599	0.01
0.455078808	0.0543004689296681	0.01
0.455180191	0.0552005225203988	0.01
0.455439212	0.0538613597686678	0.01
0.455550168	0.0556618319037162	0.01
0.455755613	0.061865981374751	0.01
0.456455968	0.0664984936851502	0.02
0.456880284	0.0664984936851502	0.02
0.45760535	0.0661681829979912	0.02
0.457901934	0.0661681829979912	0.02
0.458022431	0.0661681829979912	0.02
0.458619789	0.0655173090853502	0.02
0.458664131	0.0655173090853502	0.02
0.459124851	0.0651966504466763	0.02
0.460382332	0.0655173090853502	0.02
0.46331093	0.0502072792373349	0.02
0.472596627	0.0405732377654788	0.02
0.47699163	0.0435156224347147	0.03
0.478409458	0.0456636503794979	0.03
0.478419311	0.0456636503794979	0.03
0.478888149	0.0468192003295316	0.03
0.479732593	0.0388005571502611	0.03
0.479936634	0.0388005571502611	0.03
0.483511101	0.0296470597194825	0.03
0.483671852	0.0310281734506462	0.03
0.483988273	0.0411159045263559	0.04
0.484458594	0.0414571283981585	0.04
0.484927676	0.0419797174752725	0.04
0.485802156	0.0417167863735121	0.04
0.48628356	0.0361473191720014	0.04
0.486776039	0.0383979237367806	0.04
0.489107131	0.041874148308449	0.04
0.489424331	0.0415606027344978	0.04
0.499369323	0.0381341119295296	0.05
0.50407637	0.0313199828835517	0.05
0.508934563	0.0352295859065819	0.06
0.511690912	0.0291284383290536	0.06
0.514553924	0.0310281734506462	0.06
0.514742139	0.0322292997365753	0.06
0.514839037	0.0322292997365753	0.06
0.515124567	0.0217195349584889	0.06
0.516063638	0.0305724224351231	0.07
0.51682809	0.0321670391006636	0.07
0.518492841	0.033527164016499	0.07
0.518564452	0.033527164016499	0.07
0.529143364	0.0261545207985834	0.07
0.534308248	0.0192689749302553	0.06
0.534453117	0.0191031777699332	0.06
0.534888196	0.0191031777699332	0.06
0.536755919	0.0274479089626212	0.06
0.539174229	0.0283836576262026	0.06
0.544416783	0.0293854609267143	0.06
0.546060858	0.0452910393009036	0.06
0.55657045	0.0497571933322629	0.05
0.556645891	0.0497571933322629	0.05
0.556807604	0.0497571933322629	0.05
0.55802857	0.0497571933322629	0.05
0.559788571	0.0484540854230115	0.05
0.562444529	0.0493151053687093	0.05
0.566766402	0.054123968888298	0.05
0.572491616	0.048880804041238	0.06
0.574371638	0.048880804041238	0.06
0.583655412	0.0468192003295316	0.06
0.59079165	0.0516077555386348	0.05
0.591193432	0.0516077555386348	0.05
0.591819223	0.0502072792373349	0.05
0.593402747	0.0502072792373349	0.05
0.593673806	0.0502072792373349	0.05
0.593673808	0.0502072792373349	0.05
0.593754277	0.0502072792373349	0.05
0.593754278	0.0502072792373349	0.05
0.593824895	0.0502072792373349	0.05
0.593915284	0.0502072792373349	0.05
0.594152812	0.0497571933322629	0.05
0.594237558	0.0497571933322629	0.05
0.594318181	0.0497571933322629	0.05
0.595015574	0.0516077555386348	0.05
0.595196772	0.0516077555386348	0.05
0.595887104	0.0511323290259926	0.05
0.596219211	0.0516077555386348	0.05
0.596894832	0.050665582104728	0.05
0.602148457	0.0493151053687093	0.05
0.602674298	0.0493151053687093	0.05
0.604317115	0.0493151053687093	0.05
0.604813246	0.0493151053687093	0.05
0.604905308	0.0493151053687093	0.05
0.604905312	0.0493151053687093	0.05
0.604988853	0.0493151053687093	0.05
0.605716504	0.0493151053687093	0.05
0.606051871	0.0493151053687093	0.05
0.60631275	0.0493151053687093	0.05
0.608524688	0.054123968888298	0.04
0.608756287	0.054123968888298	0.04
0.624510489	0.0552005225203988	0.04
0.636066531	0.0643419058298909	0.05
0.63624959	0.0643419058298909	0.05
0.637031954	0.0643419058298909	0.05
0.637881775	0.0643419058298909	0.05
0.638075882	0.0643419058298909	0.05
0.641599528	0.0627823618035387	0.05
0.644129804	0.0594216943855426	0.06
0.64559646	0.0594216943855426	0.06
0.646569798	0.0594216943855426	0.06
0.64801212	0.0594216943855426	0.06
0.648110758	0.0594216943855426	0.06
0.65703705	0.06215464169052	0.07
0.659386285	0.06215464169052	0.07
0.667879261	0.0552005225203988	0.07
0.667879263	0.0552005225203988	0.07
0.667969788	0.0552005225203988	0.07
0.669490645	0.0552005225203988	0.07
0.680410924	0.0516077555386348	0.08
0.680589305	0.0516077555386348	0.08
0.68060848	0.0516077555386348	0.08
0.680786967	0.0516077555386348	0.08
0.689921535	0.0556618319037162	0.09
0.690723937	0.0556618319037162	0.09
0.692614054	0.0566079747564804	0.09
0.696262833	0.0538613597686678	0.1
0.697379755	0.0543004689296681	0.1
0.7123899	0.0538613597686678	0.11
0.71365913	0.0543004689296681	0.11
0.715679053	0.0417167863735121	0.11
0.717816093	0.0437730089050634	0.11
0.719314887	0.0521737163815546	0.12
0.725609694	0.0409473903574079	0.12
0.725869057	0.0417167863735121	0.12
0.725979546	0.0417167863735121	0.12
0.726772429	0.042926665883304	0.12
0.735438378	0.0433457064876248	0.12
0.7500464	0.0425156497753982	0.12
0.75180067	0.0417167863735121	0.12
0.756100951	0.0398450771303894	0.12
0.756122282	0.0398450771303894	0.12
0.762884543	0.0433457064876248	0.12
0.763284143	0.0433457064876248	0.12
0.763491091	0.0433457064876248	0.12
0.765321243	0.0421124298500843	0.12
0.7676628	0.0425156497753982	0.12
0.772093843	0.131845439209621	0.12
0.778829055	0.130946144018135	0.12
0.779184816	0.129697236719725	0.12
0.786383987	0.129095289997667	0.11
0.794958533	0.140338188741312	0.1
0.817085993	0.136877358221058	0.08
0.828284953	0.141819272914894	0.07
0.849686346	0.141131163063299	0.05
0.866065884	0.146542243083504	0.03
0.867661243	0.147812838907333	0.03
0.870144812	0.142744302977478	0.03
0.874413626	0.157156569918934	0.02
0.875213305	0.152147336218311	0.02
0.875954975	0.147904439390122	0.02
0.877564409	0.14913671803606	0.02
0.87832845	0.148251512642355	0.02
0.882218863	0.159493304620254	0.01
0.882485476	0.15835570606301	0.01
0.883671839	0.158248209128193	0.01
0.884296127	0.159786948428617	0.01
0.885048106	0.157675694619298	0.01
0.885800269	0.154112215198421	0.01
0.886381245	0.153616252939229	0.01
0.887670141	0.155158627244589	0.01
0.888863234	0.153726190707976	0.01
0.889014569	0.151856917514488	0.01
0.889576687	0.150939225329264	0.01
0.889752182	0.150939225329264	0.01
0.890068113	0.150939225329264	0.01
0.890083013	0.150939225329264	0.01
0.890218543	0.150484526011714	0.01
0.890309475	0.15003255799887	0.01
0.890354074	0.15003255799887	0.01
0.890354075	0.15003255799887	0.01
0.890419078	0.15003255799887	0.01
0.890474761	0.15003255799887	0.01
0.890489605	0.15003255799887	0.01
0.890489606	0.15003255799887	0.01
0.890506418	0.15003255799887	0.01
0.890580647	0.15003255799887	0.01
0.890595481	0.15003255799887	0.01
0.89061031	0.15003255799887	0.01
0.890610311	0.15003255799887	0.01
0.890701414	0.14958329675467	0.01
0.890716233	0.14958329675467	0.01
0.890731049	0.14958329675467	0.01
0.890737499	0.14958329675467	0.01
0.890822213	0.14958329675467	0.01
0.890837018	0.14958329675467	0.01
0.890851819	0.14958329675467	0.01
0.890928251	0.14958329675467	0.01
0.890957836	0.14958329675467	0.01
0.890972623	0.14958329675467	0.01
0.891093459	0.148692797888636	0.01
0.89119957	0.148692797888636	0.01
0.891214328	0.148692797888636	0.01
0.891244043	0.148692797888636	0.01
0.891246709	0.148692797888636	0.01
0.89133523	0.148692797888636	0.01
0.891382479	0.148692797888636	0.01
0.891441435	0.148692797888636	0.01
0.89149835	0.148692797888636	0.01
0.891521465	0.148692797888636	0.01
0.891562417	0.148692797888636	0.01
0.891577132	0.148692797888636	0.01
0.891698132	0.148692797888636	0.01
0.891793338	0.148692797888636	0.01
0.891881522	0.148692797888636	0.01
0.892017347	0.148692797888636	0.01
0.89206133	0.148692797888636	0.01
0.89216782	0.148692797888636	0.01
0.892182462	0.148692797888636	0.01
0.892215798	0.148692797888636	0.01
0.892307805	0.15003255799887	0.01
0.892546055	0.150484526011714	0.01
0.892568748	0.150484526011714	0.01
0.892924751	0.156128508298095	0.01
0.892951888	0.155199653242116	0.01
0.892952212	0.155199653242116	0.01
0.893016766	0.155199653242116	0.01
0.893313967	0.155199653242116	0.01
0.893395592	0.155199653242116	0.01
0.894085351	0.155199653242116	0.01
0.89420355	0.155199653242116	0.01
0.894232534	0.154739357948973	0.01
0.894511483	0.155199653242116	0.01
0.894690708	0.154739357948973	0.01
0.894906463	0.154739357948973	0.01
0.894913415	0.154739357948973	0.01
0.894970751	0.154739357948973	0.01
0.895081202	0.155199653242116	0.01
0.895086463	0.155199653242116	0.01
0.895300675	0.155199653242116	0.01
0.89539422	0.154739357948973	0.01
0.895524497	0.157513100118507	0.01
0.89592425	0.157980104217613	0.01
0.89685771	0.157980104217613	0.01
0.896928207	0.157513100118507	0.01
0.89693811	0.157513100118507	0.01
0.897131294	0.15521889164785	0.01
0.897197773	0.154768046400348	0.01
0.897282137	0.152117032451589	0.01
0.897316929	0.150825293087103	0.01
0.898155973	0.129353889817827	0.01
0.898485328	0.127118034816871	0.01
0.898662437	0.125759456089498	0.01
0.89889623	0.122359382898899	0.01
0.898920463	0.122359382898899	0.01
0.899325427	0.121852545254291	0.01
0.899413875	0.122851449772154	0.01
0.900113547	0.122851449772154	0.01
0.900274359	0.12310374011601	0.01
0.900690942	0.0730064827637094	0.01
0.901007608	0.0765045242894219	0.01
0.902860993	0.0567192189536507	0.01
0.902932441	0.0571686026550153	0.01
0.903685884	0.053215852406683	0.01
0.903876527	0.0527940417583774	0.01
0.904220945	0.04860839106415	0.01
0.904513058	0.0491958960350516	0.01
0.905345526	0.0506235727516074	0.01
0.905424433	0.0508343190581973	0.01
0.906197141	0.0521365890866827	0.01
0.906922556	0.0521365890866827	0.01
0.906983581	0.0528130698505933	0.01
0.907060652	0.0528130698505933	0.01
0.907185931	0.053507336283398	0.01
0.907198748	0.0539804109402438	0.01
0.907298438	0.0446035577468489	0.01
0.907311244	0.0446035577468489	0.01
0.907324045	0.0448035819655878	0.01
0.907336843	0.0448035819655878	0.01
0.907336844	0.0448035819655878	0.01
0.907436592	0.0448035819655878	0.01
0.907449378	0.0448035819655878	0.01
0.90746216	0.0448035819655878	0.01
0.9075492	0.0448035819655878	0.01
0.907574745	0.0448035819655878	0.01
0.907587512	0.0448035819655878	0.01
0.907674633	0.0448035819655878	0.01
0.907712898	0.0448035819655878	0.01
0.907963773	0.0448035819655878	0.01
0.907963774	0.0448035819655878	0.01
0.908089263	0.0448035819655878	0.01
0.908089264	0.0448035819655878	0.01
0.908151307	0.0448035819655878	0.01
0.90817671	0.0452090611512628	0.01
0.908202099	0.0452090611512628	0.01
0.908214789	0.0452090611512628	0.01
0.908289632	0.0450054082791107	0.01
0.908453284	0.0450054082791107	0.01
0.908566283	0.0448035819655878	0.01
0.908578929	0.0448035819655878	0.01
0.908691978	0.0450054082791107	0.01
0.908729307	0.0450054082791107	0.01
0.908816452	0.0450054082791107	0.01
0.908830322	0.0446035577468489	0.01
0.908855181	0.0444053115939796	0.01
0.908956071	0.0452090611512628	0.01
0.909207673	0.0450054082791107	0.01
0.909270732	0.0450054082791107	0.01
0.909308419	0.0450054082791107	0.01
0.909346075	0.0452090611512628	0.01
0.90938549	0.0452090611512628	0.01
0.909409249	0.0452090611512628	0.01
0.909838426	0.0450054082791107	0.01
0.909914657	0.0450054082791107	0.01
0.910014581	0.0446035577468489	0.01
0.910051995	0.0446035577468489	0.01
0.910204731	0.0448035819655878	0.01
0.910467776	0.0450054082791107	0.01
0.910628128	0.0450054082791107	0.01
0.911049792	0.0456219466610697	0.01
0.91113001	0.0456219466610697	0.01
0.911351929	0.0456219466610697	0.01
0.911404622	0.0454145654907048	0.01
0.911776598	0.0454145654907048	0.01
0.912015459	0.0446035577468489	0.01
0.912630246	0.0440140594873628	0.01
0.912776305	0.0440140594873628	0.01
0.912811242	0.0440140594873628	0.01
0.912967277	0.0348816715720005	0.01
0.913006436	0.0348816715720005	0.01
0.913139907	0.0348816715720005	0.01
0.913751419	0.0342663948150671	0.01
0.914018042	0.0344181700820864	0.01
0.914983658	0.0388005571502611	0.01
0.915269563	0.0388005571502611	0.01
0.916024822	0.0342663948150671	0.01
0.916208994	0.0342663948150671	0.01
0.918238351	0.0430098245827245	0.02
0.918456927	0.0426791080877002	0.02
0.918483627	0.0426791080877002	0.02
0.918816837	0.0430098245827245	0.02
0.918837351	0.0430098245827245	0.02
0.919120121	0.0436868757715183	0.02
0.919655338	0.0440334582740089	0.02
0.920002472	0.0440334582740089	0.02
0.921364075	0.0447433865816532	0.02
0.921783065	0.0447433865816532	0.02
0.922455062	0.0447433865816532	0.02
0.922504312	0.0447433865816532	0.02
0.923268187	0.0362654087376538	0.02
0.923473233	0.0362654087376538	0.02
0.924160807	0.0362654087376538	0.02
0.924412009	0.0364141101680733	0.02
0.926193857	0.0322739193845224	0.02
0.929379518	0.0390737034922746	0.03
0.93064775	0.0389366512867092	0.03
0.93220206	0.0388005571502611	0.03
0.934700606	0.0317303003431077	0.03
0.938446291	0.0119223100344211	0.03
0.938770844	0.0128170674190875	0.03
0.941112169	0.00749501501541973	0.03
0.942896738	0.00809632135819895	0.03
0.944027825	0.00853190825750153	0.03
0.948845214	0.00939875122922242	0.03
0.951999424	0.0100816133689053	0.03
0.953473419	0.0108714756544188	0.03
0.956018846	0.00853190825750153	0.04
0.956296714	0.0086651047674005	0.04
0.956549025	0.0086651047674005	0.04
0.956766863	0.0086651047674005	0.04
0.956780018	0.0086651047674005	0.04
0.95679317	0.0086651047674005	0.04
0.957016096	0.0086651047674005	0.04
0.957077957	0.0086651047674005	0.04
0.957486775	0.0086651047674005	0.04
0.959031973	0.00916593615733501	0.04
0.959642592	0.00924224894971746	0.04
0.959665139	0.00939875122922242	0.04
0.959857154	0.00939875122922242	0.04
0.960819071	0.00956064502235402	0.04
0.960911853	0.00956064502235402	0.04
0.964446178	0.00833961836207576	0.05
0.964458654	0.00833961836207576	0.05
0.966653906	0.0086651047674005	0.05
0.966980911	0.0086651047674005	0.05
0.966980912	0.0086651047674005	0.05
0.966986309	0.0086651047674005	0.05
0.967139043	0.0086651047674005	0.05
0.967144414	0.0086651047674005	0.05
0.967297223	0.0086651047674005	0.05
0.967302571	0.0086651047674005	0.05
0.967302572	0.0086651047674005	0.05
0.967460779	0.0086651047674005	0.05
0.967608447	0.0086651047674005	0.05
0.967619041	0.0086651047674005	0.05
0.967772081	0.0086651047674005	0.05
0.967935716	0.0086651047674005	0.05
0.968083686	0.0086651047674005	0.05
0.968237002	0.0086651047674005	0.05
0.968861479	0.00916593615733501	0.05
0.969035555	0.00916593615733501	0.05
0.970292984	0.00931984312462752	0.05
0.970442597	0.00931984312462752	0.05
0.973766743	0.0103639849070216	0.05
0.981915796	0.00981422041730329	0.05
0.985118954	0.00981422041730329	0.05
1.019804062	0.0263615537009739	0.07
1.021711423	0.0263615537009739	0.07
1.023898132	0.027002796651648	0.07
1.027042278	0.0301844836172597	0.07
1.027349785	0.0310281734506462	0.07
1.028094642	0.0313199828835517	0.07
1.029637844	0.0319203836165229	0.07
1.029659545	0.0322292997365753	0.07
1.030020301	0.0331929960062392	0.07
1.030392053	0.0331929960062392	0.07
1.030397618	0.0331929960062392	0.07
1.031531241	0.0263615537009739	0.08
1.031720423	0.0263615537009739	0.08
1.032104884	0.0267856106164829	0.08
1.033463082	0.025750059841077	0.08
1.038905957	0.0299133580214067	0.08
1.039046839	0.0304605689669984	0.08
1.043349328	0.0328654236171436	0.08
1.054783865	0.0299133580214067	0.09
1.057424783	0.0267856106164829	0.1
1.058571278	0.027002796651648	0.1
1.067971123	0.027002796651648	0.11
1.068168044	0.027002796651648	0.11
1.06860264	0.027002796651648	0.11
1.068892568	0.027002796651648	0.11
1.070020858	0.0283836576262026	0.11
1.070326964	0.0283836576262026	0.11
1.076612069	0.0299133580214067	0.11
1.088407982	0.0439173213726686	0.13
1.112743253	0.0630370143972991	0.14
1.113082372	0.0624460083526018	0.14
1.113233383	0.0624460083526018	0.14
1.127882011	0.0661681829979912	0.12
1.13205703	0.0655173090853502	0.12
1.133642817	0.0648791152933138	0.12
1.133988353	0.0648791152933138	0.12
1.136767134	0.0648791152933138	0.12
1.137302108	0.0648791152933138	0.12
1.187305519	0.053004107895658	0.15
1.187446683	0.053004107895658	0.15
1.18762744	0.0513689422716904	0.15
1.192009701	0.051768201816781	0.15
1.192075895	0.051768201816781	0.15
1.203309389	0.0538613597686678	0.14
1.208724051	0.0417167863735121	0.13
1.208769953	0.0417167863735121	0.13
1.209215802	0.0417167863735121	0.13
1.209751115	0.0417167863735121	0.13
1.209825949	0.0417167863735121	0.13
1.210085375	0.0413285077925141	0.13
1.210771389	0.0413285077925141	0.13
1.212614931	0.0398450771303894	0.13
1.225416562	0.0405732377654788	0.12
1.226416878	0.0405732377654788	0.12
1.226767373	0.0405732377654788	0.12
1.246668032	0.0442088199033733	0.11
1.248955951	0.041874148308449	0.12
1.252855937	0.0472174906436033	0.11
1.265568721	0.0472174906436033	0.1
1.268447511	0.0452910393009036	0.1
1.270060331	0.0449244599464977	0.1
1.270253663	0.0438594823500914	0.1
1.270604589	0.0438594823500914	0.1
1.278899002	0.0296470597194825	0.09
1.285172518	0.0217195349584889	0.08
1.293113698	0.0283836576262026	0.09
1.302603198	0.0325442534864364	0.08
1.33510162	0.0331929960062392	0.09
1.335485912	0.0331929960062392	0.09
1.335508208	0.0331929960062392	0.09
1.335711503	0.0331929960062392	0.09
1.335892556	0.0331929960062392	0.09
1.33638917	0.0331929960062392	0.09
1.336413828	0.0331929960062392	0.09
1.336665633	0.0331929960062392	0.09
1.337117106	0.0328654236171436	0.1
1.337161305	0.0328654236171436	0.1
1.337524247	0.0328654236171436	0.1
1.337529375	0.0328654236171436	0.1
1.340005107	0.0328654236171436	0.1
1.342315002	0.0328654236171436	0.1
1.346883901	0.050665582104728	0.11
1.350085516	0.0502072792373349	0.11
1.360533959	0.0525856341183989	0.1
1.360981621	0.0525856341183989	0.1
1.36116959	0.0525856341183989	0.1
1.361338457	0.0525856341183989	0.1
1.361545683	0.0525856341183989	0.1
1.362110213	0.0525856341183989	0.1
1.362279458	0.0525856341183989	0.1
1.365659238	0.0530886031714915	0.1
1.368077892	0.0530886031714915	0.1
1.368578346	0.0546569451184145	0.1
1.370127164	0.0525856341183989	0.11
1.377139612	0.061865981374751	0.11
1.377274175	0.061865981374751	0.11
1.377544294	0.061865981374751	0.11
1.379222918	0.0636393142139415	0.11
1.418305639	0.0636393142139415	0.1
1.436494579	0.0636393142139415	0.11
1.448119954	0.061865981374751	0.12
1.450462129	0.0607376631954354	0.12
1.450674974	0.0607376631954354	0.12
1.450928234	0.0607376631954354	0.12
1.454003033	0.0607376631954354	0.12
1.457818346	0.0607376631954354	0.13
1.484117024	0.0601887984240063	0.15
1.485393153	0.0612966303435394	0.15
1.485917469	0.0601887984240063	0.16
1.494140559	0.059649764607187	0.16
1.506038743	0.059649764607187	0.18
1.511734415	0.059649764607187	0.18
1.512194724	0.059649764607187	0.18
1.512403577	0.059649764607187	0.18
1.512821455	0.059649764607187	0.18
1.513239565	0.059649764607187	0.18
1.516740221	0.059649764607187	0.19
1.517647523	0.0575868389845343	0.19
1.558531046	0.141531020243387	0.23
1.55916507	0.139749281288983	0.23
1.561070241	0.133018165272664	0.22
1.56916589	0.159217217981841	0.22
1.611568792	0.167194439352247	0.17
1.652341299	0.198806007858819	0.13
1.707257935	0.215477549881385	0.08
1.730827961	0.205504976617418	0.06
1.745720251	0.204501158375373	0.04
1.75282717	0.210373144074323	0.04
1.768990518	0.222681621267494	0.02
1.777374698	0.236519887828961	0.01
1.778615293	0.234438617803175	0.01
1.77861633	0.234438617803175	0.01
1.780115455	0.224558540413351	0.01
1.780657571	0.224558540413351	0.01
1.780657572	0.224558540413351	0.01
1.780928629	0.224558540413351	0.01
1.78092863	0.224558540413351	0.01
1.781170031	0.224558540413351	0.01
1.781170032	0.224558540413351	0.01
1.781381862	0.224558540413351	0.01
1.781411498	0.224558540413351	0.01
1.781411499	0.224558540413351	0.01
1.781623424	0.224558540413351	0.01
1.781653031	0.224558540413351	0.01
1.7818108	0.224558540413351	0.01
1.781835463	0.224558540413351	0.01
1.781894629	0.224558540413351	0.01
1.782136293	0.222681621267494	0.01
1.782378022	0.222681621267494	0.01
1.782531315	0.222681621267494	0.01
1.782619816	0.222681621267494	0.01
1.783286774	0.222681621267494	0.01
1.783345594	0.222681621267494	0.01
1.783587651	0.222681621267494	0.01
1.78377107	0.222681621267494	0.01
1.783829774	0.222681621267494	0.01
1.784314217	0.222681621267494	0.01
1.78446873	0.222681621267494	0.01
1.784933025	0.220835817614653	0.01
1.785009515	0.220835817614653	0.01
1.785322292	0.219020362068516	0.01
1.785988286	0.219020362068516	0.01
1.786357195	0.219020362068516	0.01
1.788266632	0.196283106589963	0.01
1.788780487	0.204501158375373	0.01
1.788872102	0.204501158375373	0.01
1.78918715	0.204501158375373	0.01
1.789747139	0.201132719524954	0.01
1.79204453	0.212250247222622	0.02
1.794856772	0.191769350216605	0.02
1.795172249	0.180625311090642	0.02
1.796645824	0.167938375591816	0.02
1.796669094	0.167938375591816	0.02
1.796696941	0.167938375591816	0.02
1.799436111	0.156128508298095	0.02
1.808733518	0.158433639884738	0.03
1.809599251	0.158433639884738	0.03
1.812688451	0.11164038676621	0.03
1.813215031	0.11164038676621	0.03
1.813240824	0.11164038676621	0.03
1.813716026	0.0892107852521793	0.03
1.813793197	0.0908329354073339	0.03
1.814069382	0.0916663355393769	0.03
1.814069384	0.0916663355393769	0.03
1.814596154	0.0933798725457681	0.03
1.814621757	0.0933798725457681	0.03
1.814846808	0.0933798725457681	0.03
1.814872379	0.0933798725457681	0.03
1.815039963	0.0951586928811976	0.03
1.815123071	0.0951586928811976	0.03
1.815288509	0.0951586928811976	0.03
1.815373832	0.0960737613846832	0.03
1.815624663	0.0960737613846832	0.03
1.815850116	0.0960737613846832	0.03
1.816101116	0.0763541773015975	0.03
1.816377569	0.0771118801309955	0.03
1.81637757	0.0771118801309955	0.03
1.816628678	0.0748825818981278	0.03
1.816879855	0.0748825818981278	0.03
1.817382419	0.0748825818981278	0.03
1.819217405	0.154628660955789	0.04
1.819395454	0.154628660955789	0.04
1.819410514	0.154628660955789	0.04
1.819581019	0.154628660955789	0.04
1.820606159	0.15537496517376	0.04
1.822065256	0.102217164087866	0.04
1.823267442	0.107150383318897	0.04
1.823345161	0.0825747669725679	0.04
1.824759677	0.0892107852521793	0.04
1.824985083	0.0900145527404771	0.04
1.828939845	0.0763541773015975	0.04
1.830016016	0.152432153449958	0.05
1.835137623	0.0900145527404771	0.05
1.836263396	0.0721032497223007	0.05
1.83758722	0.0727785596118379	0.05
1.837659261	0.0727785596118379	0.05
1.839735229	0.0771118801309955	0.05
1.842215909	0.102217164087866	0.06
1.846490238	0.0727785596118379	0.06
1.860668056	0.0771118801309955	0.07
1.860714054	0.0771118801309955	0.07
1.872927722	0.0756112199878643	0.07
1.919145255	0.0748825818981278	0.11
1.933588634	0.0661681829979912	0.12
1.934242286	0.066545950327526	0.13
1.938309591	0.0654253709249351	0.13
1.938319698	0.0654253709249351	0.13
1.940502926	0.057093211517209	0.13
1.956133657	0.07111346048897	0.15
1.961031557	0.0632937412056541	0.15
2.039242563	0.0786733138229948	0.23
2.045755957	0.0765045242894219	0.24
2.04617014	0.0765045242894219	0.24
2.057190684	0.0754643601818792	0.25
2.057670659	0.0754643601818792	0.25
2.058434493	0.0754643601818792	0.25
2.058810915	0.0759808824892775	0.25
2.060706206	0.0689063507744456	0.25
2.067556414	0.0754643601818792	0.26
2.077371996	0.0754643601818792	0.27
2.077653506	0.0754643601818792	0.27
2.07768814	0.0754643601818792	0.27
2.077935092	0.0754643601818792	0.27
2.079378601	0.0759808824892775	0.27
2.080200147	0.0689063507744456	0.27
2.114638141	0.0575868389845343	0.3
2.116340052	0.0739560872745234	0.31
2.117539144	0.0739560872745234	0.31
2.119081815	0.0744521010512727	0.31
2.122322709	0.0675095134579347	0.31
2.130868897	0.0675095134579347	0.32
2.21647999	0.0739560872745234	0.41
2.22342495	0.0708612686169739	0.41
2.225736601	0.0648791152933138	0.41
2.22607531	0.0655173090853502	0.41
2.226678687	0.0802239245051581	0.42
2.244892022	0.144148531957455	0.43
2.268175967	0.170518039536685	0.41
2.279085054	0.174539636192448	0.4
2.283420782	0.186500572919104	0.39
2.287430653	0.174539636192448	0.39
2.396315913	0.244250626269012	0.3
2.416816988	0.235248650556158	0.3
2.63880046	0.220995106672564	0.09
2.644514931	0.235248650556158	0.08
2.65353762	0.235248650556158	0.07
2.670697515	0.235682961068249	0.06
2.67074212	0.235682961068249	0.06
2.670831293	0.235682961068249	0.06
2.671193179	0.235682961068249	0.06
2.671237545	0.235682961068249	0.06
2.671237705	0.235682961068249	0.06
2.671599646	0.235682961068249	0.06
2.671961685	0.225645340114514	0.05
2.672323822	0.219277883214138	0.05
2.672686057	0.235248650556158	0.05
2.67300408	0.235248650556158	0.05
2.674498542	0.235248650556158	0.05
2.674640938	0.235248650556158	0.05
2.67498819	0.235248650556158	0.05
2.675753192	0.233100888877535	0.05
2.675906626	0.226886633257161	0.05
2.67595059	0.226886633257161	0.05
2.677404052	0.224888195669861	0.05
2.679543675	0.220995106672564	0.05
2.679587204	0.220995106672564	0.05
2.68050645	0.220995106672564	0.05
2.681604422	0.235682961068249	0.05
2.684222358	0.237436358697373	0.04
2.690797174	0.230384062824508	0.04
2.690995907	0.230384062824508	0.04
2.697875326	0.2211691388356	0.03
2.700424629	0.217234512271255	0.03
2.714352711	0.254602085883803	0.05
2.716197088	0.254602085883803	0.05
2.720992773	0.249108449243136	0.05
2.721223607	0.24184448988118	0.05
2.721339166	0.254602085883803	0.06
2.721753239	0.254602085883803	0.06
2.722090639	0.254602085883803	0.06
2.72212898	0.254602085883803	0.06
2.722504826	0.254602085883803	0.06
2.725138453	0.252533536746057	0.06
2.725892101	0.252533536746057	0.06
2.727362573	0.252533536746057	0.06
2.728042156	0.252533536746057	0.06
2.728457177	0.252533536746057	0.06
2.730687704	0.252533536746057	0.06
2.733911556	0.250498329135945	0.07
2.734951629	0.250498329135945	0.07
2.741703646	0.250498329135945	0.08
2.744776734	0.250498329135945	0.08
2.784781798	0.235326088569838	0.12
2.795646082	0.235326088569838	0.13
2.857457722	0.233557815615268	0.19
2.870516676	0.233557815615268	0.2
2.874914635	0.233557815615268	0.21
2.884109016	0.228408926308996	0.22
2.885327778	0.228408926308996	0.22
2.901070252	0.233557815615268	0.23
3.017087015	0.232393656779065	0.35
3.091199805	0.218820485643195	0.42
3.116410384	0.232393656779066	0.45
3.116832706	0.232393656779066	0.45
3.153761559	0.197873448926559	0.48
3.190582361	0.194030558489908	0.51
3.479484296	0.185247958846811	0.78
3.557717034	0.183447188112373	0.860000000000001
3.560201153	0.185247958846811	0.860000000000001
3.561529658	0.183447188112373	0.870000000000001
3.561648443	0.183447188112373	0.870000000000001
3.562131134	0.183447188112373	0.870000000000001
3.563861522	0.183447188112373	0.870000000000001
3.566965252	0.183447188112373	0.870000000000001
3.567214517	0.183447188112373	0.870000000000001
3.568359469	0.185247958846811	0.870000000000001
3.571210711	0.19694959803878	0.880000000000001
3.572497766	0.220995106672564	0.880000000000001
3.579984214	0.200697747025324	0.870000000000001
3.629519691	0.211827620403868	0.910000000000001
3.630972932	0.211827620403868	0.910000000000001
3.631023885	0.213599761799008	0.910000000000001
3.631169027	0.213599761799008	0.910000000000001
3.633483005	0.197109647565279	0.920000000000001
3.639968026	0.206683343478017	0.920000000000001
3.707141358	0.206683343478017	0.990000000000001
3.778072999	0.205023663000067	1.06
3.82876748	0.212047528305147	1.11
4.078052931	0.264931788156651	1.35
4.442577106	0.241936156662925	1.71
4.445571488	0.243970554481025	1.72
4.452121847	0.241936156662925	1.72
4.45272527	0.241936156662925	1.72
4.453328856	0.241936156662925	1.72
4.459832487	0.257555646525168	1.73
4.464002998	0.24184448988118	1.74
4.480518943	0.257555646525168	1.75
4.536342962	0.217234512271255	1.75
4.536969429	0.217234512271255	1.75
4.537596069	0.217234512271255	1.75
4.550359745	0.217234512271255	1.76
4.773228095	0.217234512271255	1.98
4.848628454	0.217234512271255	2.06
5.341769851	0.248893630709415	2.25
5.342582978	0.248893630709415	2.24
5.343129076	0.248893630709415	2.24
5.443653327	0.232393656779066	2.29
5.445157132	0.232393656779066	2.29999999999999
6.232084175	0.235682961068249	2.66999999999999
6.2338777	0.246134331248197	2.66999999999999
6.234722781	0.246134331248197	2.66999999999999
6.244676548	0.246134331248197	2.67999999999999
7	0.238444279640446	3.29999999999997
