thrs	post_p	finalwindow
0	0.0699833523031552	0.23
0.03256001	0.067944966810855	0.2
0.070216248	0.0557634245102384	0.18
0.082355146	0.0557634245102384	0.17
0.089689176	0.0557634245102384	0.16
0.093809574	0.0564379918027363	0.15
0.103967892	0.052031993283368	0.16
0.106977596	0.0538331255439768	0.15
0.113424721	0.0514581034509234	0.16
0.115659216	0.052031993283368	0.15
0.123778241	0.0514581034509234	0.16
0.127200542	0.0514581034509234	0.16
0.128068503	0.0403359202313581	0.17
0.129609166	0.0380341197816256	0.17
0.130460633	0.0380341197816256	0.17
0.14705261	0.0429342749159936	0.15
0.148427326	0.0403359202313581	0.15
0.148447444	0.0403359202313581	0.15
0.148782099	0.0393161816559823	0.15
0.155752372	0.0608549468702461	0.15
0.161204767	0.0374239408961109	0.14
0.172569069	0.0496333248432172	0.13
0.178140913	0.040687690638516	0.12
0.178189211	0.040687690638516	0.12
0.178358463	0.040687690638516	0.12
0.181824923	0.0374239408961109	0.12
0.186084933	0.0608549468702461	0.12
0.206482242	0.0633332427722557	0.1
0.222049977	0.0338080699275779	0.08
0.22265244	0.0486668781148298	0.08
0.222656148	0.0486668781148298	0.08
0.222686318	0.0486668781148298	0.08
0.222697977	0.0474782560734606	0.08
0.222716495	0.0474782560734606	0.08
0.223196808	0.063703859464601	0.08
0.226867021	0.0608549468702461	0.08
0.226957829	0.0608549468702461	0.08
0.227177477	0.0613119373676799	0.08
0.227432153	0.0608549468702461	0.08
0.230426372	0.0534221800389841	0.08
0.237068117	0.0371261348248653	0.07
0.241897099	0.0368330309990457	0.07
0.24235868	0.0368330309990457	0.07
0.242615688	0.0227956050886785	0.06
0.242875367	0.043333049691213	0.06
0.242941212	0.043333049691213	0.06
0.243116147	0.042158345917836	0.06
0.249436037	0.0399901802357212	0.06
0.254481698	0.042158345917836	0.05
0.256228734	0.0410456506192872	0.05
0.256650521	0.040687690638516	0.05
0.259750174	0.0403359202313581	0.05
0.263775407	0.0403359202313581	0.05
0.272151172	0.0403359202313581	0.05
0.295749179	0.0450050837179647	0.05
0.296044019	0.0450050837179647	0.05
0.296834617	0.0450050837179647	0.05
0.296839561	0.0450050837179647	0.05
0.29691506	0.0450050837179647	0.05
0.296919994	0.0450050837179647	0.05
0.296960227	0.0450050837179647	0.05
0.297156652	0.0450050837179647	0.05
0.297161557	0.0450050837179647	0.05
0.29723727	0.0450050837179647	0.05
0.297345093	0.0450050837179647	0.05
0.298033592	0.0450050837179647	0.05
0.29855614	0.0450050837179647	0.05
0.29926506	0.0450050837179647	0.05
0.300638986	0.0454434500184285	0.05
0.301373268	0.0445750939391298	0.05
0.302397905	0.0441532428600117	0.05
0.30240618	0.0441532428600117	0.05
0.302443572	0.0441532428600117	0.05
0.302452098	0.0441532428600117	0.05
0.302531356	0.0441532428600117	0.05
0.302535608	0.0441532428600117	0.05
0.302694303	0.0441532428600117	0.05
0.302844832	0.0441532428600117	0.05
0.303037639	0.0441532428600117	0.05
0.303062807	0.0441532428600117	0.05
0.304168238	0.0441532428600117	0.05
0.305094409	0.0445750939391298	0.05
0.306047128	0.0445750939391298	0.05
0.306464617	0.0429342749159936	0.05
0.307314933	0.043333049691213	0.05
0.319078068	0.0445750939391298	0.04
0.320290117	0.0445750939391298	0.04
0.322066605	0.0445750939391298	0.04
0.322435043	0.0445750939391298	0.04
0.322591403	0.0445750939391298	0.04
0.323165924	0.0445750939391298	0.04
0.323808824	0.04373930157712	0.04
0.324596864	0.04373930157712	0.04
0.328591896	0.04373930157712	0.04
0.334029253	0.04373930157712	0.04
0.338071632	0.042542772708214	0.05
0.340262381	0.042158345917836	0.05
0.343625259	0.042158345917836	0.05
0.343706753	0.042158345917836	0.05
0.350684009	0.0414099649865492	0.06
0.351815198	0.0414099649865492	0.06
0.356206548	0.0410456506192872	0.06
0.356351443	0.0410456506192872	0.06
0.356437896	0.040687690638516	0.06
0.357959666	0.038664525791563	0.07
0.363236679	0.038664525791563	0.07
0.386909127	0.0858694928489373	0.06
0.389825341	0.0818521225254178	0.06
0.395214438	0.0639340950277669	0.06
0.403209246	0.088586943437234	0.05
0.412388288	0.0952160598359747	0.04
0.415094538	0.0718061565996637	0.04
0.416416237	0.0995889656946505	0.03
0.418471182	0.100696261981885	0.03
0.419019267	0.0992679099422638	0.03
0.423143546	0.0958682406215851	0.03
0.440316292	0.106845820087233	0.01
0.441698853	0.106845820087233	0.01
0.441750067	0.105239072775446	0.01
0.444236336	0.0827831263439307	0.01
0.444499874	0.079735832550179	0.01
0.444770984	0.0769049189034788	0.01
0.445049535	0.0769049189034788	0.01
0.445117302	0.0769049189034788	0.01
0.445156208	0.0769049189034788	0.01
0.445185067	0.076516829294999	0.01
0.445185068	0.076516829294999	0.01
0.445245414	0.076516829294999	0.01
0.44525283	0.076516829294999	0.01
0.445252832	0.076516829294999	0.01
0.445252833	0.076516829294999	0.01
0.445252835	0.076516829294999	0.01
0.445305777	0.076516829294999	0.01
0.44531318	0.076516829294999	0.01
0.445313187	0.076516829294999	0.01
0.445313188	0.076516829294999	0.01
0.44531319	0.076516829294999	0.01
0.445373562	0.076516829294999	0.01
0.445419149	0.076516829294999	0.01
0.445433949	0.076516829294999	0.01
0.445479567	0.0761326368965544	0.01
0.445494353	0.0761326368965544	0.01
0.445540001	0.0761326368965544	0.01
0.445554774	0.0761326368965544	0.01
0.445578303	0.0761326368965544	0.01
0.445615211	0.0761326368965544	0.01
0.445653547	0.0761326368965544	0.01
0.445675664	0.0753757112487993	0.01
0.445691925	0.0859749859462599	0.01
0.445736134	0.0859749859462599	0.01
0.445849774	0.0859749859462599	0.01
0.445857123	0.0859749859462599	0.01
0.445917642	0.0859749859462599	0.01
0.445978177	0.0859749859462599	0.01
0.446038729	0.0859749859462599	0.01
0.446188208	0.0851382282018651	0.01
0.446319857	0.0851382282018651	0.01
0.446341735	0.0851382282018651	0.01
0.446395102	0.0851382282018651	0.01
0.446455777	0.0851382282018651	0.01
0.446465528	0.0851382282018651	0.01
0.446633323	0.0851382282018651	0.01
0.446772341	0.0851382282018651	0.01
0.446967543	0.0847259276048131	0.01
0.447542535	0.0847259276048131	0.01
0.447876705	0.0835126425814479	0.01
0.447928306	0.0835126425814479	0.01
0.448791313	0.0877538186860495	0.01
0.449715173	0.0869362183437612	0.01
0.451750007	0.0881684130060355	0.01
0.453102774	0.0724927620633194	0.01
0.453117722	0.0724927620633194	0.01
0.453607731	0.0724927620633194	0.01
0.45367678	0.0724927620633194	0.01
0.453739439	0.0724927620633194	0.01
0.453782962	0.0724927620633194	0.01
0.453789353	0.0724927620633194	0.01
0.453802119	0.0724927620633194	0.01
0.453864805	0.0724927620633194	0.01
0.453864814	0.0724927620633194	0.01
0.453927527	0.0724927620633194	0.01
0.453952078	0.0724927620633194	0.01
0.453977538	0.0724927620633194	0.01
0.453990257	0.0724927620633194	0.01
0.454053004	0.0724927620633194	0.01
0.454115767	0.0724927620633194	0.01
0.454131662	0.0724927620633194	0.01
0.454159539	0.0724927620633194	0.01
0.454228692	0.0724927620633194	0.01
0.454291524	0.0728410124046801	0.01
0.454297847	0.0728410124046801	0.01
0.454379121	0.0728410124046801	0.01
0.454423548	0.0728410124046801	0.01
0.454543029	0.0731926248396322	0.01
0.454637485	0.0731926248396322	0.01
0.455180191	0.0753757112487993	0.01
0.455439212	0.0811874163117238	0.01
0.455665947	0.0920838788316554	0.01
0.455678249	0.093561195663988	0.01
0.456133439	0.0734458620667097	0.01
0.456880284	0.0849573539838629	0.02
0.45760535	0.0841908049595799	0.02
0.458022431	0.0841908049595799	0.02
0.458619789	0.08343796500327	0.02
0.458664131	0.08343796500327	0.02
0.459124851	0.08343796500327	0.02
0.462114195	0.0691850489864171	0.02
0.46499053	0.0676418613429752	0.02
0.473676694	0.0454434500184285	0.02
0.474072423	0.0642048154723557	0.03
0.47699163	0.0383467320515533	0.03
0.477096915	0.0383467320515533	0.03
0.478409458	0.0403359202313581	0.03
0.478419311	0.0403359202313581	0.03
0.479936634	0.0410456506192872	0.03
0.483511101	0.0429342749159936	0.03
0.483671852	0.04373930157712	0.03
0.483988273	0.0594239792760315	0.04
0.484927676	0.0601309509076195	0.04
0.485802156	0.0708333679340076	0.04
0.48628356	0.038158551049926	0.04
0.489107131	0.0354342956254297	0.04
0.489424331	0.0354342956254297	0.04
0.490830832	0.0357054789359803	0.04
0.499369323	0.033167153212039	0.05
0.50407637	0.0553057850692578	0.06
0.508934563	0.0301649308346268	0.06
0.514553924	0.0543152199330902	0.07
0.514645345	0.0543152199330902	0.07
0.51473946	0.0543152199330902	0.07
0.514742139	0.0543152199330902	0.07
0.514971335	0.0545104840813851	0.07
0.51502476	0.0545104840813851	0.07
0.515124567	0.0557122020186638	0.07
0.51682809	0.0278260825725436	0.07
0.518492841	0.029038431274485	0.07
0.518564452	0.029038431274485	0.07
0.520735072	0.0295909637471785	0.07
0.534308248	0.0227956050886785	0.06
0.534380672	0.0225750011849479	0.06
0.534888196	0.0225750011849479	0.06
0.536755919	0.0325500847588894	0.06
0.539174229	0.0334845449563878	0.06
0.543234343	0.034137907636255	0.06
0.544416783	0.075251017845836	0.07
0.55657045	0.0924895442823485	0.05
0.556807604	0.0924895442823485	0.05
0.55802857	0.0924895442823485	0.05
0.559788571	0.0916817563937476	0.05
0.562444529	0.0916817563937476	0.05
0.566766402	0.101425963970128	0.05
0.568776608	0.0908879564993968	0.06
0.572491616	0.0908879564993968	0.06
0.574371638	0.0908879564993968	0.06
0.583655412	0.0958682406215851	0.06
0.586308239	0.102415511491776	0.05
0.59079165	0.102415511491776	0.05
0.591193432	0.102415511491776	0.05
0.593673806	0.102415511491776	0.05
0.593754277	0.102415511491776	0.05
0.593754278	0.102415511491776	0.05
0.593915284	0.102415511491776	0.05
0.594036974	0.102415511491776	0.05
0.594152812	0.10045535564366	0.05
0.594318181	0.10045535564366	0.05
0.595015574	0.102415511491776	0.05
0.595196772	0.102415511491776	0.05
0.597117526	0.0976518803465207	0.05
0.604813246	0.0950006336514303	0.05
0.604905308	0.0950006336514303	0.05
0.604905312	0.0950006336514303	0.05
0.604988853	0.0950006336514303	0.05
0.605716504	0.0950006336514303	0.05
0.605724938	0.0950006336514303	0.05
0.606051871	0.0950006336514303	0.05
0.606404306	0.0950006336514303	0.05
0.608524688	0.102415511491776	0.05
0.608756287	0.102415511491776	0.05
0.630942519	0.101425963970128	0.05
0.635412418	0.102415511491776	0.05
0.636066531	0.102415511491776	0.05
0.63624959	0.102415511491776	0.05
0.637260654	0.10342455800258	0.05
0.637881775	0.10342455800258	0.05
0.638075882	0.10342455800258	0.05
0.641599528	0.0950006336514303	0.06
0.644129804	0.0958682406215851	0.06
0.64559646	0.0958682406215851	0.06
0.646569798	0.0967518407427349	0.06
0.64801212	0.0967518407427349	0.06
0.648110758	0.0967518407427349	0.06
0.667472678	0.103679934053955	0.08
0.667879261	0.103679934053955	0.08
0.667879263	0.103679934053955	0.08
0.667969788	0.103679934053955	0.08
0.680410924	0.0891512043514996	0.09
0.680702493	0.0891512043514996	0.09
0.689921535	0.0966627484472209	0.09
0.692614054	0.0950866870429523	0.09
0.696262833	0.091362578329595	0.1
0.7123899	0.0454434500184285	0.1
0.712401774	0.0454434500184285	0.1
0.71365913	0.0454434500184285	0.09
0.714295462	0.0454434500184285	0.09
0.715653707	0.0454434500184285	0.09
0.715679053	0.0454434500184285	0.09
0.717816093	0.0454434500184285	0.09
0.719314887	0.0454434500184285	0.09
0.726772429	0.043333049691213	0.1
0.735438378	0.0454434500184285	0.1
0.742183791	0.043333049691213	0.11
0.7500464	0.0417808044569872	0.12
0.75180067	0.042158345917836	0.12
0.756100951	0.04373930157712	0.12
0.756122282	0.04373930157712	0.12
0.762884543	0.0445750939391298	0.12
0.763284143	0.0441532428600117	0.12
0.763387603	0.0441532428600117	0.12
0.763491091	0.0441532428600117	0.12
0.765321243	0.0445750939391298	0.12
0.766651587	0.0454434500184285	0.12
0.7676628	0.0454434500184285	0.12
0.772093843	0.0948621655873222	0.12
0.772264397	0.101253319560226	0.12
0.779184816	0.107025163374332	0.12
0.779976345	0.10514266209106	0.12
0.793117932	0.107944522094151	0.1
0.794958533	0.116121056483275	0.1
0.797194853	0.113908284307634	0.1
0.799403767	0.10972644790004	0.1
0.8034392	0.120351253499893	0.09
0.812482547	0.101520890126197	0.08
0.817085993	0.112400517344329	0.08
0.849686346	0.114423927039972	0.05
0.864973627	0.126128651784681	0.03
0.867661243	0.122547034972922	0.03
0.874413626	0.129148290328879	0.02
0.875213305	0.125761096537243	0.02
0.877564409	0.122896017091326	0.02
0.87832845	0.122547034972922	0.02
0.883236842	0.128850826510607	0.01
0.885048106	0.127999132970285	0.01
0.885800269	0.126498361797963	0.01
0.886381245	0.126498361797963	0.01
0.887670141	0.125395677272584	0.01
0.889014569	0.122547034972922	0.01
0.889209764	0.122547034972922	0.01
0.889576687	0.120494066508342	0.01
0.890068113	0.118835079875681	0.01
0.890083013	0.118835079875681	0.01
0.890218543	0.118508749398501	0.01
0.890218544	0.118508749398501	0.01
0.890309475	0.117540423650464	0.01
0.890339212	0.117540423650464	0.01
0.890354074	0.117540423650464	0.01
0.890354075	0.117540423650464	0.01
0.890407894	0.117540423650464	0.01
0.890419078	0.117540423650464	0.01
0.890474761	0.117540423650464	0.01
0.890489605	0.117540423650464	0.01
0.890489606	0.117540423650464	0.01
0.890580647	0.117540423650464	0.01
0.890595481	0.117540423650464	0.01
0.89061031	0.117540423650464	0.01
0.890610311	0.117540423650464	0.01
0.89068659	0.117540423650464	0.01
0.890716233	0.11658779388014	0.01
0.890731048	0.11658779388014	0.01
0.890731049	0.11658779388014	0.01
0.890737499	0.11658779388014	0.01
0.890837018	0.11658779388014	0.01
0.890851819	0.11658779388014	0.01
0.890957836	0.11658779388014	0.01
0.890972622	0.11658779388014	0.01
0.890972623	0.11658779388014	0.01
0.891093459	0.116273672834781	0.01
0.89119957	0.116273672834781	0.01
0.891214328	0.116273672834781	0.01
0.891244043	0.116273672834781	0.01
0.891246709	0.116273672834781	0.01
0.891320486	0.116273672834781	0.01
0.89133523	0.116273672834781	0.01
0.891441435	0.116273672834781	0.01
0.891456164	0.116273672834781	0.01
0.891521465	0.115341384256617	0.01
0.891577132	0.114728120088013	0.01
0.891698132	0.114728120088013	0.01
0.891793338	0.114728120088013	0.01
0.892017347	0.114728120088013	0.01
0.89206133	0.114728120088013	0.01
0.89216782	0.114121342816582	0.01
0.892182462	0.114121342816582	0.01
0.892215798	0.114121342816582	0.01
0.89229733	0.113520950059561	0.01
0.892307805	0.113520950059561	0.01
0.892546055	0.113520950059561	0.01
0.892568748	0.113520950059561	0.01
0.892924751	0.113223116466929	0.01
0.892951888	0.112926841577458	0.01
0.89308003	0.112926841577458	0.01
0.893172464	0.112338919218256	0.01
0.893320622	0.112632113186943	0.01
0.893352088	0.112632113186943	0.01
0.893395592	0.112632113186943	0.01
0.894085351	0.111757086863358	0.01
0.894189143	0.111757086863358	0.01
0.89420355	0.111757086863358	0.01
0.89422449	0.111468424943549	0.01
0.894232534	0.111468424943549	0.01
0.894482721	0.111468424943549	0.01
0.894906463	0.111468424943549	0.01
0.894913415	0.111468424943549	0.01
0.894970751	0.111468424943549	0.01
0.895086463	0.111757086863358	0.01
0.895300675	0.111757086863358	0.01
0.89539422	0.111468424943549	0.01
0.895524497	0.111468424943549	0.01
0.89685771	0.111757086863358	0.01
0.896928207	0.111757086863358	0.01
0.897131294	0.11649096063006	0.01
0.897316929	0.111357797797449	0.01
0.89799116	0.111462299400968	0.01
0.898455429	0.108807483353368	0.01
0.898485328	0.108807483353368	0.01
0.898755243	0.107316442653498	0.01
0.89889623	0.105865714412707	0.01
0.899310528	0.104653093433036	0.01
0.899325427	0.104653093433036	0.01
0.899413875	0.106237573084258	0.01
0.899974537	0.103679934053955	0.01
0.900031532	0.103679934053955	0.01
0.900113547	0.104065371577571	0.01
0.900274359	0.104844908374471	0.01
0.900690942	0.0972963035783268	0.01
0.901007608	0.100640565712998	0.01
0.90151373	0.0945171581786521	0.01
0.901568195	0.0948513459853189	0.01
0.902162268	0.0972585095120139	0.01
0.902291602	0.0879191876410801	0.01
0.902919093	0.0851818618127403	0.01
0.902932441	0.0855105449958009	0.01
0.903166806	0.0804408499963778	0.01
0.903685884	0.0647137127900179	0.01
0.903876527	0.064458259712026	0.01
0.904220945	0.0611001687558549	0.01
0.905345526	0.0621011430516709	0.01
0.906154318	0.0611001687558549	0.01
0.906508268	0.0606116854831378	0.01
0.907060652	0.0601309509076195	0.01
0.90712089	0.0601309509076195	0.01
0.907185931	0.0603703611774643	0.01
0.907198748	0.0603703611774643	0.01
0.907324045	0.0603703611774643	0.01
0.907336843	0.0603703611774643	0.01
0.907336844	0.0603703611774643	0.01
0.907436592	0.0603703611774643	0.01
0.907449378	0.0603703611774643	0.01
0.90746216	0.0603703611774643	0.01
0.907574745	0.0603703611774643	0.01
0.907587512	0.0603703611774643	0.01
0.907700146	0.0603703611774643	0.01
0.907712898	0.0603703611774643	0.01
0.907951053	0.0603703611774643	0.01
0.908076559	0.0606116854831378	0.01
0.908089263	0.0606116854831378	0.01
0.908089264	0.0606116854831378	0.01
0.908151307	0.0606116854831378	0.01
0.90817671	0.0606116854831378	0.01
0.908189407	0.0606116854831378	0.01
0.908202099	0.0606116854831378	0.01
0.908214789	0.0606116854831378	0.01
0.908453284	0.0603703611774643	0.01
0.908566283	0.0611001687558549	0.01
0.908578929	0.0611001687558549	0.01
0.908691978	0.0611001687558549	0.01
0.908729307	0.0611001687558549	0.01
0.908816452	0.0615965895934039	0.01
0.908830322	0.0615965895934039	0.01
0.908855181	0.0613473749360038	0.01
0.908956071	0.0615965895934039	0.01
0.909183517	0.0615965895934039	0.01
0.909195105	0.0615965895934039	0.01
0.909207673	0.0615965895934039	0.01
0.909270732	0.0615965895934039	0.01
0.909308419	0.0615965895934039	0.01
0.909346075	0.0628736645111976	0.01
0.90938549	0.0628736645111976	0.01
0.909409249	0.0628736645111976	0.01
0.909434338	0.0631354605411815	0.01
0.909446878	0.0631354605411815	0.01
0.909620416	0.0631354605411815	0.01
0.909642167	0.0631354605411815	0.01
0.909896599	0.0623565322232668	0.01
0.909914657	0.0623565322232668	0.01
0.909925885	0.0623565322232668	0.01
0.910051995	0.0628736645111976	0.01
0.910267	0.0631354605411815	0.01
0.910467776	0.0639340950277669	0.01
0.91113001	0.0650309097555415	0.01
0.911383512	0.0650309097555415	0.01
0.911404622	0.0650309097555415	0.01
0.911632099	0.0664560087004014	0.01
0.911747931	0.0664560087004014	0.01
0.912015459	0.0658785390824109	0.01
0.912707801	0.0664560087004014	0.01
0.912776305	0.0661660139363706	0.01
0.912967277	0.0762347104631233	0.01
0.913006436	0.0762347104631233	0.01
0.913139907	0.0762347104631233	0.01
0.913244462	0.0769049189034788	0.01
0.913751419	0.0769049189034788	0.01
0.914696902	0.0809058356303942	0.01
0.914968567	0.0809058356303942	0.01
0.915026039	0.0809058356303942	0.01
0.915269563	0.0809058356303942	0.01
0.915559183	0.0802103557259626	0.01
0.916024822	0.0802103557259626	0.01
0.916208994	0.0795267308337769	0.01
0.916688985	0.0798670804292466	0.01
0.916912552	0.0798670804292466	0.01
0.917248255	0.0772688294975157	0.01
0.918238351	0.0593077637335096	0.01
0.918456927	0.0598146754525458	0.01
0.918483627	0.0598146754525458	0.01
0.918837351	0.0666507549030785	0.01
0.919655338	0.075251017845836	0.02
0.920002472	0.0757943570281211	0.02
0.921783065	0.0801338175582096	0.02
0.922455062	0.0813762281866505	0.02
0.922763582	0.0813762281866505	0.02
0.922787758	0.0813762281866505	0.02
0.923268187	0.0826577706858423	0.02
0.924160807	0.0833137987188844	0.02
0.924412009	0.0836457333055391	0.02
0.924507726	0.0836457333055391	0.02
0.924627878	0.0836457333055391	0.02
0.925553967	0.0839803234259293	0.02
0.926193857	0.0843176010751272	0.02
0.927872541	0.0646496598870887	0.02
0.929379518	0.0877538186860495	0.02
0.93064775	0.0702174145414411	0.03
0.93220206	0.0721478258228447	0.03
0.933174706	0.0736667560396439	0.03
0.934071327	0.0744504598577619	0.03
0.934700606	0.0744504598577619	0.03
0.93534835	0.0747154131769475	0.03
0.941112169	0.0536562344233517	0.03
0.944027825	0.0426205009113156	0.03
0.948845214	0.0530979135406371	0.03
0.950306111	0.0561662158671647	0.03
0.951999424	0.0567124106544637	0.03
0.954119877	0.042006513508849	0.04
0.955603107	0.0459808953014987	0.04
0.956018846	0.0459808953014987	0.04
0.956549025	0.0478679592531703	0.04
0.95679317	0.0486668781148298	0.04
0.956793172	0.0486668781148298	0.04
0.957016096	0.0494929176206412	0.04
0.957486775	0.0503474825990405	0.04
0.958321379	0.0507859279107587	0.04
0.959642592	0.0521483107662167	0.04
0.959665139	0.0535858030474664	0.04
0.959857154	0.0535858030474664	0.04
0.960039043	0.0551047921027927	0.04
0.960819071	0.0551047921027927	0.04
0.960911853	0.0551047921027927	0.04
0.964446178	0.042006513508849	0.05
0.966290332	0.0478679592531703	0.05
0.966980912	0.0494929176206412	0.05
0.966986309	0.0494929176206412	0.05
0.967139043	0.0494929176206412	0.05
0.967144414	0.0494929176206412	0.05
0.967297223	0.0503474825990405	0.05
0.967302571	0.0503474825990405	0.05
0.967302572	0.0503474825990405	0.05
0.967460779	0.0503474825990405	0.05
0.96746078	0.0503474825990405	0.05
0.96761904	0.0503474825990405	0.05
0.967619041	0.0503474825990405	0.05
0.967935716	0.0503474825990405	0.05
0.968083686	0.0503474825990405	0.05
0.968088909	0.0503474825990405	0.05
0.968237002	0.0503474825990405	0.05
0.968861479	0.0521483107662167	0.05
0.969035555	0.0521483107662167	0.05
0.969666194	0.0535858030474664	0.05
0.970442597	0.0545889834144695	0.05
0.973457204	0.033167153212039	0.05
0.981915796	0.0230205630424627	0.05
0.985118954	0.019713366887002	0.06
1.019804062	0.00970627923962505	0.07
1.021711423	0.00970627923962505	0.07
1.022530753	0.00978773073786201	0.07
1.027042278	0.0107830959311521	0.07
1.027349785	0.0107830959311521	0.07
1.028094642	0.0109862317471578	0.07
1.029078227	0.0113057030610774	0.07
1.029637844	0.0113057030610774	0.07
1.031531241	0.00970627923962505	0.08
1.031720423	0.00970627923962505	0.08
1.033463082	0.00931854412477653	0.08
1.034376329	0.00939359298261457	0.08
1.034854243	0.00939359298261457	0.08
1.039046839	0.0209528367173349	0.08
1.041709188	0.0230205630424627	0.08
1.044012776	0.0230205630424627	0.08
1.048661279	0.0195481702490968	0.09
1.054783865	0.0215330723145738	0.09
1.056246636	0.0215330723145738	0.09
1.057424783	0.0187620470294434	0.1
1.067971123	0.0190687849892547	0.11
1.068277144	0.0190687849892547	0.11
1.06860264	0.0195481702490968	0.11
1.068892568	0.0195481702490968	0.11
1.070020858	0.0205830788285512	0.11
1.076612069	0.0215330723145738	0.11
1.088762574	0.0776362004828744	0.12
1.091073782	0.0783815229500928	0.12
1.112743253	0.0776362004828744	0.12
1.113082372	0.0776362004828744	0.12
1.113233383	0.0776362004828744	0.12
1.115076799	0.0807058994546019	0.11
1.116382888	0.0807058994546019	0.11
1.125633627	0.0776362004828744	0.11
1.127882011	0.0776362004828744	0.11
1.13205703	0.0807058994546019	0.11
1.133642817	0.071515862503681	0.12
1.136767134	0.0807058994546019	0.11
1.137302108	0.071515862503681	0.12
1.183360064	0.0769049189034788	0.15
1.187305519	0.0804408499963778	0.15
1.18762744	0.0792266238811477	0.15
1.192009701	0.0798291200151555	0.15
1.192075895	0.0798291200151555	0.15
1.192725439	0.0786331540879963	0.15
1.203309389	0.0850003495309868	0.14
1.208769953	0.0853458869501387	0.13
1.209215802	0.0853458869501387	0.13
1.209751115	0.0853458869501387	0.13
1.209768181	0.0853458869501387	0.13
1.209825949	0.0853458869501387	0.13
1.210085375	0.0853458869501387	0.13
1.210771389	0.0853458869501387	0.13
1.22465873	0.0853458869501387	0.12
1.226416878	0.0853458869501387	0.12
1.226767373	0.0853458869501387	0.12
1.243346642	0.0807058994546019	0.11
1.245566855	0.0744504598577619	0.12
1.246668032	0.073861131099798	0.12
1.248955951	0.0727100271291469	0.12
1.252855937	0.0809058356303942	0.11
1.265568721	0.0795267308337769	0.1
1.268447511	0.0762762560750207	0.1
1.270060331	0.0744504598577619	0.1
1.270253663	0.0744504598577619	0.1
1.278899002	0.0613887705758389	0.09
1.285172518	0.0328557219261261	0.09
1.289511656	0.034137907636255	0.08
1.302603198	0.111439640746015	0.09
1.325958837	0.111439640746015	0.1
1.335485912	0.114728120088013	0.1
1.335508208	0.114728120088013	0.1
1.335711503	0.114728120088013	0.1
1.33625481	0.114728120088013	0.1
1.33638917	0.114728120088013	0.1
1.336595099	0.114728120088013	0.1
1.336665633	0.114728120088013	0.1
1.336979907	0.114728120088013	0.1
1.337117106	0.114728120088013	0.1
1.337161305	0.114728120088013	0.1
1.337524247	0.114728120088013	0.1
1.337777279	0.114728120088013	0.1
1.338686534	0.114728120088013	0.1
1.342368518	0.112514652140936	0.1
1.343443085	0.113610605924846	0.1
1.346883901	0.109350089038478	0.11
1.350085516	0.109350089038478	0.11
1.360774481	0.109350089038478	0.12
1.360981621	0.109350089038478	0.12
1.36116959	0.109350089038478	0.12
1.361338457	0.109350089038478	0.12
1.36135761	0.109350089038478	0.12
1.361545683	0.109350089038478	0.12
1.361952473	0.109350089038478	0.12
1.364721715	0.109350089038478	0.12
1.365659238	0.148004000708022	0.12
1.368077892	0.150736487609958	0.12
1.368578346	0.149357747552469	0.12
1.369707356	0.153571768025553	0.12
1.377274175	0.155029785663133	0.12
1.377544294	0.155029785663133	0.12
1.379222918	0.155029785663133	0.12
1.384187356	0.153571768025553	0.12
1.38563755	0.156515753639536	0.12
1.418305639	0.159574818306754	0.1
1.430594094	0.159574818306754	0.1
1.440102642	0.159574818306754	0.11
1.450462129	0.150736487609958	0.12
1.454856842	0.150736487609958	0.12
1.45657643	0.150736487609958	0.13
1.484117024	0.144086103358604	0.15
1.485393153	0.144086103358604	0.15
1.488337206	0.144086103358604	0.16
1.494140559	0.144086103358604	0.16
1.502972103	0.144086103358604	0.17
1.506038743	0.144086103358604	0.18
1.511734415	0.144086103358604	0.18
1.512194724	0.144086103358604	0.18
1.512821455	0.144086103358604	0.18
1.517647523	0.140370282468694	0.19
1.523536021	0.140370282468694	0.19
1.558319819	0.161255728382098	0.23
1.558531046	0.161255728382098	0.23
1.55916507	0.160515992835429	0.23
1.561070241	0.194896575022162	0.22
1.56916589	0.180773929340955	0.22
1.595579044	0.163960006903322	0.19
1.611568792	0.162755844117548	0.18
1.707257935	0.159965629770313	0.09
1.730827961	0.168638839225737	0.06
1.745720251	0.162755844117548	0.05
1.75282717	0.170176646336991	0.04
1.758275756	0.164187773847981	0.04
1.768990518	0.167128576105847	0.03
1.77492366	0.178306474735039	0.02
1.777374698	0.171742757889954	0.02
1.780657571	0.173337962588246	0.02
1.780657572	0.173337962588246	0.02
1.780928629	0.173337962588246	0.02
1.78092863	0.173337962588246	0.02
1.781081012	0.173337962588246	0.02
1.781140367	0.173337962588246	0.02
1.781170031	0.173337962588246	0.02
1.781381862	0.173337962588246	0.02
1.781411498	0.173337962588246	0.02
1.781411499	0.173337962588246	0.02
1.781653031	0.173337962588246	0.02
1.781835463	0.173337962588246	0.02
1.781894629	0.173337962588246	0.02
1.782136292	0.173337962588246	0.02
1.782378022	0.173337962588246	0.02
1.782619816	0.173337962588246	0.02
1.783103602	0.173337962588246	0.02
1.783286774	0.173337962588246	0.02
1.783345594	0.173337962588246	0.02
1.78377107	0.173337962588246	0.02
1.783829774	0.173337962588246	0.02
1.783925287	0.173337962588246	0.02
1.78446873	0.173337962588246	0.02
1.784506241	0.173337962588246	0.02
1.784933025	0.173337962588246	0.02
1.785009515	0.173337962588246	0.02
1.785322292	0.173337962588246	0.02
1.785497332	0.173337962588246	0.02
1.785988286	0.173337962588246	0.02
1.786357195	0.173337962588246	0.02
1.787927091	0.170695500228768	0.01
1.788266632	0.170695500228768	0.01
1.788780487	0.170695500228768	0.01
1.78918715	0.170695500228768	0.01
1.789358594	0.170695500228768	0.01
1.790095821	0.170695500228768	0.01
1.790737455	0.176618955523495	0.02
1.792147241	0.176618955523495	0.02
1.795172249	0.136555207742279	0.02
1.795643534	0.130812039556531	0.02
1.796645824	0.123049322561373	0.02
1.796696941	0.123049322561373	0.02
1.812688451	0.0454434500184285	0.03
1.813215031	0.0458904400194706	0.03
1.813240824	0.0458904400194706	0.03
1.813716026	0.115395810717344	0.04
1.813793197	0.115395810717344	0.04
1.814069382	0.115395810717344	0.04
1.814069384	0.115395810717344	0.04
1.814596154	0.115395810717344	0.04
1.814621756	0.115395810717344	0.04
1.814621757	0.115395810717344	0.04
1.814872379	0.115395810717344	0.04
1.815039963	0.116754781358243	0.04
1.815123071	0.116754781358243	0.04
1.815288509	0.116754781358243	0.04
1.815373832	0.116754781358243	0.04
1.815624663	0.116754781358243	0.04
1.815850116	0.116754781358243	0.04
1.815875562	0.116754781358243	0.04
1.816101116	0.116754781358243	0.04
1.816377569	0.116754781358243	0.04
1.81637757	0.116754781358243	0.04
1.816628678	0.116754781358243	0.04
1.816879855	0.116754781358243	0.04
1.818036082	0.110646767107857	0.04
1.819395454	0.110646767107857	0.04
1.819410514	0.110646767107857	0.04
1.819581019	0.110646767107857	0.04
1.81989941	0.110646767107857	0.04
1.82134289	0.063210660320445	0.04
1.822065256	0.0414099649865492	0.04
1.823267442	0.04373930157712	0.04
1.824280416	0.112132876113198	0.05
1.828541204	0.106237573084258	0.05
1.835137623	0.112132876113198	0.06
1.839735229	0.106237573084258	0.06
1.844053766	0.0348172750324828	0.06
1.846490238	0.112132876113198	0.07
1.860668056	0.0980166023954541	0.08
1.860714054	0.0980166023954541	0.08
1.872927722	0.0380341197816256	0.09
1.876458705	0.105565911019137	0.1
1.877534086	0.0999769845743372	0.1
1.917919203	0.0113057030610774	0.13
1.919145255	0.0116443108168541	0.13
1.932723098	0.0227956050886785	0.14
1.933588634	0.0227956050886785	0.14
1.934242286	0.0227956050886785	0.14
1.938319698	0.0230205630424627	0.14
1.945075766	0.0221463594938191	0.14
1.947078383	0.0221463594938191	0.14
1.959079535	0.0221463594938191	0.15
2.03833515	0.0467175806647964	0.23
2.039242563	0.0467175806647964	0.23
2.045755957	0.0456211970079057	0.24
2.049316864	0.0445750939391298	0.24
2.057190684	0.0445750939391298	0.25
2.057670659	0.0445750939391298	0.25
2.058434493	0.0445750939391298	0.25
2.060706206	0.0445750939391298	0.25
2.067556414	0.0445750939391298	0.26
2.077653506	0.0445750939391298	0.27
2.07768814	0.0445750939391298	0.27
2.079378601	0.0445750939391298	0.27
2.080200147	0.0445750939391298	0.27
2.112854786	0.0445750939391298	0.3
2.114638141	0.0521483107662167	0.3
2.117539144	0.0442369730922412	0.31
2.119081815	0.0442369730922412	0.31
2.122322709	0.0442369730922412	0.31
2.130868897	0.0442369730922412	0.32
2.175983465	0.0442369730922412	0.37
2.201956234	0.043575890160808	0.39
2.21647999	0.043575890160808	0.41
2.22342495	0.044918423382656	0.41
2.225736601	0.0507123241619469	0.42
2.22607531	0.0507123241619469	0.42
2.230993963	0.0507123241619469	0.42
2.273953022	0.189149960639326	0.4
2.279085054	0.206709113194255	0.4
2.287430653	0.206709113194255	0.39
2.36737444	0.248793001648989	0.32
2.57811595	0.245175596023556	0.17
2.634889835	0.245175596023556	0.11
2.63880046	0.245175596023556	0.11
2.644514931	0.245175596023556	0.11
2.670697515	0.245175596023556	0.09
2.670831293	0.245175596023556	0.09
2.671148642	0.245175596023556	0.09
2.671193019	0.245175596023556	0.09
2.671193179	0.245175596023556	0.09
2.671237545	0.245175596023556	0.09
2.671237705	0.245175596023556	0.09
2.671599486	0.245175596023556	0.09
2.671599646	0.245175596023556	0.09
2.672323822	0.245175596023556	0.09
2.672686057	0.245175596023556	0.09
2.673410821	0.245175596023556	0.09
2.674640938	0.245175596023556	0.09
2.674817434	0.245175596023556	0.09
2.675906626	0.245175596023556	0.09
2.67595059	0.245175596023556	0.09
2.677404052	0.245175596023556	0.09
2.68050645	0.245175596023556	0.08
2.681604422	0.245175596023556	0.08
2.684222358	0.245175596023556	0.08
2.690797174	0.245175596023556	0.07
2.690995907	0.245175596023556	0.07
2.700424629	0.245175596023556	0.07
2.703341222	0.245175596023556	0.07
2.714352711	0.245175596023556	0.08
2.716197088	0.247540783675425	0.08
2.721223607	0.245175596023556	0.09
2.721339166	0.245175596023556	0.09
2.721714851	0.245175596023556	0.09
2.721753239	0.245175596023556	0.09
2.722090639	0.245175596023556	0.09
2.72212898	0.245175596023556	0.09
2.722504826	0.245175596023556	0.09
2.727362573	0.247540783675425	0.09
2.728042156	0.247540783675425	0.09
2.728457177	0.247540783675425	0.09
2.730687704	0.245175596023556	0.1
2.734951629	0.247540783675425	0.1
2.744776734	0.245175596023556	0.11
2.758261585	0.236150182321298	0.12
2.857457722	0.221675327412649	0.19
2.870516676	0.221675327412649	0.2
2.874914635	0.221675327412649	0.21
2.884109016	0.219687096166193	0.22
2.893176138	0.215815744210832	0.23
2.901070252	0.221675327412649	0.23
3.017087015	0.210257958348212	0.35
3.091199805	0.211437717211335	0.42
3.116410384	0.205840541779739	0.45
3.190582361	0.224314470821679	0.52
3.194633906	0.177309932848671	0.52
3.479484296	0.156515753639536	0.8
3.557717034	0.156515753639536	0.880000000000001
3.560201153	0.156515753639536	0.880000000000001
3.561648443	0.205840541779739	0.890000000000001
3.562131134	0.220636976884127	0.890000000000001
3.568359469	0.158030483449013	0.880000000000001
3.571210711	0.171186731810052	0.890000000000001
3.571812505	0.172677538424265	0.890000000000001
3.572123566	0.171742757889954	0.880000000000001
3.572497766	0.171742757889954	0.880000000000001
3.575584373	0.167128576105847	0.880000000000001
3.579984214	0.167128576105847	0.880000000000001
3.62901857	0.177309932848671	0.910000000000001
3.62939674	0.177309932848671	0.910000000000001
3.631169027	0.177309932848671	0.910000000000001
3.631970124	0.171186731810052	0.920000000000001
3.778072999	0.172677538424265	1.06
4.078052931	0.173517038679033	1.36
4.442577106	0.190971718586772	1.72
4.445571488	0.190971718586772	1.72
4.452121847	0.180538790892204	1.73
4.45272527	0.190971718586772	1.73
4.453932605	0.190971718586772	1.73
4.464002998	0.190971718586772	1.74
4.475601202	0.190971718586772	1.75
4.478685952	0.175656490628185	1.76
4.536342962	0.196221342104612	1.81
4.550359745	0.203841985718739	1.82
4.773228095	0.192620773116282	2.05
4.895921957	0.192620773116282	2.17
5.342582978	0.228361839708646	2.43999999999999
5.445157132	0.231022523213094	2.35999999999999
6.232084175	0.254769426317597	2.67999999999999
6.2338777	0.254769426317597	2.67999999999999
6.35095118	0.253345283476418	2.78999999999998
7	0.181780138996319	3.37999999999997
