thrs	post_p	finalwindow
0	0.126141914314479	0.23
0.070216248	0.126141914314479	0.16
0.089689176	0.111393155306239	0.16
0.098963073	0.111393155306239	0.15
0.103967892	0.111393155306239	0.15
0.113424721	0.107618273677148	0.15
0.115659216	0.107618273677148	0.16
0.128068503	0.0758970363587044	0.17
0.129609166	0.0905153303772078	0.17
0.129730945	0.0905153303772078	0.17
0.148427326	0.0758970363587044	0.15
0.148447444	0.0836248318537059	0.15
0.148782099	0.082969391422535	0.15
0.151339737	0.0871289029616245	0.15
0.155752372	0.0993163974406672	0.15
0.161204767	0.0871289029616245	0.14
0.172569069	0.0900844013463248	0.13
0.178062567	0.0758970363587044	0.12
0.178113806	0.0758970363587044	0.12
0.178140913	0.0758970363587044	0.12
0.178189211	0.0758970363587044	0.12
0.178358463	0.0758970363587044	0.12
0.181430774	0.0864817985817461	0.12
0.181486006	0.0864817985817461	0.12
0.181824923	0.0864817985817461	0.12
0.191788381	0.0871289029616245	0.11
0.194681585	0.0999415063013666	0.11
0.206482242	0.101864955641265	0.1
0.222049977	0.0870637570702892	0.08
0.222622275	0.0909276388208459	0.08
0.22265244	0.0909276388208459	0.08
0.222656148	0.0909276388208459	0.08
0.222686318	0.0909276388208459	0.08
0.222697977	0.0902814000373615	0.08
0.222812147	0.0970745147819365	0.08
0.223196808	0.103045423833944	0.08
0.226694446	0.100257020928077	0.08
0.226728961	0.100257020928077	0.08
0.226867021	0.100257020928077	0.08
0.226923294	0.100257020928077	0.08
0.226929675	0.100257020928077	0.08
0.226982815	0.100257020928077	0.08
0.227081991	0.100257020928077	0.08
0.227432153	0.0614546451408339	0.07
0.230426372	0.07666042129962	0.07
0.237068117	0.0902814000373615	0.07
0.24235868	0.0890160938456828	0.07
0.242875367	0.0727111795416888	0.06
0.242941212	0.0727111795416888	0.06
0.243116147	0.0720921954042751	0.06
0.256259656	0.0727111795416888	0.05
0.259750174	0.0727111795416888	0.05
0.287097646	0.0591647958891652	0.06
0.295749179	0.0608657251040653	0.06
0.296044019	0.0608657251040653	0.06
0.296834617	0.0570394599698348	0.06
0.296839561	0.0570394599698348	0.06
0.296874128	0.0570394599698348	0.06
0.296879772	0.0570394599698348	0.06
0.29691506	0.0570394599698348	0.06
0.296919994	0.0570394599698348	0.06
0.296960227	0.0570394599698348	0.06
0.297156652	0.0575563491707512	0.06
0.297161557	0.0575563491707512	0.06
0.297242165	0.0575563491707512	0.06
0.297345093	0.0575563491707512	0.06
0.29736316	0.0575563491707512	0.06
0.297631463	0.0575563491707512	0.06
0.298033592	0.0570394599698348	0.06
0.298432807	0.0570394599698348	0.06
0.298682719	0.0570394599698348	0.06
0.299120783	0.0570394599698348	0.06
0.300128238	0.0570394599698348	0.06
0.300638986	0.0570394599698348	0.06
0.301159527	0.0565317720620964	0.06
0.301373268	0.0565317720620964	0.06
0.302397905	0.0570394599698348	0.06
0.302406093	0.0570394599698348	0.06
0.302443572	0.0570394599698348	0.06
0.302452098	0.0570394599698348	0.06
0.302453753	0.0570394599698348	0.06
0.302493847	0.0570394599698348	0.06
0.302531356	0.0570394599698348	0.06
0.302535608	0.0570394599698348	0.06
0.302694303	0.0570394599698348	0.06
0.302757814	0.0570394599698348	0.06
0.302844832	0.0570394599698348	0.06
0.303037639	0.0586187505021021	0.06
0.304168238	0.0580826920975823	0.06
0.306047128	0.0580826920975823	0.06
0.307314933	0.0620550729809547	0.05
0.322591403	0.0620550729809547	0.04
0.322777267	0.0620550729809547	0.04
0.323097253	0.0620550729809547	0.04
0.323165924	0.0620550729809547	0.04
0.323537089	0.0602879851730406	0.04
0.323808824	0.0602879851730406	0.04
0.324596864	0.0597211099752372	0.04
0.328591896	0.0586187505021021	0.04
0.338071632	0.0536658105249192	0.05
0.340262381	0.0527739920781576	0.05
0.343625259	0.0527739920781576	0.05
0.343706753	0.0527739920781576	0.05
0.345554528	0.052339106439118	0.05
0.350684009	0.0519113295957213	0.06
0.356200611	0.052339106439118	0.06
0.356206548	0.052339106439118	0.06
0.356351443	0.052339106439118	0.06
0.356437896	0.0519113295957213	0.06
0.356490553	0.0519113295957213	0.06
0.357959666	0.0498732161811534	0.07
0.360733393	0.04910208874873	0.07
0.363236679	0.04910208874873	0.07
0.363936107	0.04910208874873	0.07
0.366130409	0.0506689505115504	0.07
0.367161303	0.0591647958891652	0.07
0.37384574	0.0567337588504999	0.08
0.386909127	0.0388819696659408	0.06
0.387745392	0.0377271837878445	0.06
0.389299853	0.0372842502021363	0.06
0.389825341	0.04910208874873	0.06
0.395214438	0.0426218392687181	0.06
0.398731854	0.0388819696659408	0.05
0.412388288	0.0559097313176302	0.04
0.415094538	0.048232044700152	0.04
0.416416237	0.0400086182001852	0.03
0.418471182	0.0472747136877275	0.03
0.428769674	0.047989095321795	0.02
0.438307149	0.0506689505115504	0.01
0.440249622	0.0654102156332929	0.01
0.440316292	0.0654102156332929	0.01
0.444236336	0.056198304672646	0.01
0.444499874	0.0542772921592336	0.01
0.444770984	0.0530679531625009	0.01
0.445049535	0.0530679531625009	0.01
0.445117302	0.0530679531625009	0.01
0.445185067	0.0527739920781576	0.01
0.445185068	0.0527739920781576	0.01
0.445245414	0.0527739920781576	0.01
0.44525283	0.0527739920781576	0.01
0.445252832	0.0527739920781576	0.01
0.445252833	0.0527739920781576	0.01
0.445252835	0.0527739920781576	0.01
0.445305777	0.0527739920781576	0.01
0.445313187	0.0527739920781576	0.01
0.445313188	0.0527739920781576	0.01
0.44531319	0.0527739920781576	0.01
0.445373562	0.0527739920781576	0.01
0.445433949	0.0527739920781576	0.01
0.445479567	0.052195732946584	0.01
0.445494353	0.052195732946584	0.01
0.445540001	0.052195732946584	0.01
0.445554774	0.052195732946584	0.01
0.445578303	0.052195732946584	0.01
0.445615211	0.052195732946584	0.01
0.445653547	0.052195732946584	0.01
0.445691925	0.0576608532188618	0.01
0.445736134	0.0576608532188618	0.01
0.445857123	0.0680377953216588	0.01
0.445917642	0.0680377953216588	0.01
0.445970843	0.0680377953216588	0.01
0.445978177	0.0680377953216588	0.01
0.446038729	0.0680377953216588	0.01
0.446188208	0.0673166849069744	0.01
0.446351359	0.0673166849069744	0.01
0.446395102	0.0673166849069744	0.01
0.446455777	0.0673166849069744	0.01
0.44656991	0.0666106998124096	0.01
0.446633323	0.0666106998124096	0.01
0.447158639	0.065919369095679	0.01
0.447542535	0.065919369095679	0.01
0.447649603	0.0649088671690695	0.01
0.447928306	0.0642522366039016	0.01
0.448701687	0.0642522366039016	0.01
0.448791313	0.0642522366039016	0.01
0.449051315	0.0642522366039016	0.01
0.449552291	0.063928878199622	0.01
0.451750007	0.0649088671690695	0.01
0.453102774	0.0649088671690695	0.01
0.453117722	0.0649088671690695	0.01
0.453607731	0.0649088671690695	0.01
0.45367678	0.0649088671690695	0.01
0.453739439	0.0649088671690695	0.01
0.453782962	0.0649088671690695	0.01
0.453789353	0.0649088671690695	0.01
0.453864805	0.0649088671690695	0.01
0.453864814	0.0649088671690695	0.01
0.453927527	0.0649088671690695	0.01
0.453952078	0.0649088671690695	0.01
0.453977538	0.0649088671690695	0.01
0.453990257	0.0649088671690695	0.01
0.454053004	0.0649088671690695	0.01
0.454131662	0.0649088671690695	0.01
0.454159539	0.0649088671690695	0.01
0.454228692	0.0649088671690695	0.01
0.454266222	0.0652422411646931	0.01
0.454278877	0.0652422411646931	0.01
0.454379121	0.0652422411646931	0.01
0.454423548	0.0652422411646931	0.01
0.454618511	0.0655790572779219	0.01
0.454637485	0.0655790572779219	0.01
0.455180191	0.0676753192313533	0.01
0.455439212	0.0931957790048164	0.01
0.455678249	0.062667349255159	0.02
0.455755613	0.062667349255159	0.02
0.455804735	0.062667349255159	0.02
0.456133439	0.062667349255159	0.02
0.456159276	0.062667349255159	0.02
0.456455968	0.062667349255159	0.02
0.456880284	0.062667349255159	0.02
0.45760535	0.0620550729809547	0.02
0.457901934	0.0620550729809547	0.02
0.458664131	0.0617533996065426	0.02
0.459124851	0.0611587674239542	0.02
0.464728436	0.0591647958891652	0.02
0.474072423	0.0572967388450888	0.03
0.47699163	0.0586187505021021	0.03
0.477096915	0.0586187505021021	0.03
0.478409458	0.0620550729809547	0.03
0.478419311	0.0620550729809547	0.03
0.478888149	0.052994156302357	0.04
0.479732593	0.052994156302357	0.04
0.479936634	0.052994156302357	0.04
0.483511101	0.0536658105249192	0.04
0.483671852	0.0536658105249192	0.04
0.483988273	0.0536658105249192	0.04
0.484225862	0.0536658105249192	0.04
0.484458594	0.053893494706307	0.04
0.484927676	0.0543547085480166	0.04
0.48628356	0.073553217520897	0.04
0.489424331	0.0555430345455495	0.04
0.499369323	0.0610328330498703	0.05
0.508934563	0.0581586708197039	0.06
0.511690912	0.0425837376421565	0.06
0.514553924	0.0544443100193291	0.07
0.514742139	0.0544443100193291	0.07
0.514839037	0.0546605636048274	0.07
0.514971335	0.0546605636048274	0.07
0.515124567	0.0559950423039675	0.07
0.516063638	0.0783365461403162	0.07
0.518492841	0.0543215030705743	0.07
0.518564452	0.0543215030705743	0.07
0.529143364	0.0806515583069609	0.08
0.534308248	0.0837350800549488	0.08
0.534380672	0.0842907104221217	0.08
0.534888196	0.0826455091083733	0.07
0.536755919	0.0783951462548848	0.07
0.543234343	0.0771258681401128	0.07
0.544416783	0.0783951462548848	0.07
0.55657045	0.094771799449395	0.06
0.556645891	0.094771799449395	0.06
0.559788571	0.0938383367165534	0.07
0.562444529	0.0929230830696854	0.07
0.579525048	0.0831867269634263	0.07
0.583655412	0.0846652454548143	0.07
0.586308239	0.0911451125812243	0.07
0.593573546	0.0938383367165534	0.07
0.593673806	0.0938383367165534	0.07
0.593673808	0.0938383367165534	0.07
0.593754278	0.0938383367165534	0.07
0.59375428	0.0938383367165534	0.07
0.593824895	0.0938383367165534	0.07
0.593834769	0.0938383367165534	0.07
0.594036974	0.0938383367165534	0.07
0.594152812	0.0938383367165534	0.07
0.595015574	0.0938383367165534	0.07
0.595887104	0.0938383367165534	0.07
0.596219211	0.0938383367165534	0.07
0.602148457	0.0894339033153486	0.07
0.604317115	0.0802946994343035	0.07
0.604813246	0.0810633009556464	0.07
0.604905308	0.0818467591923095	0.07
0.60490531	0.0818467591923095	0.07
0.605716504	0.0818467591923095	0.07
0.605724938	0.0818467591923095	0.07
0.606051871	0.0818467591923095	0.07
0.606404306	0.0818467591923095	0.07
0.607971158	0.0826455091083733	0.07
0.608524688	0.0826455091083733	0.07
0.624510489	0.0842907104221217	0.06
0.630942519	0.0818467591923095	0.06
0.635412418	0.0795405360057027	0.06
0.636066531	0.0795405360057027	0.06
0.636422142	0.0788004076284757	0.06
0.637260654	0.0788004076284757	0.06
0.637881775	0.0788004076284757	0.06
0.638075882	0.0788004076284757	0.06
0.64559646	0.0826455091083733	0.06
0.648110758	0.0834600028146697	0.06
0.659386285	0.0765065182574943	0.07
0.667472678	0.0758970363587044	0.08
0.667879261	0.0758970363587044	0.08
0.667879263	0.0758970363587044	0.08
0.680410924	0.071888202669366	0.09
0.680589305	0.071888202669366	0.09
0.68060848	0.071888202669366	0.09
0.680786967	0.071888202669366	0.09
0.689921535	0.0737973937996149	0.09
0.690723937	0.0730696805889087	0.09
0.692614054	0.0752971884706049	0.1
0.696262833	0.0696362775570696	0.1
0.712354258	0.0689879554256201	0.11
0.7123899	0.0689879554256201	0.11
0.712401774	0.0689879554256201	0.11
0.713541741	0.0689879554256201	0.11
0.71365913	0.0689879554256201	0.11
0.714295462	0.0689879554256201	0.11
0.715679053	0.0642058424159189	0.12
0.717816093	0.067113452448154	0.12
0.719314887	0.067113452448154	0.12
0.725609694	0.0636542931966727	0.13
0.725869057	0.0636542931966727	0.13
0.725979546	0.0653381207806231	0.13
0.735438378	0.0590861673936066	0.14
0.75180067	0.0830367187547489	0.14
0.756100951	0.0199509870412139	0.13
0.763387603	0.0900486757327703	0.13
0.763491091	0.0900486757327703	0.13
0.765321243	0.0938383367165534	0.13
0.7676628	0.0926970525411168	0.13
0.772093843	0.085345227299382	0.12
0.772264397	0.0873031029164534	0.12
0.779184816	0.0924721189591078	0.12
0.779976345	0.0922482743576173	0.12
0.786383987	0.0974372737567668	0.11
0.793117932	0.0938085310733039	0.1
0.794958533	0.103244833666034	0.1
0.797194853	0.0992129720967682	0.1
0.8034392	0.100981562008081	0.09
0.828284953	0.102902325056646	0.07
0.849686346	0.10225081716315	0.05
0.856064956	0.107761481982916	0.04
0.861362559	0.0953790242935729	0.03
0.870144812	0.102835121888735	0.03
0.875213305	0.110745724982293	0.02
0.877564409	0.107439797667992	0.02
0.87832845	0.106802156501327	0.02
0.880342154	0.103724208354457	0.02
0.882218863	0.102333882406646	0.01
0.88244613	0.10163210015458	0.01
0.882485476	0.10163210015458	0.01
0.883236842	0.110559168600281	0.01
0.883671839	0.109819186264412	0.01
0.885800269	0.112828772771893	0.01
0.886381245	0.111431475264302	0.01
0.887670141	0.109732780235572	0.01
0.888469193	0.109399237239744	0.01
0.889014569	0.108085098385611	0.01
0.889576687	0.107439797667992	0.01
0.890083013	0.107120028189615	0.01
0.890218543	0.107120028189615	0.01
0.890218544	0.107120028189615	0.01
0.890309475	0.106486165758411	0.01
0.890339212	0.106486165758411	0.01
0.890354074	0.106802156501327	0.01
0.890354075	0.106802156501327	0.01
0.890407894	0.106802156501327	0.01
0.890419078	0.106802156501327	0.01
0.890459913	0.106802156501327	0.01
0.890474761	0.106802156501327	0.01
0.890489605	0.106802156501327	0.01
0.890489606	0.106802156501327	0.01
0.890580647	0.106802156501327	0.01
0.89061031	0.106802156501327	0.01
0.890610311	0.106802156501327	0.01
0.89068659	0.106802156501327	0.01
0.890701414	0.106486165758411	0.01
0.890716233	0.106486165758411	0.01
0.890731049	0.106486165758411	0.01
0.890822213	0.106486165758411	0.01
0.890837018	0.106486165758411	0.01
0.890851819	0.106486165758411	0.01
0.890928251	0.106486165758411	0.01
0.890957836	0.106486165758411	0.01
0.890972622	0.106486165758411	0.01
0.891093459	0.106486165758411	0.01
0.89119957	0.106486165758411	0.01
0.891214328	0.106486165758411	0.01
0.891244043	0.106486165758411	0.01
0.89133523	0.106486165758411	0.01
0.891382479	0.106486165758411	0.01
0.891441435	0.106486165758411	0.01
0.891456164	0.106486165758411	0.01
0.89149835	0.106486165758411	0.01
0.891562417	0.106486165758411	0.01
0.891577132	0.106486165758411	0.01
0.891698132	0.106486165758411	0.01
0.891881522	0.106486165758411	0.01
0.892012117	0.106486165758411	0.01
0.892017347	0.106486165758411	0.01
0.89216782	0.106486165758411	0.01
0.892215798	0.106486165758411	0.01
0.89229733	0.106802156501327	0.01
0.892307805	0.106802156501327	0.01
0.892546055	0.107439797667992	0.01
0.892924751	0.107120028189615	0.01
0.892952212	0.106486165758411	0.01
0.893172464	0.106486165758411	0.01
0.893313967	0.107439797667992	0.01
0.894085351	0.107439797667992	0.01
0.894189143	0.107439797667992	0.01
0.89420355	0.107439797667992	0.01
0.89422449	0.107439797667992	0.01
0.894232534	0.107439797667992	0.01
0.894332391	0.107439797667992	0.01
0.894511483	0.107120028189615	0.01
0.894690708	0.106486165758411	0.01
0.894913415	0.106486165758411	0.01
0.894970751	0.106486165758411	0.01
0.89539422	0.106172039314909	0.01
0.895638516	0.105859760720706	0.01
0.895840307	0.106486165758411	0.01
0.89592425	0.106486165758411	0.01
0.896396617	0.106486165758411	0.01
0.89685771	0.105859760720706	0.01
0.896928207	0.105549313718653	0.01
0.897131294	0.105240682241748	0.01
0.897316929	0.105532120043389	0.01
0.898155973	0.100031450513826	0.01
0.898455429	0.098262782241774	0.01
0.898485328	0.0984804378202142	0.01
0.89889623	0.0965555714118914	0.01
0.898920463	0.0965555714118914	0.01
0.899310528	0.0941031586879724	0.01
0.899413875	0.0927292752698675	0.01
0.900031532	0.0912074391427535	0.01
0.900274359	0.0913949313181078	0.01
0.900307304	0.0913949313181078	0.01
0.900690942	0.0752971884706049	0.01
0.902291602	0.0617963161006197	0.01
0.902919093	0.0576367032314245	0.01
0.902932441	0.0578791172569905	0.01
0.903876527	0.0477921315538423	0.01
0.904508173	0.0361181329760311	0.01
0.904513058	0.0364288686033137	0.01
0.905345526	0.0365862500961651	0.01
0.905541598	0.0367449973413617	0.01
0.906197141	0.0370666608230705	0.01
0.906210372	0.0367449973413617	0.01
0.906508268	0.0370666608230705	0.01
0.906786831	0.0370666608230705	0.01
0.906922556	0.0372296137151204	0.01
0.906983581	0.0375598558790793	0.01
0.907185931	0.0377271837878445	0.01
0.907198748	0.0377271837878445	0.01
0.907199842	0.0377271837878445	0.01
0.907298438	0.0375598558790793	0.01
0.907311244	0.0375598558790793	0.01
0.907324045	0.0377271837878445	0.01
0.907336843	0.0377271837878445	0.01
0.907336844	0.0377271837878445	0.01
0.907436592	0.0377271837878445	0.01
0.907449378	0.0377271837878445	0.01
0.90746216	0.0377271837878445	0.01
0.9075492	0.0377271837878445	0.01
0.907587512	0.0377271837878445	0.01
0.907700146	0.0377271837878445	0.01
0.907712898	0.0377271837878445	0.01
0.907951053	0.0377271837878445	0.01
0.907963773	0.0375598558790793	0.01
0.907963774	0.0375598558790793	0.01
0.908076559	0.0375598558790793	0.01
0.908089263	0.0375598558790793	0.01
0.908089264	0.0375598558790793	0.01
0.90817671	0.0378960092486915	0.01
0.908189407	0.0378960092486915	0.01
0.908202099	0.0378960092486915	0.01
0.908289632	0.0375598558790793	0.01
0.908566283	0.0375598558790793	0.01
0.908577365	0.0375598558790793	0.01
0.908578929	0.0375598558790793	0.01
0.908691978	0.0375598558790793	0.01
0.908830322	0.0372296137151204	0.01
0.908855181	0.0370666608230705	0.01
0.908956071	0.0375598558790793	0.01
0.909094444	0.0375598558790793	0.01
0.909183517	0.0373940056845159	0.01
0.909207673	0.0373940056845159	0.01
0.909308419	0.0373940056845159	0.01
0.909346075	0.0375598558790793	0.01
0.90938549	0.0375598558790793	0.01
0.909434338	0.0377271837878445	0.01
0.909620416	0.0377271837878445	0.01
0.909642167	0.0377271837878445	0.01
0.909838426	0.0373940056845159	0.01
0.909914657	0.0373940056845159	0.01
0.909925885	0.0373940056845159	0.01
0.910014581	0.0372296137151204	0.01
0.910051995	0.0373940056845159	0.01
0.910204731	0.0373940056845159	0.01
0.910267	0.0373940056845159	0.01
0.910628128	0.0377271837878445	0.01
0.911062134	0.0378960092486915	0.01
0.91113001	0.0378960092486915	0.01
0.911383512	0.0373940056845159	0.01
0.911747931	0.0373940056845159	0.01
0.911776598	0.0373940056845159	0.01
0.912015459	0.0370666608230705	0.01
0.912488931	0.0370666608230705	0.01
0.912630246	0.0370666608230705	0.01
0.912967277	0.0375598558790793	0.01
0.913006436	0.0375598558790793	0.01
0.913244462	0.0375598558790793	0.01
0.913630289	0.0373940056845159	0.01
0.913751419	0.0373940056845159	0.01
0.914018042	0.0375598558790793	0.01
0.914968567	0.0418725336747978	0.01
0.915026039	0.0418725336747978	0.01
0.915269563	0.0418725336747978	0.01
0.915559183	0.0416893058354721	0.01
0.916024822	0.0416893058354721	0.01
0.916163647	0.0416893058354721	0.01
0.916208994	0.0416893058354721	0.01
0.917248255	0.0357263206200383	0.01
0.917957453	0.0166550450289974	0.01
0.918238351	0.00928094093821975	0.01
0.918456927	0.00944658540195014	0.01
0.918483627	0.00944658540195014	0.01
0.918816837	0.00998100248821003	0.01
0.918837351	0.0100760066597549	0.01
0.919120121	0.0410958692318022	0.02
0.919655338	0.041417451134464	0.02
0.919822583	0.041417451134464	0.02
0.920002472	0.041417451134464	0.02
0.921364075	0.0420759535806565	0.02
0.921783065	0.0420759535806565	0.02
0.922071236	0.0420759535806565	0.02
0.923473233	0.0427557335860402	0.02
0.924160807	0.042413119949815	0.02
0.924412009	0.042413119949815	0.02
0.924627878	0.0429291245494882	0.02
0.925553967	0.0432801599783023	0.02
0.926193857	0.0432801599783023	0.02
0.927872541	0.0220266820404972	0.02
0.929379518	0.0199509870412139	0.02
0.93064775	0.0368088826392799	0.03
0.93220206	0.0368088826392799	0.03
0.933174706	0.0373280749895779	0.03
0.934071327	0.0374601696916595	0.03
0.93534835	0.0378621233882169	0.03
0.938446291	0.0114367675496127	0.03
0.938770844	0.0118198721739887	0.03
0.944027825	0.0174801162679273	0.03
0.947518522	0.0194024667979178	0.03
0.948845214	0.0205314236216476	0.03
0.949342587	0.0207324811843248	0.03
0.953473419	0.0242096079869001	0.04
0.954119877	0.025370037953135	0.04
0.954191796	0.025370037953135	0.04
0.955603107	0.0268728024535252	0.04
0.956296714	0.0278142567031738	0.04
0.956549025	0.0278142567031738	0.04
0.956766863	0.0278142567031738	0.04
0.95679317	0.0278142567031738	0.04
0.957016096	0.0278142567031738	0.04
0.958321379	0.0288240711550929	0.04
0.959031973	0.0301943528697739	0.04
0.959642592	0.0304841934873449	0.04
0.959665139	0.0307796524933975	0.04
0.959857154	0.0310808948504754	0.04
0.960039043	0.0313880920429462	0.04
0.960819071	0.0313880920429462	0.04
0.964458654	0.025370037953135	0.05
0.966290332	0.0278142567031738	0.05
0.966653906	0.0278142567031738	0.05
0.966980911	0.0278142567031738	0.05
0.966980912	0.0278142567031738	0.05
0.966986309	0.0278142567031738	0.05
0.967139043	0.0278142567031738	0.05
0.967297223	0.0280600184136095	0.05
0.967302572	0.0280600184136095	0.05
0.967460779	0.0280600184136095	0.05
0.96746078	0.0280600184136095	0.05
0.967608447	0.0280600184136095	0.05
0.967619041	0.0280600184136095	0.05
0.967925221	0.0280600184136095	0.05
0.968088909	0.0283101618516898	0.05
0.968237002	0.0283101618516898	0.05
0.969035555	0.0301943528697739	0.05
0.969666194	0.0307796524933975	0.05
0.970292984	0.0304841934873449	0.05
0.973457204	0.0217253093753412	0.06
0.973766743	0.0224947515470318	0.06
0.97801719	0.0240264456833685	0.06
0.978183481	0.0240264456833685	0.06
0.981915796	0.0262075007553152	0.06
0.9860103	0.0187163650629193	0.06
1.019804062	0.0301943528697739	0.07
1.022530753	0.0301943528697739	0.07
1.023898132	0.0307796524933975	0.07
1.027349785	0.0283101618516898	0.08
1.028094642	0.0288240711550929	0.08
1.029078227	0.0299099718928407	0.08
1.030397618	0.0301943528697739	0.08
1.031531241	0.0301943528697739	0.08
1.031720423	0.0301943528697739	0.08
1.032104884	0.0301943528697739	0.08
1.034014818	0.0290880865709232	0.08
1.034854243	0.0301943528697739	0.08
1.035677928	0.0402367298966375	0.08
1.036124234	0.0402367298966375	0.08
1.038905957	0.041417451134464	0.08
1.039046839	0.0422438640086547	0.08
1.044012776	0.0346407187858387	0.09
1.048661279	0.0373940056845159	0.09
1.049025044	0.0373940056845159	0.09
1.054783865	0.041417451134464	0.09
1.057424783	0.0364288686033137	0.1
1.058571278	0.0373940056845159	0.1
1.067971123	0.0364288686033137	0.11
1.068168044	0.0364288686033137	0.11
1.06860264	0.0373940056845159	0.11
1.070326964	0.0406227519286337	0.11
1.076612069	0.041417451134464	0.11
1.112743253	0.0689879554256201	0.14
1.113082372	0.0683515938541791	0.14
1.113233383	0.0683515938541791	0.14
1.115076799	0.0696362775570696	0.14
1.116382888	0.0696362775570696	0.14
1.125633627	0.0620550729809547	0.13
1.127882011	0.0632918281716922	0.12
1.13205703	0.062667349255159	0.12
1.133642817	0.0620550729809547	0.12
1.134317617	0.0620550729809547	0.12
1.136767134	0.0620550729809547	0.12
1.137302108	0.0620550729809547	0.12
1.183360064	0.0632918281716922	0.15
1.187305519	0.0702969006496414	0.15
1.187446683	0.0702969006496414	0.15
1.18762744	0.0669618315940435	0.15
1.192009701	0.065919369095679	0.15
1.192075895	0.065919369095679	0.15
1.203309389	0.0697181756143758	0.14
1.208769953	0.0580826920975823	0.13
1.209215802	0.0580826920975823	0.13
1.209751115	0.0580826920975823	0.13
1.209768181	0.0580826920975823	0.13
1.210085375	0.0570394599698348	0.13
1.21086869	0.0570394599698348	0.13
1.225416562	0.0555430345455495	0.12
1.226416878	0.0555430345455495	0.12
1.245566855	0.0532161651984899	0.12
1.246668032	0.0541231190787158	0.12
1.248955951	0.0541231190787158	0.12
1.252855937	0.0586187505021021	0.11
1.268447511	0.0586187505021021	0.1
1.270060331	0.0575563491707512	0.1
1.270253663	0.0570394599698348	0.1
1.270604589	0.0570394599698348	0.1
1.275739262	0.0591647958891652	0.09
1.285172518	0.0647670332615691	0.1
1.289511656	0.041826575886748	0.09
1.293113698	0.041826575886748	0.09
1.302603198	0.051742170404196	0.1
1.303502827	0.0527739920781576	0.1
1.33510162	0.0716564771578491	0.12
1.335485912	0.0716564771578491	0.12
1.335508208	0.0716564771578491	0.12
1.335711503	0.0716564771578491	0.12
1.335892556	0.0716564771578491	0.12
1.336051433	0.0716564771578491	0.12
1.336595099	0.0696362775570696	0.12
1.336665633	0.0696362775570696	0.12
1.337161305	0.0696362775570696	0.12
1.337524247	0.0696362775570696	0.12
1.337529375	0.0696362775570696	0.12
1.337777279	0.0696362775570696	0.12
1.337887386	0.0696362775570696	0.12
1.338686534	0.0696362775570696	0.12
1.340005107	0.0696362775570696	0.12
1.342315002	0.0696362775570696	0.12
1.342368518	0.0696362775570696	0.12
1.346883901	0.0737973937996149	0.11
1.360533959	0.0737973937996149	0.12
1.360774481	0.0737973937996149	0.12
1.360981621	0.0737973937996149	0.12
1.36116959	0.0737973937996149	0.12
1.361545683	0.0737973937996149	0.12
1.361952473	0.0737973937996149	0.12
1.362110213	0.0737973937996149	0.12
1.368578346	0.0974871254540605	0.12
1.369020462	0.0983932599836915	0.12
1.370127164	0.0983932599836915	0.12
1.373967278	0.0993163974406672	0.12
1.377139612	0.102192751682571	0.11
1.377544294	0.102192751682571	0.11
1.379222918	0.100257020928077	0.11
1.38563755	0.103188921159594	0.11
1.418305639	0.103188921159594	0.1
1.430594094	0.100257020928077	0.1
1.434752614	0.100257020928077	0.1
1.448119954	0.095724020136179	0.12
1.450462129	0.0948661681644506	0.12
1.450928234	0.0948661681644506	0.12
1.45657643	0.0948661681644506	0.13
1.484067531	0.0931957790048164	0.15
1.484117024	0.0931957790048164	0.15
1.485393153	0.094023555284476	0.15
1.485917469	0.0931957790048164	0.16
1.488337206	0.0931957790048164	0.16
1.494140559	0.0915831959244949	0.16
1.502972103	0.0915831959244949	0.17
1.511734415	0.0915831959244949	0.18
1.512403577	0.0915831959244949	0.18
1.512821455	0.0915831959244949	0.18
1.517647523	0.0907976519926782	0.19
1.519065464	0.0907976519926782	0.19
1.523536021	0.0907976519926782	0.19
1.558319819	0.174722865205204	0.23
1.558531046	0.174722865205204	0.23
1.55916507	0.174038911233748	0.23
1.561070241	0.183559640358655	0.22
1.56916589	0.199407879754042	0.22
1.595407686	0.209262831146776	0.19
1.611568792	0.211000812239442	0.17
1.652341299	0.248574203537872	0.13
1.707257935	0.247484557362317	0.08
1.745720251	0.242871090945639	0.04
1.758275756	0.245689555569494	0.03
1.778615293	0.249305980667113	0.01
1.77861633	0.249305980667113	0.01
1.780627841	0.238762589604944	0.01
1.780657572	0.238762589604944	0.01
1.780839524	0.237091451801277	0.01
1.780928629	0.237091451801277	0.01
1.78092863	0.237091451801277	0.01
1.781140367	0.237091451801277	0.01
1.781170031	0.237091451801277	0.01
1.781170032	0.237091451801277	0.01
1.781381862	0.237091451801277	0.01
1.781411498	0.237091451801277	0.01
1.781411499	0.237091451801277	0.01
1.781623424	0.237091451801277	0.01
1.781653031	0.237091451801277	0.01
1.7818108	0.237091451801277	0.01
1.781835463	0.237091451801277	0.01
1.781894629	0.237091451801277	0.01
1.782136293	0.235443544528443	0.01
1.782378022	0.23063446091178	0.01
1.782590324	0.23063446091178	0.01
1.782619816	0.23063446091178	0.01
1.783286774	0.23063446091178	0.01
1.783345594	0.23063446091178	0.01
1.783587651	0.23063446091178	0.01
1.78377107	0.23063446091178	0.01
1.783829774	0.23063446091178	0.01
1.783925287	0.23063446091178	0.01
1.784013316	0.23063446091178	0.01
1.784314217	0.23063446091178	0.01
1.78446873	0.23063446091178	0.01
1.785497332	0.227536081792658	0.01
1.785988286	0.226017902017204	0.01
1.786357195	0.226017902017204	0.01
1.787927091	0.220142510226839	0.01
1.788266632	0.220142510226839	0.01
1.788780487	0.227536081792658	0.01
1.78918715	0.227536081792658	0.01
1.789358594	0.227536081792658	0.01
1.790033715	0.223041520228178	0.01
1.790095821	0.223041520228178	0.01
1.790737455	0.22090818535083	0.01
1.79204453	0.224958386213631	0.02
1.792147241	0.224958386213631	0.02
1.794856772	0.199139930410995	0.02
1.795643534	0.182467292395831	0.02
1.796645824	0.175550739555785	0.02
1.796669094	0.175550739555785	0.02
1.796696941	0.175550739555785	0.02
1.799436111	0.167609063221492	0.02
1.801889818	0.0839867284953059	0.02
1.809599251	0.167449585512855	0.03
1.813215031	0.0970745147819365	0.03
1.813240824	0.0970745147819365	0.03
1.813793197	0.0864817985817461	0.03
1.814069384	0.0912244520923594	0.03
1.814345569	0.068588848897824	0.03
1.814621756	0.0697181756143758	0.03
1.814621757	0.0697181756143758	0.03
1.814846808	0.0697181756143758	0.03
1.814872379	0.0697181756143758	0.03
1.815039963	0.0697181756143758	0.03
1.815123071	0.0697181756143758	0.03
1.815169565	0.0697181756143758	0.03
1.815288509	0.0697181756143758	0.03
1.815373832	0.0697181756143758	0.03
1.815624663	0.0708853140079594	0.03
1.815875562	0.0708853140079594	0.03
1.816374833	0.055061523073372	0.03
1.816377569	0.055061523073372	0.03
1.81637757	0.055061523073372	0.03
1.816628678	0.055061523073372	0.03
1.816879855	0.055061523073372	0.03
1.817382419	0.055061523073372	0.03
1.817399416	0.055061523073372	0.03
1.817633804	0.055061523073372	0.03
1.818363245	0.0570394599698348	0.03
1.819217405	0.0586187505021021	0.03
1.819395454	0.0591647958891652	0.03
1.819410514	0.0591647958891652	0.03
1.81989941	0.0591647958891652	0.03
1.823267442	0.0632918281716922	0.03
1.823345161	0.0632918281716922	0.03
1.824280416	0.0632918281716922	0.03
1.824759677	0.0632918281716922	0.03
1.828939845	0.0570394599698348	0.04
1.829051906	0.0570394599698348	0.04
1.829613575	0.0586187505021021	0.04
1.835137623	0.062667349255159	0.04
1.836263396	0.0632918281716922	0.04
1.837659261	0.0527739920781576	0.05
1.839735229	0.0565317720620964	0.05
1.842215909	0.0602879851730406	0.05
1.860668056	0.0570394599698348	0.07
1.872927722	0.0608657251040653	0.07
1.877534086	0.0591647958891652	0.07
1.917919203	0.0575563491707512	0.11
1.932723098	0.0467183418673326	0.12
1.934242286	0.0488753790130465	0.12
1.937910579	0.0605342395114706	0.13
1.938319698	0.0605342395114706	0.13
1.939501786	0.0605342395114706	0.13
1.940502926	0.0439997398773877	0.13
1.945075766	0.0747067479588293	0.14
1.947078383	0.0747067479588293	0.14
1.956133657	0.0747067479588293	0.15
1.95745413	0.0747067479588293	0.15
1.961031557	0.0590861673936066	0.15
2.03833515	0.0693754919371707	0.23
2.039242563	0.0693754919371707	0.23
2.045755957	0.0683515938541791	0.23
2.049316864	0.0663324347121144	0.24
2.057190684	0.0709701781453884	0.24
2.058810915	0.0663324347121144	0.25
2.060706206	0.053779411631877	0.25
2.067556414	0.0723561791395345	0.25
2.077371996	0.0709701781453884	0.26
2.077935092	0.0737973937996149	0.26
2.080200147	0.053779411631877	0.27
2.112854786	0.053779411631877	0.3
2.114638141	0.0559625121999269	0.3
2.116340052	0.067113452448154	0.3
2.117539144	0.0716564771578491	0.3
2.119081815	0.065919369095679	0.31
2.130868897	0.0534400420477906	0.32
2.175983465	0.0665110518122398	0.36
2.201956234	0.0534400420477906	0.39
2.21647999	0.0683515938541791	0.4
2.22607531	0.065919369095679	0.41
2.230993963	0.0579061780802094	0.42
2.268175967	0.106875343948354	0.41
2.273953022	0.116858484196643	0.4
2.279085054	0.111193141163888	0.4
2.283420782	0.118877438058994	0.39
2.287430653	0.111193141163888	0.39
2.416816988	0.129353173303115	0.31
2.634889835	0.176435906610884	0.1
2.63880046	0.174722865205204	0.1
2.644514931	0.176435906610884	0.09
2.64482266	0.176435906610884	0.09
2.65353762	0.171394674478782	0.09
2.664122924	0.176435906610884	0.07
2.670697515	0.174722865205204	0.07
2.67074212	0.174722865205204	0.07
2.671148642	0.174722865205204	0.07
2.671193179	0.174722865205204	0.07
2.671237545	0.174722865205204	0.07
2.671237705	0.174722865205204	0.07
2.671599646	0.174722865205204	0.07
2.671961685	0.171394674478782	0.07
2.672323822	0.171394674478782	0.07
2.672686057	0.171394674478782	0.07
2.67300408	0.171394674478782	0.07
2.673366554	0.171394674478782	0.07
2.673410821	0.171394674478782	0.07
2.674640938	0.176435906610884	0.06
2.67498819	0.174722865205204	0.06
2.675906626	0.174722865205204	0.06
2.67595059	0.174722865205204	0.06
2.679543675	0.174722865205204	0.06
2.681604422	0.174722865205204	0.06
2.684222358	0.176435906610884	0.05
2.690995907	0.16977767806272	0.06
2.692790444	0.176435906610884	0.05
2.697875326	0.171394674478782	0.06
2.700424629	0.174722865205204	0.06
2.720992773	0.166152736795165	0.07
2.721223607	0.166152736795165	0.07
2.721339166	0.166152736795165	0.07
2.721753239	0.166152736795165	0.07
2.722090639	0.166152736795165	0.07
2.72212898	0.166152736795165	0.07
2.722504826	0.166152736795165	0.07
2.725138453	0.1645386182479	0.08
2.725892101	0.1645386182479	0.08
2.727362573	0.1645386182479	0.08
2.728457177	0.1645386182479	0.08
2.733911556	0.168190907092098	0.09
2.734951629	0.16779883799316	0.08
2.741703646	0.16779883799316	0.08
2.744776734	0.16779883799316	0.09
2.784781798	0.151399508693073	0.12
2.795646082	0.151399508693073	0.13
2.814579483	0.151399508693073	0.15
2.857457722	0.148566395960406	0.19
2.874914635	0.148566395960406	0.21
2.884109016	0.155476219821724	0.22
2.885327778	0.147189232676302	0.22
3.017087015	0.149969573259933	0.35
3.091199805	0.152856975031403	0.42
3.116410384	0.142404085416429	0.45
3.153761559	0.174722865205204	0.48
3.190582361	0.177159628380389	0.52
3.557717034	0.209262831146776	0.880000000000001
3.561648443	0.217877003387623	0.890000000000001
3.563861522	0.246643636961351	0.890000000000001
3.568359469	0.260823550026283	0.890000000000001
3.571210711	0.260823550026283	0.890000000000001
3.571812505	0.262983451964337	0.890000000000001
3.572123566	0.274833948828149	0.880000000000001
3.572497766	0.274833948828149	0.880000000000001
3.575584373	0.258548396621981	0.880000000000001
3.62939674	0.248574203537872	0.910000000000001
3.629519691	0.248574203537872	0.910000000000001
3.631023885	0.250535230990884	0.910000000000001
3.631169027	0.250535230990884	0.910000000000001
3.707141358	0.246643636961351	0.990000000000001
3.778072999	0.271099997926552	1.05
3.82876748	0.265862506532954	1.1
3.963711323	0.265862506532954	1.23
4.442577106	0.291617362411742	1.63
4.445571488	0.291617362411742	1.64
4.452121847	0.291617362411742	1.64
4.45272527	0.291617362411742	1.64
4.453932605	0.291617362411742	1.64
4.459832487	0.291617362411742	1.65
4.475601202	0.291617362411742	1.67
4.478685952	0.291617362411742	1.67
4.480518943	0.291617362411742	1.67
4.536342962	0.313079984183206	1.7
4.536969429	0.313079984183206	1.7
4.537444354	0.313079984183206	1.7
4.537596069	0.313079984183206	1.7
4.550359745	0.316095712963042	1.69
4.773228095	0.319170104551731	1.89
4.895921957	0.319170104551731	2.02
5.341769851	0.346099831660792	2.08
5.342582978	0.346099831660792	2.08
5.343129076	0.346099831660792	2.08
5.346842194	0.346099831660792	2.07
5.443653327	0.346099831660792	1.95
6.232084175	0.313487827105846	2.60999999999999
6.2338777	0.313487827105846	2.60999999999999
7	0.346099831660792	2.54999999999999
