thrs	post_p	finalwindow
0	0.13422661807333	0.23
0.089689176	0.110781534852689	0.21
0.127200542	0.0784098968094082	0.17
0.127695348	0.0818866466560436	0.17
0.129609166	0.110781534852689	0.17
0.129730945	0.110781534852689	0.17
0.14705261	0.090970984780899	0.16
0.148447444	0.105212663249771	0.15
0.148782099	0.104165406100266	0.15
0.161204767	0.102749307877255	0.14
0.178140913	0.0896352302710268	0.13
0.178189211	0.0896352302710268	0.13
0.178358463	0.0896352302710268	0.13
0.181430774	0.100920003969961	0.12
0.181486006	0.100920003969961	0.12
0.181486035	0.100920003969961	0.12
0.181824923	0.100920003969961	0.12
0.186084933	0.090970984780899	0.12
0.205298456	0.0916539032845362	0.1
0.222622275	0.0760177010688876	0.08
0.22265244	0.0760177010688876	0.08
0.222656148	0.0760177010688876	0.08
0.222686318	0.0760177010688876	0.08
0.223196808	0.0788935387463103	0.08
0.226694446	0.0757775052763234	0.08
0.226728961	0.0757775052763234	0.08
0.226867021	0.0757775052763234	0.08
0.226929675	0.0757775052763234	0.08
0.226982815	0.0757775052763234	0.08
0.227081991	0.076993906999496	0.08
0.230426372	0.0613907632104204	0.08
0.237068117	0.0649467404910004	0.07
0.241897099	0.0618747314979861	0.07
0.24235868	0.0618747314979861	0.07
0.242615688	0.0618747314979861	0.07
0.242875367	0.0618747314979861	0.07
0.242941212	0.0618747314979861	0.07
0.243116147	0.0597874196579972	0.06
0.249436037	0.0544542365101093	0.06
0.256259656	0.0586388164716838	0.05
0.259750174	0.0554433732399321	0.05
0.296044019	0.05068644168308	0.05
0.296834617	0.05068644168308	0.05
0.296839561	0.05068644168308	0.05
0.296839653	0.05068644168308	0.05
0.296879772	0.05068644168308	0.05
0.296919994	0.05068644168308	0.05
0.296960227	0.05068644168308	0.05
0.297156652	0.05068644168308	0.05
0.297161557	0.05068644168308	0.05
0.29723727	0.05068644168308	0.05
0.297242165	0.05068644168308	0.05
0.297345093	0.05068644168308	0.05
0.298033592	0.05068644168308	0.05
0.298432807	0.05068644168308	0.05
0.29855614	0.05068644168308	0.05
0.299120783	0.05068644168308	0.05
0.29926506	0.05068644168308	0.05
0.299931082	0.0516878285492382	0.05
0.300128238	0.0516878285492382	0.05
0.300638986	0.0516878285492382	0.05
0.301159527	0.0511822375200471	0.05
0.301373268	0.0511822375200471	0.05
0.30240618	0.0497231186084513	0.05
0.302443572	0.0497231186084513	0.05
0.302452098	0.0497231186084513	0.05
0.302453753	0.0497231186084513	0.05
0.302531356	0.0497231186084513	0.05
0.302694303	0.0497231186084513	0.05
0.302757814	0.0497231186084513	0.05
0.303037639	0.0497231186084513	0.05
0.303062807	0.0497231186084513	0.05
0.303998368	0.0497231186084513	0.05
0.304168238	0.0497231186084513	0.05
0.305094409	0.0497231186084513	0.05
0.307314933	0.0474677436388599	0.05
0.308759935	0.04621012549307	0.05
0.319078068	0.047041000115229	0.04
0.320217262	0.047041000115229	0.04
0.320290117	0.047041000115229	0.04
0.322066605	0.0511822375200471	0.03
0.323097253	0.0511822375200471	0.03
0.323537089	0.0511822375200471	0.03
0.324596864	0.0511822375200471	0.03
0.327195424	0.0454080925505626	0.04
0.328591896	0.0450174264507076	0.04
0.330254195	0.0450174264507076	0.04
0.333944256	0.0435197471660639	0.04
0.334029253	0.0435197471660639	0.04
0.338071632	0.0428076656552951	0.05
0.340262381	0.0408046943410132	0.05
0.343625259	0.0408046943410132	0.05
0.350684009	0.0401780504806623	0.06
0.351815198	0.0398718911503031	0.06
0.356206548	0.0398718911503031	0.06
0.356351443	0.0398718911503031	0.06
0.356437896	0.0398718911503031	0.06
0.356490553	0.0398718911503031	0.06
0.357959666	0.0409965171056773	0.06
0.360733393	0.0384085143928532	0.07
0.363236679	0.0384085143928532	0.07
0.363936107	0.0384085143928532	0.07
0.367161303	0.0442559195684682	0.07
0.367663989	0.0395106031438647	0.07
0.37384574	0.0751609481255917	0.08
0.386863037	0.0666404392762701	0.06
0.386909127	0.071062212292922	0.06
0.389222512	0.0684589450037759	0.06
0.389299853	0.0684589450037759	0.06
0.389825341	0.0760957378222415	0.06
0.398731854	0.0742908229462373	0.05
0.403209246	0.0819872798330745	0.05
0.411578949	0.0904950198890266	0.04
0.415772448	0.0618747314979861	0.03
0.423143546	0.0957554957431367	0.03
0.428769674	0.0907905885420061	0.02
0.438307149	0.0947356835855268	0.01
0.441698853	0.103079032416217	0.01
0.444499874	0.0901647970757203	0.01
0.445049535	0.0901647970757203	0.01
0.445117302	0.0942481436919688	0.01
0.445156208	0.0942481436919688	0.01
0.445185067	0.0942481436919688	0.01
0.445185068	0.0942481436919688	0.01
0.445252832	0.0942481436919688	0.01
0.445252833	0.0942481436919688	0.01
0.445252835	0.0942481436919688	0.01
0.445305777	0.0942481436919688	0.01
0.44531318	0.0942481436919688	0.01
0.44531319	0.0942481436919688	0.01
0.445373562	0.0942481436919688	0.01
0.445419149	0.0942481436919688	0.01
0.445433949	0.0942481436919688	0.01
0.445479567	0.0932879647460604	0.01
0.445494353	0.0932879647460604	0.01
0.445540001	0.0932879647460604	0.01
0.445554774	0.0928151746566481	0.01
0.445615211	0.0928151746566481	0.01
0.445653547	0.0928151746566481	0.01
0.445675664	0.090970984780899	0.01
0.445691925	0.090970984780899	0.01
0.445736134	0.090970984780899	0.01
0.445849774	0.098295001893365	0.01
0.445917642	0.098295001893365	0.01
0.445970843	0.098295001893365	0.01
0.445978177	0.098295001893365	0.01
0.446319857	0.0978156493936298	0.01
0.446341735	0.0978156493936298	0.01
0.446351359	0.0978156493936298	0.01
0.446394864	0.0978156493936298	0.01
0.446455777	0.0978156493936298	0.01
0.44656991	0.0978156493936298	0.01
0.446633323	0.0978156493936298	0.01
0.446772341	0.0978156493936298	0.01
0.446888185	0.0968708347863389	0.01
0.446967543	0.0968708347863389	0.01
0.447158639	0.0968708347863389	0.01
0.447542535	0.0968708347863389	0.01
0.447876705	0.0964052391544683	0.01
0.447928306	0.0959440977498893	0.01
0.448701687	0.0954873469583133	0.01
0.448791313	0.0954873469583133	0.01
0.449051315	0.0954873469583133	0.01
0.449552291	0.0950349243710791	0.01
0.449715173	0.0950349243710791	0.01
0.452986292	0.0945867687567261	0.01
0.453117722	0.0945867687567261	0.01
0.453312195	0.0941428200333679	0.01
0.453607731	0.0941428200333679	0.01
0.45367678	0.0941428200333679	0.01
0.453739439	0.0941428200333679	0.01
0.453802119	0.0941428200333679	0.01
0.453864805	0.0941428200333679	0.01
0.453864814	0.0941428200333679	0.01
0.453927527	0.0941428200333679	0.01
0.453952078	0.0941428200333679	0.01
0.453977538	0.0941428200333679	0.01
0.453990257	0.0941428200333679	0.01
0.454115767	0.0941428200333679	0.01
0.454131662	0.0941428200333679	0.01
0.454159539	0.0941428200333679	0.01
0.454172215	0.0941428200333679	0.01
0.454266222	0.0941428200333679	0.01
0.454278877	0.0941428200333679	0.01
0.454291524	0.0941428200333679	0.01
0.454297847	0.0941428200333679	0.01
0.454379121	0.0941428200333679	0.01
0.454423548	0.0941428200333679	0.01
0.455078808	0.0945867687567261	0.01
0.455439212	0.0930509691460134	0.01
0.455550168	0.0990927917648895	0.01
0.455665947	0.105973689860654	0.01
0.455755613	0.112829079773925	0.01
0.455804735	0.112829079773925	0.01
0.456133439	0.103138791682904	0.01
0.456880284	0.0887289113376389	0.02
0.45760535	0.0883381346960135	0.02
0.457901934	0.0883381346960135	0.02
0.458022431	0.0883381346960135	0.02
0.458664131	0.0883381346960135	0.02
0.459124851	0.0879507850498613	0.02
0.460382332	0.0875668175153873	0.02
0.462114195	0.0879507850498613	0.02
0.46331093	0.0879507850498613	0.02
0.464728436	0.0868088531313635	0.02
0.473676694	0.0835543058723654	0.03
0.474072423	0.0835543058723654	0.03
0.47699163	0.0617530254610293	0.03
0.478409458	0.0658319539652882	0.03
0.478419311	0.0658319539652882	0.03
0.478888149	0.0670982373857121	0.03
0.479936634	0.0522035079448268	0.03
0.483988273	0.079576442867636	0.04
0.484225862	0.079576442867636	0.04
0.484927676	0.0798934074117799	0.04
0.48628356	0.0761283004431914	0.04
0.489424331	0.0601556429148141	0.04
0.490830832	0.0466218612261082	0.04
0.499369323	0.0609143071161549	0.05
0.508934563	0.058203967615804	0.06
0.514553924	0.0750365811711362	0.07
0.514645345	0.0750365811711362	0.07
0.51473946	0.0750365811711362	0.07
0.514742139	0.0750365811711362	0.07
0.51502476	0.0750365811711362	0.07
0.515124567	0.0761283004431914	0.07
0.51682809	0.0563648308758552	0.07
0.518492841	0.0538141889829586	0.07
0.518564452	0.0538141889829586	0.07
0.529143364	0.0296908222244061	0.07
0.534308248	0.0296908222244061	0.07
0.534453117	0.0289515600038109	0.07
0.534888196	0.050827114771075	0.07
0.536755919	0.035062656559739	0.06
0.543234343	0.0340363155622656	0.06
0.544416783	0.0343716872966231	0.06
0.55657045	0.0521292103768136	0.05
0.55802857	0.0516878285492382	0.05
0.559788571	0.050827114771075	0.05
0.568776608	0.0559515405321152	0.04
0.572491616	0.0564691092270014	0.04
0.574371638	0.0492550591682596	0.04
0.57444178	0.0492550591682596	0.04
0.579525048	0.0516878285492382	0.04
0.583655412	0.0522035079448268	0.04
0.593402747	0.0483448877340376	0.05
0.593673806	0.0483448877340376	0.05
0.593673808	0.0483448877340376	0.05
0.593754278	0.0483448877340376	0.05
0.59375428	0.0483448877340376	0.05
0.593834769	0.0483448877340376	0.05
0.593915284	0.0483448877340376	0.05
0.594036974	0.0483448877340376	0.05
0.594318181	0.0479023006533957	0.05
0.595015574	0.0497231186084513	0.05
0.596219211	0.0527295806986555	0.04
0.596894832	0.0492550591682596	0.05
0.597117526	0.0527295806986555	0.04
0.602148457	0.0522035079448268	0.04
0.604317115	0.0516878285492382	0.04
0.604813246	0.0516878285492382	0.04
0.604905308	0.0516878285492382	0.04
0.604905312	0.0516878285492382	0.04
0.604988853	0.0516878285492382	0.04
0.605716504	0.0516878285492382	0.04
0.60631275	0.0516878285492382	0.04
0.606404306	0.0516878285492382	0.04
0.607971158	0.0511822375200471	0.04
0.608756287	0.0487957295347021	0.04
0.61827716	0.05068644168308	0.04
0.624510489	0.0527295806986555	0.04
0.630942519	0.0741504512627678	0.04
0.636066531	0.0683397291547217	0.05
0.637031954	0.0683397291547217	0.05
0.637881775	0.0683397291547217	0.05
0.638075882	0.0683397291547217	0.05
0.641599528	0.0660396716454964	0.05
0.644129804	0.0623663910555871	0.06
0.646569798	0.0623663910555871	0.06
0.64801212	0.0623663910555871	0.06
0.648110758	0.0623663910555871	0.06
0.65703705	0.0606788416942712	0.07
0.667472678	0.0598460321499878	0.08
0.667879261	0.0598460321499878	0.08
0.667879263	0.0598460321499878	0.08
0.669490645	0.0598460321499878	0.08
0.671132308	0.0598460321499878	0.08
0.678915807	0.0615972480173844	0.08
0.680410924	0.0615972480173844	0.08
0.680589305	0.0615972480173844	0.08
0.680702493	0.0615972480173844	0.08
0.680786967	0.0615972480173844	0.08
0.689921535	0.0628659266973573	0.09
0.690723937	0.0623045067340802	0.09
0.692614054	0.0640196770967652	0.09
0.696262833	0.0591358539490268	0.1
0.697379755	0.0606788416942712	0.1
0.7123899	0.0601556429148141	0.11
0.712401774	0.0601556429148141	0.11
0.713541741	0.0601556429148141	0.11
0.71365913	0.0601556429148141	0.11
0.715653707	0.0558236274023795	0.12
0.715679053	0.0558236274023795	0.12
0.719314887	0.0586388164716838	0.12
0.725869057	0.0549443534976318	0.13
0.726772429	0.0549443534976318	0.13
0.742183791	0.0536761790942397	0.14
0.744518666	0.0516878285492382	0.14
0.756100951	0.0413856245377702	0.13
0.762884543	0.0938016157741211	0.13
0.763284143	0.098813026310237	0.13
0.763387603	0.102132215613637	0.13
0.763491091	0.101867104912796	0.13
0.766651587	0.0994879376733031	0.13
0.7676628	0.100901291442587	0.13
0.772264397	0.0996996847693998	0.12
0.778829055	0.102382013198832	0.12
0.779184816	0.102132215613637	0.12
0.779976345	0.101145096874159	0.12
0.794958533	0.106477806154465	0.1
0.797194853	0.102222909939389	0.1
0.799403767	0.101603366975997	0.1
0.812482547	0.102801069005379	0.08
0.849686346	0.10729484343742	0.05
0.856064956	0.11145574236396	0.04
0.861362559	0.102132215613637	0.03
0.861783488	0.109150300190409	0.03
0.864973627	0.116046359638596	0.03
0.866065884	0.11145574236396	0.03
0.867661243	0.111772131294912	0.03
0.874413626	0.119452504018513	0.02
0.875213305	0.115679852017423	0.02
0.877564409	0.112780603188889	0.02
0.87832845	0.111772131294912	0.02
0.882218863	0.112829079773925	0.01
0.88244613	0.112001045849652	0.01
0.883236842	0.115411271720353	0.01
0.883671839	0.119102918097531	0.01
0.884296127	0.122652545251003	0.01
0.886381245	0.115315652179565	0.01
0.887670141	0.116277681649068	0.01
0.888469193	0.115205996279384	0.01
0.888863234	0.114502447122265	0.01
0.889014569	0.114153885101889	0.01
0.889209764	0.114153885101889	0.01
0.889857915	0.112780603188889	0.01
0.890083013	0.112780603188889	0.01
0.890309475	0.112106278680754	0.01
0.890354074	0.112106278680754	0.01
0.890354075	0.112106278680754	0.01
0.890407894	0.112106278680754	0.01
0.890419078	0.112106278680754	0.01
0.890459913	0.112106278680754	0.01
0.890474761	0.112106278680754	0.01
0.890489605	0.112106278680754	0.01
0.890489606	0.112106278680754	0.01
0.890506418	0.112106278680754	0.01
0.890580647	0.112106278680754	0.01
0.890595481	0.112106278680754	0.01
0.890610311	0.112106278680754	0.01
0.89068659	0.112106278680754	0.01
0.890716233	0.111772131294912	0.01
0.890731048	0.111772131294912	0.01
0.890731049	0.111772131294912	0.01
0.890737499	0.111772131294912	0.01
0.890851819	0.111772131294912	0.01
0.890957836	0.111772131294912	0.01
0.890972622	0.111772131294912	0.01
0.890972623	0.111772131294912	0.01
0.891093459	0.111109776930113	0.01
0.89119957	0.111109776930113	0.01
0.891214328	0.111109776930113	0.01
0.89133523	0.111109776930113	0.01
0.891441435	0.111109776930113	0.01
0.891456164	0.111109776930113	0.01
0.891521465	0.110455226457546	0.01
0.891562417	0.110455226457546	0.01
0.891577132	0.11013083470781	0.01
0.891686849	0.11013083470781	0.01
0.891698132	0.11013083470781	0.01
0.89206133	0.109168991938188	0.01
0.89216782	0.108852100349026	0.01
0.892182462	0.108852100349026	0.01
0.892215798	0.108852100349026	0.01
0.89229733	0.108537043156703	0.01
0.892307805	0.108537043156703	0.01
0.892568748	0.109168991938188	0.01
0.89273031	0.109168991938188	0.01
0.892793389	0.109168991938188	0.01
0.892924751	0.108537043156703	0.01
0.892951888	0.108537043156703	0.01
0.892952212	0.108537043156703	0.01
0.89308003	0.108537043156703	0.01
0.893172464	0.108537043156703	0.01
0.893320622	0.108852100349026	0.01
0.893352088	0.108852100349026	0.01
0.893395592	0.108852100349026	0.01
0.894085351	0.10729484343742	0.01
0.894189143	0.10729484343742	0.01
0.89420355	0.10729484343742	0.01
0.894232534	0.106988723612858	0.01
0.894482721	0.107602720049755	0.01
0.894690708	0.106988723612858	0.01
0.894906463	0.106988723612858	0.01
0.894913415	0.106988723612858	0.01
0.894970751	0.106988723612858	0.01
0.895081202	0.106988723612858	0.01
0.895086463	0.106988723612858	0.01
0.895300675	0.106988723612858	0.01
0.89539422	0.1060807557747	0.01
0.895524497	0.108280622414542	0.01
0.895638516	0.108280622414542	0.01
0.895840307	0.108280622414542	0.01
0.89592425	0.108280622414542	0.01
0.896329745	0.107371647302176	0.01
0.896396617	0.107672938580531	0.01
0.896928207	0.107371647302176	0.01
0.89693811	0.107371647302176	0.01
0.897131294	0.111396790024415	0.01
0.897197773	0.110476448833228	0.01
0.897282137	0.113428068367934	0.01
0.89799116	0.105424646707874	0.01
0.898155973	0.103602914736329	0.01
0.898455429	0.102715456081457	0.01
0.898485328	0.102935892322975	0.01
0.898920463	0.102059775941779	0.01
0.899325427	0.101198447443469	0.01
0.899413875	0.103839011088584	0.01
0.900113547	0.102553632560308	0.01
0.900274359	0.101714247895566	0.01
0.900690942	0.0935044653182106	0.01
0.901007608	0.092202862686023	0.01
0.90151373	0.0823333226553233	0.01
0.901568195	0.082959903221099	0.01
0.901947653	0.0774262086241038	0.01
0.902162268	0.0774262086241038	0.01
0.902291602	0.07638086350037	0.01
0.902919093	0.0779321484938496	0.01
0.903685884	0.0618173983655691	0.01
0.903876527	0.0613061418706678	0.01
0.904039961	0.0610536717969584	0.01
0.904220945	0.0549443534976318	0.01
0.904508173	0.0554098234220469	0.01
0.904513058	0.0554098234220469	0.01
0.905345526	0.0568547868245373	0.01
0.905424433	0.0576059029295883	0.01
0.906197141	0.0583771309237914	0.01
0.906210372	0.0581177706303069	0.01
0.906508268	0.0586388164716838	0.01
0.907060652	0.05786070473611	0.01
0.90712089	0.05786070473611	0.01
0.907185931	0.0581177706303069	0.01
0.907198748	0.0583771309237914	0.01
0.907199842	0.0583771309237914	0.01
0.907298438	0.0546981971164963	0.01
0.907311244	0.0546981971164963	0.01
0.907324045	0.0546981971164963	0.01
0.907336843	0.0546981971164963	0.01
0.907336844	0.0546981971164963	0.01
0.907436592	0.0546981971164963	0.01
0.907449378	0.0546981971164963	0.01
0.90746216	0.0546981971164963	0.01
0.9075492	0.0546981971164963	0.01
0.907574745	0.0546981971164963	0.01
0.907587512	0.0546981971164963	0.01
0.907674633	0.0546981971164963	0.01
0.907700146	0.0546981971164963	0.01
0.907712898	0.0546981971164963	0.01
0.907963774	0.0546981971164963	0.01
0.908089263	0.0551927354322324	0.01
0.908089264	0.0551927354322324	0.01
0.908151307	0.0551927354322324	0.01
0.90817671	0.0554433732399321	0.01
0.908289632	0.0549443534976317	0.01
0.908453284	0.0549443534976317	0.01
0.908577365	0.0551927354322324	0.01
0.908691978	0.0551927354322324	0.01
0.908729307	0.0551927354322324	0.01
0.908816452	0.0551927354322324	0.01
0.908830322	0.0551927354322324	0.01
0.908956071	0.0549443534976317	0.01
0.909094444	0.0549443534976317	0.01
0.909183517	0.0549443534976317	0.01
0.909195105	0.0549443534976317	0.01
0.909270732	0.0549443534976317	0.01
0.909346075	0.0556962977936194	0.01
0.90938549	0.0556962977936194	0.01
0.909409249	0.0556962977936194	0.01
0.909434338	0.0559515405321152	0.01
0.909620416	0.0559515405321152	0.01
0.909838426	0.0556962977936194	0.01
0.909914657	0.0556962977936194	0.01
0.910014581	0.0554433732399321	0.01
0.910051995	0.0554433732399321	0.01
0.910204731	0.0556962977936194	0.01
0.910267	0.0556962977936194	0.01
0.910467776	0.0559515405321152	0.01
0.910628128	0.0559515405321152	0.01
0.911049792	0.0567315010097593	0.01
0.91113001	0.0567315010097593	0.01
0.911383512	0.0562091334731997	0.01
0.911747931	0.0569963426579708	0.01
0.911776598	0.0569963426579708	0.01
0.912015459	0.057533514085719	0.01
0.912488931	0.0580809071705161	0.01
0.912707801	0.0578059147725226	0.01
0.912776305	0.0578059147725226	0.01
0.912811242	0.0693340568139869	0.01
0.912967277	0.0699886908946281	0.01
0.913139907	0.0699886908946281	0.01
0.913244462	0.0699886908946281	0.01
0.913630289	0.068691555394986	0.01
0.913751419	0.0690113107006016	0.01
0.914018042	0.0703206655862986	0.01
0.914696902	0.0775838320773278	0.01
0.914870556	0.0775838320773278	0.01
0.915269563	0.0775838320773278	0.01
0.916024822	0.0745023798072801	0.01
0.916163647	0.0745023798072801	0.01
0.916208994	0.0745023798072801	0.01
0.916688985	0.0755784985854114	0.01
0.916912552	0.0755784985854114	0.01
0.918238351	0.060981918978773	0.01
0.918456927	0.0685486302050396	0.02
0.918837351	0.0690917152073295	0.02
0.919822583	0.0704878367218287	0.02
0.920002472	0.0704878367218287	0.02
0.921364075	0.07164602545418	0.02
0.921783065	0.0725399558478713	0.02
0.922071236	0.073456475298412	0.02
0.922455062	0.0747151450038753	0.02
0.922504312	0.0747151450038753	0.02
0.922787758	0.0747151450038753	0.02
0.923268187	0.0750365811711362	0.02
0.923473233	0.0750365811711362	0.02
0.924160807	0.0763504674862101	0.02
0.924412009	0.0766861600734239	0.02
0.924627878	0.0773664795142035	0.02
0.925553967	0.0747825867143082	0.02
0.926193857	0.0747825867143082	0.02
0.929379518	0.0628659266973573	0.03
0.933174706	0.0654613364575948	0.03
0.934700606	0.0672275501693187	0.03
0.941112169	0.0381286352249893	0.03
0.942896738	0.0417821889632999	0.03
0.944027825	0.0454080925505626	0.03
0.947518522	0.0511822375200471	0.03
0.948845214	0.0527295806986555	0.03
0.950306111	0.0414981584309162	0.04
0.951999424	0.0448520483635448	0.04
0.953473419	0.0487957295347021	0.04
0.954191796	0.0504074186744072	0.04
0.955603107	0.0521292103768136	0.04
0.956296714	0.0539727861395621	0.04
0.956766863	0.0549443534976317	0.04
0.95679317	0.0549443534976317	0.04
0.956793172	0.0549443534976317	0.04
0.957016096	0.0564691092270014	0.04
0.957077957	0.0564691092270014	0.04
0.958321379	0.057533514085719	0.04
0.959031973	0.0597874196579972	0.04
0.959642592	0.0597874196579972	0.04
0.959665139	0.0597874196579972	0.04
0.959857154	0.0603787620713825	0.04
0.960039043	0.060981918978773	0.04
0.964446178	0.0504074186744072	0.05
0.966653906	0.0539727861395621	0.05
0.966980912	0.0564691092270014	0.05
0.966986309	0.0564691092270014	0.05
0.967139043	0.0564691092270014	0.05
0.967297223	0.0564691092270014	0.05
0.967302571	0.0564691092270014	0.05
0.967302572	0.0564691092270014	0.05
0.96746078	0.0564691092270014	0.05
0.96761904	0.0564691092270014	0.05
0.967619041	0.0564691092270014	0.05
0.967925221	0.0564691092270014	0.05
0.967935716	0.0564691092270014	0.05
0.968083686	0.0564691092270014	0.05
0.968088909	0.0564691092270014	0.05
0.968237002	0.0564691092270014	0.05
0.968861479	0.0597874196579972	0.05
0.969666194	0.0597874196579972	0.05
0.970442597	0.0603787620713825	0.05
0.978183481	0.0553316981925013	0.06
0.985118954	0.0250080067337419	0.05
0.9860103	0.0247712249106897	0.05
1.019804062	0.0615972480173844	0.06
1.023898132	0.0516878285492382	0.07
1.027042278	0.0580809071705161	0.07
1.027349785	0.0586388164716838	0.07
1.028094642	0.0586388164716838	0.07
1.029078227	0.0597874196579972	0.07
1.029271857	0.0597874196579972	0.07
1.029637844	0.0597874196579972	0.07
1.030020301	0.0495884820710359	0.08
1.030392053	0.0499945969494545	0.08
1.030397618	0.0499945969494545	0.08
1.030958443	0.0499945969494545	0.08
1.031531241	0.0499945969494545	0.08
1.031720423	0.0499945969494545	0.08
1.0327094	0.0512538583907935	0.08
1.033463082	0.0504074186744072	0.08
1.034376329	0.0512538583907935	0.08
1.035677928	0.0591358539490268	0.08
1.036124234	0.0591358539490268	0.08
1.038905957	0.0658319539652882	0.08
1.039046839	0.0664590644132092	0.08
1.041709188	0.055380500621116	0.09
1.043349328	0.055380500621116	0.09
1.044012776	0.0549443534976318	0.09
1.048661279	0.0596413894894892	0.09
1.054783865	0.0652165677665051	0.09
1.057424783	0.0591358539490268	0.1
1.058571278	0.0596413894894892	0.1
1.068168044	0.0591358539490268	0.11
1.06860264	0.0596413894894892	0.11
1.068892568	0.0596413894894892	0.11
1.070326964	0.0640196770967652	0.11
1.076612069	0.0646125800728455	0.11
1.088407982	0.104165406100266	0.12
1.112743253	0.0944248492342737	0.1
1.113233383	0.0944248492342737	0.1
1.115076799	0.0944248492342737	0.1
1.127882011	0.0935044653182106	0.1
1.13205703	0.0891591753027353	0.11
1.133642817	0.0891591753027353	0.11
1.133988353	0.0899956210753826	0.11
1.134317617	0.0899956210753826	0.11
1.136767134	0.0844497693307333	0.11
1.137302108	0.0867405974263709	0.11
1.183360064	0.0714503581268943	0.15
1.187305519	0.0740233001698952	0.15
1.187446683	0.0740233001698952	0.15
1.18762744	0.072898265251874	0.15
1.192075895	0.073456475298412	0.15
1.192725439	0.072898265251874	0.15
1.203309389	0.0795477525755563	0.14
1.208724051	0.0554433732399321	0.13
1.209751115	0.0554433732399321	0.13
1.209825949	0.0554433732399321	0.13
1.210085375	0.0544542365101093	0.13
1.210771389	0.0544542365101093	0.13
1.212614931	0.0539727861395621	0.13
1.224141399	0.0534997745261311	0.12
1.225416562	0.0534997745261311	0.12
1.226416878	0.0534997745261311	0.12
1.245566855	0.0522035079448268	0.1
1.246668032	0.0522035079448268	0.1
1.248955951	0.0516878285492382	0.1
1.252855937	0.05068644168308	0.1
1.265568721	0.0527295806986555	0.08
1.268447511	0.05068644168308	0.09
1.270060331	0.05068644168308	0.09
1.270253663	0.05068644168308	0.09
1.275739262	0.047041000115229	0.09
1.285172518	0.0168121506144193	0.09
1.297280078	0.040614658294297	0.09
1.302603198	0.040239847422745	0.1
1.325958837	0.0388073197636127	0.12
1.33510162	0.0438847462371637	0.11
1.335711503	0.0409965171056773	0.12
1.335892556	0.0409965171056773	0.12
1.33625481	0.0409965171056773	0.12
1.33638917	0.0409965171056773	0.12
1.336595099	0.0409965171056773	0.12
1.336979907	0.0409965171056773	0.12
1.337524247	0.0409965171056773	0.12
1.337529375	0.0409965171056773	0.12
1.337777279	0.0409965171056773	0.12
1.338686534	0.0398718911503031	0.12
1.340005107	0.0398718911503031	0.12
1.342368518	0.0398718911503031	0.12
1.343443085	0.0398718911503031	0.12
1.346883901	0.0438847462371637	0.11
1.350085516	0.0425985629991062	0.11
1.360533959	0.0425985629991062	0.12
1.360774481	0.0425985629991062	0.12
1.360981621	0.0425985629991062	0.12
1.361952473	0.0425985629991062	0.12
1.365659238	0.0794818433491237	0.12
1.368077892	0.080957544127081	0.12
1.368578346	0.0802129070854595	0.12
1.369020462	0.0824890787846351	0.12
1.369707356	0.0824890787846351	0.12
1.370127164	0.0824890787846351	0.12
1.373967278	0.0832767835099346	0.12
1.377274175	0.0865840159082703	0.11
1.377544294	0.0865840159082703	0.11
1.384187356	0.080957544127081	0.12
1.38563755	0.0832767835099346	0.12
1.385801753	0.0832767835099346	0.12
1.418305639	0.0865840159082703	0.1
1.430594094	0.0883381346960135	0.1
1.440102642	0.0883381346960135	0.11
1.450462129	0.0865840159082703	0.12
1.450928234	0.0865840159082703	0.12
1.454003033	0.0865840159082703	0.12
1.457818346	0.0865840159082703	0.13
1.484117024	0.0817161360295155	0.15
1.485393153	0.0824890787846351	0.15
1.488337206	0.0817161360295155	0.16
1.494140559	0.080957544127081	0.16
1.502972103	0.080957544127081	0.17
1.506038743	0.080957544127081	0.18
1.511734415	0.080957544127081	0.18
1.511964569	0.080957544127081	0.18
1.512194724	0.080957544127081	0.18
1.515375804	0.0817161360295155	0.18
1.516740221	0.080957544127081	0.19
1.517647523	0.0794818433491237	0.19
1.55916507	0.160909496068908	0.23
1.561070241	0.151886962845911	0.22
1.595407686	0.180115900461956	0.19
1.595579044	0.177889205333221	0.19
1.611568792	0.201236218700399	0.17
1.652341299	0.195278593205023	0.14
1.707257935	0.236683949987589	0.08
1.718627381	0.232736144771542	0.07
1.730827961	0.214820492664595	0.06
1.758275756	0.240767996115688	0.03
1.768990518	0.240767996115688	0.02
1.77492366	0.24316564730634	0.01
1.778615293	0.247165354550675	0.01
1.780115455	0.230811219703502	0.01
1.780627841	0.230811219703502	0.01
1.780657572	0.230811219703502	0.01
1.780839524	0.227055339707599	0.01
1.780928629	0.227055339707599	0.01
1.78092863	0.227055339707599	0.01
1.781140367	0.227055339707599	0.01
1.781170032	0.227055339707599	0.01
1.781381862	0.227055339707599	0.01
1.781411498	0.227055339707599	0.01
1.781411499	0.227055339707599	0.01
1.781653031	0.227055339707599	0.01
1.781835463	0.227055339707599	0.01
1.781894629	0.227055339707599	0.01
1.782378022	0.227055339707599	0.01
1.782590324	0.227055339707599	0.01
1.782619816	0.227055339707599	0.01
1.783103602	0.227055339707599	0.01
1.783345594	0.227055339707599	0.01
1.783587651	0.227055339707599	0.01
1.78377107	0.227055339707599	0.01
1.784314217	0.227055339707599	0.01
1.78446873	0.227055339707599	0.01
1.784506241	0.227055339707599	0.01
1.784933025	0.227055339707599	0.01
1.785009515	0.227055339707599	0.01
1.785322292	0.22341973774354	0.01
1.785497332	0.22341973774354	0.01
1.785988286	0.221645249844037	0.01
1.788266632	0.211563332021325	0.01
1.788780487	0.213179471562093	0.01
1.78918715	0.213179471562093	0.01
1.789747139	0.211563332021325	0.01
1.790033715	0.211563332021325	0.01
1.790737455	0.215928615040918	0.01
1.794856772	0.175901010351104	0.02
1.795172249	0.169080227736215	0.02
1.795643534	0.161051000115867	0.02
1.796645824	0.157722173457213	0.02
1.796669094	0.157722173457213	0.02
1.796696941	0.157722173457213	0.02
1.799436111	0.155887367931878	0.02
1.809599251	0.0330683511290859	0.02
1.813215031	0.0785457072154454	0.03
1.813240824	0.0785457072154454	0.03
1.813716026	0.0807844803340679	0.03
1.814069382	0.0819524172929802	0.03
1.814069384	0.0819524172929802	0.03
1.814345569	0.0778267717475721	0.03
1.814596154	0.072898265251874	0.03
1.814621756	0.072898265251874	0.03
1.814621757	0.072898265251874	0.03
1.814846808	0.072898265251874	0.03
1.814872379	0.072898265251874	0.03
1.815039963	0.0745989408453518	0.03
1.815123071	0.0745989408453518	0.03
1.815169565	0.0438847462371637	0.02
1.815288509	0.0745989408453518	0.03
1.815322808	0.0757775052763234	0.03
1.815373832	0.0757775052763234	0.03
1.815875562	0.076993906999496	0.03
1.816377569	0.0504074186744072	0.03
1.81637757	0.0504074186744072	0.03
1.816628678	0.0504074186744072	0.03
1.817633804	0.0504074186744072	0.03
1.818036082	0.0504074186744072	0.03
1.818363245	0.0512538583907935	0.03
1.819395454	0.0525781953819819	0.03
1.819410514	0.0525781953819819	0.03
1.819581019	0.0525781953819819	0.03
1.81989941	0.0534997745261311	0.03
1.820606159	0.0554433732399321	0.03
1.82134289	0.0564691092270014	0.03
1.822065256	0.0564691092270014	0.03
1.823345161	0.0564691092270014	0.03
1.824759677	0.0564691092270014	0.03
1.824985083	0.0569963426579708	0.03
1.828541204	0.050827114771075	0.04
1.828939845	0.0512538583907935	0.04
1.830016016	0.0530349817283176	0.04
1.835137623	0.0559515405321152	0.04
1.836263396	0.057533514085719	0.04
1.83758722	0.0603787620713825	0.04
1.837659261	0.0603787620713825	0.04
1.839735229	0.060981918978773	0.04
1.842215909	0.060981918978773	0.04
1.860714054	0.0527295806986555	0.05
1.872927722	0.0511822375200471	0.06
1.876458705	0.057533514085719	0.07
1.917919203	0.0564691092270014	0.11
1.919145255	0.0564691092270014	0.11
1.932723098	0.0628659266973573	0.12
1.933588634	0.0652165677665051	0.12
1.938319698	0.06774982429813	0.13
1.945075766	0.0861563172273684	0.14
1.95745413	0.0861563172273684	0.15
1.961031557	0.0795477525755563	0.15
2.03833515	0.109239663019618	0.23
2.045755957	0.108484710850909	0.24
2.049316864	0.108484710850909	0.24
2.057190684	0.108484710850909	0.25
2.058810915	0.108484710850909	0.25
2.067556414	0.108484710850909	0.26
2.077371996	0.108484710850909	0.27
2.077653506	0.108484710850909	0.27
2.080200147	0.103079032416217	0.27
2.112854786	0.0996159459574973	0.3
2.117539144	0.104861245591826	0.31
2.119081815	0.104861245591826	0.31
2.122322709	0.0996159459574973	0.31
2.130868897	0.0996159459574973	0.32
2.201956234	0.0989510656467596	0.39
2.225736601	0.102801069005379	0.42
2.22607531	0.102801069005379	0.42
2.230993963	0.0976475804861782	0.42
2.244892022	0.156108835898869	0.43
2.268175967	0.199465928045664	0.41
2.283420782	0.215928615040918	0.39
2.36737444	0.222920023503456	0.32
2.396315913	0.215928615040918	0.32
2.401471639	0.188192463615067	0.32
2.57811595	0.142448492266668	0.22
2.634889835	0.142448492266668	0.24
2.63880046	0.141008939543933	0.25
2.65353762	0.139598191327391	0.26
2.669724846	0.142448492266668	0.27
2.670697515	0.142448492266668	0.27
2.670831293	0.142448492266668	0.27
2.671193179	0.142448492266668	0.27
2.671237545	0.142448492266668	0.27
2.671237705	0.142448492266668	0.27
2.671599646	0.139598191327391	0.28
2.671872794	0.139598191327391	0.28
2.671961685	0.139598191327391	0.28
2.672323822	0.139598191327391	0.28
2.674498542	0.139598191327391	0.28
2.67498819	0.139598191327391	0.28
2.67595059	0.139598191327391	0.28
2.678640892	0.142448492266668	0.28
2.679543675	0.142448492266668	0.28
2.68050645	0.142448492266668	0.28
2.684222358	0.139598191327391	0.29
2.690797174	0.142448492266668	0.29
2.692790444	0.139598191327391	0.3
2.697875326	0.142448492266668	0.3
2.700424629	0.142448492266668	0.3
2.714352711	0.138215391641867	0.32
2.720992773	0.141008939543933	0.32
2.721223607	0.141008939543933	0.32
2.721339166	0.141008939543933	0.32
2.721753239	0.138215391641867	0.33
2.72212898	0.138215391641867	0.33
2.725138453	0.138215391641867	0.33
2.727362573	0.141008939543933	0.33
2.728042156	0.141008939543933	0.33
2.728457177	0.141008939543933	0.33
2.733911556	0.138215391641867	0.34
2.734951629	0.138215391641867	0.34
2.742221604	0.130461611713827	0.35
2.744776734	0.130461611713827	0.35
2.767264537	0.135530380247336	0.33
2.784781798	0.135530380247336	0.31
2.795646082	0.135530380247336	0.3
2.870516676	0.139598191327391	0.23
2.874914635	0.142448492266668	0.22
2.893176138	0.139598191327391	0.23
3.017087015	0.139598191327391	0.35
3.091199805	0.136859718095215	0.43
3.116410384	0.154035641059212	0.45
3.116832706	0.154035641059212	0.45
3.479484296	0.161086415023303	0.81
3.557717034	0.172198710200427	0.890000000000001
3.560201153	0.174854578933799	0.890000000000001
3.561648443	0.186400581011111	0.900000000000001
3.565454716	0.159046261062371	0.890000000000001
3.567214517	0.160674207758338	0.890000000000001
3.568359469	0.160674207758338	0.890000000000001
3.571210711	0.189006952996583	0.900000000000001
3.572497766	0.148513143213375	0.900000000000001
3.575584373	0.154354513873323	0.900000000000001
3.62901857	0.157450972102266	0.930000000000001
3.62939674	0.157450972102266	0.930000000000001
3.629519691	0.157450972102266	0.930000000000001
3.6300627	0.157450972102266	0.930000000000001
3.631169027	0.159046261062371	0.920000000000001
3.633483005	0.159046261062371	0.920000000000001
3.639968026	0.160674207758338	0.920000000000001
3.707141358	0.160674207758338	0.990000000000001
3.963711323	0.159046261062371	1.25
4.078052931	0.208030615839388	1.36
4.445571488	0.208030615839388	1.73
4.452121847	0.225222867989825	1.73
4.45272527	0.206064390675762	1.74
4.453328856	0.206064390675762	1.74
4.453932605	0.206064390675762	1.74
4.464002998	0.206064390675762	1.75
4.475601202	0.21456638538139	1.76
4.478685952	0.21456638538139	1.76
4.480518943	0.21456638538139	1.76
4.536342962	0.212554965921286	1.82
4.537444354	0.212554965921286	1.82
4.550359745	0.210580907706461	1.83
5.341769851	0.273201455812846	2.55999999999999
5.342582978	0.273201455812846	2.55999999999999
5.343129076	0.273201455812846	2.55999999999999
5.346842194	0.273201455812846	2.56999999999999
6.2338777	0.341713746411671	2.67999999999999
6.35095118	0.337961678983354	2.78999999999998
6.358499262	0.347154872130474	2.79999999999998
7	0.341150901927616	3.37999999999997
