thrs	post_p	finalwindow
0	0.100853767884293	0.23
0.03256001	0.0994120585635784	0.2
0.070216248	0.0966488586692569	0.17
0.082355146	0.0903692318440633	0.17
0.089689176	0.0838329174633008	0.17
0.093809574	0.0828343632928821	0.17
0.113424721	0.0828343632928821	0.18
0.115659216	0.0828343632928821	0.18
0.123778241	0.0892099727576813	0.18
0.127695348	0.0643338010906443	0.17
0.128068503	0.063827687449113	0.17
0.129609166	0.0623560240071898	0.17
0.129730945	0.0623560240071898	0.17
0.130460633	0.0618804353397461	0.17
0.14705261	0.0610271048099832	0.15
0.148427326	0.063827687449113	0.15
0.155752372	0.088641425389755	0.15
0.161204767	0.0614120463786596	0.14
0.178062567	0.0643338010906443	0.12
0.178113806	0.0643338010906443	0.12
0.178140913	0.0643338010906443	0.12
0.178189211	0.0643338010906443	0.12
0.178358463	0.0643338010906443	0.12
0.181430774	0.0614120463786596	0.12
0.181486006	0.0614120463786596	0.12
0.181486035	0.0614120463786596	0.12
0.181824923	0.0614120463786596	0.12
0.186084933	0.088641425389755	0.12
0.191788381	0.0623560240071898	0.11
0.194681585	0.0921657344401297	0.11
0.205298456	0.0934036177203307	0.1
0.206482242	0.0915590161033445	0.1
0.222049977	0.0404427282817703	0.08
0.22265244	0.0446491751897633	0.08
0.222656148	0.0446491751897633	0.08
0.222686318	0.0446491751897633	0.08
0.222697977	0.044307808244986	0.08
0.222716495	0.044307808244986	0.08
0.222812147	0.0690566440659869	0.08
0.226694446	0.0737562366357805	0.08
0.226728961	0.0737562366357805	0.08
0.226867021	0.0737562366357805	0.08
0.226923294	0.0737562366357805	0.08
0.227177477	0.0748141935857023	0.08
0.227432153	0.0339309838280236	0.07
0.230426372	0.0320542208234726	0.07
0.237068117	0.0685461434514189	0.07
0.241897099	0.0670589455129867	0.07
0.242875367	0.0589575879122131	0.06
0.242941212	0.0589575879122131	0.06
0.243116147	0.0579745870963404	0.06
0.249436037	0.0556547555020115	0.06
0.254481698	0.0615673861824413	0.05
0.256650521	0.0621173193747449	0.05
0.259750174	0.0604962233706709	0.05
0.295749179	0.065634910567043	0.05
0.296044019	0.065634910567043	0.05
0.296834617	0.065634910567043	0.05
0.296839561	0.065634910567043	0.05
0.296839653	0.065634910567043	0.05
0.296874128	0.065634910567043	0.05
0.296879772	0.065634910567043	0.05
0.29691506	0.065634910567043	0.05
0.296919994	0.065634910567043	0.05
0.297156652	0.065634910567043	0.05
0.297161557	0.065634910567043	0.05
0.297207868	0.065634910567043	0.05
0.29723727	0.065634910567043	0.05
0.297345093	0.065634910567043	0.05
0.29736316	0.065634910567043	0.05
0.297631463	0.065634910567043	0.05
0.298033592	0.065634910567043	0.05
0.29855614	0.065634910567043	0.05
0.298682719	0.065634910567043	0.05
0.29926506	0.065634910567043	0.05
0.299931082	0.0662602771303435	0.05
0.301159527	0.065634910567043	0.05
0.301373268	0.065634910567043	0.05
0.302406093	0.0644189347344306	0.05
0.30240618	0.0644189347344306	0.05
0.302443572	0.0644189347344306	0.05
0.302452098	0.0644189347344306	0.05
0.302453753	0.0644189347344306	0.05
0.302493847	0.0644189347344306	0.05
0.302694303	0.0644189347344306	0.05
0.302757814	0.0644189347344306	0.05
0.302844832	0.0644189347344306	0.05
0.303037639	0.0644189347344306	0.05
0.304168238	0.0644189347344306	0.05
0.306047128	0.0675474555471422	0.05
0.306464617	0.0644189347344306	0.05
0.308759935	0.0644189347344306	0.05
0.319078068	0.0650212380928444	0.04
0.320290117	0.0650212380928444	0.04
0.322066605	0.0688856344028758	0.03
0.322435043	0.0688856344028758	0.03
0.322777267	0.0688856344028758	0.03
0.323097253	0.0688856344028758	0.03
0.323165924	0.0688856344028758	0.03
0.324596864	0.0688856344028758	0.03
0.330254195	0.0604962233706709	0.04
0.334029253	0.0604962233706709	0.04
0.340262381	0.06484800521391	0.05
0.345554528	0.06484800521391	0.05
0.350684009	0.06484800521391	0.06
0.351815198	0.06484800521391	0.06
0.356200611	0.0653704953776067	0.06
0.356206548	0.0653704953776067	0.06
0.356437896	0.06484800521391	0.06
0.356490553	0.06484800521391	0.06
0.362945858	0.0600484791410372	0.07
0.363236679	0.0600484791410372	0.07
0.363936107	0.0600484791410372	0.07
0.367161303	0.0786838091844848	0.07
0.381649088	0.0682708570743118	0.07
0.382008897	0.0682708570743118	0.07
0.386863037	0.0778600723961597	0.06
0.387745392	0.074668143044189	0.06
0.389222512	0.0729589966183042	0.06
0.389299853	0.0729589966183042	0.06
0.389825341	0.0729589966183042	0.06
0.415094538	0.0806389127617792	0.04
0.416416237	0.0711770208551147	0.03
0.418471182	0.0807191398278907	0.03
0.419019267	0.0801608795076938	0.03
0.423143546	0.0807191398278907	0.03
0.440249622	0.0887545543746012	0.01
0.441698853	0.0887545543746012	0.01
0.441750067	0.0887545543746012	0.01
0.444236336	0.0846175716510629	0.01
0.444770984	0.0832155944801716	0.01
0.445049535	0.0832155944801716	0.01
0.445117302	0.0832155944801716	0.01
0.445156208	0.0832155944801716	0.01
0.445185067	0.0827585358351276	0.01
0.445185068	0.0827585358351276	0.01
0.445245414	0.0827585358351276	0.01
0.445252832	0.0827585358351276	0.01
0.445252833	0.0827585358351276	0.01
0.445252835	0.0827585358351276	0.01
0.445305777	0.0827585358351276	0.01
0.44531318	0.0827585358351276	0.01
0.445313188	0.0827585358351276	0.01
0.44531319	0.0827585358351276	0.01
0.445373562	0.0827585358351276	0.01
0.445419149	0.0827585358351276	0.01
0.445494353	0.0818593171534348	0.01
0.445540001	0.0818593171534348	0.01
0.445554774	0.0814169961096276	0.01
0.445615211	0.0814169961096276	0.01
0.445675664	0.0805465410085382	0.01
0.445691925	0.0918007423546695	0.01
0.445736134	0.0918007423546695	0.01
0.445857123	0.0953240723681786	0.01
0.445917642	0.0953240723681786	0.01
0.445978177	0.0953240723681786	0.01
0.446038729	0.0953240723681786	0.01
0.446188208	0.094836592921165	0.01
0.446319857	0.094836592921165	0.01
0.446341735	0.094836592921165	0.01
0.446351359	0.094836592921165	0.01
0.446394864	0.094836592921165	0.01
0.446465528	0.094836592921165	0.01
0.44656991	0.094836592921165	0.01
0.446633323	0.094836592921165	0.01
0.446772341	0.094836592921165	0.01
0.446967543	0.0934036177203307	0.01
0.447158639	0.0934036177203307	0.01
0.447533088	0.0934036177203307	0.01
0.447542535	0.0934036177203307	0.01
0.447649603	0.0924721189591078	0.01
0.447876705	0.0924721189591078	0.01
0.448791313	0.0920133022709893	0.01
0.449051315	0.0920133022709893	0.01
0.453102774	0.0863305991416996	0.01
0.453117722	0.0863305991416996	0.01
0.453312195	0.0859040345342852	0.01
0.453607731	0.0859040345342852	0.01
0.453670383	0.0859040345342852	0.01
0.45367678	0.0859040345342852	0.01
0.453739439	0.0859040345342852	0.01
0.453782962	0.0859040345342852	0.01
0.453789353	0.0859040345342852	0.01
0.453802119	0.0859040345342852	0.01
0.453864805	0.0859040345342852	0.01
0.453864814	0.0859040345342852	0.01
0.453952078	0.0859040345342852	0.01
0.453990257	0.0859040345342852	0.01
0.454053004	0.0859040345342852	0.01
0.454131662	0.0859040345342852	0.01
0.454159539	0.0859040345342852	0.01
0.454172215	0.0859040345342852	0.01
0.454266222	0.0863305991416996	0.01
0.454278877	0.0863305991416996	0.01
0.454543029	0.0863305991416996	0.01
0.455180191	0.0880800789894794	0.01
0.455439212	0.0967711220308435	0.01
0.455550168	0.102201184452002	0.01
0.455665947	0.106468473254739	0.01
0.455678249	0.108276861846836	0.01
0.455755613	0.111107640529281	0.01
0.455804735	0.111107640529281	0.01
0.456133439	0.120563649998093	0.01
0.456880284	0.0872512647554806	0.02
0.45760535	0.0868426794675976	0.02
0.458664131	0.0860368824517352	0.02
0.459124851	0.0860368824517352	0.02
0.460382332	0.0860368824517352	0.02
0.46331093	0.0818593171534348	0.02
0.464728436	0.0803461063040791	0.02
0.46499053	0.0807191398278907	0.02
0.473676694	0.0781783566528663	0.03
0.474072423	0.0781783566528663	0.03
0.47699163	0.0650212380928444	0.03
0.478409458	0.0787315306541686	0.04
0.479732593	0.0780686533383629	0.04
0.483511101	0.0738606839607827	0.04
0.483671852	0.0738606839607827	0.04
0.483988273	0.0738606839607827	0.04
0.484225862	0.0738606839607827	0.04
0.484458594	0.0741758084216925	0.04
0.485802156	0.0874757541198784	0.04
0.485999254	0.0925560322256445	0.04
0.489424331	0.063827687449113	0.04
0.490830832	0.063827687449113	0.04
0.50407637	0.0784724118057451	0.06
0.511690912	0.0737562366357805	0.06
0.514645345	0.0764592877198167	0.07
0.51473946	0.0764592877198167	0.07
0.514839037	0.0767405297973955	0.07
0.514971335	0.0767405297973955	0.07
0.51682809	0.0650212380928444	0.07
0.518492841	0.0688856344028758	0.07
0.518564452	0.0688856344028758	0.07
0.520735072	0.0698076040907742	0.07
0.534226929	0.0314739339375874	0.07
0.534308248	0.0314739339375874	0.07
0.534888196	0.0710990533998689	0.07
0.536755919	0.0339309838280236	0.06
0.539174229	0.0727277838688819	0.07
0.543234343	0.0346063808440907	0.06
0.544416783	0.0748141935857023	0.07
0.55657045	0.0888301342581465	0.05
0.556645891	0.0888301342581465	0.05
0.556807604	0.0888301342581465	0.05
0.55802857	0.0859040345342852	0.05
0.562444529	0.0845121034922087	0.05
0.568776608	0.0927805472868773	0.04
0.572491616	0.0927805472868773	0.04
0.574371638	0.065634910567043	0.04
0.57444178	0.065634910567043	0.04
0.579525048	0.0919626035334684	0.05
0.586308239	0.0662602771303435	0.05
0.59079165	0.0662602771303435	0.05
0.591193432	0.0662602771303435	0.05
0.591819223	0.065634910567043	0.05
0.593402747	0.0668976752605311	0.05
0.593573546	0.0668976752605311	0.05
0.593673806	0.0668976752605311	0.05
0.593754278	0.0668976752605311	0.05
0.593824895	0.0668976752605311	0.05
0.593915284	0.0668976752605311	0.05
0.594036974	0.0668976752605311	0.05
0.594152812	0.065634910567043	0.05
0.594318181	0.065634910567043	0.05
0.595196772	0.0574952772530281	0.06
0.595887104	0.0574952772530281	0.06
0.602148457	0.0632471945823045	0.05
0.604813246	0.0632471945823045	0.05
0.604905308	0.0632471945823045	0.05
0.604988853	0.0632471945823045	0.05
0.605724938	0.0632471945823045	0.05
0.60631275	0.0632471945823045	0.05
0.606404306	0.0632471945823045	0.05
0.606824709	0.0675474555471422	0.05
0.607971158	0.0668976752605311	0.05
0.608524688	0.0675474555471422	0.05
0.608756287	0.0675474555471422	0.05
0.624510489	0.0802401577419855	0.05
0.630942519	0.0779280578016275	0.05
0.636422142	0.0794543627724128	0.05
0.637031954	0.0794543627724128	0.05
0.637260654	0.0794543627724128	0.05
0.641599528	0.0794543627724128	0.05
0.644129804	0.0730186891393319	0.06
0.646569798	0.0743570897713321	0.06
0.64801212	0.0743570897713321	0.06
0.648110758	0.0743570897713321	0.06
0.648827538	0.0743570897713321	0.06
0.65703705	0.0746135209967697	0.07
0.667472678	0.0717276180441955	0.08
0.667879263	0.0717276180441955	0.08
0.669490645	0.0717276180441955	0.08
0.671132308	0.0717276180441955	0.08
0.68060848	0.0670589455129867	0.09
0.680702493	0.0670589455129867	0.09
0.680786967	0.0670589455129867	0.09
0.690723937	0.086437903037188	0.09
0.692614054	0.0880800789894794	0.09
0.696262833	0.0840863290645518	0.1
0.697379755	0.0840863290645518	0.1
0.712354258	0.0825884305963478	0.11
0.712401774	0.0825884305963478	0.11
0.713541741	0.0825884305963478	0.11
0.714295462	0.0825884305963478	0.11
0.715653707	0.0797472256473489	0.12
0.715679053	0.0797472256473489	0.12
0.717816093	0.0804390410745934	0.12
0.719314887	0.0804390410745934	0.12
0.725609694	0.0790672086555212	0.13
0.726772429	0.0797472256473489	0.13
0.72717465	0.0797472256473489	0.13
0.742183791	0.0728547692134388	0.14
0.744518666	0.0695748056907727	0.14
0.7500464	0.0202776318986667	0.14
0.756100951	0.0228794297388367	0.13
0.756122282	0.0228794297388367	0.13
0.762884543	0.0711532735336992	0.13
0.763284143	0.0704016375500642	0.13
0.763387603	0.0726644570529745	0.13
0.763491091	0.0724751365737498	0.13
0.766651587	0.0745673647217942	0.13
0.7676628	0.0764592877198167	0.13
0.772093843	0.0667692164747299	0.12
0.778829055	0.0785709223807161	0.12
0.786383987	0.0760579016133566	0.11
0.794958533	0.0796102880987697	0.1
0.8034392	0.0773466514662469	0.09
0.812482547	0.0721742672372907	0.08
0.817085993	0.0783986908297473	0.08
0.828284953	0.0818593171534348	0.07
0.849686346	0.0825590167722137	0.05
0.861362559	0.0611805008902237	0.03
0.861783488	0.0734964061479019	0.03
0.870144812	0.0827949156816835	0.03
0.874413626	0.088359860646219	0.02
0.875213305	0.086978448710621	0.02
0.875954975	0.0853767202402561	0.02
0.877564409	0.0865024135076177	0.02
0.87832845	0.0865024135076177	0.02
0.880342154	0.0830321665393528	0.02
0.883236842	0.0818593171534348	0.01
0.883671839	0.0842948081839159	0.01
0.884296127	0.0897858605490577	0.01
0.885048106	0.088641425389755	0.01
0.885800269	0.088359860646219	0.01
0.886381245	0.0875257976113949	0.01
0.887670141	0.0891642207109149	0.01
0.888863234	0.0888906909077914	0.01
0.889014569	0.0878131504520663	0.01
0.889209764	0.0878131504520663	0.01
0.889752182	0.0870219845721828	0.01
0.889857915	0.0870219845721828	0.01
0.890083013	0.0867614211836042	0.01
0.890218543	0.0859890098932234	0.01
0.890218544	0.0859890098932234	0.01
0.890228158	0.0859890098932234	0.01
0.890309475	0.0859890098932234	0.01
0.890339212	0.0859890098932234	0.01
0.890354074	0.0862449476529506	0.01
0.890354075	0.0862449476529506	0.01
0.890419078	0.0862449476529506	0.01
0.890459913	0.0862449476529506	0.01
0.890474761	0.0862449476529506	0.01
0.890489605	0.0862449476529506	0.01
0.890489606	0.0862449476529506	0.01
0.890595481	0.0862449476529506	0.01
0.89061031	0.0862449476529506	0.01
0.890610311	0.0862449476529506	0.01
0.890716233	0.0862449476529506	0.01
0.890731048	0.0862449476529506	0.01
0.890731049	0.0862449476529506	0.01
0.890837018	0.0862449476529506	0.01
0.890851819	0.0862449476529506	0.01
0.890957836	0.0862449476529506	0.01
0.890972622	0.0862449476529506	0.01
0.890972623	0.0862449476529506	0.01
0.891093459	0.0859890098932234	0.01
0.89119957	0.0859890098932234	0.01
0.891214328	0.0859890098932234	0.01
0.891244043	0.0859890098932234	0.01
0.891246709	0.0859890098932234	0.01
0.89133523	0.0859890098932234	0.01
0.891441435	0.0859890098932234	0.01
0.891456164	0.0859890098932234	0.01
0.89149835	0.0859890098932234	0.01
0.891521465	0.0859890098932234	0.01
0.891562417	0.0859890098932234	0.01
0.891698132	0.0859890098932234	0.01
0.891881522	0.0859890098932234	0.01
0.892012117	0.0857345866645103	0.01
0.89216782	0.0852302303423573	0.01
0.892182462	0.0852302303423573	0.01
0.892215798	0.0852302303423573	0.01
0.892245091	0.0852302303423573	0.01
0.89229733	0.0849802709119792	0.01
0.892307805	0.0849802709119792	0.01
0.892546055	0.0849802709119792	0.01
0.892793389	0.0849802709119792	0.01
0.892924751	0.0942171119377748	0.01
0.892952212	0.0936732170845381	0.01
0.89308003	0.0936732170845381	0.01
0.893142511	0.0936732170845381	0.01
0.893313967	0.0939443772923227	0.01
0.893352088	0.0939443772923227	0.01
0.893395592	0.0939443772923227	0.01
0.894189143	0.0942171119377748	0.01
0.89420355	0.0942171119377748	0.01
0.89422449	0.0939443772923227	0.01
0.894232534	0.0939443772923227	0.01
0.894332391	0.0942171119377748	0.01
0.894482721	0.0942171119377748	0.01
0.894690708	0.0939443772923227	0.01
0.894970751	0.0939443772923227	0.01
0.895086463	0.0947673597119667	0.01
0.89539422	0.0944914347733072	0.01
0.895524497	0.0944914347733072	0.01
0.895840307	0.0944914347733072	0.01
0.89592425	0.0944914347733072	0.01
0.896329745	0.0936732170845381	0.01
0.896396617	0.0939443772923227	0.01
0.89693811	0.0931355657616606	0.01
0.897131294	0.0926040510756675	0.01
0.897282137	0.0910452938899251	0.01
0.897316929	0.090537304329132	0.01
0.898455429	0.0818593171534348	0.01
0.898755243	0.0807894695751292	0.01
0.89889623	0.0809658312924957	0.01
0.898920463	0.0809658312924957	0.01
0.899310528	0.0795761271618514	0.01
0.899325427	0.0795761271618514	0.01
0.899413875	0.0809926199577063	0.01
0.899974537	0.0796434418773877	0.01
0.900113547	0.0791490166519718	0.01
0.901007608	0.0963577386919211	0.01
0.901947653	0.06971429803334	0.01
0.902162268	0.0694358704579493	0.01
0.902291602	0.0617355564570755	0.01
0.902860993	0.0574952772530281	0.01
0.902932441	0.0577339373786516	0.01
0.903166806	0.0584619556620189	0.01
0.903685884	0.0545436423890564	0.01
0.904220945	0.0450736126840317	0.01
0.904513058	0.0464794552543165	0.01
0.905345526	0.045866354626527	0.01
0.905541598	0.0464794552543165	0.01
0.906154318	0.0468973768649276	0.01
0.906197141	0.0466874808251069	0.01
0.906210372	0.0464794552543165	0.01
0.906508268	0.0468973768649276	0.01
0.906922556	0.0468973768649276	0.01
0.906983581	0.0471091687152873	0.01
0.907060652	0.0471091687152873	0.01
0.907185931	0.0473228821775477	0.01
0.907198748	0.0473228821775477	0.01
0.907311244	0.0419049161739694	0.01
0.907324045	0.0426763885910358	0.01
0.907336843	0.0426763885910358	0.01
0.907336844	0.0426763885910358	0.01
0.907436592	0.0426763885910358	0.01
0.907449378	0.0426763885910358	0.01
0.90746216	0.0426763885910358	0.01
0.907536422	0.0426763885910358	0.01
0.907574745	0.0426763885910358	0.01
0.907587512	0.0426763885910358	0.01
0.907674633	0.0426763885910358	0.01
0.907712898	0.0426763885910358	0.01
0.907951053	0.0426763885910358	0.01
0.907963773	0.0426763885910358	0.01
0.907963774	0.0426763885910358	0.01
0.908076559	0.0426763885910358	0.01
0.908089264	0.0426763885910358	0.01
0.908151307	0.0426763885910358	0.01
0.90817671	0.0426763885910358	0.01
0.908202099	0.0426763885910358	0.01
0.908214789	0.0426763885910358	0.01
0.908289632	0.0422871340536476	0.01
0.908566283	0.0419049161739694	0.01
0.908578929	0.0419049161739694	0.01
0.908691978	0.0419049161739694	0.01
0.908830322	0.0419049161739694	0.01
0.908855181	0.0415295458558746	0.01
0.908943472	0.0422871340536476	0.01
0.908956071	0.0422871340536476	0.01
0.909094444	0.0422871340536476	0.01
0.909183517	0.0419049161739694	0.01
0.909195105	0.0419049161739694	0.01
0.909207673	0.0419049161739694	0.01
0.909270732	0.0419049161739694	0.01
0.909308419	0.0419049161739694	0.01
0.909346075	0.0422871340536476	0.01
0.90938549	0.0422871340536476	0.01
0.909409249	0.0422871340536476	0.01
0.909434338	0.0424808696508917	0.01
0.909446878	0.0424808696508917	0.01
0.909620416	0.0424808696508917	0.01
0.909642167	0.0424808696508917	0.01
0.909914657	0.0419049161739694	0.01
0.909925885	0.0419049161739694	0.01
0.910051995	0.0419049161739694	0.01
0.910204731	0.0424808696508917	0.01
0.910267	0.0424808696508917	0.01
0.910628128	0.0424808696508917	0.01
0.911049792	0.0426763885910358	0.01
0.91113001	0.0426763885910358	0.01
0.911351929	0.0426763885910358	0.01
0.911383512	0.0424808696508917	0.01
0.911518912	0.0424808696508917	0.01
0.911747931	0.0424808696508917	0.01
0.911776598	0.0424808696508917	0.01
0.912015459	0.0426763885910358	0.01
0.912488931	0.0426763885910358	0.01
0.912630246	0.0422871340536476	0.01
0.912811242	0.0419049161739694	0.01
0.913630289	0.0268553217551982	0.01
0.913751419	0.0271065464352848	0.01
0.914696902	0.0371978661912088	0.01
0.914968567	0.0371978661912088	0.01
0.914983658	0.0371978661912088	0.01
0.915026039	0.0371978661912088	0.01
0.915269563	0.0371978661912088	0.01
0.916024822	0.037369195434557	0.01
0.916163647	0.0375421102277321	0.01
0.916208994	0.0375421102277321	0.01
0.917248255	0.0397492432739732	0.01
0.918238351	0.0329659127110545	0.01
0.918456927	0.03328144498334	0.01
0.918483627	0.03328144498334	0.01
0.918816837	0.0453479362920218	0.02
0.918837351	0.0453479362920218	0.02
0.919120121	0.0460689163921289	0.02
0.919655338	0.0466248778958068	0.02
0.919822583	0.0466248778958068	0.02
0.920002472	0.0468131923810489	0.02
0.921364075	0.0475819118842584	0.02
0.922071236	0.0477780527534711	0.02
0.922455062	0.0483762991663643	0.02
0.922504312	0.0483762991663643	0.02
0.922763582	0.0483762991663643	0.02
0.923268187	0.0348043182032215	0.02
0.924160807	0.0349542635554174	0.02
0.924412009	0.0351055064990453	0.02
0.924627878	0.0352580639508735	0.02
0.925553967	0.0355671915293951	0.02
0.926193857	0.035723796992407	0.02
0.927872541	0.0352198004165929	0.02
0.929379518	0.0423644158557874	0.03
0.93220206	0.0429929901649588	0.03
0.93534835	0.031311976844111	0.03
0.938446291	0.0203965782315607	0.03
0.938770844	0.0211406297243628	0.03
0.944027825	0.0199289736617082	0.03
0.947518522	0.0218034403418429	0.03
0.948845214	0.0265477644257904	0.04
0.950306111	0.0247524278811654	0.04
0.951999424	0.0270643497546737	0.04
0.953473419	0.0281602751804239	0.04
0.954119877	0.0286239059958619	0.04
0.955985355	0.0301111563754874	0.04
0.956018846	0.0301111563754874	0.04
0.956296714	0.0309142836657386	0.04
0.956793172	0.0309142836657386	0.04
0.957016096	0.0309142836657386	0.04
0.957077957	0.0309142836657386	0.04
0.957486775	0.0314739339375874	0.04
0.958321379	0.0320542208234726	0.04
0.959642592	0.0229549507981437	0.05
0.960819071	0.0251099226416376	0.05
0.960911853	0.0251099226416376	0.05
0.964446178	0.0286239059958619	0.05
0.964458654	0.0286239059958619	0.05
0.966653906	0.0309142836657386	0.05
0.966980911	0.0309142836657386	0.05
0.966980912	0.0309142836657386	0.05
0.966986309	0.0309142836657386	0.05
0.967144414	0.0309142836657386	0.05
0.967297223	0.0314739339375874	0.05
0.967302572	0.0314739339375874	0.05
0.967460779	0.0314739339375874	0.05
0.96761904	0.0314739339375874	0.05
0.967619041	0.0314739339375874	0.05
0.967925221	0.0314739339375874	0.05
0.967935716	0.0314739339375874	0.05
0.968088909	0.0314739339375874	0.05
0.968237002	0.0314739339375874	0.05
0.969035555	0.0342653545080067	0.05
0.969666194	0.0222214586966045	0.06
0.973457204	0.0493372747210832	0.06
0.974203145	0.0493372747210832	0.06
0.97801719	0.0523059503831456	0.06
0.985118954	0.043072875909492	0.06
0.9860103	0.0434767994891014	0.06
1.019804062	0.0626771653543307	0.07
1.029271857	0.0615673861824413	0.08
1.029659545	0.0615673861824413	0.08
1.030020301	0.0615673861824413	0.08
1.030397618	0.0626771653543307	0.08
1.030958443	0.0626771653543307	0.08
1.031720423	0.0626771653543307	0.08
1.032104884	0.0632471945823045	0.08
1.0327094	0.0632471945823045	0.08
1.033463082	0.0604962233706709	0.08
1.034854243	0.0615673861824413	0.08
1.036124234	0.0730186891393319	0.08
1.038905957	0.0802401577419855	0.08
1.039046839	0.0802401577419855	0.08
1.043349328	0.0675474555471422	0.09
1.048661279	0.0717276180441955	0.09
1.049025044	0.0717276180441955	0.09
1.056246636	0.0764592877198167	0.09
1.057424783	0.0698744043370054	0.1
1.058571278	0.0717276180441955	0.1
1.067766296	0.0704814095503497	0.11
1.067971123	0.0704814095503497	0.11
1.068168044	0.0704814095503497	0.11
1.068277144	0.0704814095503497	0.11
1.06860264	0.0717276180441955	0.11
1.068892568	0.0717276180441955	0.11
1.076612069	0.0764592877198167	0.11
1.088407982	0.0732383999094075	0.13
1.091073782	0.102842377260982	0.12
1.112743253	0.0906637695380949	0.12
1.113082372	0.0906637695380949	0.12
1.113233383	0.0906637695380949	0.12
1.11414031	0.0906637695380949	0.12
1.115076799	0.0906637695380949	0.11
1.116382888	0.0906637695380949	0.11
1.125633627	0.0915590161033445	0.1
1.133642817	0.0906637695380949	0.11
1.134317617	0.0906637695380949	0.11
1.136767134	0.088924790320363	0.11
1.137302108	0.088924790320363	0.11
1.187305519	0.0701008020810752	0.15
1.187446683	0.0701008020810752	0.15
1.18762744	0.0695748056907727	0.15
1.192009701	0.0690566440659869	0.15
1.192725439	0.0680431351920042	0.15
1.203309389	0.0722868000447077	0.14
1.208724051	0.0610271048099832	0.13
1.208769953	0.0610271048099832	0.13
1.209215802	0.0610271048099832	0.13
1.209751115	0.0610271048099832	0.13
1.209768181	0.0610271048099832	0.13
1.209825949	0.0610271048099832	0.13
1.210085375	0.0604962233706709	0.13
1.210771389	0.0604962233706709	0.13
1.212614931	0.0594616958190636	0.13
1.224141399	0.0610271048099832	0.12
1.22465873	0.0610271048099832	0.12
1.243346642	0.0553007015728742	0.11
1.246668032	0.0633294748364219	0.12
1.248955951	0.0628389796690274	0.12
1.252855937	0.0704814095503497	0.11
1.265568721	0.0692777652383157	0.1
1.268447511	0.068114541057169	0.1
1.270060331	0.0669897345787478	0.1
1.270604589	0.0664411480901243	0.1
1.275739262	0.0686912289619124	0.09
1.285172518	0.0558334880066991	0.08
1.289511656	0.0574952772530281	0.08
1.293113698	0.0610271048099832	0.09
1.302603198	0.0610271048099832	0.1
1.303502827	0.0615673861824413	0.1
1.33510162	0.0750448594955016	0.12
1.335485912	0.0750448594955016	0.12
1.335508208	0.0750448594955016	0.12
1.335711503	0.0750448594955016	0.12
1.335892556	0.0750448594955016	0.12
1.336051433	0.0750448594955016	0.12
1.33625481	0.0750448594955016	0.12
1.336413828	0.0750448594955016	0.12
1.336595099	0.0743570897713321	0.12
1.337117106	0.0743570897713321	0.12
1.337161305	0.0743570897713321	0.12
1.337529375	0.0743570897713321	0.12
1.337887386	0.0736818120786254	0.12
1.338686534	0.0736818120786254	0.12
1.340005107	0.0736818120786254	0.12
1.342368518	0.0794543627724128	0.11
1.350085516	0.077186686159761	0.11
1.360533959	0.0802401577419855	0.11
1.360774481	0.0802401577419855	0.11
1.360981621	0.0802401577419855	0.11
1.36116959	0.0802401577419855	0.11
1.36135761	0.0802401577419855	0.11
1.361545683	0.0802401577419855	0.11
1.361952473	0.0802401577419855	0.11
1.362110213	0.0802401577419855	0.11
1.362279458	0.0802401577419855	0.11
1.364721715	0.0750448594955016	0.12
1.365659238	0.0848558401941811	0.12
1.368077892	0.0856395656779661	0.12
1.369020462	0.086437903037188	0.12
1.370127164	0.086437903037188	0.12
1.377274175	0.0906637695380949	0.11
1.377544294	0.0906637695380949	0.11
1.379222918	0.0880800789894794	0.12
1.434752614	0.0906637695380949	0.1
1.436494579	0.0906637695380949	0.11
1.440102642	0.0906637695380949	0.11
1.448119954	0.0848558401941811	0.12
1.450674974	0.0833306490578193	0.12
1.450928234	0.0833306490578193	0.12
1.454003033	0.0833306490578193	0.12
1.45657643	0.0833306490578193	0.13
1.457818346	0.0833306490578193	0.13
1.484067531	0.0804390410745934	0.15
1.484117024	0.0804390410745934	0.15
1.485393153	0.0818593171534348	0.15
1.485917469	0.0804390410745934	0.16
1.502972103	0.0790672086555212	0.17
1.506038743	0.0790672086555212	0.18
1.511964569	0.0790672086555212	0.18
1.512194724	0.0790672086555212	0.18
1.512403577	0.0790672086555212	0.18
1.516740221	0.0790672086555212	0.19
1.517647523	0.0790672086555212	0.19
1.523536021	0.0790672086555212	0.19
1.558319819	0.14851598828865	0.23
1.558531046	0.14851598828865	0.23
1.55916507	0.147904636670288	0.23
1.56916589	0.157959927775791	0.22
1.595407686	0.159957094582788	0.19
1.595579044	0.15900302768744	0.19
1.611568792	0.150675038149266	0.17
1.652341299	0.166970201230788	0.14
1.730827961	0.200953754394734	0.06
1.745720251	0.202260618989646	0.04
1.75282717	0.192258106208702	0.04
1.758275756	0.213850063075723	0.03
1.768990518	0.220939515575046	0.02
1.77492366	0.224663482414242	0.01
1.777374698	0.228515137433223	0.01
1.778615293	0.226572941933568	0.01
1.780115455	0.217336990864694	0.01
1.780627841	0.217336990864694	0.01
1.780657571	0.217336990864694	0.01
1.780657572	0.217336990864694	0.01
1.780839524	0.215579427908915	0.01
1.780928629	0.215579427908915	0.01
1.78092863	0.215579427908915	0.01
1.781081012	0.215579427908915	0.01
1.781140367	0.215579427908915	0.01
1.781170031	0.215579427908915	0.01
1.781170032	0.215579427908915	0.01
1.781381862	0.215579427908915	0.01
1.781411498	0.215579427908915	0.01
1.781411499	0.215579427908915	0.01
1.781623424	0.215579427908915	0.01
1.781653031	0.215579427908915	0.01
1.7818108	0.215579427908915	0.01
1.781894629	0.215579427908915	0.01
1.782378022	0.205603375294146	0.01
1.782531315	0.205603375294146	0.01
1.782590324	0.205603375294146	0.01
1.782619816	0.205603375294146	0.01
1.783044725	0.205603375294146	0.01
1.783103602	0.205603375294146	0.01
1.783345594	0.205603375294146	0.01
1.783587651	0.205603375294146	0.01
1.783829774	0.205603375294146	0.01
1.783925287	0.205603375294146	0.01
1.784314217	0.205603375294146	0.01
1.784506241	0.205603375294146	0.01
1.784933025	0.207201434715233	0.01
1.785009515	0.207201434715233	0.01
1.785322292	0.228063988932817	0.01
1.785497332	0.228063988932817	0.01
1.785988286	0.226350964806601	0.01
1.786357195	0.226350964806601	0.01
1.788266632	0.211028632025451	0.01
1.788780487	0.214279797896132	0.01
1.78918715	0.214279797896132	0.01
1.789358594	0.214279797896132	0.01
1.789747139	0.212641788591156	0.01
1.790095821	0.212641788591156	0.01
1.790737455	0.217336990864694	0.01
1.79204453	0.224663482414242	0.02
1.792147241	0.224663482414242	0.02
1.794856772	0.189246047862049	0.02
1.795060195	0.186102642591541	0.02
1.795643534	0.178209096329305	0.02
1.796669094	0.171831876264009	0.02
1.799436111	0.160241983771396	0.02
1.801889818	0.136816775524235	0.02
1.809599251	0.153053501300556	0.03
1.812688451	0.139049522105203	0.03
1.813215031	0.143088610889688	0.03
1.813240824	0.143088610889688	0.03
1.813716026	0.149607263499148	0.03
1.813793197	0.149607263499148	0.03
1.814069384	0.15075189129712	0.03
1.814345569	0.127541641722717	0.03
1.814596154	0.0945464911447179	0.03
1.814621756	0.0945464911447179	0.03
1.814621757	0.0945464911447179	0.03
1.814872379	0.0945464911447179	0.03
1.815123071	0.0969182470047878	0.03
1.815169565	0.0969182470047878	0.03
1.815373832	0.097735498349037	0.03
1.815624663	0.09856664964833	0.03
1.815875562	0.09856664964833	0.03
1.816101116	0.0804390410745934	0.03
1.816377569	0.0811429646822659	0.03
1.816628678	0.0811429646822659	0.03
1.817382419	0.0811429646822659	0.03
1.817399416	0.0811429646822659	0.03
1.818363245	0.0818593171534348	0.03
1.819217405	0.0840863290645518	0.03
1.819581019	0.0848558401941811	0.03
1.81989941	0.086437903037188	0.03
1.820606159	0.0872512647554806	0.03
1.82134289	0.0880800789894794	0.03
1.823267442	0.140037764566902	0.04
1.823345161	0.140037764566902	0.04
1.824280416	0.149607263499148	0.04
1.824759677	0.0937814931086734	0.04
1.824985083	0.0953240723681786	0.04
1.828939845	0.0818593171534348	0.04
1.829051906	0.0818593171534348	0.04
1.829613575	0.0840863290645518	0.04
1.835137623	0.0945464911447179	0.05
1.836263396	0.0783986908297473	0.05
1.83758722	0.0790672086555212	0.05
1.839735229	0.0825884305963478	0.05
1.844053766	0.0906637695380949	0.05
1.860668056	0.0840863290645518	0.07
1.872927722	0.0563766404142277	0.07
1.877534086	0.0553007015728742	0.07
1.919145255	0.0532674987954586	0.11
1.933588634	0.043072875909492	0.12
1.934242286	0.0456156436795796	0.12
1.938309591	0.0483762991663643	0.13
1.938319698	0.0483762991663643	0.13
1.939501786	0.0483762991663643	0.13
1.940502926	0.0390791401682805	0.13
1.945075766	0.0633294748364219	0.14
1.947078383	0.0633294748364219	0.14
1.956133657	0.0633294748364219	0.15
1.95745413	0.0633294748364219	0.15
2.03833515	0.0965456461016871	0.23
2.039242563	0.0965456461016871	0.23
2.045755957	0.110817919347515	0.23
2.057670659	0.0935485934748806	0.25
2.058434493	0.0935485934748806	0.25
2.067556414	0.0935485934748806	0.26
2.077371996	0.114090407938258	0.26
2.077653506	0.0935485934748806	0.27
2.077935092	0.0935485934748806	0.27
2.079378601	0.0935485934748806	0.27
2.080200147	0.086978448710621	0.27
2.112854786	0.086978448710621	0.3
2.114638141	0.0945464911447179	0.3
2.116340052	0.108738598629734	0.3
2.117539144	0.0929713740721799	0.31
2.122322709	0.086437903037188	0.31
2.130868897	0.086437903037188	0.32
2.201956234	0.086437903037188	0.39
2.22342495	0.0903692318440633	0.41
2.225736601	0.103866382944554	0.41
2.22607531	0.105761919167968	0.41
2.226678687	0.110817919347515	0.41
2.230993963	0.0907320126368156	0.42
2.244892022	0.158360736821228	0.43
2.268175967	0.18952441320087	0.41
2.273953022	0.204029777559845	0.4
2.279085054	0.190881472617791	0.4
2.287430653	0.193654740555829	0.39
2.401471639	0.238747938576605	0.29
2.634889835	0.241699720563629	0.1
2.644514931	0.241699720563629	0.09
2.64482266	0.241699720563629	0.09
2.65353762	0.241699720563629	0.08
2.670697515	0.241699720563629	0.06
2.670831293	0.241699720563629	0.06
2.671148642	0.241699720563629	0.06
2.671193019	0.241699720563629	0.06
2.671193179	0.241699720563629	0.06
2.671237545	0.241699720563629	0.06
2.671237705	0.241699720563629	0.06
2.671599486	0.241699720563629	0.06
2.671599646	0.241699720563629	0.06
2.671961685	0.241699720563629	0.06
2.672323822	0.241699720563629	0.06
2.673366554	0.241699720563629	0.06
2.673410821	0.241699720563629	0.06
2.674201502	0.241699720563629	0.06
2.674498542	0.241699720563629	0.06
2.674640938	0.241699720563629	0.06
2.67498819	0.235016723789074	0.06
2.675753192	0.235016723789074	0.06
2.67595059	0.235533589126618	0.05
2.678640892	0.233276224091512	0.05
2.68050645	0.233276224091512	0.05
2.681604422	0.241699720563629	0.05
2.684222358	0.241699720563629	0.05
2.690797174	0.239430220524513	0.05
2.690995907	0.239430220524513	0.05
2.692790444	0.230762992936902	0.05
2.700424629	0.222608759788074	0.05
2.714352711	0.228888860801092	0.05
2.716197088	0.228888860801092	0.05
2.721339166	0.224663482414242	0.06
2.721714851	0.224663482414242	0.06
2.721753239	0.224663482414242	0.06
2.72212898	0.224663482414242	0.06
2.722504826	0.224663482414242	0.06
2.725138453	0.224663482414242	0.06
2.725892101	0.224663482414242	0.06
2.727362573	0.224663482414242	0.06
2.730687704	0.224663482414242	0.06
2.734951629	0.218610041406618	0.07
2.741703646	0.212874255016516	0.08
2.744776734	0.212874255016516	0.08
2.767264537	0.212874255016516	0.1
2.795646082	0.203955444931241	0.13
2.814579483	0.203955444931241	0.15
2.884109016	0.198954087518265	0.22
2.885327778	0.198954087518265	0.22
2.901070252	0.202260618989646	0.23
3.017087015	0.194192143952473	0.35
3.091199805	0.207431759086379	0.42
3.116832706	0.18952441320087	0.45
3.153761559	0.160406255037885	0.48
3.194633906	0.157499969559341	0.52
3.479484296	0.136481139541018	0.78
3.557717034	0.136481139541018	0.860000000000001
3.560201153	0.136481139541018	0.860000000000001
3.561648443	0.146191865140602	0.870000000000001
3.562131134	0.146191865140602	0.870000000000001
3.563861522	0.136481139541018	0.870000000000001
3.566965252	0.136481139541018	0.870000000000001
3.567214517	0.136481139541018	0.870000000000001
3.568359469	0.136481139541018	0.870000000000001
3.571210711	0.164972515209101	0.880000000000001
3.572497766	0.207431759086379	0.880000000000001
3.62901857	0.194192143952473	0.910000000000001
3.62939674	0.194192143952473	0.910000000000001
3.6300627	0.194192143952473	0.910000000000001
3.630972932	0.194192143952473	0.910000000000001
3.631970124	0.201257176642654	0.910000000000001
3.633483005	0.191643825468553	0.910000000000001
3.639968026	0.198954087518265	0.910000000000001
3.707141358	0.195230548637839	0.980000000000001
3.778072999	0.191851157109516	1.04
3.82876748	0.191851157109516	1.09
4.078052931	0.235533589126618	1.29
4.445571488	0.235533589126618	1.64
4.452121847	0.235533589126618	1.64
4.45272527	0.235533589126618	1.64
4.453328856	0.235533589126618	1.64
4.464002998	0.242575650007367	1.64
4.478685952	0.242575650007367	1.62
4.492707945	0.242575650007367	1.61
4.536342962	0.242575650007367	1.66
4.536969429	0.242575650007367	1.66
4.537444354	0.242575650007367	1.66
4.537596069	0.242575650007367	1.66
4.550359745	0.242575650007367	1.67
4.773228095	0.266477331253587	1.62
5.341769851	0.282253294668236	1.78
5.342582978	0.28967886799347	1.78
5.346842194	0.297505704618774	1.78
5.445157132	0.297505704618774	1.88
6	0.289386051714495	2.29999999999999
