thrs	post_p	finalwindow
0	0.080826408351162	0.21
0.03256001	0.0585843519456469	0.2
0.070216248	0.056144860400765	0.18
0.082355146	0.0518285126336703	0.18
0.093809574	0.0518285126336703	0.17
0.103967892	0.0511728286198163	0.18
0.113424721	0.049301677761622	0.18
0.115659216	0.070660444354266	0.19
0.123778241	0.0711576596005363	0.18
0.128068503	0.0518285126336703	0.17
0.129730945	0.0679310943181971	0.17
0.130460633	0.0646727453976447	0.17
0.148427326	0.0518285126336703	0.15
0.148447444	0.0599487555997859	0.15
0.148782099	0.0599487555997859	0.15
0.151339737	0.0636549974656571	0.15
0.155752372	0.070660444354266	0.15
0.161204767	0.0636549974656571	0.14
0.172569069	0.0726921957187216	0.13
0.178062567	0.0522750505837981	0.12
0.178140913	0.0522750505837981	0.12
0.178189211	0.0522750505837981	0.12
0.181430774	0.0636549974656571	0.12
0.181486006	0.0636549974656571	0.12
0.181824923	0.0636549974656571	0.12
0.186084933	0.0711576596005363	0.12
0.191788381	0.0646727453976447	0.11
0.205298456	0.0754023181240443	0.1
0.222622275	0.0739322622468554	0.08
0.222656148	0.0739322622468554	0.08
0.222716495	0.0739322622468554	0.08
0.222924291	0.0739322622468554	0.08
0.223196808	0.0727503024570784	0.08
0.226867021	0.072173382225704	0.08
0.226923294	0.072173382225704	0.08
0.226957829	0.072173382225704	0.08
0.226982815	0.072173382225704	0.08
0.227177477	0.072173382225704	0.08
0.227432153	0.0716055401222381	0.08
0.241897099	0.0522750505837981	0.07
0.242941212	0.0527293498604274	0.07
0.254481698	0.0546283529965407	0.07
0.256228734	0.057203523931469	0.07
0.256650521	0.057203523931469	0.07
0.272151172	0.0577479697553233	0.06
0.287097646	0.0505335275003757	0.07
0.295749179	0.0501161276500665	0.07
0.296044019	0.0501161276500665	0.07
0.296839561	0.0600334921748981	0.06
0.296839653	0.0600334921748981	0.06
0.296879772	0.0600334921748981	0.06
0.29691506	0.0600334921748981	0.06
0.296919994	0.0600334921748981	0.06
0.296960227	0.0600334921748981	0.06
0.297156652	0.0600334921748981	0.06
0.297207868	0.0600334921748981	0.06
0.29723727	0.0600334921748981	0.06
0.297345093	0.0600334921748981	0.06
0.298062423	0.05944531736052	0.06
0.298432807	0.05944531736052	0.06
0.299120783	0.05944531736052	0.06
0.299931082	0.05944531736052	0.06
0.300128238	0.05944531736052	0.06
0.301159527	0.0577479697553233	0.06
0.301373268	0.0577479697553233	0.06
0.302397905	0.0588685559443359	0.06
0.302406093	0.0588685559443359	0.06
0.30240618	0.0588685559443359	0.06
0.302452098	0.0588685559443359	0.06
0.302453753	0.0588685559443359	0.06
0.302535608	0.0588685559443359	0.06
0.303037639	0.0588685559443359	0.06
0.303062807	0.0588685559443359	0.06
0.305094409	0.0577479697553233	0.06
0.307314933	0.0566692482558979	0.06
0.322066605	0.05944531736052	0.05
0.322591403	0.0600334921748981	0.05
0.322777267	0.0600334921748981	0.05
0.323097253	0.0600334921748981	0.05
0.323537089	0.0600334921748981	0.05
0.323808824	0.0600334921748981	0.05
0.327195424	0.0588685559443359	0.05
0.328591896	0.0588685559443359	0.05
0.333944256	0.0606334225586873	0.04
0.334029253	0.0606334225586873	0.04
0.343625259	0.0769808245992603	0.05
0.343706753	0.0769808245992603	0.05
0.351815198	0.0734845538616288	0.06
0.356206548	0.072173382225704	0.06
0.356351443	0.072173382225704	0.06
0.356437896	0.0709081803573674	0.06
0.356490553	0.0709081803573674	0.06
0.357959666	0.066809099998819	0.07
0.360733393	0.066261887692522	0.07
0.362945858	0.066261887692522	0.07
0.363936107	0.066261887692522	0.07
0.366130409	0.0679310943181971	0.07
0.367161303	0.0907135417923202	0.08
0.367663989	0.0892577416881545	0.08
0.37384574	0.0901986406109802	0.08
0.381649088	0.088072960471719	0.07
0.386863037	0.0875942812592047	0.06
0.386909127	0.0928914493603619	0.06
0.395214438	0.0845615612896682	0.06
0.398731854	0.0939704544584218	0.05
0.403209246	0.0948780505658918	0.05
0.411578949	0.107990075772337	0.04
0.412388288	0.107315942772472	0.04
0.415772448	0.0584633885416658	0.03
0.416416237	0.0817170664875538	0.03
0.418471182	0.0975309874952038	0.03
0.423143546	0.0971295079328714	0.03
0.428769674	0.0988935580552219	0.02
0.438307149	0.109613117842281	0.01
0.438815006	0.107941642665449	0.01
0.440316292	0.112219699094278	0.01
0.441698853	0.112219699094278	0.01
0.441750067	0.111395575779403	0.01
0.444499874	0.0998370913252533	0.01
0.445049535	0.0964754043349917	0.01
0.445156208	0.0964754043349917	0.01
0.445185067	0.0948780505658918	0.01
0.445185068	0.0948780505658918	0.01
0.44525283	0.0948780505658918	0.01
0.445252832	0.0948780505658918	0.01
0.445252833	0.0948780505658918	0.01
0.445252835	0.0948780505658918	0.01
0.445305777	0.0948780505658918	0.01
0.445313187	0.0948780505658918	0.01
0.445313188	0.0948780505658918	0.01
0.44531319	0.0948780505658918	0.01
0.445373562	0.0948780505658918	0.01
0.445419149	0.0948780505658918	0.01
0.445479567	0.0943572892634439	0.01
0.445494353	0.0943572892634439	0.01
0.445540001	0.0943572892634439	0.01
0.445554774	0.0933327303912982	0.01
0.445578303	0.0933327303912982	0.01
0.445653547	0.0933327303912982	0.01
0.445691925	0.107450095201751	0.01
0.445736134	0.107450095201751	0.01
0.445849774	0.111629801837935	0.01
0.445970843	0.111629801837935	0.01
0.445978177	0.111629801837935	0.01
0.446038729	0.111629801837935	0.01
0.446188208	0.111046073893145	0.01
0.446319857	0.111046073893145	0.01
0.446341735	0.111046073893145	0.01
0.446351359	0.111046073893145	0.01
0.446394864	0.111046073893145	0.01
0.446395102	0.111046073893145	0.01
0.446455777	0.111046073893145	0.01
0.446465528	0.110468418982759	0.01
0.44656991	0.110468418982759	0.01
0.446772341	0.110468418982759	0.01
0.446888185	0.110468418982759	0.01
0.446967543	0.110468418982759	0.01
0.447533088	0.110468418982759	0.01
0.447649603	0.110468418982759	0.01
0.447928306	0.110468418982759	0.01
0.448701687	0.110468418982759	0.01
0.448791313	0.110468418982759	0.01
0.449552291	0.109330953070028	0.01
0.449715173	0.109330953070028	0.01
0.451750007	0.109896742822574	0.01
0.453102774	0.0994419533105937	0.01
0.453117722	0.0994419533105937	0.01
0.453312195	0.0979215390021014	0.01
0.453607731	0.0979215390021014	0.01
0.453670383	0.0979215390021014	0.01
0.45367678	0.0979215390021014	0.01
0.453739439	0.0979215390021014	0.01
0.453782962	0.0979215390021014	0.01
0.453789353	0.0979215390021014	0.01
0.453802119	0.0979215390021014	0.01
0.453864805	0.0979215390021014	0.01
0.453864814	0.0979215390021014	0.01
0.453952078	0.0979215390021014	0.01
0.453990257	0.0979215390021014	0.01
0.454131662	0.0979215390021014	0.01
0.454172215	0.0979215390021014	0.01
0.454228692	0.0979215390021014	0.01
0.454266222	0.0979215390021014	0.01
0.454278877	0.0979215390021014	0.01
0.454291524	0.0979215390021014	0.01
0.454423548	0.0979215390021014	0.01
0.454543029	0.0984231514597021	0.01
0.455180191	0.0989299294941319	0.01
0.455439212	0.111337172766239	0.01
0.455550168	0.11881214151592	0.01
0.455665947	0.127363058120506	0.01
0.455678249	0.127363058120506	0.01
0.455755613	0.133361845384405	0.01
0.455804735	0.133361845384405	0.01
0.456159276	0.121185184022334	0.01
0.456455968	0.10149308466093	0.02
0.458022431	0.101010326803729	0.02
0.458664131	0.101010326803729	0.02
0.459124851	0.100058458854248	0.02
0.460382332	0.101010326803729	0.02
0.462114195	0.0927233411612721	0.02
0.46331093	0.0927233411612721	0.02
0.464728436	0.0901140318713552	0.02
0.46499053	0.0901140318713552	0.02
0.472596627	0.0856930036376263	0.03
0.474072423	0.0856930036376263	0.03
0.477096915	0.0643055492266201	0.03
0.478409458	0.0673654256821936	0.03
0.478419311	0.0673654256821936	0.03
0.478888149	0.0693452347692336	0.03
0.479732593	0.0869487183561415	0.04
0.483511101	0.0806567571813928	0.04
0.483671852	0.0806567571813928	0.04
0.483988273	0.0806567571813928	0.04
0.484225862	0.0806567571813928	0.04
0.484458594	0.0806567571813928	0.04
0.485802156	0.0968636861578417	0.04
0.485999254	0.0859806109821599	0.04
0.48628356	0.0799549559711213	0.04
0.489107131	0.0609816543393772	0.04
0.490830832	0.0536620561133134	0.04
0.499369323	0.0612454644987941	0.05
0.511690912	0.0505335275003757	0.06
0.514971335	0.0762552058648542	0.07
0.51502476	0.0762552058648542	0.07
0.515124567	0.0768345981921149	0.07
0.516063638	0.0781826048632595	0.07
0.518492841	0.0546283529965407	0.07
0.518564452	0.0546283529965407	0.07
0.529143364	0.0424689572871435	0.07
0.534226929	0.039638940725054	0.06
0.534308248	0.0392542645305073	0.06
0.534380672	0.0388769827588559	0.06
0.534453117	0.0388769827588559	0.06
0.534888196	0.0388769827588559	0.06
0.543234343	0.0495432195859227	0.06
0.544416783	0.0612454644987941	0.07
0.55657045	0.0769808245992603	0.05
0.556645891	0.0769808245992603	0.05
0.556807604	0.0769808245992603	0.05
0.55802857	0.0755431387106037	0.05
0.559788571	0.0748442470168385	0.05
0.566766402	0.072173382225704	0.06
0.568776608	0.072173382225704	0.06
0.586308239	0.0762552058648542	0.06
0.59079165	0.0748442470168385	0.06
0.591819223	0.0748442470168385	0.06
0.593402747	0.0748442470168385	0.06
0.593573546	0.0748442470168385	0.06
0.593673806	0.0748442470168385	0.06
0.593673808	0.0748442470168385	0.06
0.593754277	0.0748442470168385	0.06
0.593754278	0.0748442470168385	0.06
0.593834769	0.0748442470168385	0.06
0.593915284	0.0748442470168385	0.06
0.594036974	0.0748442470168385	0.06
0.594152812	0.0748442470168385	0.06
0.594237558	0.0762552058648542	0.06
0.594318181	0.0686724938884174	0.06
0.595015574	0.0734845538616288	0.07
0.597117526	0.0734845538616288	0.07
0.602148457	0.0848978443428779	0.07
0.602674298	0.0848978443428779	0.07
0.604317115	0.0797638457342451	0.07
0.604813246	0.0826616846203463	0.07
0.604905308	0.0834193456301526	0.07
0.605716504	0.0834193456301526	0.07
0.606051871	0.0834193456301526	0.07
0.60631275	0.0834193456301526	0.07
0.606404306	0.0834193456301526	0.07
0.607971158	0.0707310492542491	0.06
0.608756287	0.0707310492542491	0.06
0.61827716	0.07706230224264	0.07
0.624510489	0.0834193456301526	0.06
0.630942519	0.0857780198367275	0.05
0.637031954	0.0865941671663919	0.05
0.637260654	0.0865941671663919	0.05
0.641599528	0.0874259943873785	0.05
0.644129804	0.0797638457342451	0.06
0.64559646	0.0797638457342451	0.06
0.646569798	0.080469089212283	0.06
0.648110758	0.080469089212283	0.06
0.648827538	0.080469089212283	0.06
0.65703705	0.072173382225704	0.07
0.667879261	0.0716055401222381	0.08
0.667879263	0.0716055401222381	0.08
0.667969788	0.0716055401222381	0.08
0.669490645	0.0716055401222381	0.08
0.671132308	0.0710465635460557	0.08
0.678915807	0.0622934621716563	0.09
0.680410924	0.0622934621716563	0.09
0.680589305	0.0622934621716563	0.09
0.68060848	0.0622934621716563	0.09
0.680702493	0.0622934621716563	0.09
0.680786967	0.0622934621716563	0.09
0.692614054	0.0566692482558979	0.09
0.696262833	0.0536620561133134	0.1
0.697379755	0.0546283529965407	0.1
0.712354258	0.053191614588253	0.11
0.7123899	0.053191614588253	0.11
0.712401774	0.053191614588253	0.11
0.713541741	0.0536620561133134	0.11
0.71365913	0.0536620561133134	0.11
0.715653707	0.0509579385013824	0.12
0.717816093	0.0518285126336703	0.12
0.725869057	0.0509579385013824	0.13
0.72717465	0.0518285126336703	0.13
0.7500464	0.0300267628116041	0.13
0.75180067	0.0291608868974251	0.13
0.756100951	0.0254861859779412	0.13
0.763284143	0.0297324800572089	0.12
0.763491091	0.0297324800572089	0.12
0.765321243	0.0286108564323967	0.12
0.766651587	0.0270785932385146	0.12
0.778829055	0.0283435494784786	0.11
0.779184816	0.0273224704530965	0.11
0.786383987	0.0760240445239782	0.11
0.794958533	0.0807223440497504	0.1
0.812482547	0.0750579093449535	0.08
0.817085993	0.0824202051819087	0.08
0.828284953	0.0830754633476359	0.07
0.861362559	0.0801302494739532	0.03
0.861783488	0.0828121137786566	0.03
0.866065884	0.0878479298464561	0.03
0.867661243	0.0863476968851836	0.03
0.870144812	0.0839580257453938	0.03
0.875954975	0.0878479298464561	0.02
0.877564409	0.0863476968851836	0.02
0.87832845	0.0856166330165804	0.02
0.880342154	0.0832667043294695	0.02
0.882218863	0.0804406401141797	0.01
0.882485476	0.0801855005723857	0.01
0.883236842	0.0929626115374213	0.01
0.883671839	0.0926786150207499	0.01
0.884296127	0.0918369420765363	0.01
0.885048106	0.0904676195759176	0.01
0.885800269	0.0891385313689745	0.01
0.886381245	0.0896654526975523	0.01
0.887670141	0.0886177667934373	0.01
0.888469193	0.0881030516908582	0.01
0.888863234	0.0873420932043742	0.01
0.889014569	0.0868420485215632	0.01
0.889209764	0.0868420485215632	0.01
0.889752182	0.0863476968851836	0.01
0.890068113	0.0863476968851836	0.01
0.890083013	0.0863476968851836	0.01
0.890218543	0.0863476968851836	0.01
0.890228158	0.0863476968851836	0.01
0.890354074	0.0863476968851836	0.01
0.890354075	0.0863476968851836	0.01
0.890459913	0.0863476968851836	0.01
0.890474761	0.0863476968851836	0.01
0.890489605	0.0863476968851836	0.01
0.890489606	0.0863476968851836	0.01
0.890506418	0.0863476968851836	0.01
0.890580647	0.0863476968851836	0.01
0.890595481	0.0863476968851836	0.01
0.89061031	0.0863476968851836	0.01
0.890610311	0.0863476968851836	0.01
0.89068659	0.0863476968851836	0.01
0.890701414	0.0861026256632475	0.01
0.890716233	0.0861026256632475	0.01
0.890731048	0.0861026256632475	0.01
0.890731049	0.0861026256632475	0.01
0.890737499	0.0861026256632475	0.01
0.890822213	0.0861026256632475	0.01
0.890837018	0.0861026256632475	0.01
0.890851819	0.0861026256632475	0.01
0.890928251	0.0861026256632475	0.01
0.890957836	0.0861026256632475	0.01
0.890972622	0.0861026256632475	0.01
0.890972623	0.0861026256632475	0.01
0.891093459	0.0858589416219072	0.01
0.89119957	0.0858589416219072	0.01
0.891214328	0.0858589416219072	0.01
0.891246709	0.0858589416219072	0.01
0.891320486	0.0858589416219072	0.01
0.89133523	0.0858589416219072	0.01
0.891382479	0.0858589416219072	0.01
0.891441435	0.0858589416219072	0.01
0.891456164	0.0858589416219072	0.01
0.89149835	0.0858589416219072	0.01
0.891562417	0.0858589416219072	0.01
0.891577132	0.085136095794823	0.01
0.891698132	0.085136095794823	0.01
0.891793338	0.085136095794823	0.01
0.891881522	0.085136095794823	0.01
0.892012117	0.085136095794823	0.01
0.892017347	0.085136095794823	0.01
0.89206133	0.085136095794823	0.01
0.892182462	0.0846609226522998	0.01
0.892307805	0.0848978443428779	0.01
0.892546055	0.085136095794823	0.01
0.89273031	0.085136095794823	0.01
0.892793389	0.085136095794823	0.01
0.892951888	0.084425319621303	0.01
0.892952212	0.084425319621303	0.01
0.893016766	0.084425319621303	0.01
0.893142511	0.084425319621303	0.01
0.893172464	0.0841910242713395	0.01
0.893313967	0.085136095794823	0.01
0.894189143	0.0846609226522998	0.01
0.894232534	0.0846609226522998	0.01
0.894332391	0.0853756882348929	0.01
0.894482721	0.0853756882348929	0.01
0.894690708	0.0853756882348929	0.01
0.895081202	0.0858589416219072	0.01
0.895086463	0.0858589416219072	0.01
0.895300675	0.0858589416219072	0.01
0.895524497	0.0905520048018188	0.01
0.896329745	0.0913186158675885	0.01
0.896396617	0.0918369420765363	0.01
0.89685771	0.0913186158675885	0.01
0.896928207	0.0908061076712754	0.01
0.89693811	0.0908061076712754	0.01
0.897197773	0.0938422134056849	0.01
0.89799116	0.0775548132111384	0.01
0.898155973	0.0762552058648542	0.01
0.898485328	0.0759370812233039	0.01
0.898662437	0.0754648401816564	0.01
0.89889623	0.0753087290429984	0.01
0.899310528	0.074998436427785	0.01
0.899325427	0.074998436427785	0.01
0.900274359	0.0775635099519218	0.01
0.900690942	0.0617374535867812	0.01
0.901007608	0.0624695233839556	0.01
0.901568195	0.0548399617514901	0.01
0.902162268	0.0534077123227523	0.01
0.902919093	0.049301677761622	0.01
0.902932441	0.049301677761622	0.01
0.903166806	0.0453796456704687	0.01
0.904039961	0.0332794883621529	0.01
0.905345526	0.0345589770771103	0.01
0.905424433	0.0345589770771103	0.01
0.905541598	0.0347072416562583	0.01
0.906154318	0.0345589770771103	0.01
0.906210372	0.0344119738415951	0.01
0.906508268	0.0347072416562583	0.01
0.906922556	0.0348567838831988	0.01
0.906983581	0.0351597679142945	0.01
0.907060652	0.0351597679142945	0.01
0.90712089	0.0351597679142945	0.01
0.907185931	0.0351597679142945	0.01
0.907198748	0.0353132437625266	0.01
0.907298438	0.0351597679142945	0.01
0.907311244	0.0351597679142945	0.01
0.907324045	0.0351597679142945	0.01
0.907336844	0.0351597679142945	0.01
0.907436592	0.0351597679142945	0.01
0.907449378	0.0351597679142945	0.01
0.90746216	0.0351597679142945	0.01
0.9075492	0.0351597679142945	0.01
0.907574745	0.0351597679142945	0.01
0.907587512	0.0351597679142945	0.01
0.907674633	0.0351597679142945	0.01
0.907712898	0.0351597679142945	0.01
0.907951053	0.0351597679142945	0.01
0.908076559	0.0354680653594571	0.01
0.908089263	0.0354680653594571	0.01
0.908089264	0.0354680653594571	0.01
0.908151307	0.0354680653594571	0.01
0.90817671	0.0356242504832696	0.01
0.908189407	0.0356242504832696	0.01
0.908214789	0.0356242504832696	0.01
0.908453284	0.0356242504832696	0.01
0.908566283	0.0351597679142945	0.01
0.908691978	0.0354680653594571	0.01
0.908816452	0.0354680653594571	0.01
0.908855181	0.0354680653594571	0.01
0.908943472	0.0357818172266808	0.01
0.909094444	0.0357818172266808	0.01
0.909183517	0.0357818172266808	0.01
0.909346075	0.036101169557939	0.01
0.90938549	0.036101169557939	0.01
0.909409249	0.036101169557939	0.01
0.909434338	0.036101169557939	0.01
0.909642167	0.036101169557939	0.01
0.909838426	0.0359407840039272	0.01
0.909896599	0.0359407840039272	0.01
0.909925885	0.0359407840039272	0.01
0.910014581	0.0357818172266808	0.01
0.910051995	0.0357818172266808	0.01
0.910204731	0.0357818172266808	0.01
0.910267	0.0357818172266808	0.01
0.910628128	0.0362629929677071	0.01
0.911049792	0.0365910313963784	0.01
0.911062134	0.0365910313963784	0.01
0.91113001	0.0365910313963784	0.01
0.911404622	0.0364262736558486	0.01
0.911747931	0.0369250589357675	0.01
0.911776598	0.0369250589357675	0.01
0.912015459	0.0364262736558486	0.01
0.912488931	0.0365910313963784	0.01
0.912630246	0.0364262736558486	0.01
0.912707801	0.0364262736558486	0.01
0.912811242	0.0494111768827461	0.01
0.912967277	0.0500785238696911	0.01
0.913006436	0.0500785238696911	0.01
0.913139907	0.0500785238696911	0.01
0.913244462	0.0503049968405704	0.01
0.913630289	0.0498540809211615	0.01
0.914696902	0.0539004112739659	0.01
0.914968567	0.0539004112739659	0.01
0.915269563	0.0539004112739659	0.01
0.916024822	0.0455282343172239	0.01
0.916163647	0.045734139718588	0.01
0.917248255	0.0404313633148703	0.01
0.918456927	0.0501479903706577	0.02
0.918483627	0.0501479903706577	0.02
0.919822583	0.0513226635048656	0.02
0.920002472	0.0513226635048656	0.02
0.921364075	0.0519308814092754	0.02
0.921783065	0.0525536880177464	0.02
0.922455062	0.0529772585513617	0.02
0.922504312	0.0529772585513617	0.02
0.922787758	0.0529772585513617	0.02
0.923473233	0.0536255730690589	0.02
0.924160807	0.0538452184905761	0.02
0.924412009	0.0538452184905761	0.02
0.924627878	0.0538452184905761	0.02
0.925553967	0.0465182946689213	0.02
0.929379518	0.0457819211159694	0.03
0.93064775	0.0457819211159694	0.03
0.93220206	0.0467589630404154	0.03
0.933174706	0.0474338267750726	0.03
0.934071327	0.0479528984681275	0.03
0.934700606	0.0477786168829985	0.03
0.93534835	0.0481284561584987	0.03
0.938446291	0.0411362391164293	0.03
0.938770844	0.0423672831297696	0.03
0.941112169	0.0371625301306563	0.03
0.942896738	0.0417673168924876	0.03
0.944027825	0.0431945738723992	0.03
0.948845214	0.0463631843248699	0.03
0.949342587	0.0463631843248699	0.03
0.950306111	0.0472293310335879	0.03
0.951999424	0.0485909798687431	0.03
0.953473419	0.0710465635460557	0.04
0.954119877	0.0716055401222381	0.04
0.954191796	0.0716055401222381	0.04
0.956296714	0.0745377623959713	0.04
0.956549025	0.0745377623959713	0.04
0.956780018	0.0745377623959713	0.04
0.956793172	0.0745377623959713	0.04
0.957016096	0.0745377623959713	0.04
0.957077957	0.0745377623959713	0.04
0.958321379	0.0751532624528996	0.04
0.959031973	0.0777203854871383	0.04
0.959642592	0.0777203854871383	0.04
0.960911853	0.0790708565820964	0.04
0.964446178	0.0495432195859227	0.04
0.966290332	0.0745377623959713	0.05
0.966653906	0.0745377623959713	0.05
0.966980911	0.0745377623959713	0.05
0.966980912	0.0745377623959713	0.05
0.966986309	0.0745377623959713	0.05
0.967297223	0.0751532624528996	0.05
0.967297226	0.0751532624528996	0.05
0.967302571	0.0751532624528996	0.05
0.967302572	0.0751532624528996	0.05
0.967460779	0.0751532624528996	0.05
0.96746078	0.0751532624528996	0.05
0.96761904	0.0751532624528996	0.05
0.967619041	0.0751532624528996	0.05
0.968083686	0.0751532624528996	0.05
0.968088909	0.0751532624528996	0.05
0.968237002	0.0751532624528996	0.05
0.969035555	0.0777203854871383	0.05
0.969666194	0.0777203854871383	0.05
0.970292984	0.0790708565820964	0.05
0.973457204	0.0556300883924748	0.05
0.973766743	0.0566692482558979	0.05
0.97801719	0.0490624797249075	0.05
0.981915796	0.0467922498260467	0.05
0.985118954	0.036101169557939	0.05
0.9860103	0.0370943701125921	0.05
1.022530753	0.0522750505837981	0.07
1.023898132	0.053191614588253	0.07
1.027349785	0.0606334225586873	0.07
1.029271857	0.0501161276500665	0.08
1.029637844	0.0505335275003757	0.08
1.029659545	0.0505335275003757	0.08
1.030392053	0.0518285126336703	0.08
1.030397618	0.0518285126336703	0.08
1.032104884	0.0522750505837981	0.08
1.0327094	0.0522750505837981	0.08
1.033463082	0.0518285126336703	0.08
1.034014818	0.0527293498604274	0.08
1.034854243	0.0546283529965407	0.08
1.043349328	0.0579844892476015	0.09
1.044012776	0.057513371956655	0.09
1.048661279	0.0648950829058186	0.09
1.049025044	0.0648950829058186	0.09
1.054783865	0.0686724938884174	0.09
1.057424783	0.0637266302528908	0.1
1.058571278	0.0648950829058186	0.1
1.067766296	0.0620507701472793	0.11
1.067971123	0.0620507701472793	0.11
1.068168044	0.0620507701472793	0.11
1.068277144	0.0620507701472793	0.11
1.06860264	0.063158041861732	0.11
1.070326964	0.0654955259287959	0.11
1.076612069	0.0667303741102307	0.11
1.088762574	0.0795546769058745	0.13
1.091073782	0.0828121137786566	0.13
1.113233383	0.0759687741927018	0.15
1.115076799	0.0765438056280059	0.15
1.116382888	0.0777203854871383	0.15
1.127882011	0.0944091080031349	0.16
1.13205703	0.0737525258395978	0.17
1.133642817	0.0732185221294861	0.17
1.133988353	0.0732185221294861	0.17
1.134317617	0.0732185221294861	0.17
1.162829766	0.101010326803729	0.18
1.183360064	0.0757790122047938	0.16
1.187305519	0.0757790122047938	0.16
1.18762744	0.0764152698278836	0.16
1.192009701	0.0811869149609181	0.16
1.192725439	0.0900202081322629	0.15
1.208769953	0.111269860724702	0.16
1.209768181	0.111269860724702	0.16
1.209825949	0.111269860724702	0.16
1.210085375	0.111269860724702	0.16
1.210771389	0.110335966450128	0.16
1.21086869	0.110335966450128	0.16
1.224141399	0.102878749704243	0.15
1.225416562	0.102878749704243	0.15
1.226416878	0.111098887685869	0.14
1.226767373	0.111098887685869	0.14
1.246668032	0.100011336154776	0.13
1.252855937	0.0971295079328714	0.13
1.268447511	0.110000243430362	0.12
1.270604589	0.110000243430362	0.12
1.275739262	0.110000243430362	0.12
1.289511656	0.108923115141906	0.13
1.302603198	0.111098887685869	0.13
1.325958837	0.0944091080031349	0.13
1.33510162	0.100011336154776	0.12
1.335485912	0.100011336154776	0.12
1.335508208	0.100011336154776	0.12
1.335711503	0.100011336154776	0.12
1.335892556	0.100011336154776	0.12
1.336051433	0.100011336154776	0.12
1.33638917	0.100011336154776	0.12
1.336413828	0.100011336154776	0.12
1.336595099	0.100011336154776	0.12
1.336979907	0.100011336154776	0.12
1.337117106	0.100011336154776	0.12
1.337524247	0.100011336154776	0.12
1.337887386	0.0971295079328714	0.12
1.340005107	0.0971295079328714	0.12
1.342315002	0.0971295079328714	0.12
1.342368518	0.0971295079328714	0.12
1.343443085	0.0971295079328714	0.12
1.350085516	0.101010326803729	0.11
1.360774481	0.101010326803729	0.12
1.360981621	0.101010326803729	0.12
1.36116959	0.101010326803729	0.12
1.361338457	0.101010326803729	0.12
1.361952473	0.101010326803729	0.12
1.362110213	0.101010326803729	0.12
1.362279458	0.101010326803729	0.12
1.365659238	0.104817596996417	0.12
1.368077892	0.1078668768931	0.12
1.368578346	0.105814685888912	0.12
1.369707356	0.105814685888912	0.12
1.370127164	0.105814685888912	0.12
1.373967278	0.108923115141906	0.12
1.377139612	0.111098887685869	0.11
1.379222918	0.110000243430362	0.11
1.384187356	0.111098887685869	0.11
1.385801753	0.108923115141906	0.12
1.418305639	0.104817596996417	0.1
1.430594094	0.105814685888912	0.1
1.434752614	0.105814685888912	0.1
1.436494579	0.105814685888912	0.11
1.440102642	0.105814685888912	0.11
1.448119954	0.105814685888912	0.12
1.450462129	0.104817596996417	0.12
1.450928234	0.104817596996417	0.12
1.454003033	0.104817596996417	0.12
1.454856842	0.104817596996417	0.12
1.457818346	0.104817596996417	0.13
1.484067531	0.103839123771745	0.15
1.484117024	0.103839123771745	0.15
1.485393153	0.106830926802097	0.15
1.485917469	0.102878749704243	0.16
1.488337206	0.103839123771745	0.16
1.512194724	0.101935977216301	0.18
1.512821455	0.101935977216301	0.18
1.513239565	0.101935977216301	0.18
1.515375804	0.104817596996417	0.18
1.516740221	0.101935977216301	0.19
1.517647523	0.101010326803729	0.19
1.56916589	0.161507739154048	0.22
1.595579044	0.167155142929797	0.19
1.652341299	0.162589725076026	0.14
1.707257935	0.205206561727612	0.08
1.718627381	0.193739737225926	0.07
1.730827961	0.180753506282796	0.06
1.745720251	0.20356024184819	0.04
1.75282717	0.178100627830452	0.04
1.758275756	0.200130111740006	0.03
1.768990518	0.196883083898395	0.02
1.77492366	0.218885906785612	0.01
1.778615293	0.20695642994601	0.01
1.77861633	0.20695642994601	0.01
1.780115455	0.193739737225926	0.01
1.780657571	0.193739737225926	0.01
1.780657572	0.193739737225926	0.01
1.780839524	0.190695183780683	0.01
1.780928629	0.190695183780683	0.01
1.78092863	0.190695183780683	0.01
1.781081012	0.190695183780683	0.01
1.781140367	0.190695183780683	0.01
1.781170032	0.190695183780683	0.01
1.781411498	0.190695183780683	0.01
1.781411499	0.190695183780683	0.01
1.781623424	0.190695183780683	0.01
1.781653031	0.190695183780683	0.01
1.7818108	0.190695183780683	0.01
1.781835463	0.190695183780683	0.01
1.781894629	0.190695183780683	0.01
1.782136293	0.187744838116451	0.01
1.782378022	0.186303637249465	0.01
1.782590324	0.186303637249465	0.01
1.782619816	0.186303637249465	0.01
1.783044725	0.186303637249465	0.01
1.783103602	0.186303637249465	0.01
1.783286774	0.186303637249465	0.01
1.783345594	0.186303637249465	0.01
1.783587651	0.186303637249465	0.01
1.78377107	0.186303637249465	0.01
1.783925287	0.186303637249465	0.01
1.784314217	0.186303637249465	0.01
1.78446873	0.186303637249465	0.01
1.785322292	0.186303637249465	0.01
1.785497332	0.186303637249465	0.01
1.785988286	0.184884394238885	0.01
1.786357195	0.184884394238885	0.01
1.787927091	0.180753506282796	0.01
1.788266632	0.180753506282796	0.01
1.788780487	0.190695183780683	0.01
1.788872102	0.190695183780683	0.01
1.789358594	0.190695183780683	0.01
1.789747139	0.190695183780683	0.01
1.790033715	0.190695183780683	0.01
1.790095821	0.190695183780683	0.01
1.790737455	0.186564025704243	0.01
1.79204453	0.180216626865817	0.02
1.792147241	0.180216626865817	0.02
1.795172249	0.148952135726435	0.02
1.795643534	0.144997026441841	0.02
1.796669094	0.139087928672831	0.02
1.796696941	0.139087928672831	0.02
1.801889818	0.0742943760614184	0.02
1.808733518	0.0297324800572089	0.02
1.809599251	0.0294439096612049	0.02
1.812688451	0.0847792179741881	0.03
1.813215031	0.0878479298464561	0.03
1.813240824	0.0878479298464561	0.03
1.813793197	0.0699543892554029	0.03
1.814069384	0.0704962464836349	0.03
1.814345569	0.056144860400765	0.03
1.814596154	0.0565937367816938	0.03
1.814621756	0.0565937367816938	0.03
1.814621757	0.0565937367816938	0.03
1.814846808	0.0565937367816938	0.03
1.814872379	0.0565937367816938	0.03
1.815039963	0.0565937367816938	0.03
1.815123071	0.0565937367816938	0.03
1.815169565	0.0565937367816938	0.03
1.815288509	0.0565937367816938	0.03
1.815322808	0.0570498485139285	0.03
1.815373832	0.0570498485139285	0.03
1.815850116	0.057513371956655	0.03
1.815875562	0.057513371956655	0.03
1.816101116	0.0497055666403475	0.03
1.816374833	0.0501161276500665	0.03
1.816377569	0.0501161276500665	0.03
1.816879855	0.0501161276500665	0.03
1.817399416	0.0501161276500665	0.03
1.817633804	0.0501161276500665	0.03
1.818363245	0.053191614588253	0.03
1.819410514	0.0556300883924748	0.03
1.820606159	0.0577479697553233	0.03
1.82134289	0.0588685559443359	0.03
1.822065256	0.0600334921748981	0.03
1.823267442	0.0606334225586873	0.03
1.823345161	0.0606334225586873	0.03
1.824280416	0.0606334225586873	0.03
1.824985083	0.0606334225586873	0.03
1.828939845	0.0541408933251782	0.04
1.829051906	0.0541408933251782	0.04
1.830016016	0.0551246701413219	0.04
1.835137623	0.058302878907033	0.04
1.836263396	0.05944531736052	0.04
1.83758722	0.0485132762179184	0.05
1.839735229	0.0536620561133134	0.05
1.860668056	0.05944531736052	0.06
1.860714054	0.05944531736052	0.06
1.872927722	0.0577479697553233	0.07
1.919145255	0.056144860400765	0.11
1.934242286	0.0588685559443359	0.12
1.937910579	0.0599487555997859	0.13
1.938309591	0.0599487555997859	0.13
1.939501786	0.0604607938383914	0.13
1.95745413	0.05944531736052	0.15
1.959079535	0.0599487555997859	0.15
1.961031557	0.0518285126336703	0.15
2.03833515	0.0918369420765363	0.23
2.04617014	0.0911998319361269	0.24
2.049316864	0.0918369420765363	0.24
2.057670659	0.0911998319361269	0.25
2.060706206	0.0853756882348929	0.25
2.067556414	0.0911998319361269	0.26
2.07768814	0.0911998319361269	0.27
2.112854786	0.0859806109821599	0.3
2.119081815	0.0918369420765363	0.31
2.130868897	0.0853756882348929	0.32
2.201956234	0.0853756882348929	0.39
2.22342495	0.0872165429401506	0.41
2.225736601	0.0893404588666705	0.42
2.22607531	0.0893404588666705	0.42
2.226980498	0.0893404588666705	0.42
2.230993963	0.0836109360463371	0.42
2.244892022	0.145131066402229	0.43
2.268175967	0.205357548621362	0.41
2.273953022	0.201794122484367	0.4
2.634889835	0.231985201507135	0.09
2.63880046	0.225245265259988	0.09
2.64482266	0.231985201507135	0.08
2.65353762	0.231985201507135	0.07
2.669724846	0.225245265259988	0.06
2.670831293	0.225245265259988	0.06
2.671193019	0.225245265259988	0.06
2.671237545	0.225245265259988	0.06
2.671237705	0.225245265259988	0.06
2.671599646	0.225245265259988	0.06
2.671872794	0.225245265259988	0.06
2.671961685	0.225245265259988	0.06
2.672323822	0.225245265259988	0.06
2.672686057	0.231985201507135	0.05
2.673366554	0.231985201507135	0.05
2.674201502	0.231985201507135	0.05
2.674498542	0.231985201507135	0.05
2.675906626	0.22969418162897	0.05
2.677404052	0.225245265259988	0.05
2.68050645	0.225245265259988	0.05
2.681604422	0.225245265259988	0.05
2.684222358	0.232759064737446	0.05
2.690797174	0.231985201507135	0.04
2.692790444	0.231985201507135	0.04
2.697875326	0.226249518772968	0.05
2.703341222	0.242044382663953	0.04
2.716197088	0.235012959270818	0.05
2.720992773	0.235012959270818	0.05
2.721223607	0.237310931258618	0.05
2.721339166	0.230547991529397	0.06
2.721714851	0.230547991529397	0.06
2.721753239	0.230547991529397	0.06
2.722090639	0.230547991529397	0.06
2.72212898	0.230547991529397	0.06
2.722504826	0.230547991529397	0.06
2.725138453	0.226249518772968	0.06
2.727362573	0.226249518772968	0.06
2.733911556	0.224159834677146	0.07
2.734951629	0.224159834677146	0.07
2.741703646	0.224159834677146	0.08
2.742221604	0.224159834677146	0.08
2.744776734	0.224159834677146	0.08
2.767264537	0.218116146562551	0.1
2.784781798	0.212389796476353	0.12
2.795646082	0.212389796476353	0.13
2.857457722	0.212389796476353	0.19
2.893176138	0.21617335967208	0.23
2.901070252	0.219651515416974	0.23
3.091199805	0.21115786986259	0.42
3.116410384	0.206047616058135	0.45
3.116832706	0.206047616058135	0.45
3.153761559	0.213736525020125	0.48
3.190582361	0.186153217987905	0.5
3.194633906	0.179860475591966	0.5
3.479484296	0.178100627830452	0.76
3.557717034	0.178100627830452	0.840000000000001
3.561648443	0.176374884888119	0.850000000000001
3.562131134	0.176374884888119	0.850000000000001
3.565454716	0.176374884888119	0.850000000000001
3.567214517	0.178100627830452	0.850000000000001
3.568359469	0.178100627830452	0.850000000000001
3.571210711	0.179860475591966	0.850000000000001
3.571812505	0.176374884888119	0.860000000000001
3.572123566	0.176374884888119	0.860000000000001
3.572497766	0.176374884888119	0.860000000000001
3.575584373	0.176374884888119	0.860000000000001
3.579984214	0.178100627830452	0.860000000000001
3.62901857	0.23965428644514	0.890000000000001
3.630972932	0.23965428644514	0.890000000000001
3.631023885	0.23965428644514	0.890000000000001
3.631169027	0.23965428644514	0.890000000000001
3.631970124	0.242044382663953	0.890000000000001
3.633483005	0.244778527547543	0.900000000000001
3.639968026	0.226249518772968	0.900000000000001
3.707141358	0.242044382663953	0.930000000000001
3.778072999	0.235012959270818	1
4.078052931	0.247171724906938	1.23
4.442577106	0.264303289673803	1.36
4.445571488	0.264303289673803	1.36
4.452121847	0.264303289673803	1.37
4.45272527	0.264303289673803	1.37
4.453328856	0.264303289673803	1.37
4.453932605	0.264303289673803	1.37
4.459832487	0.264303289673803	1.37
4.464002998	0.264303289673803	1.38
4.475601202	0.264303289673803	1.39
4.478685952	0.264303289673803	1.39
4.492707945	0.264303289673803	1.41
4.536342962	0.264303289673803	1.45
4.537444354	0.264303289673803	1.45
4.537596069	0.264303289673803	1.45
4.773228095	0.25210130915949	1.62
4.848628454	0.25210130915949	1.7
4.895921957	0.25210130915949	1.75
5.341769851	0.265330673376708	1.87
5.342582978	0.265330673376708	1.87
5.445157132	0.268144928433994	1.89
6.232084175	0.198958236171999	2.60999999999999
6.2338777	0.198958236171999	2.60999999999999
6.234722781	0.198958236171999	2.60999999999999
6.244676548	0.198958236171999	2.61999999999999
6.358499262	0.227766164031372	2.67999999999999
7	0.242789417493178	2.54999999999999
