thrs	post_p	finalwindow
0	0.158302511292889	0.23
0.070216248	0.141035691334448	0.18
0.082355146	0.124113603183007	0.18
0.089689176	0.125620857986664	0.17
0.093809574	0.121205059007391	0.17
0.103967892	0.121205059007391	0.16
0.106977596	0.121205059007391	0.16
0.113424721	0.118429714110758	0.16
0.115659216	0.118429714110758	0.16
0.123778241	0.118429714110758	0.17
0.127695348	0.0986193302457345	0.17
0.128068503	0.105720603722402	0.17
0.129609166	0.10140240918584	0.17
0.129730945	0.10140240918584	0.17
0.148447444	0.105720603722402	0.15
0.148782099	0.10308665315253	0.15
0.151339737	0.098976765112832	0.15
0.178062567	0.105720603722402	0.12
0.178113806	0.105720603722402	0.12
0.178140913	0.105720603722402	0.12
0.178358463	0.105720603722402	0.12
0.181486006	0.098976765112832	0.12
0.181486035	0.098976765112832	0.12
0.186084933	0.0956009142951969	0.12
0.205298456	0.10093125809306	0.1
0.206482242	0.100232683883778	0.1
0.222049977	0.0601365799686599	0.08
0.22265244	0.0597232391161485	0.08
0.222656148	0.0597232391161485	0.08
0.222686318	0.0597232391161485	0.08
0.222697977	0.0592346690917136	0.08
0.222716495	0.0592346690917136	0.08
0.222812147	0.0592346690917136	0.08
0.226694446	0.0635217308078188	0.08
0.226728961	0.0635217308078188	0.08
0.226867021	0.0635217308078188	0.08
0.226929675	0.0635217308078188	0.08
0.226982815	0.0635217308078188	0.08
0.227432153	0.0630378490392786	0.08
0.230426372	0.0547553688567946	0.08
0.241897099	0.0551725815487568	0.07
0.24235868	0.0551725815487568	0.07
0.242615688	0.0393546596345598	0.06
0.242941212	0.0482595029245466	0.06
0.249436037	0.0441408164007643	0.06
0.254481698	0.0465231134681666	0.05
0.256228734	0.0465231134681666	0.05
0.256259656	0.0465231134681666	0.05
0.256650521	0.0465231134681666	0.05
0.259750174	0.0449073358541058	0.05
0.263775407	0.0449073358541058	0.05
0.272151172	0.0437672863773269	0.05
0.296839561	0.0413196876237224	0.04
0.296839653	0.0413196876237224	0.04
0.296879772	0.0413196876237224	0.04
0.29691506	0.0413196876237224	0.04
0.296919994	0.0413196876237224	0.04
0.296960227	0.0413196876237224	0.04
0.297156652	0.0413196876237224	0.04
0.29723727	0.0413196876237224	0.04
0.297242165	0.0413196876237224	0.04
0.297345093	0.0413196876237224	0.04
0.29736316	0.0413196876237224	0.04
0.297631463	0.0413196876237224	0.04
0.298033592	0.0413196876237224	0.04
0.298062423	0.0413196876237224	0.04
0.29855614	0.0409111386324327	0.04
0.298682719	0.0409111386324327	0.04
0.29926506	0.0409111386324327	0.04
0.300638986	0.03973256961337	0.04
0.301159527	0.03973256961337	0.04
0.302406093	0.03973256961337	0.04
0.302443572	0.03973256961337	0.04
0.302452098	0.03973256961337	0.04
0.302453753	0.03973256961337	0.04
0.302531356	0.03973256961337	0.04
0.302535608	0.03973256961337	0.04
0.302694303	0.03973256961337	0.04
0.302844832	0.03973256961337	0.04
0.303037639	0.03973256961337	0.04
0.303062807	0.03973256961337	0.04
0.303998368	0.0393546596345598	0.04
0.304168238	0.0393546596345598	0.04
0.305094409	0.0393546596345598	0.04
0.306464617	0.0389838707848678	0.04
0.307314933	0.0389838707848678	0.04
0.308759935	0.0389838707848678	0.04
0.320217262	0.03973256961337	0.03
0.322066605	0.0386200036630002	0.03
0.322435043	0.0386200036630002	0.03
0.322591403	0.0386200036630002	0.03
0.322777267	0.0386200036630002	0.03
0.323097253	0.0386200036630002	0.03
0.323165924	0.0386200036630002	0.03
0.323537089	0.0386200036630002	0.03
0.323808824	0.0386200036630002	0.03
0.324596864	0.0386200036630002	0.03
0.327195424	0.0341566512584879	0.04
0.328591896	0.0333311970288493	0.04
0.330254195	0.0333311970288493	0.04
0.333944256	0.0330648407783853	0.04
0.334029253	0.0330648407783853	0.04
0.338071632	0.0320406672994831	0.05
0.340262381	0.0315520102942072	0.05
0.343625259	0.0315520102942072	0.05
0.343706753	0.0315520102942072	0.05
0.345554528	0.0313132289272326	0.05
0.351815198	0.0308463469240875	0.06
0.356200611	0.0299531408957726	0.06
0.356206548	0.0299531408957726	0.06
0.356437896	0.0299531408957726	0.06
0.356490553	0.0299531408957726	0.06
0.357086112	0.0341566512584879	0.06
0.357959666	0.0281848422392974	0.06
0.362945858	0.0293164616083861	0.07
0.363236679	0.0293164616083861	0.07
0.366130409	0.0293164616083861	0.07
0.367663989	0.0274372551247849	0.07
0.37384574	0.0577344208847091	0.08
0.382008897	0.0530769314131802	0.07
0.386863037	0.0580010177754577	0.06
0.389299853	0.0588408360738641	0.06
0.395214438	0.0617608638534652	0.06
0.411578949	0.07184404380469	0.04
0.412388288	0.0713932677050121	0.04
0.415094538	0.0711699942731896	0.04
0.419019267	0.0741860936231664	0.03
0.423143546	0.0737055470006991	0.03
0.438815006	0.0804828980979181	0.01
0.440249622	0.0804828980979181	0.01
0.441698853	0.0804828980979181	0.01
0.444236336	0.0753576989178202	0.01
0.444499874	0.0733037666902309	0.01
0.444770984	0.0721242848704728	0.01
0.445049535	0.0721242848704728	0.01
0.445117302	0.0772437567286046	0.01
0.445156208	0.0772437567286046	0.01
0.445185067	0.0768339359534821	0.01
0.445185068	0.0768339359534821	0.01
0.445245414	0.0768339359534821	0.01
0.44525283	0.0768339359534821	0.01
0.445252832	0.0768339359534821	0.01
0.445252833	0.0768339359534821	0.01
0.445252835	0.0768339359534821	0.01
0.445305777	0.0768339359534821	0.01
0.44531318	0.0768339359534821	0.01
0.44531319	0.0768339359534821	0.01
0.445373562	0.0768339359534821	0.01
0.445419149	0.0768339359534821	0.01
0.445433949	0.0768339359534821	0.01
0.445494353	0.0764284408790709	0.01
0.445540001	0.0764284408790709	0.01
0.445554774	0.0764284408790709	0.01
0.445615211	0.0764284408790709	0.01
0.445675664	0.0756301567444308	0.01
0.445849774	0.0951820211908634	0.01
0.445857123	0.0951820211908634	0.01
0.445978177	0.0951820211908634	0.01
0.446188208	0.0951820211908634	0.01
0.446319857	0.0951820211908634	0.01
0.446341735	0.0951820211908634	0.01
0.446351359	0.0951820211908634	0.01
0.446394864	0.0951820211908634	0.01
0.446395102	0.0951820211908634	0.01
0.446465528	0.0946979286012903	0.01
0.446633323	0.0946979286012903	0.01
0.446772341	0.0946979286012903	0.01
0.446888185	0.0946979286012903	0.01
0.446967543	0.0946979286012903	0.01
0.447158639	0.0946979286012903	0.01
0.447533088	0.0946979286012903	0.01
0.447542535	0.0946979286012903	0.01
0.447649603	0.0942187352519188	0.01
0.447876705	0.0942187352519188	0.01
0.447928306	0.0942187352519188	0.01
0.451750007	0.0994357933204579	0.01
0.452986292	0.0989352453388219	0.01
0.453117722	0.0989352453388219	0.01
0.453312195	0.0984397115147718	0.01
0.453607731	0.0984397115147718	0.01
0.45367678	0.0984397115147718	0.01
0.453739439	0.0984397115147718	0.01
0.453782962	0.0984397115147718	0.01
0.453864805	0.0984397115147718	0.01
0.453864814	0.0984397115147718	0.01
0.453927527	0.0984397115147718	0.01
0.453952078	0.0984397115147718	0.01
0.453977538	0.0984397115147718	0.01
0.453990257	0.0984397115147718	0.01
0.454115767	0.0984397115147718	0.01
0.454228692	0.0984397115147718	0.01
0.454266222	0.0999414319518068	0.01
0.454379121	0.0999414319518068	0.01
0.454423548	0.0999414319518068	0.01
0.454543029	0.100452239288821	0.01
0.454618511	0.100452239288821	0.01
0.454637485	0.100452239288821	0.01
0.455078808	0.102548773831174	0.01
0.455180191	0.104734687166522	0.01
0.455439212	0.126498697850892	0.01
0.455665947	0.138605945213886	0.01
0.455678249	0.139945368642143	0.01
0.455755613	0.139945368642143	0.01
0.456455968	0.0951052567428881	0.02
0.45760535	0.094193648853098	0.02
0.458619789	0.0928585400384151	0.02
0.458664131	0.0928585400384151	0.02
0.459124851	0.094193648853098	0.02
0.460382332	0.0937443671433483	0.02
0.462114195	0.094193648853098	0.02
0.46331093	0.094193648853098	0.02
0.472596627	0.0874851136902268	0.03
0.477096915	0.0764284408790709	0.03
0.478409458	0.0771787577806976	0.04
0.478419311	0.0771787577806976	0.04
0.479732593	0.0777897023745457	0.04
0.479936634	0.0777897023745457	0.04
0.483511101	0.0784103965820034	0.04
0.483671852	0.0784103965820034	0.04
0.484225862	0.0784103965820034	0.04
0.484458594	0.0793602351224404	0.04
0.485999254	0.0905868723982045	0.04
0.48628356	0.0842054133703595	0.04
0.486776039	0.0693153633058068	0.04
0.489107131	0.0717873857352599	0.04
0.490830832	0.0717873857352599	0.04
0.499369323	0.0635217308078188	0.05
0.50407637	0.0723489392853071	0.06
0.508934563	0.0602826042330488	0.06
0.511690912	0.0602826042330488	0.06
0.514553924	0.0728855452644766	0.07
0.514645345	0.0728855452644766	0.07
0.51473946	0.0728855452644766	0.07
0.514742139	0.0728855452644766	0.07
0.514971335	0.0734301706454292	0.07
0.515124567	0.0748280211861837	0.07
0.516063638	0.0784344673078177	0.07
0.51682809	0.0591808765150197	0.07
0.518492841	0.0598466435199175	0.07
0.520735072	0.0598466435199175	0.07
0.534226929	0.00984833572530767	0.06
0.534308248	0.00966431387025562	0.06
0.534380672	0.0095748579876631	0.06
0.534453117	0.0095748579876631	0.06
0.536755919	0.00907107017639259	0.06
0.539174229	0.00931615824869652	0.06
0.543234343	0.00940082410817943	0.06
0.544416783	0.00984833572530767	0.06
0.55657045	0.0457009474847827	0.05
0.556645891	0.0457009474847827	0.05
0.556807604	0.0457009474847827	0.05
0.55802857	0.0449073358541058	0.05
0.566766402	0.0437672863773269	0.06
0.574371638	0.0437672863773269	0.06
0.591193432	0.0457009474847827	0.06
0.593402747	0.0457009474847827	0.06
0.593673806	0.0457009474847827	0.06
0.593673808	0.0457009474847827	0.06
0.593754278	0.0457009474847827	0.06
0.593834769	0.0457009474847827	0.06
0.593915284	0.0457009474847827	0.06
0.594036974	0.0457009474847827	0.06
0.594152812	0.0457009474847827	0.06
0.594237558	0.0461083657229535	0.06
0.594318181	0.0465231134681666	0.06
0.595015574	0.0482595029245466	0.06
0.595196772	0.0482595029245466	0.06
0.595887104	0.0482595029245466	0.06
0.596219211	0.0482595029245466	0.06
0.596894832	0.0487140433939022	0.06
0.597117526	0.0482595029245466	0.06
0.602148457	0.0491772276118425	0.06
0.602674298	0.0491772276118425	0.06
0.604813246	0.0516318652761127	0.06
0.604905308	0.0516318652761127	0.06
0.604905312	0.0516318652761127	0.06
0.604988853	0.0516318652761127	0.06
0.605716504	0.0516318652761127	0.06
0.605724938	0.0516318652761127	0.06
0.606051871	0.0516318652761127	0.06
0.60631275	0.0516318652761127	0.06
0.606404306	0.0516318652761127	0.06
0.606824709	0.0516318652761127	0.06
0.608524688	0.0491772276118425	0.06
0.61827716	0.0607249631807875	0.06
0.630942519	0.0573577918051824	0.05
0.63624959	0.0573577918051824	0.05
0.636422142	0.0573577918051824	0.05
0.637260654	0.0573577918051824	0.05
0.641599528	0.0573577918051824	0.05
0.644129804	0.0548244655657698	0.06
0.646569798	0.0548244655657698	0.06
0.64801212	0.0548244655657698	0.06
0.648110758	0.0548244655657698	0.06
0.648827538	0.0548244655657698	0.06
0.65703705	0.0573577918051824	0.07
0.659386285	0.0555962010252925	0.07
0.667472678	0.0539395911142852	0.08
0.667879263	0.0539395911142852	0.08
0.667969788	0.0539395911142852	0.08
0.669490645	0.0539395911142852	0.08
0.671132308	0.0539395911142852	0.08
0.678915807	0.0488454890169443	0.09
0.680410924	0.0488454890169443	0.09
0.68060848	0.0488454890169443	0.09
0.680702493	0.0488454890169443	0.09
0.680786967	0.0488454890169443	0.09
0.689921535	0.0757290291042655	0.09
0.696262833	0.073054870831318	0.1
0.697379755	0.0737055470006991	0.1
0.7123899	0.0717873857352599	0.11
0.71365913	0.0724155825312867	0.11
0.714295462	0.0724155825312867	0.11
0.715653707	0.0413196876237224	0.11
0.715679053	0.0413196876237224	0.11
0.717816093	0.0711699942731896	0.12
0.719314887	0.0711699942731896	0.12
0.725609694	0.0413196876237224	0.12
0.725869057	0.0688030914643433	0.13
0.726772429	0.0699665310612214	0.13
0.72717465	0.0711699942731896	0.13
0.735438378	0.0401178078559962	0.13
0.742183791	0.0665885537709377	0.14
0.744518666	0.0650189983245965	0.14
0.75180067	0.0830974413004674	0.14
0.756122282	0.0405105896091179	0.13
0.762884543	0.0836380410354221	0.13
0.763284143	0.0927554244854897	0.13
0.763387603	0.0927554244854897	0.13
0.763491091	0.092511440466489	0.13
0.765321243	0.0942187352519188	0.13
0.772264397	0.0864500950368652	0.12
0.779184816	0.0987949749808758	0.12
0.786383987	0.0967505640691681	0.11
0.793117932	0.0967586444307623	0.1
0.797194853	0.0967505640691681	0.1
0.799403767	0.101489680365045	0.1
0.812482547	0.0904064240276579	0.08
0.817085993	0.100151133913672	0.08
0.861362559	0.093011392375866	0.03
0.861783488	0.0954748597319132	0.03
0.867661243	0.109642650245101	0.03
0.874413626	0.109570063555072	0.02
0.875954975	0.105049577488576	0.02
0.877564409	0.109642650245101	0.02
0.87832845	0.108982558936636	0.02
0.880342154	0.103974809287635	0.02
0.88244613	0.0937443671433484	0.01
0.882485476	0.0937443671433484	0.01
0.883236842	0.107366587616472	0.01
0.885048106	0.11030028418733	0.01
0.886381245	0.107088706924931	0.01
0.887670141	0.112017303324012	0.01
0.888469193	0.110987115469404	0.01
0.889014569	0.108982558936636	0.01
0.889209764	0.108982558936636	0.01
0.889857915	0.108655484841835	0.01
0.890068113	0.108655484841835	0.01
0.890083013	0.108655484841835	0.01
0.890218543	0.107366587616472	0.01
0.890218544	0.107366587616472	0.01
0.890228158	0.107366587616472	0.01
0.890309475	0.106419804823863	0.01
0.890339212	0.106419804823863	0.01
0.890354074	0.106733538297493	0.01
0.890354075	0.106733538297493	0.01
0.890419078	0.106733538297493	0.01
0.890459913	0.106733538297493	0.01
0.890474761	0.106733538297493	0.01
0.890489605	0.106733538297493	0.01
0.890489606	0.106733538297493	0.01
0.890506418	0.106733538297493	0.01
0.890580647	0.106733538297493	0.01
0.890595481	0.106733538297493	0.01
0.89061031	0.106733538297493	0.01
0.890610311	0.106733538297493	0.01
0.890701414	0.106733538297493	0.01
0.890716233	0.106733538297493	0.01
0.890731048	0.106733538297493	0.01
0.890731049	0.106733538297493	0.01
0.890822213	0.106733538297493	0.01
0.890851819	0.106733538297493	0.01
0.890928251	0.106733538297493	0.01
0.890957836	0.106733538297493	0.01
0.890972622	0.106733538297493	0.01
0.890972623	0.106733538297493	0.01
0.891093459	0.106419804823863	0.01
0.89119957	0.106419804823863	0.01
0.891214328	0.106419804823863	0.01
0.891244043	0.106419804823863	0.01
0.891320486	0.106419804823863	0.01
0.89133523	0.106419804823863	0.01
0.891382479	0.106419804823863	0.01
0.891441435	0.106419804823863	0.01
0.891456164	0.106419804823863	0.01
0.89149835	0.106419804823863	0.01
0.891521465	0.106419804823863	0.01
0.891562417	0.106419804823863	0.01
0.891577132	0.106107910326431	0.01
0.891686849	0.106107910326431	0.01
0.891698132	0.106107910326431	0.01
0.891793338	0.106107910326431	0.01
0.891881522	0.106107910326431	0.01
0.892012117	0.106107910326431	0.01
0.892017347	0.106107910326431	0.01
0.892182462	0.106107910326431	0.01
0.89229733	0.10518310041078	0.01
0.892307805	0.10518310041078	0.01
0.892546055	0.106107910326431	0.01
0.89273031	0.106107910326431	0.01
0.892793389	0.106107910326431	0.01
0.892924751	0.110529231448551	0.01
0.892951888	0.109894504504517	0.01
0.893016766	0.109894504504517	0.01
0.893172464	0.109894504504517	0.01
0.893395592	0.110210954104234	0.01
0.89420355	0.10926702592226	0.01
0.89422449	0.108955966077045	0.01
0.894332391	0.108955966077045	0.01
0.894482721	0.108955966077045	0.01
0.894511483	0.108955966077045	0.01
0.894970751	0.108955966077045	0.01
0.895081202	0.10926702592226	0.01
0.895300675	0.10926702592226	0.01
0.89539422	0.108955966077045	0.01
0.895638516	0.108339129432182	0.01
0.895840307	0.108339129432182	0.01
0.89592425	0.108339129432182	0.01
0.896396617	0.108033322807848	0.01
0.89685771	0.107426859649351	0.01
0.896928207	0.107126174285214	0.01
0.89693811	0.107126174285214	0.01
0.897131294	0.107015819332543	0.01
0.897197773	0.106436271123019	0.01
0.897282137	0.106628755139277	0.01
0.89799116	0.0951820211908634	0.01
0.898455429	0.0923494962899444	0.01
0.898485328	0.0927437770202884	0.01
0.898755243	0.0911865152154683	0.01
0.89889623	0.0902395073501092	0.01
0.899310528	0.088583552224511	0.01
0.900113547	0.0897711846393927	0.01
0.900274359	0.09087159184195	0.01
0.900307304	0.09087159184195	0.01
0.901007608	0.0765631295055254	0.01
0.901568195	0.0703631375637294	0.01
0.902291602	0.0728405242625204	0.01
0.902860993	0.0690733472940173	0.01
0.902919093	0.0690733472940173	0.01
0.902932441	0.0696202787119223	0.01
0.903685884	0.0534799130848465	0.01
0.903876527	0.0532680673046155	0.01
0.904039961	0.0532680673046155	0.01
0.904220945	0.0454454091210975	0.01
0.905345526	0.0463714356223306	0.01
0.905541598	0.0467524998902917	0.01
0.906154318	0.0475337311031357	0.01
0.906197141	0.0475337311031357	0.01
0.906786831	0.04773313549554	0.01
0.906922556	0.0479342199419125	0.01
0.906983581	0.0487557901972486	0.01
0.907060652	0.0487557901972486	0.01
0.90712089	0.0487557901972486	0.01
0.907185931	0.0489656021138717	0.01
0.907198748	0.0493906903076994	0.01
0.907199842	0.0493906903076994	0.01
0.907298438	0.0362514599809983	0.01
0.907324045	0.0362514599809983	0.01
0.907336843	0.0362514599809983	0.01
0.907336844	0.0362514599809983	0.01
0.907436592	0.0362514599809983	0.01
0.907449378	0.0362514599809983	0.01
0.90746216	0.0362514599809983	0.01
0.907574745	0.0362514599809983	0.01
0.907587512	0.0362514599809983	0.01
0.907674633	0.0362514599809983	0.01
0.907712898	0.0362514599809983	0.01
0.907951053	0.0362514599809983	0.01
0.908089263	0.0362514599809983	0.01
0.908089264	0.0362514599809983	0.01
0.908151307	0.0362514599809983	0.01
0.90817671	0.0362514599809983	0.01
0.908202099	0.0362514599809983	0.01
0.908214789	0.0362514599809983	0.01
0.908289632	0.0360933467526471	0.01
0.908453284	0.0360933467526471	0.01
0.908566283	0.0364109645899266	0.01
0.908578929	0.0364109645899266	0.01
0.908691978	0.0364109645899266	0.01
0.908729307	0.0364109645899266	0.01
0.908816452	0.0370632707322839	0.01
0.908830322	0.0367342220657888	0.01
0.908855181	0.0365718790266133	0.01
0.908956071	0.0367342220657888	0.01
0.909094444	0.0367342220657888	0.01
0.909195105	0.0367342220657888	0.01
0.909207673	0.0367342220657888	0.01
0.909270732	0.0367342220657888	0.01
0.909308419	0.0367342220657888	0.01
0.909346075	0.036898012817035	0.01
0.90938549	0.036898012817035	0.01
0.909409249	0.036898012817035	0.01
0.909434338	0.036898012817035	0.01
0.909446878	0.036898012817035	0.01
0.910014581	0.0362514599809983	0.01
0.910051995	0.0362514599809983	0.01
0.910204731	0.036898012817035	0.01
0.910467776	0.0373982676206833	0.01
0.910628128	0.0373982676206833	0.01
0.911049792	0.0375680472798085	0.01
0.911383512	0.0373982676206833	0.01
0.911747931	0.0375680472798085	0.01
0.911776598	0.0375680472798085	0.01
0.912015459	0.0373982676206833	0.01
0.912488931	0.0370632707322839	0.01
0.912630246	0.0370632707322839	0.01
0.912707801	0.0370632707322839	0.01
0.912811242	0.0498232238274184	0.01
0.912967277	0.0420665086167084	0.01
0.913006436	0.0420665086167084	0.01
0.913244462	0.0420665086167084	0.01
0.913630289	0.0420665086167084	0.01
0.913751419	0.0422574512005078	0.01
0.914696902	0.0463148111007672	0.01
0.914983658	0.0463148111007672	0.01
0.915269563	0.0463148111007672	0.01
0.916688985	0.0467332979939621	0.01
0.916912552	0.0471594164908987	0.01
0.917248255	0.0419480432995662	0.01
0.917957453	0.0437672863773269	0.01
0.918238351	0.0482595029245466	0.01
0.918483627	0.0496493045054123	0.01
0.918816837	0.0630378490392786	0.02
0.918837351	0.0630378490392786	0.02
0.919655338	0.0635217308078188	0.02
0.919822583	0.0635217308078188	0.02
0.921364075	0.0645121276212058	0.02
0.921783065	0.0647645712502242	0.02
0.922071236	0.0647645712502242	0.02
0.922455062	0.0655338970532565	0.02
0.922763582	0.0655338970532565	0.02
0.922787758	0.0655338970532565	0.02
0.924160807	0.0592346690917136	0.02
0.924412009	0.0594779508050652	0.02
0.924507726	0.0594779508050652	0.02
0.924627878	0.0594779508050652	0.02
0.925553967	0.0602199356603887	0.02
0.926193857	0.0604713950032509	0.02
0.927872541	0.0688030914643433	0.02
0.929379518	0.0567675911346559	0.03
0.933174706	0.0516318652761127	0.03
0.934700606	0.0523788492087913	0.03
0.938446291	0.0494383783672956	0.03
0.938770844	0.0522109908906514	0.03
0.941112169	0.0558104596028186	0.03
0.942896738	0.0598466435199175	0.03
0.948845214	0.06937993414461	0.03
0.949342587	0.06937993414461	0.03
0.950306111	0.0717873857352599	0.03
0.951999424	0.0717873857352599	0.03
0.953473419	0.0491772276118425	0.03
0.955603107	0.0625612835530612	0.04
0.955985355	0.0625612835530612	0.04
0.956549025	0.0625612835530612	0.04
0.956766863	0.0630378490392786	0.04
0.956780018	0.0630378490392786	0.04
0.95679317	0.0630378490392786	0.04
0.956793172	0.0630378490392786	0.04
0.957016096	0.0640130986424277	0.04
0.957077957	0.0640130986424277	0.04
0.957486775	0.0645121276212058	0.04
0.959031973	0.0682357617288657	0.04
0.959665139	0.06937993414461	0.04
0.960039043	0.0705631317356513	0.04
0.960819071	0.0705631317356513	0.04
0.960911853	0.0705631317356513	0.04
0.966653906	0.0625612835530612	0.05
0.966980911	0.0640130986424277	0.05
0.966986309	0.0640130986424277	0.05
0.967139043	0.0640130986424277	0.05
0.967297223	0.0645121276212058	0.05
0.967297226	0.0645121276212058	0.05
0.967302571	0.0645121276212058	0.05
0.967302572	0.0645121276212058	0.05
0.967460779	0.0645121276212058	0.05
0.967619041	0.0645121276212058	0.05
0.967772081	0.0645121276212058	0.05
0.967925221	0.0645121276212058	0.05
0.967935716	0.0645121276212058	0.05
0.968083686	0.0655338970532565	0.05
0.969035555	0.0682357617288657	0.05
0.970442597	0.0699665310612214	0.05
0.973457204	0.0482595029245466	0.05
0.974203145	0.0389838707848678	0.05
0.97801719	0.0702039566223513	0.06
0.978183481	0.0702039566223513	0.06
0.981915796	0.0584379102514913	0.05
1.019804062	0.0178241512079233	0.07
1.021711423	0.0181366669313899	0.07
1.027042278	0.0206740538603047	0.07
1.027349785	0.0172303534186615	0.08
1.028094642	0.0172303534186615	0.08
1.030020301	0.0178241512079233	0.08
1.030958443	0.0181366669313899	0.08
1.031531241	0.0181366669313899	0.08
1.031720423	0.0181366669313899	0.08
1.0327094	0.0182970707066526	0.08
1.033463082	0.0178241512079233	0.08
1.034014818	0.0181366669313899	0.08
1.034376329	0.0181366669313899	0.08
1.035677928	0.0359366067781287	0.08
1.041709188	0.0336018794335964	0.09
1.044012776	0.0336018794335964	0.09
1.048661279	0.0375680472798085	0.09
1.049025044	0.0375680472798085	0.09
1.054783865	0.0409111386324327	0.09
1.056246636	0.0409111386324327	0.09
1.057424783	0.0365718790266133	0.1
1.058571278	0.0375680472798085	0.1
1.067971123	0.036898012817035	0.11
1.070020858	0.0375680472798085	0.11
1.070326964	0.0386200036630002	0.11
1.076612069	0.03973256961337	0.11
1.088407982	0.0388375042437044	0.13
1.113082372	0.0379818771537373	0.15
1.113233383	0.0379818771537373	0.15
1.115076799	0.0379818771537373	0.15
1.125633627	0.0511215281362932	0.15
1.13205703	0.0482595029245466	0.16
1.133642817	0.0491772276118425	0.16
1.133988353	0.0491772276118425	0.16
1.137302108	0.0491772276118425	0.16
1.162829766	0.0511215281362932	0.15
1.183360064	0.045903752612677	0.16
1.187305519	0.03973256961337	0.15
1.18762744	0.0379122735388086	0.15
1.192075895	0.0372300156135186	0.15
1.208724051	0.0401178078559962	0.14
1.209215802	0.0401178078559962	0.14
1.209768181	0.0401178078559962	0.14
1.209825949	0.0401178078559962	0.14
1.210085375	0.0409111386324327	0.14
1.21086869	0.0389838707848678	0.15
1.224141399	0.0705631317356513	0.14
1.22465873	0.0705631317356513	0.14
1.225416562	0.0699665310612214	0.14
1.243346642	0.0558104596028186	0.12
1.245566855	0.0553130689254219	0.12
1.246668032	0.0573577918051824	0.12
1.248955951	0.0563168768030594	0.12
1.252855937	0.0607249631807875	0.11
1.265568721	0.0613249737745377	0.1
1.268447511	0.0613249737745377	0.1
1.270060331	0.058993369453733	0.1
1.270604589	0.058993369453733	0.1
1.275739262	0.0619369598525792	0.09
1.278899002	0.0656825122621315	0.1
1.285172518	0.0828933322479337	0.1
1.297280078	0.0801286688605627	0.09
1.302603198	0.0801286688605627	0.1
1.303502827	0.0801286688605627	0.1
1.335508208	0.0892508089041062	0.12
1.335711503	0.0892508089041062	0.12
1.335892556	0.0892508089041062	0.12
1.336051433	0.0892508089041062	0.12
1.336665633	0.0884033011669691	0.12
1.336979907	0.0884033011669691	0.12
1.337117106	0.0884033011669691	0.12
1.337529375	0.0884033011669691	0.12
1.337887386	0.0859546761960448	0.12
1.338686534	0.0859546761960448	0.12
1.340005107	0.0859546761960448	0.12
1.342368518	0.0859546761960448	0.12
1.343443085	0.0859546761960448	0.12
1.360533959	0.0884033011669691	0.12
1.360774481	0.0884033011669691	0.12
1.360981621	0.0884033011669691	0.12
1.36116959	0.0884033011669691	0.12
1.361338457	0.0884033011669691	0.12
1.36135761	0.0884033011669691	0.12
1.361545683	0.0884033011669691	0.12
1.361952473	0.0884033011669691	0.12
1.362110213	0.0884033011669691	0.12
1.362279458	0.0884033011669691	0.12
1.364721715	0.0867556723233236	0.12
1.368578346	0.0991348585835772	0.12
1.369020462	0.101072143061283	0.12
1.369707356	0.101072143061283	0.12
1.373967278	0.102069459150117	0.12
1.377139612	0.10308665315253	0.11
1.377274175	0.10308665315253	0.11
1.377544294	0.10308665315253	0.11
1.379222918	0.100094127845669	0.12
1.384187356	0.0991348585835772	0.12
1.385801753	0.100094127845669	0.12
1.418305639	0.0954748597319132	0.1
1.430594094	0.0954748597319132	0.1
1.436494579	0.0954748597319132	0.11
1.448119954	0.0946017003818369	0.12
1.450462129	0.0937443671433483	0.12
1.450928234	0.0937443671433483	0.12
1.454856842	0.0937443671433483	0.12
1.45657643	0.0937443671433483	0.13
1.457818346	0.0937443671433483	0.13
1.484067531	0.0920754885405896	0.15
1.484117024	0.0920754885405896	0.15
1.485393153	0.0920754885405896	0.15
1.485917469	0.0920754885405896	0.16
1.494140559	0.0889098632785844	0.16
1.502972103	0.0889098632785844	0.17
1.506038743	0.0889098632785844	0.18
1.511964569	0.0889098632785844	0.18
1.512194724	0.0889098632785844	0.18
1.512403577	0.0889098632785844	0.18
1.512821455	0.0889098632785844	0.18
1.513239565	0.0889098632785844	0.18
1.515375804	0.0889098632785844	0.18
1.561070241	0.210288261388217	0.22
1.56916589	0.216204980585255	0.22
1.595579044	0.201331620627893	0.19
1.652341299	0.233950381607249	0.14
1.718627381	0.283609584866579	0.07
1.730827961	0.26707490214863	0.06
1.745720251	0.271343674902606	0.04
1.75282717	0.262699022450114	0.04
1.758275756	0.296731537285023	0.03
1.77492366	0.269317969181763	0.02
1.777374698	0.311126639486424	0.01
1.778615293	0.308136958610698	0.01
1.77861633	0.308136958610698	0.01
1.780115455	0.286140303020496	0.01
1.780627841	0.286140303020496	0.01
1.780657572	0.286140303020496	0.01
1.780839524	0.278680109330463	0.01
1.780928629	0.278680109330463	0.01
1.78092863	0.278680109330463	0.01
1.781081012	0.278680109330463	0.01
1.781140367	0.278680109330463	0.01
1.781170031	0.278680109330463	0.01
1.781170032	0.278680109330463	0.01
1.781411498	0.278680109330463	0.01
1.781411499	0.278680109330463	0.01
1.781623424	0.278680109330463	0.01
1.781653031	0.278680109330463	0.01
1.7818108	0.278680109330463	0.01
1.781835463	0.278680109330463	0.01
1.781894629	0.278680109330463	0.01
1.782378022	0.273919066650733	0.01
1.782531315	0.273919066650733	0.01
1.782590324	0.273919066650733	0.01
1.782619816	0.273919066650733	0.01
1.783044725	0.273919066650733	0.01
1.783103602	0.273919066650733	0.01
1.783345594	0.273919066650733	0.01
1.78377107	0.273919066650733	0.01
1.783829774	0.273919066650733	0.01
1.783925287	0.273919066650733	0.01
1.784314217	0.273919066650733	0.01
1.78446873	0.273919066650733	0.01
1.784506241	0.273919066650733	0.01
1.785009515	0.281123239260683	0.01
1.785322292	0.280278596172827	0.01
1.785988286	0.275611224469631	0.01
1.786357195	0.275611224469631	0.01
1.787927091	0.252361981577155	0.01
1.788872102	0.260564418004454	0.01
1.78918715	0.260564418004454	0.01
1.789358594	0.260564418004454	0.01
1.790033715	0.248451418913765	0.01
1.790095821	0.248451418913765	0.01
1.790737455	0.245889345061289	0.01
1.79204453	0.240162573346565	0.02
1.792147241	0.240162573346565	0.02
1.794856772	0.220484194636696	0.02
1.795060195	0.213968877379919	0.02
1.795172249	0.211469306605917	0.02
1.795643534	0.200907840044669	0.02
1.796645824	0.192367859577142	0.02
1.796669094	0.192367859577142	0.02
1.796696941	0.192367859577142	0.02
1.799436111	0.201260528005277	0.02
1.801889818	0.125084723314846	0.02
1.808733518	0.0757290291042655	0.02
1.809599251	0.0757290291042655	0.02
1.814069384	0.100094127845669	0.02
1.814345569	0.100094127845669	0.02
1.814621756	0.100094127845669	0.02
1.814621757	0.100094127845669	0.02
1.814846808	0.100094127845669	0.02
1.814872379	0.101072143061283	0.02
1.815039963	0.101072143061283	0.02
1.815123071	0.0918937182589851	0.02
1.815288509	0.114497094512968	0.03
1.815322808	0.115409554295554	0.03
1.815373832	0.115409554295554	0.03
1.815624663	0.115409554295554	0.03
1.815875562	0.115409554295554	0.03
1.816101116	0.0852463216354776	0.03
1.816374833	0.0859546761960448	0.03
1.816879855	0.0859546761960448	0.03
1.817382419	0.0859546761960448	0.03
1.818036082	0.0866749015455803	0.03
1.818363245	0.0866749015455803	0.03
1.819395454	0.0904649908422633	0.03
1.819581019	0.0904649908422633	0.03
1.820606159	0.0929024336057355	0.03
1.822065256	0.0963642874937718	0.03
1.823267442	0.0972704426041678	0.03
1.823345161	0.0972704426041678	0.03
1.824280416	0.0972704426041678	0.03
1.824759677	0.0972704426041678	0.03
1.828939845	0.0874072986061778	0.04
1.829051906	0.0874072986061778	0.04
1.830016016	0.0889098632785844	0.04
1.83758722	0.0812298201863762	0.05
1.837659261	0.0812298201863762	0.05
1.842215909	0.0912631352320619	0.05
1.860714054	0.0859546761960448	0.07
1.872927722	0.0901147237648926	0.07
1.877534086	0.0859546761960448	0.07
1.917919203	0.0851683356011719	0.11
1.919145255	0.0859546761960448	0.11
1.932723098	0.0912631352320619	0.12
1.933588634	0.0912631352320619	0.12
1.934242286	0.0920754885405896	0.12
1.938309591	0.0945231135441166	0.13
1.938319698	0.0945231135441166	0.13
1.939501786	0.0953149066163718	0.13
1.940502926	0.0874072986061778	0.13
1.945075766	0.0929783475866745	0.14
1.947078383	0.0929783475866745	0.14
1.959079535	0.0937443671433483	0.15
2.039242563	0.10308665315253	0.23
2.045755957	0.10093125809306	0.24
2.04617014	0.10093125809306	0.24
2.049316864	0.10093125809306	0.24
2.057190684	0.100232683883778	0.25
2.057670659	0.100232683883778	0.25
2.058810915	0.10093125809306	0.25
2.060706206	0.0944024653431389	0.25
2.067556414	0.100232683883778	0.26
2.07768814	0.100232683883778	0.27
2.080200147	0.0944024653431389	0.27
2.112854786	0.0930953808870268	0.3
2.114638141	0.0922247454156805	0.3
2.119081815	0.0988641495681313	0.31
2.175983465	0.113356441576922	0.36
2.201956234	0.0918239975658378	0.39
2.22342495	0.0918239975658378	0.41
2.22607531	0.109012390613949	0.41
2.226980498	0.107088706924931	0.42
2.230993963	0.101734840759689	0.42
2.268175967	0.152469195871514	0.41
2.283420782	0.159659939272004	0.39
2.287430653	0.160762758753257	0.39
2.36737444	0.181441765604371	0.31
2.416816988	0.221465078323567	0.28
2.57811595	0.171419154163401	0.15
2.634889835	0.172927410373459	0.09
2.644514931	0.172927410373459	0.08
2.64482266	0.172927410373459	0.08
2.669724846	0.171419154163401	0.06
2.670697515	0.186105171332676	0.06
2.67074212	0.186105171332676	0.06
2.670831293	0.186105171332676	0.06
2.671148642	0.186105171332676	0.06
2.671193179	0.186105171332676	0.06
2.671237705	0.186105171332676	0.06
2.671599486	0.186105171332676	0.06
2.671599646	0.186105171332676	0.06
2.671872794	0.18427713336617	0.05
2.671961685	0.18427713336617	0.05
2.672323822	0.177615743772186	0.05
2.672686057	0.17446244340387	0.05
2.67300408	0.17446244340387	0.05
2.673366554	0.17446244340387	0.05
2.673410821	0.17446244340387	0.05
2.674498542	0.17446244340387	0.05
2.674640938	0.17446244340387	0.05
2.674817434	0.17446244340387	0.05
2.675753192	0.17446244340387	0.05
2.675906626	0.172927410373459	0.05
2.679543675	0.171419154163401	0.05
2.68050645	0.171419154163401	0.05
2.681604422	0.186105171332676	0.05
2.690797174	0.177615743772186	0.04
2.690995907	0.177615743772186	0.04
2.692790444	0.164986012978238	0.03
2.697875326	0.163452472520174	0.03
2.700424629	0.163452472520174	0.03
2.703341222	0.180387070447987	0.04
2.714352711	0.175788811425179	0.05
2.716197088	0.175788811425179	0.05
2.720992773	0.165330715750112	0.05
2.721339166	0.174307714839349	0.06
2.721753239	0.174307714839349	0.06
2.72212898	0.174307714839349	0.06
2.722504826	0.174307714839349	0.06
2.725892101	0.172851367486158	0.06
2.728457177	0.172851367486158	0.06
2.730687704	0.174307714839349	0.06
2.733911556	0.171419154163401	0.07
2.741703646	0.168624769087412	0.08
2.742221604	0.168624769087412	0.08
2.744776734	0.168624769087412	0.08
2.758261585	0.168624769087412	0.09
2.767264537	0.167261464784393	0.1
2.784781798	0.16330068498211	0.12
2.795646082	0.16330068498211	0.13
2.814579483	0.16330068498211	0.15
2.857457722	0.16330068498211	0.19
2.870516676	0.164599936435579	0.2
2.885327778	0.162021783891544	0.22
2.901070252	0.160238477669666	0.23
3.091199805	0.157667542991517	0.42
3.116410384	0.188801034234617	0.45
3.190582361	0.174827596463478	0.51
3.194633906	0.178827819458711	0.52
3.557717034	0.169764290173462	0.870000000000001
3.560201153	0.169764290173462	0.870000000000001
3.561529658	0.166548601878093	0.880000000000001
3.561648443	0.169764290173462	0.880000000000001
3.565454716	0.169764290173462	0.880000000000001
3.567214517	0.177973160928667	0.880000000000001
3.571210711	0.164599936435579	0.880000000000001
3.571812505	0.164599936435579	0.880000000000001
3.572123566	0.189610570543686	0.880000000000001
3.572497766	0.189610570543686	0.880000000000001
3.62901857	0.185048260300309	0.910000000000001
3.6300627	0.185048260300309	0.910000000000001
3.631023885	0.17628811946806	0.920000000000001
3.633483005	0.17628811946806	0.920000000000001
3.639968026	0.185048260300309	0.920000000000001
3.707141358	0.185048260300309	0.990000000000001
3.82876748	0.191457656989072	1.11
4.078052931	0.195748126382776	1.36
4.445571488	0.188609784157314	1.73
4.452121847	0.185232352285362	1.74
4.45272527	0.185232352285362	1.74
4.453328856	0.185232352285362	1.74
4.453932605	0.185232352285362	1.74
4.536969429	0.188609784157314	1.82
4.537444354	0.188609784157314	1.82
4.848628454	0.185232352285362	2.13
4.895921957	0.180387070447987	2.18
5.342582978	0.222668936260032	2.60999999999999
5.443653327	0.220959124222185	2.69999999999999
6.244676548	0.252486171222374	3.05999999999998
6.35095118	0.256397615368363	3.15999999999998
6.358499262	0.252486171222374	3.16999999999998
7	0.277925316187817	3.43999999999997
