thrs	post_p	finalwindow
0	0.10207902575857	0.23
0.03256001	0.100729074288133	0.2
0.082355146	0.0981335264305861	0.16
0.089689176	0.092194449095686	0.16
0.093809574	0.092194449095686	0.15
0.098963073	0.092194449095686	0.15
0.103967892	0.0889639696756061	0.16
0.113424721	0.0879368714919754	0.16
0.115659216	0.0879368714919754	0.16
0.123778241	0.0840551691844493	0.17
0.127695348	0.0840551691844493	0.16
0.128068503	0.0840551691844493	0.16
0.129730945	0.0840551691844493	0.16
0.14705261	0.0694857961667732	0.15
0.148427326	0.0834690016008268	0.15
0.148447444	0.0834690016008268	0.15
0.148782099	0.0834690016008268	0.15
0.151339737	0.0889639696756061	0.15
0.155752372	0.0956683805728898	0.15
0.161204767	0.0889639696756061	0.14
0.172569069	0.0937836795331554	0.13
0.178062567	0.0841395801521463	0.12
0.178113806	0.0841395801521463	0.12
0.178140913	0.0841395801521463	0.12
0.178358463	0.0841395801521463	0.12
0.181430774	0.0882765922722363	0.12
0.181486006	0.0882765922722363	0.12
0.181486035	0.0882765922722363	0.12
0.186084933	0.0956683805728898	0.12
0.191788381	0.0882765922722363	0.11
0.194681585	0.0975054060256837	0.11
0.205298456	0.10207902575857	0.1
0.222049977	0.0676347635733066	0.08
0.222622275	0.0773077052304919	0.08
0.22265244	0.0773077052304919	0.08
0.222656148	0.0773077052304919	0.08
0.222686318	0.0773077052304919	0.08
0.222812147	0.0831377047160096	0.08
0.223196808	0.0825371081885504	0.08
0.226728961	0.0802190605883676	0.08
0.226867021	0.0802190605883676	0.08
0.226957829	0.0802190605883676	0.08
0.226982815	0.0802190605883676	0.08
0.227081991	0.0807862795201894	0.08
0.227177477	0.0807862795201894	0.08
0.227432153	0.0807862795201894	0.08
0.230426372	0.0567218806307225	0.07
0.237068117	0.0718453169150686	0.07
0.241897099	0.0702548923457912	0.07
0.242615688	0.0591552580069393	0.06
0.242941212	0.0664545743368642	0.06
0.243116147	0.0658797913660843	0.06
0.254481698	0.0664545743368642	0.05
0.256650521	0.0664545743368642	0.05
0.263775407	0.0647595468946715	0.05
0.272151172	0.0647595468946715	0.05
0.287097646	0.0742257658312291	0.05
0.295749179	0.0735094171536542	0.05
0.296044019	0.0735094171536542	0.05
0.296834617	0.0735094171536542	0.05
0.296839561	0.0735094171536542	0.05
0.296839653	0.0735094171536542	0.05
0.296919994	0.0735094171536542	0.05
0.296960227	0.0735094171536542	0.05
0.297156652	0.0735094171536542	0.05
0.297161557	0.0735094171536542	0.05
0.297207868	0.0735094171536542	0.05
0.29723727	0.0735094171536542	0.05
0.297242165	0.0735094171536542	0.05
0.29736316	0.0735094171536542	0.05
0.297631463	0.0735094171536542	0.05
0.298033592	0.0735094171536542	0.05
0.298062423	0.0735094171536542	0.05
0.299120783	0.0735094171536542	0.05
0.299931082	0.0735094171536542	0.05
0.300638986	0.0735094171536542	0.05
0.301373268	0.0721174149492847	0.05
0.302397905	0.0721174149492847	0.05
0.302406093	0.0721174149492847	0.05
0.30240618	0.0721174149492847	0.05
0.302452098	0.0721174149492847	0.05
0.302453753	0.0721174149492847	0.05
0.302493847	0.0721174149492847	0.05
0.302531356	0.0721174149492847	0.05
0.302535608	0.0721174149492847	0.05
0.302694303	0.0721174149492847	0.05
0.302757814	0.0721174149492847	0.05
0.303037639	0.0721174149492847	0.05
0.303998368	0.0764611043682897	0.04
0.304168238	0.0764611043682897	0.04
0.306047128	0.0757011806210206	0.04
0.308759935	0.0757011806210206	0.04
0.319078068	0.0701255295124859	0.04
0.320290117	0.0701255295124859	0.04
0.322066605	0.0688576294778377	0.04
0.322435043	0.0688576294778377	0.04
0.322777267	0.0688576294778377	0.04
0.323097253	0.0676347635733066	0.04
0.323165924	0.0676347635733066	0.04
0.323537089	0.0664545743368642	0.04
0.323808824	0.0664545743368642	0.04
0.327195424	0.0682407185608774	0.04
0.330254195	0.0682407185608774	0.04
0.333944256	0.0676347635733066	0.04
0.334029253	0.0676347635733066	0.04
0.338071632	0.0817107053848022	0.05
0.343625259	0.0810154194745014	0.05
0.343706753	0.0810154194745014	0.05
0.345554528	0.0803318662668709	0.05
0.350684009	0.079659751268861	0.06
0.356206548	0.079659751268861	0.06
0.356351443	0.079659751268861	0.06
0.356437896	0.0789987897614202	0.06
0.356490553	0.0789987897614202	0.06
0.357959666	0.0764611043682897	0.07
0.360733393	0.0764611043682897	0.07
0.362945858	0.0764611043682897	0.07
0.363236679	0.0764611043682897	0.07
0.366130409	0.0789987897614202	0.07
0.37384574	0.0872652142404139	0.08
0.381649088	0.0782567097165478	0.07
0.386863037	0.0769762533830669	0.06
0.389222512	0.0786474103292183	0.06
0.395214438	0.0764611043682897	0.06
0.398731854	0.086933218539164	0.05
0.412388288	0.101496069789272	0.04
0.415772448	0.115123194526237	0.04
0.416416237	0.0613327913759122	0.03
0.438307149	0.0931166139578572	0.01
0.438815006	0.0914897408987517	0.01
0.441698853	0.0964762184886495	0.01
0.441750067	0.0964762184886495	0.01
0.444236336	0.0858138785126184	0.01
0.444770984	0.0816106490625582	0.01
0.445049535	0.0816106490625582	0.01
0.445185067	0.0816106490625582	0.01
0.445185068	0.0816106490625582	0.01
0.445245414	0.0816106490625582	0.01
0.445252832	0.0816106490625582	0.01
0.445252833	0.0816106490625582	0.01
0.445252835	0.0816106490625582	0.01
0.445305777	0.0816106490625582	0.01
0.44531318	0.0816106490625582	0.01
0.44531319	0.0816106490625582	0.01
0.445373562	0.0816106490625582	0.01
0.445419149	0.0816106490625582	0.01
0.445433949	0.0816106490625582	0.01
0.445479567	0.0816106490625582	0.01
0.445494353	0.0816106490625582	0.01
0.445554774	0.0811140207103443	0.01
0.445615211	0.0811140207103443	0.01
0.445653547	0.0811140207103443	0.01
0.445675664	0.0811140207103443	0.01
0.445736134	0.091639841384401	0.01
0.445849774	0.111984247070723	0.01
0.445857123	0.111984247070723	0.01
0.445917642	0.111984247070723	0.01
0.446188208	0.110682422766236	0.01
0.446319857	0.110682422766236	0.01
0.446394864	0.110682422766236	0.01
0.446395102	0.110682422766236	0.01
0.44656991	0.110682422766236	0.01
0.446772341	0.110682422766236	0.01
0.446888185	0.110682422766236	0.01
0.447158639	0.110682422766236	0.01
0.447533088	0.110682422766236	0.01
0.447928306	0.108785465383624	0.01
0.448701687	0.10695243529048	0.01
0.448791313	0.10695243529048	0.01
0.449051315	0.107556542892358	0.01
0.449552291	0.107556542892358	0.01
0.449715173	0.107556542892358	0.01
0.453102774	0.103317920155971	0.01
0.453117722	0.103317920155971	0.01
0.453607731	0.102731186310077	0.01
0.453670383	0.102731186310077	0.01
0.45367678	0.102731186310077	0.01
0.453739439	0.102731186310077	0.01
0.453782962	0.102731186310077	0.01
0.453789353	0.102731186310077	0.01
0.453802119	0.102731186310077	0.01
0.453864805	0.102731186310077	0.01
0.453864814	0.102731186310077	0.01
0.453927527	0.102731186310077	0.01
0.453990257	0.102731186310077	0.01
0.454131662	0.102731186310077	0.01
0.454159539	0.102731186310077	0.01
0.454228692	0.102731186310077	0.01
0.454266222	0.103317920155971	0.01
0.454291524	0.103317920155971	0.01
0.454423548	0.103317920155971	0.01
0.454637485	0.103317920155971	0.01
0.455550168	0.128336863317995	0.01
0.455678249	0.143848736404432	0.01
0.455755613	0.104030908574842	0.02
0.456133439	0.104030908574842	0.02
0.45760535	0.103465652315702	0.02
0.457901934	0.103465652315702	0.02
0.458022431	0.103465652315702	0.02
0.458664131	0.1018061485166	0.02
0.462114195	0.0956683805728898	0.02
0.46331093	0.0956683805728898	0.02
0.46499053	0.0951651009829201	0.02
0.474072423	0.0927260949718701	0.03
0.47699163	0.0885502646418446	0.04
0.478409458	0.0889639696756061	0.04
0.478419311	0.0889639696756061	0.04
0.478888149	0.0877342912081356	0.04
0.479732593	0.0877342912081356	0.04
0.479936634	0.0877342912081356	0.04
0.483671852	0.084104018037063	0.04
0.484225862	0.084104018037063	0.04
0.484927676	0.0848933938576664	0.04
0.485802156	0.107153049063052	0.04
0.490830832	0.0735094171536542	0.04
0.499369323	0.0741454828165255	0.05
0.508934563	0.0671708541708621	0.06
0.511690912	0.0616163070964414	0.06
0.514553924	0.0756616028450263	0.07
0.514645345	0.0756616028450263	0.07
0.51473946	0.0756616028450263	0.07
0.514742139	0.0756616028450263	0.07
0.514839037	0.0759793886655508	0.07
0.51502476	0.0759793886655508	0.07
0.515124567	0.0766230365297006	0.07
0.516063638	0.086933218539164	0.07
0.51682809	0.0687333565835016	0.07
0.518492841	0.0646374225868177	0.07
0.518564452	0.0646374225868177	0.07
0.520735072	0.0601563988960654	0.07
0.529143364	0.0286041457370233	0.07
0.534308248	0.0812280900221821	0.08
0.534380672	0.0286041457370233	0.07
0.536755919	0.0526169442794751	0.07
0.539174229	0.0513995673011629	0.07
0.544416783	0.0517990518786054	0.07
0.546060858	0.0630741331554841	0.06
0.55657045	0.0613327913759122	0.05
0.556645891	0.0613327913759122	0.05
0.556807604	0.0613327913759122	0.05
0.55802857	0.0607735158224288	0.05
0.559788571	0.0602243478371764	0.05
0.562444529	0.0613327913759122	0.05
0.566766402	0.0596850158687876	0.06
0.572491616	0.0602243478371764	0.06
0.57444178	0.0602243478371764	0.06
0.579525048	0.06367676352787	0.06
0.591819223	0.0613327913759122	0.06
0.593573546	0.0613327913759122	0.06
0.593673806	0.0613327913759122	0.06
0.593673808	0.0613327913759122	0.06
0.593754277	0.0613327913759122	0.06
0.593754278	0.0613327913759122	0.06
0.593834769	0.0613327913759122	0.06
0.594036974	0.0613327913759122	0.06
0.594152812	0.0613327913759122	0.06
0.594318181	0.0619024561377732	0.06
0.595015574	0.0630741331554841	0.06
0.595887104	0.0630741331554841	0.06
0.597117526	0.06367676352787	0.06
0.604317115	0.0642910204291384	0.06
0.604813246	0.064917243601998	0.06
0.604905308	0.064917243601998	0.06
0.60490531	0.064917243601998	0.06
0.604905312	0.064917243601998	0.06
0.604988853	0.064917243601998	0.06
0.605724938	0.064917243601998	0.06
0.606051871	0.064917243601998	0.06
0.60631275	0.0662070152331883	0.06
0.606404306	0.0662070152331883	0.06
0.606824709	0.0662070152331883	0.06
0.608756287	0.0624828023098574	0.06
0.630942519	0.0642910204291384	0.05
0.635412418	0.0642910204291384	0.05
0.637881775	0.0642910204291384	0.05
0.638075882	0.0642910204291384	0.05
0.644129804	0.0630741331554841	0.06
0.646569798	0.0630741331554841	0.06
0.648110758	0.0630741331554841	0.06
0.648827538	0.0630741331554841	0.06
0.65703705	0.0699109802197035	0.07
0.659386285	0.0699109802197035	0.07
0.667472678	0.0677015599552686	0.08
0.667879261	0.0677015599552686	0.08
0.667879263	0.0677015599552686	0.08
0.671132308	0.0671708541708621	0.08
0.680410924	0.0627442414450162	0.09
0.680589305	0.0627442414450162	0.09
0.68060848	0.0627442414450162	0.09
0.680786967	0.0627442414450162	0.09
0.689921535	0.0624828023098574	0.09
0.696262833	0.0619024561377732	0.1
0.712354258	0.0591552580069393	0.11
0.712401774	0.0591552580069393	0.11
0.71365913	0.0591552580069393	0.11
0.714295462	0.0591552580069393	0.11
0.715679053	0.0576209458209678	0.12
0.717816093	0.0591552580069393	0.12
0.719314887	0.0591552580069393	0.12
0.725609694	0.0561642124966208	0.13
0.725869057	0.0561642124966208	0.13
0.725979546	0.0571270437161488	0.13
0.726772429	0.0556948659992077	0.13
0.735438378	0.0513995673011629	0.14
0.742183791	0.0502372483851685	0.14
0.744518666	0.0467158976327969	0.14
0.7500464	0.0232491470187645	0.14
0.756122282	0.0250869224892697	0.13
0.763387603	0.083235923351446	0.13
0.765321243	0.0286041457370233	0.12
0.766651587	0.0809409615209771	0.13
0.772093843	0.0754512183556199	0.12
0.778829055	0.0847506217401638	0.12
0.779184816	0.0839838766935047	0.12
0.797194853	0.0871482785342751	0.1
0.8034392	0.0921642987310074	0.09
0.812482547	0.0866858748119369	0.08
0.849686346	0.0880498208521314	0.05
0.856064956	0.0898280056450233	0.04
0.861783488	0.0824709104632626	0.03
0.866065884	0.0898280056450233	0.03
0.870144812	0.0880498208521314	0.03
0.874413626	0.0934587670268748	0.02
0.875213305	0.091607425126038	0.02
0.875954975	0.0905820782438774	0.02
0.87832845	0.0935788421563137	0.02
0.880342154	0.0891954804917602	0.02
0.882218863	0.0913833015820878	0.01
0.882485476	0.0935458876394907	0.01
0.883236842	0.0962545491405769	0.01
0.883671839	0.0971032422114636	0.01
0.884296127	0.0962372063813604	0.01
0.885048106	0.0951062395296774	0.01
0.885800269	0.0937293706550258	0.01
0.886381245	0.0940015458631049	0.01
0.888863234	0.0948739590816145	0.01
0.889014569	0.0938350290710634	0.01
0.889209764	0.0938350290710634	0.01
0.889576687	0.0933240503077156	0.01
0.889752182	0.0933240503077156	0.01
0.889857915	0.0933240503077156	0.01
0.890083013	0.092318608125179	0.01
0.890218543	0.0920706235798919	0.01
0.890228158	0.0920706235798919	0.01
0.890354074	0.0925679321295658	0.01
0.890354075	0.0925679321295658	0.01
0.890407894	0.0925679321295658	0.01
0.890419078	0.0925679321295658	0.01
0.890474761	0.0925679321295658	0.01
0.890489605	0.0925679321295658	0.01
0.890489606	0.0925679321295658	0.01
0.890580647	0.0925679321295658	0.01
0.890595481	0.0925679321295658	0.01
0.89061031	0.0925679321295658	0.01
0.890610311	0.0925679321295658	0.01
0.890701414	0.092318608125179	0.01
0.890716233	0.092318608125179	0.01
0.890731048	0.092318608125179	0.01
0.890731049	0.092318608125179	0.01
0.890737499	0.092318608125179	0.01
0.890822213	0.092318608125179	0.01
0.890837018	0.092318608125179	0.01
0.890851819	0.092318608125179	0.01
0.890928251	0.092318608125179	0.01
0.890957836	0.092318608125179	0.01
0.890972622	0.092318608125179	0.01
0.890972623	0.092318608125179	0.01
0.891093459	0.0920706235798919	0.01
0.89119957	0.0920706235798919	0.01
0.891214328	0.0920706235798919	0.01
0.891244043	0.0920706235798919	0.01
0.891382479	0.0920706235798919	0.01
0.891456164	0.0920706235798919	0.01
0.89149835	0.0920706235798919	0.01
0.891521465	0.0918239677285304	0.01
0.891577132	0.0918239677285304	0.01
0.891686849	0.0918239677285304	0.01
0.891698132	0.0918239677285304	0.01
0.891793338	0.0918239677285304	0.01
0.891881522	0.0918239677285304	0.01
0.892012117	0.0915786299209714	0.01
0.89206133	0.0915786299209714	0.01
0.89216782	0.0915786299209714	0.01
0.892182462	0.0915786299209714	0.01
0.892245091	0.092318608125179	0.01
0.89229733	0.0913345996206097	0.01
0.892307805	0.0913345996206097	0.01
0.892546055	0.0920706235798919	0.01
0.892793389	0.0920706235798919	0.01
0.892924751	0.0989837178261735	0.01
0.892951888	0.0989837178261735	0.01
0.893016766	0.0989837178261735	0.01
0.89308003	0.0989837178261735	0.01
0.893142511	0.0989837178261735	0.01
0.893313967	0.0992482868273846	0.01
0.893320622	0.0992482868273846	0.01
0.893352088	0.0992482868273846	0.01
0.894085351	0.0989837178261735	0.01
0.89422449	0.0984587889977117	0.01
0.894332391	0.0995142739274596	0.01
0.894511483	0.0995142739274596	0.01
0.894906463	0.0989837178261735	0.01
0.894913415	0.0989837178261735	0.01
0.895081202	0.0992482868273846	0.01
0.895086463	0.0992482868273846	0.01
0.895300675	0.0992482868273846	0.01
0.895524497	0.100996200602277	0.01
0.895638516	0.100729074288133	0.01
0.89592425	0.100996200602277	0.01
0.896928207	0.0996745516256589	0.01
0.89693811	0.0996745516256589	0.01
0.897131294	0.103331971706973	0.01
0.897197773	0.102800685895279	0.01
0.897282137	0.110375588874755	0.01
0.897316929	0.1095473509351	0.01
0.89799116	0.104836998682652	0.01
0.898155973	0.102947716491625	0.01
0.898485328	0.102129719189722	0.01
0.898662437	0.101125322927619	0.01
0.898755243	0.100532112184456	0.01
0.89889623	0.100729074288133	0.01
0.898920463	0.100729074288133	0.01
0.899325427	0.0995587437824605	0.01
0.899974537	0.098039961399627	0.01
0.900031532	0.0976674786814809	0.01
0.900113547	0.0976674786814809	0.01
0.900274359	0.097853365574277	0.01
0.900690942	0.0974487026553831	0.01
0.901007608	0.0993279335392255	0.01
0.90151373	0.0929024665634704	0.01
0.901947653	0.0949615759983553	0.01
0.902291602	0.0836138687134392	0.01
0.902860993	0.0818384051832188	0.01
0.903685884	0.0773933975804281	0.01
0.904039961	0.0770801172935106	0.01
0.904220945	0.0773933975804281	0.01
0.904513058	0.0789987897614202	0.01
0.905345526	0.0793278937530972	0.01
0.905424433	0.0793278937530972	0.01
0.905541598	0.079659751268861	0.01
0.906154318	0.0793278937530972	0.01
0.906210372	0.0780276604411715	0.01
0.906508268	0.0780276604411715	0.01
0.906786831	0.0777092348188105	0.01
0.906922556	0.0773933975804281	0.01
0.907060652	0.0780276604411715	0.01
0.90712089	0.0780276604411715	0.01
0.907185931	0.0783487063973429	0.01
0.907198748	0.0786724051651612	0.01
0.907199842	0.0786724051651612	0.01
0.907298438	0.0710706652259337	0.01
0.907311244	0.0710706652259337	0.01
0.907324045	0.0716650560549306	0.01
0.907336843	0.0716650560549306	0.01
0.907336844	0.0716650560549306	0.01
0.907436592	0.0716650560549306	0.01
0.907449378	0.0716650560549306	0.01
0.90746216	0.0716650560549306	0.01
0.9075492	0.0716650560549306	0.01
0.907574745	0.0716650560549306	0.01
0.907587512	0.0716650560549306	0.01
0.907674633	0.0716650560549306	0.01
0.907700146	0.0716650560549306	0.01
0.907712898	0.0716650560549306	0.01
0.907951053	0.0716650560549306	0.01
0.907963773	0.0713666230369282	0.01
0.907963774	0.0713666230369282	0.01
0.908089263	0.0722694729660557	0.01
0.908089264	0.0722694729660557	0.01
0.90817671	0.0725755208122964	0.01
0.908189407	0.0725755208122964	0.01
0.908202099	0.0725755208122964	0.01
0.908566283	0.0722694729660557	0.01
0.908578929	0.0722694729660557	0.01
0.908691978	0.0725755208122964	0.01
0.908729307	0.0725755208122964	0.01
0.908855181	0.0731954592660748	0.01
0.908943472	0.0744676614179644	0.01
0.909195105	0.0741454828165255	0.01
0.909207673	0.0741454828165255	0.01
0.909270732	0.0741454828165255	0.01
0.909346075	0.0747926521138313	0.01
0.90938549	0.0747926521138313	0.01
0.909446878	0.0747926521138313	0.01
0.909642167	0.0747926521138313	0.01
0.909838426	0.0744676614179644	0.01
0.909914657	0.0744676614179644	0.01
0.910014581	0.0744676614179644	0.01
0.910051995	0.0751204918830153	0.01
0.910204731	0.0754512183556199	0.01
0.910628128	0.0757848698273625	0.01
0.911049792	0.0764611043682897	0.01
0.911062134	0.0764611043682897	0.01
0.91113001	0.0764611043682897	0.01
0.911351929	0.0764611043682897	0.01
0.911383512	0.0761214852743567	0.01
0.911404622	0.0761214852743567	0.01
0.911518912	0.0764611043682897	0.01
0.911776598	0.0764611043682897	0.01
0.912015459	0.0761214852743567	0.01
0.912776305	0.0764611043682897	0.01
0.913006436	0.0764611043682897	0.01
0.913244462	0.0764611043682897	0.01
0.913630289	0.0761214852743567	0.01
0.913751419	0.0764611043682897	0.01
0.914696902	0.0803675550545917	0.01
0.914870556	0.0803675550545917	0.01
0.914968567	0.0803675550545917	0.01
0.915026039	0.0803675550545917	0.01
0.915559183	0.0761214852743567	0.01
0.916024822	0.0761214852743567	0.01
0.916163647	0.0764611043682897	0.01
0.916208994	0.0757848698273625	0.01
0.916688985	0.0764611043682897	0.01
0.916912552	0.0771495157555301	0.01
0.917248255	0.055347971923694	0.01
0.917957453	0.0489459419272462	0.01
0.918456927	0.0377786522907402	0.01
0.918483627	0.0377786522907402	0.01
0.919120121	0.0790584235892706	0.02
0.919655338	0.079659751268861	0.02
0.920002472	0.080270296597258	0.02
0.921364075	0.0812038667001997	0.02
0.921783065	0.081519901172708	0.02
0.922455062	0.0831377047160095	0.02
0.922763582	0.0831377047160095	0.02
0.922787758	0.0831377047160095	0.02
0.923268187	0.0723336893983886	0.02
0.924160807	0.0726240812670516	0.02
0.924412009	0.0732119164905811	0.02
0.924507726	0.0732119164905811	0.02
0.924627878	0.073809345502488	0.02
0.925553967	0.0710706652259337	0.02
0.926193857	0.0713666230369282	0.02
0.927872541	0.0430449572406466	0.02
0.929379518	0.0724917964454672	0.03
0.93220206	0.0740290170563823	0.03
0.934700606	0.0667303551337614	0.03
0.938770844	0.0229687131418498	0.03
0.941112169	0.0272401769259286	0.03
0.942896738	0.0297977717985227	0.03
0.944027825	0.0305140161483246	0.03
0.948845214	0.0353256843213091	0.03
0.950306111	0.0366868721396039	0.03
0.953473419	0.0291143805828567	0.04
0.954119877	0.0295664377358509	0.04
0.955603107	0.0310109530798418	0.04
0.956018846	0.0310109530798418	0.04
0.956296714	0.0326038668547756	0.04
0.956766863	0.0328853996731896	0.04
0.957077957	0.0331718368854357	0.04
0.957486775	0.0334633077717846	0.04
0.958321379	0.0337599461965722	0.04
0.959031973	0.0350010248054224	0.04
0.959642592	0.0353256843213091	0.04
0.960039043	0.0363368346412558	0.04
0.960911853	0.0363368346412558	0.04
0.964446178	0.0295664377358509	0.05
0.966290332	0.0326038668547756	0.05
0.966653906	0.0326038668547756	0.05
0.966980911	0.0331718368854357	0.05
0.966980912	0.0331718368854357	0.05
0.966986309	0.0331718368854357	0.05
0.967139043	0.0331718368854357	0.05
0.967144414	0.0331718368854357	0.05
0.967297226	0.0334633077717846	0.05
0.967302572	0.0334633077717846	0.05
0.967460779	0.0334633077717846	0.05
0.96746078	0.0334633077717846	0.05
0.967608447	0.0334633077717846	0.05
0.967619041	0.0334633077717846	0.05
0.967772081	0.0334633077717846	0.05
0.967925221	0.0334633077717846	0.05
0.967935716	0.0334633077717846	0.05
0.968083686	0.0337599461965722	0.05
0.968088909	0.0337599461965722	0.05
0.968237002	0.0337599461965722	0.05
0.968861479	0.0350010248054224	0.05
0.969035555	0.0350010248054224	0.05
0.970292984	0.0363368346412558	0.05
0.973766743	0.0320011488647793	0.06
0.974203145	0.0315766192651762	0.06
0.97801719	0.0343073633292362	0.06
0.978183481	0.0343073633292362	0.06
0.981915796	0.0353256843213091	0.06
1.021711423	0.0154933908636654	0.07
1.023898132	0.0158810350953505	0.07
1.028094642	0.0174851181469816	0.07
1.029271857	0.0181518261594865	0.07
1.029659545	0.0183265238681543	0.07
1.030020301	0.0183265238681543	0.07
1.030397618	0.0185046169232478	0.07
1.031531241	0.0188713928631974	0.07
1.031720423	0.0188713928631974	0.07
1.0327094	0.0188713928631974	0.07
1.033463082	0.0188713928631974	0.07
1.034014818	0.0188713928631974	0.07
1.034376329	0.0188713928631974	0.07
1.035677928	0.0190602877477385	0.07
1.036124234	0.0190602877477385	0.07
1.038905957	0.0161504238823655	0.08
1.039046839	0.0164291096156648	0.08
1.041709188	0.0170163658293446	0.08
1.043349328	0.0170163658293446	0.08
1.048661279	0.0157496828783016	0.09
1.054783865	0.016717582019739	0.09
1.056246636	0.016717582019739	0.09
1.058571278	0.0157496828783016	0.1
1.067766296	0.0152453064836414	0.11
1.067971123	0.0152453064836414	0.11
1.068277144	0.0152453064836414	0.11
1.06860264	0.0154933908636654	0.11
1.068892568	0.0154933908636654	0.11
1.070020858	0.0158810350953505	0.11
1.088407982	0.0377786522907402	0.12
1.088762574	0.0366868721396039	0.12
1.091073782	0.0343692852802114	0.12
1.112743253	0.0359934135831802	0.1
1.113233383	0.0359934135831802	0.1
1.11414031	0.0359934135831802	0.1
1.116382888	0.0359934135831802	0.1
1.125633627	0.0359934135831802	0.1
1.13205703	0.0353256843213091	0.11
1.134317617	0.0359934135831802	0.11
1.162829766	0.0286041457370233	0.13
1.183360064	0.0275024641035311	0.15
1.187305519	0.0326038668547756	0.15
1.187446683	0.0326038668547756	0.15
1.18762744	0.0326038668547756	0.15
1.192009701	0.0331718368854357	0.15
1.192075895	0.0331718368854357	0.15
1.203309389	0.0334633077717846	0.14
1.208724051	0.0262392178319744	0.14
1.209751115	0.0269828452808168	0.14
1.209768181	0.0269828452808168	0.14
1.209825949	0.0269828452808168	0.14
1.210085375	0.0272401769259286	0.14
1.224141399	0.0280424888825143	0.13
1.225416562	0.0280424888825143	0.13
1.245566855	0.0576209458209678	0.12
1.248955951	0.0561642124966208	0.12
1.252855937	0.0591552580069393	0.11
1.265568721	0.0602243478371764	0.1
1.268447511	0.0586348215582526	0.1
1.270604589	0.0576209458209678	0.1
1.289511656	0.0463262323899156	0.09
1.293113698	0.0463262323899156	0.09
1.297280078	0.0556174031683056	0.09
1.303502827	0.0556174031683056	0.1
1.335485912	0.0545551165166267	0.12
1.335508208	0.0545551165166267	0.12
1.335711503	0.0545551165166267	0.12
1.335892556	0.0545551165166267	0.12
1.33638917	0.0545551165166267	0.12
1.336979907	0.0535326484643057	0.12
1.337777279	0.0535326484643057	0.12
1.337887386	0.0535326484643057	0.12
1.342315002	0.0535326484643057	0.12
1.342368518	0.0535326484643057	0.12
1.343443085	0.0535326484643057	0.12
1.346883901	0.0561642124966208	0.11
1.350085516	0.0561642124966208	0.11
1.360533959	0.0572907342737013	0.11
1.360774481	0.0572907342737013	0.11
1.360981621	0.0572907342737013	0.11
1.36116959	0.0572907342737013	0.11
1.361338457	0.0572907342737013	0.11
1.36135761	0.0572907342737013	0.11
1.361952473	0.0572907342737013	0.11
1.362110213	0.0572907342737013	0.11
1.362279458	0.0572907342737013	0.11
1.365659238	0.0619024561377732	0.12
1.368077892	0.0619024561377732	0.12
1.368578346	0.0613327913759122	0.12
1.369707356	0.0619024561377732	0.12
1.373967278	0.0624828023098574	0.12
1.377274175	0.06367676352787	0.11
1.38563755	0.064917243601998	0.1
1.385801753	0.064917243601998	0.1
1.418305639	0.0642910204291384	0.09
1.430594094	0.0591552580069393	0.1
1.434752614	0.0591552580069393	0.1
1.436494579	0.0591552580069393	0.11
1.440102642	0.0591552580069393	0.11
1.450462129	0.0571270437161488	0.12
1.450674974	0.0571270437161488	0.12
1.450928234	0.0571270437161488	0.12
1.454003033	0.0571270437161488	0.12
1.45657643	0.0571270437161488	0.13
1.484117024	0.0543327415706372	0.15
1.485393153	0.0543327415706372	0.15
1.488337206	0.0543327415706372	0.16
1.494140559	0.0534610796291616	0.16
1.502972103	0.0534610796291616	0.17
1.511734415	0.0534610796291616	0.18
1.511964569	0.0534610796291616	0.18
1.512194724	0.0534610796291616	0.18
1.512821455	0.0534610796291616	0.18
1.513239565	0.0534610796291616	0.18
1.523536021	0.0534610796291616	0.19
1.558531046	0.0567218806307225	0.21
1.561070241	0.0567218806307225	0.21
1.56916589	0.06367676352787	0.21
1.595407686	0.128890804596914	0.19
1.595579044	0.128890804596914	0.19
1.652341299	0.179570579692552	0.13
1.718627381	0.183022465093469	0.07
1.745720251	0.177591357882326	0.04
1.75282717	0.178727857894591	0.04
1.758275756	0.192262101427603	0.03
1.768990518	0.190657917824584	0.02
1.77492366	0.201510253037209	0.01
1.777374698	0.20992506278962	0.01
1.778615293	0.204294551002785	0.01
1.780115455	0.200705727607234	0.01
1.780657571	0.200705727607234	0.01
1.780657572	0.200705727607234	0.01
1.780928629	0.200705727607234	0.01
1.78092863	0.200705727607234	0.01
1.781170031	0.200705727607234	0.01
1.781170032	0.200705727607234	0.01
1.781381862	0.200705727607234	0.01
1.781411499	0.200705727607234	0.01
1.781623424	0.200705727607234	0.01
1.781653031	0.200705727607234	0.01
1.7818108	0.200705727607234	0.01
1.781835463	0.200705727607234	0.01
1.781894629	0.200705727607234	0.01
1.782136292	0.198958187609411	0.01
1.782378022	0.198958187609411	0.01
1.782590324	0.198958187609411	0.01
1.782619816	0.198958187609411	0.01
1.783044725	0.198958187609411	0.01
1.783345594	0.198958187609411	0.01
1.78377107	0.198958187609411	0.01
1.783829774	0.198958187609411	0.01
1.783925287	0.198958187609411	0.01
1.784013316	0.198958187609411	0.01
1.784314217	0.198958187609411	0.01
1.78446873	0.198958187609411	0.01
1.784506241	0.198958187609411	0.01
1.785009515	0.198958187609411	0.01
1.785322292	0.202054527388597	0.01
1.785988286	0.200353768004556	0.01
1.787927091	0.189080282468794	0.01
1.788266632	0.189080282468794	0.01
1.788780487	0.190657917824584	0.01
1.788872102	0.190657917824584	0.01
1.78918715	0.190657917824584	0.01
1.790033715	0.189080282468794	0.01
1.79204453	0.192262101427603	0.02
1.794856772	0.157919647898465	0.02
1.795060195	0.154954106789267	0.02
1.795172249	0.153038191306776	0.02
1.795643534	0.148449467599561	0.02
1.796696941	0.143293618699839	0.02
1.799436111	0.137713482648278	0.02
1.808733518	0.133521961547	0.03
1.809599251	0.133521961547	0.03
1.813215031	0.0722694729660557	0.03
1.813240824	0.0722694729660557	0.03
1.813716026	0.0741454828165255	0.03
1.813793197	0.0747926521138313	0.03
1.814069382	0.0782056937409868	0.03
1.814069384	0.0782056937409868	0.03
1.814345569	0.078926026032196	0.03
1.814596154	0.0630741331554841	0.03
1.814621756	0.0630741331554841	0.03
1.814621757	0.0630741331554841	0.03
1.814846808	0.0630741331554841	0.03
1.814872379	0.0630741331554841	0.03
1.815123071	0.0642910204291384	0.03
1.815288509	0.0642910204291384	0.03
1.815322808	0.064917243601998	0.03
1.815373832	0.064917243601998	0.03
1.815624663	0.064917243601998	0.03
1.815850116	0.064917243601998	0.03
1.815875562	0.064917243601998	0.03
1.816101116	0.0472457639347164	0.03
1.816377569	0.0472457639347164	0.03
1.816628678	0.0463262323899156	0.03
1.817399416	0.0463262323899156	0.03
1.818036082	0.0472457639347164	0.03
1.818363245	0.0477193557927776	0.03
1.819217405	0.129626521071525	0.04
1.819395454	0.129626521071525	0.04
1.819410514	0.129626521071525	0.04
1.819581019	0.129626521071525	0.04
1.81989941	0.129626521071525	0.04
1.820606159	0.131545408810691	0.04
1.82134289	0.0902286083396593	0.04
1.822065256	0.06367676352787	0.04
1.823267442	0.0687885335574479	0.04
1.824280416	0.0747926521138313	0.04
1.824759677	0.0602243478371764	0.04
1.828939845	0.0472457639347164	0.04
1.829051906	0.0472457639347164	0.04
1.830016016	0.0477193557927776	0.04
1.835137623	0.0613327913759122	0.05
1.836263396	0.0450121435968876	0.05
1.83758722	0.0450121435968876	0.05
1.837659261	0.0450121435968876	0.05
1.839735229	0.0477193557927776	0.05
1.842215909	0.0646374225868177	0.06
1.844053766	0.0747926521138313	0.06
1.846490238	0.0450121435968876	0.06
1.860668056	0.0472457639347164	0.07
1.860714054	0.0472457639347164	0.07
1.917919203	0.0377786522907402	0.11
1.919145255	0.0374075763267438	0.12
1.932723098	0.0381571640205195	0.12
1.93486401	0.0441767328366001	0.13
1.937910579	0.0429801854214689	0.13
1.938309591	0.0429801854214689	0.13
1.940502926	0.0356564231249399	0.13
1.961031557	0.0353256843213091	0.15
2.039242563	0.099229342147449	0.23
2.04617014	0.096359978792488	0.24
2.049316864	0.097773613190845	0.24
2.057190684	0.0956683805728898	0.25
2.057670659	0.0956683805728898	0.25
2.058810915	0.097773613190845	0.25
2.067556414	0.0956683805728898	0.26
2.077653506	0.0956683805728898	0.27
2.116340052	0.0943145452484445	0.31
2.119081815	0.096359978792488	0.31
2.122322709	0.0900972495254197	0.31
2.130868897	0.0900972495254197	0.32
2.175983465	0.0943145452484445	0.37
2.21647999	0.0936518955638966	0.41
2.22342495	0.0921086882972012	0.41
2.225736601	0.104890469108128	0.42
2.22607531	0.104890469108128	0.42
2.226678687	0.104890469108128	0.42
2.226980498	0.104890469108128	0.42
2.230993963	0.10108555782996	0.42
2.244892022	0.176302761061086	0.43
2.268175967	0.223508809614394	0.41
2.273953022	0.238496301824283	0.4
2.287430653	0.229731524913792	0.39
2.396315913	0.306304306067311	0.31
2.416816988	0.309415028866774	0.3
2.57811595	0.25968382229197	0.15
2.63880046	0.257178644514403	0.09
2.644514931	0.270212379993341	0.08
2.664122924	0.273165757594859	0.07
2.669724846	0.25968382229197	0.06
2.670831293	0.25968382229197	0.06
2.671148642	0.25968382229197	0.06
2.671193179	0.25968382229197	0.06
2.671237705	0.25968382229197	0.06
2.671599486	0.25968382229197	0.06
2.671599646	0.25968382229197	0.06
2.671872794	0.25968382229197	0.06
2.671961685	0.25968382229197	0.06
2.672323822	0.25968382229197	0.06
2.672686057	0.25968382229197	0.06
2.673366554	0.25968382229197	0.06
2.673410821	0.25968382229197	0.06
2.674201502	0.273165757594859	0.06
2.674498542	0.273165757594859	0.06
2.674640938	0.273165757594859	0.06
2.674817434	0.273165757594859	0.06
2.67498819	0.273165757594859	0.06
2.675906626	0.267501006068781	0.05
2.678640892	0.25968382229197	0.05
2.679543675	0.25968382229197	0.05
2.68050645	0.25968382229197	0.05
2.690797174	0.248155251898307	0.04
2.690995907	0.248155251898307	0.04
2.692790444	0.248155251898307	0.04
2.697875326	0.262238286049561	0.04
2.700424629	0.262238286049561	0.04
2.703341222	0.257178644514403	0.04
2.716197088	0.243189212746739	0.05
2.720992773	0.250292618508892	0.05
2.721223607	0.245692285834919	0.05
2.721339166	0.249944964362789	0.06
2.721753239	0.249944964362789	0.06
2.722090639	0.249944964362789	0.06
2.72212898	0.249944964362789	0.06
2.722504826	0.249944964362789	0.06
2.725138453	0.238673446768114	0.06
2.725892101	0.238673446768114	0.06
2.727362573	0.238673446768114	0.06
2.728457177	0.238673446768114	0.06
2.733911556	0.245344418940494	0.07
2.741703646	0.245344418940494	0.08
2.742221604	0.245344418940494	0.08
2.758261585	0.238673446768114	0.09
2.784781798	0.220267816998251	0.12
2.857457722	0.218396489835838	0.19
2.870516676	0.222171490196622	0.2
2.874914635	0.218396489835838	0.21
2.884109016	0.224667963731332	0.22
2.885327778	0.218396489835838	0.22
2.901070252	0.228925676741275	0.23
3.017087015	0.216368134888711	0.35
3.116410384	0.215366076549737	0.45
3.116832706	0.215366076549737	0.45
3.190582361	0.199590124506922	0.5
3.194633906	0.171142378672571	0.5
3.557717034	0.175477154911773	0.860000000000001
3.561529658	0.182560706591791	0.860000000000001
3.561648443	0.182560706591791	0.860000000000001
3.562131134	0.182560706591791	0.860000000000001
3.563861522	0.175477154911773	0.870000000000001
3.565454716	0.175477154911773	0.870000000000001
3.566965252	0.175477154911773	0.870000000000001
3.568359469	0.180736739766511	0.870000000000001
3.571210711	0.182560706591791	0.870000000000001
3.572123566	0.182560706591791	0.870000000000001
3.575584373	0.194043192800156	0.880000000000001
3.579984214	0.195857592337932	0.880000000000001
3.62901857	0.199259918282526	0.910000000000001
3.630972932	0.199259918282526	0.910000000000001
3.631023885	0.201089697610907	0.910000000000001
3.631970124	0.195698472579675	0.920000000000001
3.639968026	0.197463138175719	0.920000000000001
3.707141358	0.197463138175719	0.990000000000001
3.778072999	0.193965068128983	1.06
3.963711323	0.192262101427603	1.25
4.445571488	0.222790392765205	1.73
4.452121847	0.250668098476388	1.73
4.453932605	0.222790392765205	1.74
4.459832487	0.224667963731332	1.74
4.464002998	0.222790392765205	1.75
4.475601202	0.22704323364735	1.76
4.478685952	0.228925676741275	1.76
4.480518943	0.228925676741275	1.76
4.536342962	0.228925676741275	1.82
4.537596069	0.228925676741275	1.82
4.550359745	0.221577183127111	1.83
4.773228095	0.219813187246675	2.06
5.342582978	0.252527824817005	2.48999999999999
5.343307119	0.252527824817005	2.48999999999999
5.346842194	0.252527824817005	2.48999999999999
6.2338777	0.302052915780022	2.73999999999999
6.234722781	0.302052915780022	2.73999999999999
6.358499262	0.31194947141634	2.79999999999998
7	0.31194947141634	3.43999999999997
