thrs	post_p	finalwindow
0	0.0988109527163268	0.23
0.03256001	0.0974174364192556	0.2
0.070216248	0.0960626786264571	0.17
0.093809574	0.084334507974486	0.17
0.103967892	0.084334507974486	0.16
0.106977596	0.084334507974486	0.17
0.113424721	0.083317297649862	0.18
0.127695348	0.0611795670502836	0.17
0.128068503	0.0611795670502836	0.17
0.130460633	0.058092487022854	0.17
0.148447444	0.0611795670502836	0.15
0.148782099	0.060114719373512	0.15
0.151339737	0.0576080100808645	0.15
0.155752372	0.0772933201541423	0.15
0.172569069	0.0636604070502668	0.13
0.178062567	0.06172626401164	0.12
0.178140913	0.06172626401164	0.12
0.178189211	0.06172626401164	0.12
0.181430774	0.058092487022854	0.12
0.181486006	0.058092487022854	0.12
0.181486035	0.058092487022854	0.12
0.186084933	0.0778292422565111	0.12
0.191788381	0.0590863055062541	0.11
0.206482242	0.0800493681662481	0.1
0.222049977	0.0487916254123094	0.08
0.22265244	0.0562018808162722	0.08
0.222656148	0.0562018808162722	0.08
0.222686318	0.0562018808162722	0.08
0.222697977	0.0562018808162722	0.08
0.222716495	0.0562018808162722	0.08
0.222812147	0.0756825235590221	0.08
0.222924291	0.0756825235590221	0.08
0.223196808	0.0739155889727563	0.08
0.226867021	0.072229276198622	0.08
0.226923294	0.072229276198622	0.08
0.226929675	0.072229276198622	0.08
0.226957829	0.072229276198622	0.08
0.226982815	0.072229276198622	0.08
0.227081991	0.072229276198622	0.08
0.227177477	0.072229276198622	0.08
0.227432153	0.0716841413811282	0.08
0.230426372	0.0257516234977136	0.07
0.237068117	0.0544304545864445	0.07
0.241897099	0.0540049096045704	0.07
0.24235868	0.0540049096045704	0.07
0.242941212	0.0478895862927606	0.06
0.243116147	0.0465973771272944	0.06
0.256228734	0.0470202947912779	0.05
0.256259656	0.0470202947912779	0.05
0.263775407	0.0470202947912779	0.05
0.287097646	0.0374924232124592	0.07
0.295749179	0.0417192780809919	0.07
0.296044019	0.0417192780809919	0.07
0.296834617	0.041786577697534	0.06
0.296839561	0.041786577697534	0.06
0.296839653	0.041786577697534	0.06
0.296879772	0.041786577697534	0.06
0.29691506	0.041786577697534	0.06
0.296960227	0.041786577697534	0.06
0.297156652	0.0421949796761141	0.06
0.297207868	0.0421949796761141	0.06
0.29723727	0.0421949796761141	0.06
0.297242165	0.0421949796761141	0.06
0.29736316	0.0421949796761141	0.06
0.297631463	0.0421949796761141	0.06
0.298682719	0.041786577697534	0.06
0.29926506	0.041786577697534	0.06
0.300638986	0.041786577697534	0.06
0.302397905	0.0426114434975962	0.06
0.302406093	0.0426114434975962	0.06
0.30240618	0.0426114434975962	0.06
0.302452098	0.0426114434975962	0.06
0.302453753	0.0426114434975962	0.06
0.302493847	0.0426114434975962	0.06
0.302531356	0.0426114434975962	0.06
0.302535608	0.0426114434975962	0.06
0.302757814	0.0426114434975962	0.06
0.303062807	0.043036210252347	0.06
0.303998368	0.0426114434975962	0.06
0.304168238	0.0426114434975962	0.06
0.307314933	0.0406074679745365	0.06
0.319078068	0.0426114434975962	0.05
0.320217262	0.0426114434975962	0.05
0.322066605	0.0426114434975962	0.05
0.322435043	0.0426114434975962	0.05
0.322591403	0.0426114434975962	0.05
0.323097253	0.0426114434975962	0.05
0.323165924	0.0426114434975962	0.05
0.323537089	0.0426114434975962	0.05
0.324596864	0.0426114434975962	0.05
0.327195424	0.043036210252347	0.04
0.328591896	0.043036210252347	0.04
0.330254195	0.043036210252347	0.04
0.340262381	0.0402290809176478	0.05
0.345554528	0.0398576805035759	0.05
0.351815198	0.0394930749974976	0.06
0.356200611	0.0394930749974976	0.06
0.356206548	0.0394930749974976	0.06
0.356351443	0.0394930749974976	0.06
0.356490553	0.0380990042391214	0.06
0.357959666	0.0374382358655687	0.07
0.363236679	0.0364889686747837	0.07
0.363936107	0.0364889686747837	0.07
0.366130409	0.037116372791046	0.07
0.367161303	0.0573211834042652	0.08
0.386863037	0.0573211834042652	0.06
0.386909127	0.0573211834042652	0.06
0.387745392	0.0565700928662669	0.06
0.389299853	0.0551254539252284	0.06
0.389825341	0.0650186111155202	0.06
0.395214438	0.0748868997635289	0.06
0.398731854	0.0573211834042652	0.05
0.412388288	0.075985258483021	0.04
0.415772448	0.0465973771272944	0.03
0.416416237	0.0659847443491154	0.03
0.428769674	0.0715761003582653	0.02
0.438307149	0.075985258483021	0.01
0.438815006	0.075985258483021	0.01
0.441698853	0.0890454689561617	0.01
0.444236336	0.0892371930725935	0.01
0.444499874	0.0869896211151361	0.01
0.444770984	0.084334507974486	0.01
0.445049535	0.084334507974486	0.01
0.445117302	0.0938865865856585	0.01
0.445156208	0.0938865865856585	0.01
0.445185068	0.0938865865856585	0.01
0.445245414	0.0938865865856585	0.01
0.44525283	0.0938865865856585	0.01
0.445252832	0.0938865865856585	0.01
0.445252833	0.0938865865856585	0.01
0.445252835	0.0938865865856585	0.01
0.445313188	0.0938865865856585	0.01
0.44531319	0.0938865865856585	0.01
0.445373562	0.0938865865856585	0.01
0.445433949	0.0938865865856585	0.01
0.445494353	0.0938865865856585	0.01
0.445540001	0.0938865865856585	0.01
0.445554774	0.0916715252872341	0.01
0.445578303	0.0916715252872341	0.01
0.445615211	0.0916715252872341	0.01
0.445675664	0.0911339953974042	0.01
0.445736134	0.0957124032684301	0.01
0.445857123	0.0957124032684301	0.01
0.445917642	0.0957124032684301	0.01
0.446188208	0.0946084899266727	0.01
0.446351359	0.0946084899266727	0.01
0.446394864	0.0946084899266727	0.01
0.446395102	0.0946084899266727	0.01
0.446455777	0.0946084899266727	0.01
0.44656991	0.0940660276159099	0.01
0.446633323	0.0940660276159099	0.01
0.446772341	0.0940660276159099	0.01
0.446967543	0.0935297505371742	0.01
0.447158639	0.0935297505371742	0.01
0.447649603	0.0929995535028118	0.01
0.447876705	0.0929995535028118	0.01
0.447928306	0.0929995535028118	0.01
0.448701687	0.101792490068757	0.01
0.448791313	0.101792490068757	0.01
0.449552291	0.101792490068757	0.01
0.449715173	0.101792490068757	0.01
0.451750007	0.102367158509655	0.01
0.453117722	0.102367158509655	0.01
0.453312195	0.101792490068757	0.01
0.453607731	0.101792490068757	0.01
0.453670383	0.101792490068757	0.01
0.45367678	0.101792490068757	0.01
0.453739439	0.101792490068757	0.01
0.453782962	0.101792490068757	0.01
0.453789353	0.101792490068757	0.01
0.453802119	0.101792490068757	0.01
0.453864814	0.101792490068757	0.01
0.453927527	0.101792490068757	0.01
0.453952078	0.101792490068757	0.01
0.453990257	0.101792490068757	0.01
0.454053004	0.101792490068757	0.01
0.454115767	0.101792490068757	0.01
0.454131662	0.101792490068757	0.01
0.454159539	0.101792490068757	0.01
0.454172215	0.101792490068757	0.01
0.454228692	0.101792490068757	0.01
0.454266222	0.102367158509655	0.01
0.454297847	0.102367158509655	0.01
0.454543029	0.102948352359056	0.01
0.454618511	0.102948352359056	0.01
0.454637485	0.102948352359056	0.01
0.455078808	0.10534065639404	0.01
0.455550168	0.122242594050562	0.01
0.455665947	0.0968968565786977	0.02
0.455678249	0.0968968565786977	0.02
0.456133439	0.0968968565786977	0.02
0.456455968	0.0968968565786977	0.02
0.456880284	0.0968968565786977	0.02
0.45760535	0.0968968565786977	0.02
0.458022431	0.0968968565786977	0.02
0.458619789	0.0968968565786977	0.02
0.459124851	0.0968968565786977	0.02
0.460382332	0.0938865865856585	0.02
0.46331093	0.0948690103894439	0.02
0.464728436	0.092924301375278	0.02
0.472596627	0.087120231419729	0.03
0.473676694	0.087120231419729	0.03
0.478409458	0.0935782501940053	0.03
0.478888149	0.0964284068886694	0.03
0.479732593	0.0827469764320647	0.04
0.479936634	0.0827469764320647	0.04
0.483671852	0.083509155791722	0.04
0.484225862	0.083509155791722	0.04
0.484458594	0.0838955351375689	0.04
0.484927676	0.0854774806253688	0.04
0.485802156	0.101224237752902	0.04
0.485999254	0.102831586227594	0.04
0.489107131	0.0883551811975586	0.04
0.489424331	0.0851854319063397	0.04
0.490830832	0.0714444916805392	0.04
0.511690912	0.0660969908906508	0.06
0.51473946	0.0772208111735185	0.07
0.514839037	0.0781741701691467	0.07
0.51502476	0.0781741701691467	0.07
0.516063638	0.0880990744858357	0.07
0.51682809	0.07031323379968	0.07
0.529143364	0.0151847099290896	0.07
0.534226929	0.0153194134343131	0.07
0.534308248	0.0153194134343131	0.07
0.534453117	0.0173163907232237	0.06
0.534888196	0.0173163907232237	0.06
0.536755919	0.0164896504565718	0.06
0.539174229	0.0164896504565718	0.06
0.544416783	0.0377657299888288	0.07
0.55657045	0.0502102515029966	0.05
0.556645891	0.0502102515029966	0.05
0.559788571	0.0461819993975291	0.05
0.562444529	0.0470202947912779	0.05
0.566766402	0.049255509102936	0.05
0.568776608	0.0502102515029966	0.04
0.57444178	0.049255509102936	0.05
0.579525048	0.0512027379436883	0.05
0.586308239	0.0431078294047689	0.06
0.59079165	0.043036210252347	0.05
0.591819223	0.0421949796761141	0.05
0.593402747	0.0421949796761141	0.05
0.593673806	0.0421949796761141	0.05
0.593673808	0.0421949796761141	0.05
0.593754277	0.0421949796761141	0.05
0.593754278	0.0421949796761141	0.05
0.593834769	0.0421949796761141	0.05
0.593915284	0.0421949796761141	0.05
0.594152812	0.041786577697534	0.05
0.594237558	0.041786577697534	0.05
0.594318181	0.041786577697534	0.05
0.595015574	0.0426114434975962	0.05
0.595196772	0.0426114434975962	0.05
0.595887104	0.0421949796761141	0.05
0.596894832	0.0421949796761141	0.05
0.597117526	0.0421949796761141	0.05
0.602148457	0.0413860057159931	0.05
0.604317115	0.0413860057159931	0.05
0.604813246	0.0413860057159931	0.05
0.604905308	0.0413860057159931	0.05
0.60490531	0.0413860057159931	0.05
0.604905312	0.0413860057159931	0.05
0.604988853	0.0413860057159931	0.05
0.605724938	0.0413860057159931	0.05
0.60631275	0.0413860057159931	0.05
0.606824709	0.0426114434975962	0.05
0.607971158	0.0421949796761141	0.05
0.608524688	0.0421949796761141	0.05
0.608756287	0.0421949796761141	0.05
0.61827716	0.0409930406912443	0.05
0.630942519	0.0539446600372171	0.05
0.635412418	0.0539446600372171	0.05
0.636066531	0.0539446600372171	0.05
0.63624959	0.0539446600372171	0.05
0.636422142	0.0544304545864445	0.05
0.637031954	0.0544304545864445	0.05
0.637881775	0.0544304545864445	0.05
0.638075882	0.0544304545864445	0.05
0.641599528	0.0544304545864445	0.05
0.644129804	0.0503496730870732	0.06
0.64559646	0.0503496730870732	0.06
0.648110758	0.0507726225396434	0.06
0.65703705	0.0523672513348106	0.07
0.667472678	0.0504547484562965	0.08
0.667879261	0.0504547484562965	0.08
0.669490645	0.0504547484562965	0.08
0.671132308	0.0508259913698368	0.08
0.678915807	0.0483363978241143	0.09
0.680410924	0.0483363978241143	0.09
0.68060848	0.0483363978241143	0.09
0.680786967	0.0483363978241143	0.09
0.690723937	0.072782765700377	0.09
0.692614054	0.0734708815344979	0.09
0.696262833	0.0677095186221853	0.1
0.697379755	0.068304656765515	0.1
0.7123899	0.0677095186221853	0.11
0.712401774	0.0677095186221853	0.11
0.71365913	0.0677095186221853	0.11
0.715679053	0.0643456581753692	0.12
0.717816093	0.0665498220679547	0.12
0.719314887	0.0665498220679547	0.12
0.725609694	0.0643456581753692	0.13
0.72717465	0.0659847443491154	0.13
0.742183791	0.0632974365586877	0.14
0.75180067	0.0853166064853533	0.14
0.763284143	0.101044758346373	0.13
0.763491091	0.100776729443503	0.13
0.765321243	0.10088144080072	0.13
0.766651587	0.101396511338474	0.13
0.7676628	0.10181681257559	0.13
0.772093843	0.0896175919582766	0.12
0.779184816	0.10258896635882	0.12
0.779976345	0.10130846864664	0.12
0.786383987	0.103241431143588	0.11
0.793117932	0.10849206682562	0.1
0.794958533	0.108862153285643	0.1
0.797194853	0.105829713947834	0.1
0.8034392	0.110475074995619	0.09
0.817085993	0.109482277648039	0.08
0.828284953	0.110766491799933	0.07
0.856064956	0.112600099310967	0.04
0.861783488	0.0966901791710118	0.03
0.866065884	0.113320966799742	0.03
0.874413626	0.118637604603777	0.02
0.877564409	0.113234665610273	0.02
0.87832845	0.11253192329625	0.02
0.88244613	0.105089268437035	0.01
0.882485476	0.105089268437035	0.01
0.883236842	0.116250201379368	0.01
0.884296127	0.119842448260842	0.01
0.885048106	0.11706833272311	0.01
0.887670141	0.115030529804411	0.01
0.888469193	0.114305391583407	0.01
0.888863234	0.112882200742358	0.01
0.889014569	0.11253192329625	0.01
0.889209764	0.11253192329625	0.01
0.889576687	0.111494013737485	0.01
0.889752182	0.111494013737485	0.01
0.890068113	0.11081264557866	0.01
0.890083013	0.11081264557866	0.01
0.890218543	0.110475074995619	0.01
0.890228158	0.110475074995619	0.01
0.890309475	0.109806066549642	0.01
0.890354074	0.109806066549642	0.01
0.890354075	0.109806066549642	0.01
0.890407894	0.109806066549642	0.01
0.890419078	0.109806066549642	0.01
0.890459913	0.109806066549642	0.01
0.890474761	0.109806066549642	0.01
0.890489605	0.109806066549642	0.01
0.890489606	0.109806066549642	0.01
0.890580647	0.109806066549642	0.01
0.890595481	0.109806066549642	0.01
0.89061031	0.109806066549642	0.01
0.890610311	0.109806066549642	0.01
0.890701414	0.109474591660652	0.01
0.890716233	0.109474591660652	0.01
0.890731048	0.109474591660652	0.01
0.890731049	0.109474591660652	0.01
0.890837018	0.109474591660652	0.01
0.890851819	0.109474591660652	0.01
0.890928251	0.109474591660652	0.01
0.890957836	0.109474591660652	0.01
0.890972623	0.109474591660652	0.01
0.891093459	0.108817609652042	0.01
0.89119957	0.108817609652042	0.01
0.891214328	0.108817609652042	0.01
0.891244043	0.108817609652042	0.01
0.891246709	0.108817609652042	0.01
0.89133523	0.108817609652042	0.01
0.891382479	0.108817609652042	0.01
0.891441435	0.108817609652042	0.01
0.891456164	0.108817609652042	0.01
0.89149835	0.108817609652042	0.01
0.891521465	0.108817609652042	0.01
0.891562417	0.108817609652042	0.01
0.891577132	0.10849206682562	0.01
0.891698132	0.10849206682562	0.01
0.89206133	0.108168466001594	0.01
0.89216782	0.108168466001594	0.01
0.892182462	0.108168466001594	0.01
0.892215798	0.108168466001594	0.01
0.892245091	0.108168466001594	0.01
0.89229733	0.107527021263668	0.01
0.892307805	0.107527021263668	0.01
0.892546055	0.10849206682562	0.01
0.892793389	0.10849206682562	0.01
0.892924751	0.108168466001594	0.01
0.892951888	0.10720914331191	0.01
0.892952212	0.10720914331191	0.01
0.893142511	0.10720914331191	0.01
0.893395592	0.10720914331191	0.01
0.894085351	0.106578992648653	0.01
0.89420355	0.106578992648653	0.01
0.89422449	0.106266687087385	0.01
0.894482721	0.106893139280808	0.01
0.894690708	0.10534065639404	0.01
0.894906463	0.10534065639404	0.01
0.894913415	0.10534065639404	0.01
0.895081202	0.105647534816613	0.01
0.895086463	0.105647534816613	0.01
0.895300675	0.105647534816613	0.01
0.89539422	0.10534065639404	0.01
0.895840307	0.104732217065635	0.01
0.896329745	0.103832623491799	0.01
0.89685771	0.102656932831404	0.01
0.897131294	0.103098091458398	0.01
0.897197773	0.102246342789764	0.01
0.897282137	0.0984506908016985	0.01
0.897316929	0.0981903277952463	0.01
0.89799116	0.088688702545164	0.01
0.898155973	0.0866067298712078	0.01
0.898455429	0.0858736790253855	0.01
0.898662437	0.0853319831102325	0.01
0.898755243	0.0846202640380817	0.01
0.89889623	0.0837471383728053	0.01
0.899310528	0.0832318584506166	0.01
0.899325427	0.0832318584506166	0.01
0.899974537	0.0877186988312803	0.01
0.900113547	0.0882566603072395	0.01
0.900274359	0.0886189821311338	0.01
0.900307304	0.0886189821311338	0.01
0.900690942	0.0851138662769124	0.01
0.901007608	0.0819985839045548	0.01
0.901568195	0.0697050639566365	0.01
0.901947653	0.0736290900128445	0.01
0.902291602	0.0620342274313817	0.01
0.902919093	0.0491220732728058	0.01
0.902932441	0.0497282981580909	0.01
0.903166806	0.0459613871840127	0.01
0.903685884	0.0459613871840127	0.01
0.904039961	0.0455880587008885	0.01
0.904220945	0.0391673562364659	0.01
0.904508173	0.0396579743872401	0.01
0.904513058	0.0396579743872401	0.01
0.905345526	0.0405035673861123	0.01
0.905541598	0.0406770316829528	0.01
0.906197141	0.0405035673861123	0.01
0.906210372	0.040331576259257	0.01
0.906508268	0.0405035673861123	0.01
0.906786831	0.0405035673861123	0.01
0.906983581	0.0408519881585865	0.01
0.907060652	0.0408519881585865	0.01
0.90712089	0.0408519881585865	0.01
0.907185931	0.0412064553308341	0.01
0.907198748	0.0415671276718495	0.01
0.907311244	0.0377657299888288	0.01
0.907324045	0.0379316350760458	0.01
0.907336843	0.0379316350760458	0.01
0.907336844	0.0379316350760458	0.01
0.907436592	0.0379316350760458	0.01
0.907449378	0.0379316350760458	0.01
0.90746216	0.0379316350760458	0.01
0.907536422	0.0379316350760458	0.01
0.9075492	0.0379316350760458	0.01
0.907574745	0.0379316350760458	0.01
0.907587512	0.0379316350760458	0.01
0.907700146	0.0379316350760458	0.01
0.907712898	0.0379316350760458	0.01
0.907963773	0.0379316350760458	0.01
0.907963774	0.0379316350760458	0.01
0.908076559	0.0380990042391214	0.01
0.908089263	0.0380990042391214	0.01
0.908089264	0.0380990042391214	0.01
0.908151307	0.0380990042391214	0.01
0.90817671	0.0382678569441683	0.01
0.908214789	0.0382678569441683	0.01
0.908453284	0.0377657299888288	0.01
0.908566283	0.0372766095634859	0.01
0.908578929	0.0372766095634859	0.01
0.908691978	0.0376012698504378	0.01
0.908729307	0.0376012698504378	0.01
0.908816452	0.0379316350760458	0.01
0.908855181	0.0377657299888288	0.01
0.909094444	0.0379316350760458	0.01
0.909195105	0.0379316350760458	0.01
0.909207673	0.0379316350760458	0.01
0.909308419	0.0379316350760458	0.01
0.909346075	0.0384382130039264	0.01
0.909409249	0.0384382130039264	0.01
0.909446878	0.0384382130039264	0.01
0.909642167	0.0384382130039264	0.01
0.909896599	0.0380990042391214	0.01
0.909925885	0.0380990042391214	0.01
0.910267	0.0384382130039264	0.01
0.910628128	0.0387835162183795	0.01
0.911062134	0.0393132623274502	0.01
0.91113001	0.0393132623274502	0.01
0.911404622	0.0393132623274502	0.01
0.911632099	0.0394930749974976	0.01
0.911747931	0.0394930749974976	0.01
0.912015459	0.0396745400951532	0.01
0.912630246	0.0396745400951532	0.01
0.912707801	0.0396745400951532	0.01
0.913006436	0.0402290809176478	0.01
0.913139907	0.0402290809176478	0.01
0.913630289	0.0404173888518481	0.01
0.914018042	0.0406074679745365	0.01
0.914696902	0.0415853270985609	0.01
0.914870556	0.0415853270985609	0.01
0.914983658	0.0415853270985609	0.01
0.915269563	0.0415853270985609	0.01
0.916024822	0.041786577697534	0.01
0.916163647	0.041786577697534	0.01
0.916208994	0.041786577697534	0.01
0.917248255	0.0439613479190526	0.01
0.918238351	0.0370295501913654	0.02
0.918456927	0.0367430524284153	0.02
0.918483627	0.0367430524284153	0.02
0.918816837	0.0373205509013947	0.02
0.919655338	0.0379164925862051	0.02
0.919822583	0.0379164925862051	0.02
0.920002472	0.0382216579533665	0.02
0.922071236	0.0393295412454482	0.02
0.922455062	0.0396579743872401	0.02
0.922763582	0.0396579743872401	0.02
0.923268187	0.0405035673861123	0.02
0.924627878	0.0415671276718495	0.02
0.925553967	0.0421201320435945	0.02
0.926193857	0.0421201320435945	0.02
0.927872541	0.0525379485253373	0.02
0.929379518	0.03485532215851	0.03
0.93064775	0.03485532215851	0.03
0.933174706	0.0364609538970385	0.03
0.934071327	0.0367430524284153	0.03
0.934700606	0.0373205509013947	0.03
0.93534835	0.0374677731676477	0.03
0.938446291	0.0317484203643847	0.03
0.941112169	0.0195366021377041	0.03
0.942896738	0.00714405417510403	0.03
0.944027825	0.00745235044379106	0.03
0.948845214	0.0085606334842479	0.03
0.953473419	0.00702776159370158	0.04
0.954191796	0.00720365577903646	0.04
0.956296714	0.00771883069649104	0.04
0.956549025	0.00771883069649104	0.04
0.956766863	0.00771883069649104	0.04
0.956780018	0.00771883069649104	0.04
0.95679317	0.00771883069649104	0.04
0.956793172	0.00771883069649104	0.04
0.957016096	0.00771883069649104	0.04
0.957486775	0.00778845535947453	0.04
0.958321379	0.00800507521522719	0.04
0.959031973	0.00839418693666976	0.04
0.959642592	0.00839418693666976	0.04
0.959665139	0.00847659320230089	0.04
0.960911853	0.00864635687002678	0.04
0.964458654	0.00720365577903646	0.05
0.966290332	0.00771883069649104	0.05
0.966980911	0.00771883069649104	0.05
0.966980912	0.00771883069649104	0.05
0.966986309	0.00771883069649104	0.05
0.967139043	0.00771883069649104	0.05
0.967144414	0.00771883069649104	0.05
0.967297223	0.00778845535947453	0.05
0.967297226	0.00778845535947453	0.05
0.967302572	0.00778845535947453	0.05
0.967608447	0.00778845535947453	0.05
0.96761904	0.00778845535947453	0.05
0.967619041	0.00778845535947453	0.05
0.967772081	0.00778845535947453	0.05
0.967925221	0.00778845535947453	0.05
0.967935716	0.00778845535947453	0.05
0.968083686	0.00778845535947453	0.05
0.968237002	0.00778845535947453	0.05
0.969035555	0.00839418693666976	0.05
0.969666194	0.00847659320230089	0.05
0.970292984	0.00847659320230089	0.05
0.970442597	0.00847659320230089	0.05
0.973457204	0.00608652221521842	0.06
0.973766743	0.00604391844218072	0.06
0.97801719	0.00635531512404202	0.06
0.978183481	0.00635531512404202	0.06
0.981915796	0.0085606334842479	0.05
1.019804062	0.0289134351255949	0.07
1.022530753	0.0286733976153059	0.07
1.027349785	0.0324443056536095	0.07
1.028094642	0.0327519692884257	0.07
1.029078227	0.0333851400925342	0.07
1.029271857	0.0333851400925342	0.07
1.029659545	0.0340432747985378	0.07
1.030392053	0.0286733976153059	0.08
1.030397618	0.0286733976153059	0.08
1.030958443	0.0286733976153059	0.08
1.031720423	0.0286733976153059	0.08
1.032104884	0.0286733976153059	0.08
1.033463082	0.0279766172917117	0.08
1.034376329	0.0282050839677778	0.08
1.034854243	0.0282050839677778	0.08
1.038905957	0.0380990042391214	0.08
1.041709188	0.0406074679745365	0.08
1.043349328	0.0406074679745365	0.08
1.044012776	0.0406074679745365	0.08
1.048661279	0.0352957122498296	0.09
1.054783865	0.0380990042391214	0.09
1.057424783	0.034727879466344	0.1
1.058571278	0.0352957122498296	0.1
1.067766296	0.0350094935335266	0.11
1.068168044	0.0350094935335266	0.11
1.068277144	0.0350094935335266	0.11
1.06860264	0.0352957122498296	0.11
1.070020858	0.037116372791046	0.11
1.070326964	0.037116372791046	0.11
1.088762574	0.0473425554666524	0.13
1.091073782	0.0497282981580909	0.13
1.113082372	0.0658449711501106	0.14
1.113233383	0.0658449711501106	0.14
1.11414031	0.0671246617695364	0.14
1.115076799	0.0671246617695364	0.14
1.116382888	0.0671246617695364	0.14
1.127882011	0.0698393018675128	0.12
1.13205703	0.0698393018675128	0.12
1.133642817	0.0698393018675128	0.12
1.133988353	0.0698393018675128	0.12
1.134317617	0.0698393018675128	0.12
1.136767134	0.0698393018675128	0.12
1.137302108	0.0698393018675128	0.12
1.187305519	0.0706181903885324	0.15
1.18762744	0.0695834765114245	0.15
1.192009701	0.0695834765114245	0.15
1.192075895	0.0695834765114245	0.15
1.192725439	0.0695834765114245	0.15
1.203309389	0.0750842333085714	0.14
1.208724051	0.0520852076292648	0.13
1.208769953	0.0520852076292648	0.13
1.209751115	0.0520852076292648	0.13
1.209825949	0.0520852076292648	0.13
1.210085375	0.0516402029721887	0.13
1.210771389	0.0516402029721887	0.13
1.212614931	0.0516402029721887	0.13
1.224141399	0.0520852076292648	0.12
1.22465873	0.0520852076292648	0.12
1.226416878	0.0520852076292648	0.12
1.226767373	0.0512027379436883	0.11
1.243346642	0.0487916254123094	0.11
1.246668032	0.0507016381988463	0.11
1.265568721	0.0522352517742345	0.09
1.268447511	0.0522352517742345	0.09
1.270060331	0.0522352517742345	0.09
1.270253663	0.0522352517742345	0.09
1.270604589	0.0522352517742345	0.09
1.278899002	0.0544304545864445	0.09
1.285172518	0.0512027379436883	0.08
1.293113698	0.0516402029721887	0.09
1.297280078	0.0512027379436883	0.08
1.302603198	0.0580924870228541	0.08
1.303502827	0.0580924870228541	0.08
1.325958837	0.0875408327626431	0.08
1.335508208	0.0858010558739579	0.09
1.335711503	0.0858010558739579	0.09
1.335892556	0.0858010558739579	0.09
1.336051433	0.0858010558739579	0.09
1.33625481	0.0858010558739579	0.09
1.33638917	0.0858010558739579	0.09
1.336413828	0.0858010558739579	0.09
1.336595099	0.0858010558739579	0.09
1.336665633	0.0858010558739579	0.09
1.337161305	0.086662213527243	0.09
1.337529375	0.086662213527243	0.09
1.337887386	0.086662213527243	0.09
1.340005107	0.086662213527243	0.08
1.343443085	0.086662213527243	0.08
1.350085516	0.0841290837109398	0.09
1.360774481	0.0858010558739579	0.09
1.360981621	0.0992843600062964	0.09
1.36116959	0.0992843600062964	0.09
1.361338457	0.0992843600062964	0.09
1.36135761	0.0992843600062964	0.09
1.361952473	0.0992843600062964	0.09
1.362110213	0.0992843600062964	0.09
1.368077892	0.096510058337324	0.09
1.368578346	0.096510058337324	0.09
1.369707356	0.102222883953384	0.09
1.370127164	0.102222883953384	0.09
1.373967278	0.102222883953384	0.09
1.377139612	0.103241431143588	0.09
1.377274175	0.103241431143588	0.09
1.377544294	0.103241431143588	0.09
1.379222918	0.10534065639404	0.08
1.384187356	0.104280480189975	0.09
1.38563755	0.104280480189975	0.09
1.418305639	0.113125980671943	0.09
1.430594094	0.102768821802243	0.1
1.434752614	0.102768821802243	0.1
1.436494579	0.102768821802243	0.11
1.448119954	0.0965792561061307	0.12
1.450462129	0.0957553761711556	0.12
1.450928234	0.0957553761711556	0.12
1.45657643	0.0957553761711556	0.13
1.457818346	0.0957553761711556	0.13
1.484117024	0.0925957822726912	0.15
1.485393153	0.0925957822726912	0.15
1.488337206	0.0925957822726912	0.16
1.494140559	0.0925957822726912	0.16
1.511964569	0.0925957822726912	0.18
1.512194724	0.0925957822726912	0.18
1.512403577	0.0925957822726912	0.18
1.513239565	0.0925957822726912	0.18
1.515375804	0.0925957822726912	0.18
1.558319819	0.1822229097695	0.23
1.558531046	0.1822229097695	0.23
1.55916507	0.179073613033931	0.23
1.56916589	0.209062861992637	0.22
1.595407686	0.21449010694376	0.19
1.611568792	0.187602179202498	0.17
1.707257935	0.284510107338914	0.08
1.718627381	0.284510107338914	0.07
1.745720251	0.278646324146156	0.04
1.75282717	0.274185022480805	0.04
1.758275756	0.292779073166546	0.03
1.768990518	0.289969857395301	0.02
1.77492366	0.287214038145804	0.02
1.777374698	0.314078530216805	0.01
1.778615293	0.314078530216805	0.01
1.77861633	0.314078530216805	0.01
1.780115455	0.301543083255032	0.01
1.780657572	0.301543083255032	0.01
1.780839524	0.301543083255032	0.01
1.780928629	0.301543083255032	0.01
1.78092863	0.301543083255032	0.01
1.781081012	0.301543083255032	0.01
1.781140367	0.301543083255032	0.01
1.781170032	0.301543083255032	0.01
1.781381862	0.301543083255032	0.01
1.781411499	0.301543083255032	0.01
1.781623424	0.301543083255032	0.01
1.781653031	0.301543083255032	0.01
1.7818108	0.301543083255032	0.01
1.781894629	0.301543083255032	0.01
1.782136293	0.301543083255032	0.01
1.782378022	0.301543083255032	0.01
1.782531315	0.301543083255032	0.01
1.782590324	0.301543083255032	0.01
1.782619816	0.301543083255032	0.01
1.783044725	0.301543083255032	0.01
1.783286774	0.301543083255032	0.01
1.783345594	0.301543083255032	0.01
1.784314217	0.301543083255032	0.01
1.78446873	0.301543083255032	0.01
1.784506241	0.301543083255032	0.01
1.784933025	0.301543083255032	0.01
1.785009515	0.301543083255032	0.01
1.785322292	0.295643252551221	0.01
1.785988286	0.292779073166546	0.01
1.788780487	0.286813182439691	0.01
1.788872102	0.286813182439691	0.01
1.790095821	0.286813182439691	0.01
1.794856772	0.223492975843965	0.02
1.795172249	0.192517348091733	0.02
1.795643534	0.187986137791265	0.02
1.796645824	0.175587893970395	0.02
1.796669094	0.175587893970395	0.02
1.796696941	0.175587893970395	0.02
1.801889818	0.092924301375278	0.02
1.808733518	0.025249595389238	0.02
1.812688451	0.0497282981580909	0.02
1.813215031	0.0497282981580909	0.02
1.813716026	0.0497282981580909	0.02
1.813793197	0.0497282981580909	0.02
1.814069382	0.0497282981580909	0.02
1.814069384	0.0497282981580909	0.02
1.814345569	0.0497282981580909	0.02
1.814596154	0.0497282981580909	0.02
1.814621756	0.0497282981580909	0.02
1.814621757	0.0497282981580909	0.02
1.814872379	0.0502102515029966	0.02
1.815039963	0.0502102515029966	0.02
1.815123071	0.0502102515029966	0.02
1.815169565	0.0497282981580909	0.02
1.815288509	0.0507016381988463	0.02
1.815624663	0.0507016381988463	0.02
1.815850116	0.0512027379436883	0.02
1.815875562	0.0512027379436883	0.02
1.816101116	0.0512027379436883	0.02
1.816374833	0.0592310621751893	0.02
1.81637757	0.0592310621751893	0.02
1.816879855	0.0495245674438578	0.03
1.817633804	0.0598172518889725	0.02
1.818036082	0.0592310621751893	0.02
1.818363245	0.0592310621751893	0.02
1.819395454	0.0592310621751893	0.02
1.819410514	0.0592310621751893	0.02
1.819581019	0.0592310621751893	0.02
1.81989941	0.0580924870228541	0.02
1.82134289	0.0580924870228541	0.02
1.824280416	0.0575394579641897	0.02
1.824759677	0.0575394579641897	0.02
1.828541204	0.055941793331886	0.02
1.828939845	0.0575394579641897	0.02
1.829051906	0.0575394579641897	0.02
1.830016016	0.0575394579641897	0.02
1.835137623	0.0549250782173184	0.03
1.836263396	0.0549250782173184	0.03
1.83758722	0.0549250782173184	0.03
1.837659261	0.0549250782173184	0.03
1.839735229	0.0564643980214618	0.03
1.842215909	0.0564643980214618	0.03
1.844053766	0.0580924870228541	0.03
1.846490238	0.0529986291667657	0.04
1.860668056	0.0544304545864445	0.05
1.860714054	0.0544304545864445	0.05
1.872927722	0.0544304545864445	0.06
1.876458705	0.0503496730870732	0.07
1.877534086	0.0491220732728058	0.07
1.917919203	0.0479529101000752	0.11
1.93486401	0.0500888894781498	0.13
1.937910579	0.0490224698870596	0.13
1.939501786	0.0500888894781498	0.13
1.945075766	0.0588848308018925	0.14
1.947078383	0.0588848308018925	0.14
1.956133657	0.0588848308018925	0.15
1.961031557	0.060114719373512	0.15
2.039242563	0.0691935382238285	0.23
2.045755957	0.0900301925979194	0.23
2.04617014	0.095459257747099	0.23
2.049316864	0.0663313428731508	0.24
2.057670659	0.0651759117466164	0.25
2.058434493	0.0651759117466164	0.25
2.058810915	0.0663313428731508	0.25
2.067556414	0.0651759117466164	0.26
2.077371996	0.0651759117466164	0.27
2.07768814	0.0651759117466164	0.27
2.077935092	0.0651759117466164	0.27
2.079378601	0.0663313428731508	0.27
2.116340052	0.0867413585426346	0.3
2.117539144	0.0926652738928294	0.3
2.122322709	0.0644277304500179	0.31
2.201956234	0.0636965315714321	0.39
2.21647999	0.0900301925979194	0.4
2.22607531	0.0815293422017676	0.41
2.230993963	0.0875408327626431	0.41
2.244892022	0.111507726579364	0.43
2.268175967	0.142831437841109	0.41
2.273953022	0.12473567168876	0.4
2.279085054	0.149579591712505	0.4
2.283420782	0.126892259420994	0.39
2.287430653	0.149579591712505	0.39
2.36737444	0.151335718189618	0.31
2.396315913	0.186678464388407	0.3
2.401471639	0.186678464388407	0.3
2.57811595	0.186678464388407	0.16
2.634889835	0.175817967718085	0.11
2.63880046	0.186678464388407	0.1
2.669724846	0.179294948303272	0.08
2.67074212	0.179294948303272	0.08
2.670831293	0.179294948303272	0.08
2.671193019	0.179294948303272	0.08
2.671193179	0.179294948303272	0.08
2.671237545	0.179294948303272	0.08
2.671237705	0.179294948303272	0.08
2.671599486	0.179294948303272	0.08
2.671599646	0.179294948303272	0.08
2.672323822	0.181085524261715	0.07
2.672686057	0.181085524261715	0.07
2.67300408	0.181085524261715	0.07
2.673366554	0.181085524261715	0.07
2.674201502	0.181085524261715	0.07
2.674498542	0.181085524261715	0.07
2.674640938	0.181085524261715	0.07
2.674817434	0.179294948303272	0.07
2.67498819	0.179294948303272	0.07
2.675753192	0.179294948303272	0.07
2.67595059	0.179294948303272	0.07
2.677404052	0.179294948303272	0.07
2.679587204	0.179294948303272	0.07
2.68050645	0.179294948303272	0.07
2.692790444	0.179294948303272	0.06
2.716197088	0.184776155194894	0.05
2.720992773	0.181085524261715	0.06
2.721223607	0.181085524261715	0.06
2.721339166	0.181085524261715	0.06
2.721714851	0.181085524261715	0.06
2.721753239	0.181085524261715	0.06
2.722090639	0.181085524261715	0.06
2.72212898	0.181085524261715	0.06
2.722504826	0.181085524261715	0.06
2.725138453	0.179294948303272	0.06
2.727362573	0.179294948303272	0.06
2.728042156	0.179294948303272	0.06
2.728457177	0.179294948303272	0.06
2.730687704	0.182912225102273	0.06
2.733911556	0.175817967718085	0.07
2.734951629	0.175817967718085	0.07
2.741703646	0.175817967718085	0.08
2.742221604	0.175817967718085	0.08
2.744776734	0.175817967718085	0.08
2.758261585	0.175817967718085	0.09
2.767264537	0.172473276528356	0.1
2.784781798	0.161706439728047	0.12
2.795646082	0.161706439728047	0.13
2.857457722	0.161706439728047	0.19
2.870516676	0.164643018063935	0.2
2.874914635	0.161706439728047	0.21
2.884109016	0.158872779557712	0.22
2.885327778	0.158872779557712	0.22
2.893176138	0.156136720275743	0.23
3.091199805	0.149952464918469	0.42
3.116410384	0.159747571424409	0.45
3.116832706	0.159747571424409	0.45
3.194633906	0.221370803206522	0.52
3.479484296	0.195843223374245	0.76
3.560201153	0.195843223374245	0.840000000000001
3.561648443	0.191886635218982	0.850000000000001
3.563861522	0.191886635218982	0.850000000000001
3.565454716	0.191886635218982	0.850000000000001
3.566965252	0.195843223374245	0.850000000000001
3.567214517	0.195843223374245	0.850000000000001
3.568359469	0.195843223374245	0.850000000000001
3.571210711	0.191886635218982	0.860000000000001
3.571812505	0.191886635218982	0.860000000000001
3.572123566	0.191886635218982	0.860000000000001
3.575584373	0.191886635218982	0.860000000000001
3.579984214	0.195843223374245	0.860000000000001
3.629519691	0.211516828732842	0.910000000000001
3.6300627	0.211516828732842	0.910000000000001
3.630972932	0.211516828732842	0.910000000000001
3.631023885	0.214805577922871	0.910000000000001
3.631169027	0.214805577922871	0.910000000000001
3.631970124	0.230965747738051	0.910000000000001
3.707141358	0.260726214875172	0.940000000000001
3.778072999	0.255407453332242	1.02
3.82876748	0.285940199644328	1.04
3.963711323	0.288930250030611	1.11
4.078052931	0.288930250030611	1.23
4.452121847	0.35197111619943	1.34
4.45272527	0.35197111619943	1.34
4.453328856	0.35197111619943	1.34
4.453932605	0.35197111619943	1.34
4.459832487	0.35197111619943	1.35
4.464002998	0.35197111619943	1.35
4.475601202	0.35197111619943	1.36
4.478685952	0.35197111619943	1.37
4.480518943	0.35197111619943	1.37
4.492707945	0.35197111619943	1.38
4.536342962	0.35197111619943	1.42
4.536969429	0.35197111619943	1.43
4.537444354	0.35197111619943	1.43
4.537596069	0.35197111619943	1.43
4.550359745	0.35197111619943	1.44
4.773228095	0.355688803592534	1.46
4.848628454	0.355688803592534	1.39
4.895921957	0.355688803592534	1.35
5.341769851	0.355688803592534	1.79
5.342582978	0.355688803592534	1.79
5.343129076	0.355688803592534	1.79
5.343307119	0.355688803592534	1.79
5.443653327	0.355688803592534	1.89
6.232084175	0.279369497161823	2.60999999999999
6.244676548	0.279369497161823	2.61999999999999
7	0.32418608456255	2.54999999999999
