thrs	post_p	finalwindow
0	0.164055940561976	0.23
0.070216248	0.143073265728604	0.18
0.082355146	0.143073265728604	0.17
0.089689176	0.134473705062585	0.17
0.103967892	0.132876371815608	0.16
0.115659216	0.12830422291352	0.16
0.127695348	0.103105916460132	0.17
0.128068503	0.103105916460132	0.17
0.129730945	0.107664187472067	0.17
0.130460633	0.106060098920423	0.17
0.148427326	0.103105916460132	0.15
0.148447444	0.110163410083448	0.15
0.148782099	0.108484565974828	0.15
0.155752372	0.114905297048744	0.15
0.161204767	0.105275846588048	0.14
0.172569069	0.0995350215816676	0.13
0.178062567	0.103105916460132	0.12
0.178140913	0.103105916460132	0.12
0.178189211	0.103105916460132	0.12
0.178358463	0.103105916460132	0.12
0.181486006	0.105275846588048	0.12
0.181486035	0.105275846588048	0.12
0.191788381	0.106060098920423	0.11
0.194681585	0.117110702635154	0.11
0.205298456	0.118628614726506	0.1
0.206482242	0.118628614726506	0.1
0.22265244	0.0864237764516732	0.08
0.222656148	0.0864237764516732	0.08
0.222686318	0.0864237764516732	0.08
0.222716495	0.0864237764516732	0.08
0.222812147	0.0929562883655226	0.08
0.222924291	0.105745000004278	0.08
0.223196808	0.104298955623493	0.08
0.226728961	0.103590663520418	0.08
0.226867021	0.103590663520418	0.08
0.226957829	0.103590663520418	0.08
0.227177477	0.103590663520418	0.08
0.227432153	0.0559263914996748	0.07
0.230426372	0.0613046111778885	0.07
0.241897099	0.0792313024520823	0.07
0.24235868	0.0792313024520823	0.07
0.242615688	0.0350465480799254	0.06
0.242875367	0.0597606556219622	0.06
0.249436037	0.0568948633531594	0.06
0.256228734	0.0607811707675517	0.05
0.256650521	0.0623790128610433	0.05
0.263775407	0.0711017289976923	0.04
0.272151172	0.0587738434780624	0.05
0.287097646	0.0670816010474325	0.05
0.295749179	0.0703985772057839	0.05
0.296044019	0.0703985772057839	0.05
0.296839561	0.0703985772057839	0.05
0.296874128	0.0703985772057839	0.05
0.296879772	0.0703985772057839	0.05
0.29691506	0.0703985772057839	0.05
0.296919994	0.0703985772057839	0.05
0.296960227	0.0703985772057839	0.05
0.297207868	0.0703985772057839	0.05
0.29723727	0.0703985772057839	0.05
0.297242165	0.0703985772057839	0.05
0.297345093	0.0703985772057839	0.05
0.29736316	0.0703985772057839	0.05
0.297631463	0.0703985772057839	0.05
0.298432807	0.0703985772057839	0.05
0.29855614	0.0703985772057839	0.05
0.298682719	0.0703985772057839	0.05
0.29926506	0.0703985772057839	0.05
0.299931082	0.0711017289976923	0.05
0.301159527	0.0711017289976923	0.05
0.302397905	0.0703985772057839	0.05
0.302406093	0.0703985772057839	0.05
0.30240618	0.0703985772057839	0.05
0.302443572	0.0703985772057839	0.05
0.302452098	0.0703985772057839	0.05
0.302453753	0.0703985772057839	0.05
0.302493847	0.0703985772057839	0.05
0.302531356	0.0703985772057839	0.05
0.302757814	0.0703985772057839	0.05
0.302844832	0.0703985772057839	0.05
0.303037639	0.0703985772057839	0.05
0.303062807	0.0703985772057839	0.05
0.304168238	0.0703985772057839	0.05
0.308759935	0.067719752594584	0.05
0.320290117	0.0703985772057839	0.04
0.322066605	0.0697091966906196	0.04
0.322435043	0.0697091966906196	0.04
0.322591403	0.0697091966906196	0.04
0.323097253	0.0697091966906196	0.04
0.324596864	0.0670816010474325	0.04
0.333944256	0.0629304607180486	0.04
0.334029253	0.0629304607180486	0.04
0.338071632	0.067719752594584	0.05
0.340262381	0.0671607114810529	0.05
0.343625259	0.0671607114810529	0.05
0.351815198	0.0655376298181128	0.06
0.356206548	0.0660698695326045	0.06
0.356351443	0.0660698695326045	0.06
0.356490553	0.0660698695326045	0.06
0.357959666	0.06399114742265	0.07
0.360733393	0.06399114742265	0.07
0.363236679	0.06399114742265	0.07
0.363936107	0.06399114742265	0.07
0.366130409	0.0660698695326045	0.07
0.367161303	0.109059882950469	0.08
0.367663989	0.108167560551775	0.08
0.37384574	0.115339707961752	0.08
0.381649088	0.118409365511149	0.07
0.382008897	0.11775645364521	0.07
0.386863037	0.105470820328603	0.06
0.386909127	0.122817781852174	0.06
0.387745392	0.121276025718151	0.06
0.389222512	0.116874576062295	0.06
0.395214438	0.128127872610128	0.06
0.398731854	0.122817781852174	0.05
0.415094538	0.147448457648972	0.04
0.415772448	0.094013959945986	0.03
0.438815006	0.152154846737862	0.01
0.440316292	0.159722428658763	0.01
0.441698853	0.159722428658763	0.01
0.441750067	0.158477892039749	0.01
0.444236336	0.149778054799921	0.01
0.444499874	0.14587180565492	0.01
0.444770984	0.143073265728604	0.01
0.445049535	0.143073265728604	0.01
0.445117302	0.154075913152581	0.01
0.445156208	0.154075913152581	0.01
0.445185067	0.154075913152581	0.01
0.445185068	0.154075913152581	0.01
0.44525283	0.154075913152581	0.01
0.445252832	0.154075913152581	0.01
0.445252833	0.154075913152581	0.01
0.445252835	0.154075913152581	0.01
0.44531318	0.154075913152581	0.01
0.445313187	0.154075913152581	0.01
0.445313188	0.154075913152581	0.01
0.44531319	0.154075913152581	0.01
0.445373562	0.154075913152581	0.01
0.445433949	0.154075913152581	0.01
0.445494353	0.154075913152581	0.01
0.445554774	0.154075913152581	0.01
0.445578303	0.154075913152581	0.01
0.445615211	0.154075913152581	0.01
0.445653547	0.154075913152581	0.01
0.445675664	0.15310935426679	0.01
0.445736134	0.15310935426679	0.01
0.445849774	0.163778794993683	0.01
0.445857123	0.163778794993683	0.01
0.445970843	0.163778794993683	0.01
0.445978177	0.163778794993683	0.01
0.446038729	0.163778794993683	0.01
0.446319857	0.161774655770163	0.01
0.446351359	0.161774655770163	0.01
0.446395102	0.161774655770163	0.01
0.446465528	0.159818972366854	0.01
0.446772341	0.159818972366854	0.01
0.446888185	0.156972526214655	0.01
0.447533088	0.156972526214655	0.01
0.447542535	0.156972526214655	0.01
0.447876705	0.156972526214655	0.01
0.448701687	0.16227107814365	0.01
0.449051315	0.163201134678343	0.01
0.449552291	0.159543442308661	0.01
0.449715173	0.159543442308661	0.01
0.451750007	0.160442408135657	0.01
0.452986292	0.1556039461248	0.01
0.453117722	0.1556039461248	0.01
0.453312195	0.154727094126758	0.01
0.453670383	0.154727094126758	0.01
0.45367678	0.154727094126758	0.01
0.453739439	0.154727094126758	0.01
0.453864814	0.154727094126758	0.01
0.453952078	0.154727094126758	0.01
0.453977538	0.154727094126758	0.01
0.453990257	0.154727094126758	0.01
0.454053004	0.154727094126758	0.01
0.454131662	0.154727094126758	0.01
0.454228692	0.154727094126758	0.01
0.454278877	0.156490793159779	0.01
0.454291524	0.156490793159779	0.01
0.454423548	0.156490793159779	0.01
0.454543029	0.158295163809394	0.01
0.454637485	0.158295163809394	0.01
0.455078808	0.164951915701832	0.01
0.455665947	0.153522104852545	0.02
0.455755613	0.153522104852545	0.02
0.456133439	0.153522104852545	0.02
0.456159276	0.153522104852545	0.02
0.456455968	0.153522104852545	0.02
0.456880284	0.153522104852545	0.02
0.457901934	0.150281095292703	0.02
0.458022431	0.150281095292703	0.02
0.458619789	0.14793874103807	0.02
0.458664131	0.14793874103807	0.02
0.459124851	0.147174098673422	0.02
0.460382332	0.147174098673422	0.02
0.46331093	0.143412940639811	0.02
0.472596627	0.132993390294672	0.03
0.474072423	0.132993390294672	0.03
0.47699163	0.128567549487671	0.04
0.477096915	0.128567549487671	0.04
0.478409458	0.128567549487671	0.04
0.478419311	0.128567549487671	0.04
0.478888149	0.125176375730699	0.04
0.479732593	0.125176375730699	0.04
0.479936634	0.125176375730699	0.04
0.483511101	0.122875637098501	0.04
0.483671852	0.122875637098501	0.04
0.483988273	0.122875637098501	0.04
0.484458594	0.123985336684712	0.04
0.484927676	0.126265972633258	0.04
0.485802156	0.140478022202179	0.04
0.485999254	0.137986376751453	0.04
0.486776039	0.113751830601907	0.04
0.489107131	0.09669574552491	0.04
0.490830832	0.0796544369453134	0.04
0.499369323	0.0930752782821886	0.05
0.508934563	0.0833645022126071	0.06
0.514553924	0.0697091966906196	0.06
0.514645345	0.0711017289976923	0.06
0.51473946	0.0711017289976923	0.06
0.514839037	0.0711017289976923	0.06
0.51502476	0.0711017289976923	0.06
0.51682809	0.0973569708328508	0.07
0.518492841	0.0797964879000254	0.07
0.518564452	0.0797964879000254	0.07
0.529143364	0.0183177178885569	0.07
0.534308248	0.018484191311582	0.07
0.534380672	0.0183177178885569	0.07
0.534453117	0.0183177178885569	0.07
0.534888196	0.0359764296874613	0.07
0.536755919	0.0199334503197717	0.06
0.543234343	0.0373643611014442	0.07
0.544416783	0.0376409605680487	0.07
0.546060858	0.0453649581312335	0.06
0.556645891	0.0479307352994221	0.05
0.556807604	0.0479307352994221	0.05
0.55802857	0.0470438248103937	0.05
0.559788571	0.0470438248103937	0.05
0.562444529	0.0470438248103937	0.05
0.568776608	0.0466125652771675	0.06
0.572491616	0.0466125652771675	0.06
0.574371638	0.0466125652771675	0.06
0.579525048	0.0498088120957636	0.06
0.586308239	0.0483868504791934	0.06
0.59079165	0.0461891407920541	0.06
0.591819223	0.0461891407920541	0.06
0.593402747	0.0461891407920541	0.06
0.593673806	0.0461891407920541	0.06
0.593673808	0.0461891407920541	0.06
0.593754278	0.0461891407920541	0.06
0.593824895	0.0461891407920541	0.06
0.593915284	0.0461891407920541	0.06
0.594152812	0.0461891407920541	0.06
0.595015574	0.0390877469770643	0.06
0.595887104	0.0390877469770643	0.06
0.596219211	0.0390877469770643	0.06
0.596894832	0.0398536644673552	0.06
0.602148457	0.0390877469770643	0.06
0.602674298	0.0390877469770643	0.06
0.604317115	0.0394669901210367	0.06
0.604813246	0.0607811707675517	0.07
0.604905308	0.0613046111778885	0.07
0.60490531	0.0613046111778885	0.07
0.604905312	0.0613046111778885	0.07
0.604988853	0.0613046111778885	0.07
0.605716504	0.0613046111778885	0.07
0.605724938	0.0613046111778885	0.07
0.606051871	0.0613046111778885	0.07
0.60631275	0.0613046111778885	0.07
0.606824709	0.0623790128610433	0.07
0.607971158	0.0394669901210367	0.06
0.608756287	0.0394669901210367	0.06
0.630942519	0.0690331868083987	0.06
0.635412418	0.0690331868083987	0.06
0.636066531	0.0690331868083987	0.06
0.63624959	0.0690331868083987	0.06
0.636422142	0.0690331868083987	0.06
0.637260654	0.0690331868083987	0.06
0.641599528	0.0690331868083987	0.06
0.644129804	0.0690331868083987	0.06
0.64559646	0.0690331868083987	0.06
0.646569798	0.0697091966906196	0.06
0.648110758	0.0697091966906196	0.06
0.648827538	0.0697091966906196	0.06
0.65703705	0.0725510306521485	0.07
0.659386285	0.071279717186003	0.07
0.667472678	0.0700521909484672	0.08
0.667879263	0.0700521909484672	0.08
0.667969788	0.0700521909484672	0.08
0.669490645	0.0700521909484672	0.08
0.671132308	0.0700521909484672	0.08
0.678915807	0.0625159667921077	0.09
0.680589305	0.0625159667921077	0.09
0.68060848	0.0625159667921077	0.09
0.680786967	0.0625159667921077	0.09
0.690723937	0.078882109293266	0.09
0.692614054	0.0796544369453134	0.09
0.697379755	0.0773815300978266	0.1
0.712354258	0.0766524479918422	0.11
0.712401774	0.0766524479918422	0.11
0.715679053	0.0706606232799991	0.12
0.725869057	0.0694541471340519	0.13
0.725979546	0.071279717186003	0.13
0.726772429	0.0719097553780006	0.13
0.72717465	0.073868516801667	0.13
0.735438378	0.0650138967145042	0.14
0.744518666	0.0660698695326045	0.14
0.7500464	0.0470438248103937	0.14
0.75180067	0.0735223732344895	0.14
0.756100951	0.0767924864798022	0.14
0.762884543	0.073677382506041	0.13
0.763284143	0.0747579544004537	0.13
0.763387603	0.0771369665581059	0.13
0.765321243	0.077357794903158	0.13
0.766651587	0.0775480851592547	0.13
0.7676628	0.077565972879307	0.13
0.772264397	0.0761739782209778	0.12
0.778829055	0.078882109293266	0.12
0.779184816	0.078882109293266	0.12
0.786383987	0.0746430748025337	0.11
0.794958533	0.0774868184186617	0.1
0.812482547	0.0707942923648054	0.08
0.828284953	0.0764466554781543	0.07
0.849686346	0.0755452336027473	0.05
0.861362559	0.072810754726875	0.03
0.861783488	0.0760014668382786	0.03
0.866065884	0.0795346344119415	0.03
0.870144812	0.074926783405869	0.03
0.874413626	0.0827713878264063	0.02
0.875213305	0.0807491241518657	0.02
0.875954975	0.0800160198693397	0.02
0.882218863	0.0760014668382786	0.01
0.88244613	0.0752347375681778	0.01
0.882485476	0.0752347375681778	0.01
0.883236842	0.0786279842301621	0.01
0.884296127	0.0846258197807435	0.01
0.885048106	0.0827713878264063	0.01
0.886381245	0.0820012794332559	0.01
0.887670141	0.0808863608777443	0.01
0.888863234	0.0801777792387742	0.01
0.889576687	0.0787972186174689	0.01
0.889857915	0.0787972186174689	0.01
0.890068113	0.0776825552842485	0.01
0.890218543	0.0774633962606347	0.01
0.890218544	0.0774633962606347	0.01
0.890228158	0.0774633962606347	0.01
0.890354074	0.0774633962606347	0.01
0.890354075	0.0774633962606347	0.01
0.890407894	0.0774633962606347	0.01
0.890419078	0.0774633962606347	0.01
0.890459913	0.0774633962606347	0.01
0.890474761	0.0774633962606347	0.01
0.890489605	0.0774633962606347	0.01
0.890489606	0.0774633962606347	0.01
0.890595481	0.0774633962606347	0.01
0.89061031	0.0774633962606347	0.01
0.890610311	0.0774633962606347	0.01
0.89068659	0.0774633962606347	0.01
0.890701414	0.0770287671643045	0.01
0.890716233	0.0770287671643045	0.01
0.890731048	0.0770287671643045	0.01
0.890731049	0.0770287671643045	0.01
0.890822213	0.0770287671643045	0.01
0.890837018	0.0770287671643045	0.01
0.890851819	0.0770287671643045	0.01
0.890957836	0.0770287671643045	0.01
0.890972622	0.0770287671643045	0.01
0.890972623	0.0770287671643045	0.01
0.891093459	0.0770287671643045	0.01
0.89119957	0.0770287671643045	0.01
0.891244043	0.0770287671643045	0.01
0.891246709	0.0770287671643045	0.01
0.891320486	0.0770287671643045	0.01
0.89133523	0.0770287671643045	0.01
0.891382479	0.0770287671643045	0.01
0.891441435	0.0770287671643045	0.01
0.891456164	0.0770287671643045	0.01
0.891577132	0.0770287671643045	0.01
0.891686849	0.0770287671643045	0.01
0.891698132	0.0770287671643045	0.01
0.891793338	0.0770287671643045	0.01
0.892012117	0.0765989880612959	0.01
0.89206133	0.0765989880612959	0.01
0.892182462	0.0763858919587806	0.01
0.89229733	0.0759632370345781	0.01
0.892307805	0.0759632370345781	0.01
0.892546055	0.0765989880612959	0.01
0.892568748	0.0765989880612959	0.01
0.892793389	0.0765989880612959	0.01
0.892952212	0.0761739782209778	0.01
0.893016766	0.0761739782209778	0.01
0.89308003	0.0761739782209778	0.01
0.893172464	0.0759632370345781	0.01
0.893352088	0.0761739782209778	0.01
0.89420355	0.0753379522662498	0.01
0.894332391	0.0755452336027473	0.01
0.894482721	0.0755452336027473	0.01
0.894511483	0.0753379522662498	0.01
0.894690708	0.0753379522662498	0.01
0.894906463	0.0753379522662498	0.01
0.895086463	0.0757536586945693	0.01
0.895300675	0.0757536586945693	0.01
0.895524497	0.0809110181789259	0.01
0.895638516	0.0809110181789259	0.01
0.896329745	0.0793864144423828	0.01
0.896396617	0.0796006877598432	0.01
0.89685771	0.0789613100286646	0.01
0.89693811	0.0789613100286646	0.01
0.897131294	0.0808149396150088	0.01
0.897197773	0.0797585581298388	0.01
0.897282137	0.0812453691802882	0.01
0.897316929	0.0808417078030738	0.01
0.89799116	0.0757014446772004	0.01
0.898485328	0.073868516801667	0.01
0.899310528	0.0719804478133647	0.01
0.899325427	0.0719804478133647	0.01
0.899413875	0.0753814958603922	0.01
0.899974537	0.0740809275735878	0.01
0.900031532	0.0739391849203427	0.01
0.900113547	0.0742232147166996	0.01
0.900690942	0.0721222504798754	0.01
0.901947653	0.0597606556219622	0.01
0.902162268	0.0606517043522048	0.01
0.902291602	0.0608786338798891	0.01
0.902919093	0.05562050885211	0.01
0.902932441	0.05562050885211	0.01
0.903166806	0.0570773376933789	0.01
0.903685884	0.0494732991410268	0.01
0.903876527	0.0492888488775907	0.01
0.904039961	0.0489240439042747	0.01
0.904508173	0.0458421192748048	0.01
0.905424433	0.0467196371883458	0.01
0.906154318	0.0470801235923565	0.01
0.906197141	0.0467196371883458	0.01
0.906210372	0.0467196371883458	0.01
0.906786831	0.0472624609951509	0.01
0.906983581	0.04857947074234	0.01
0.907060652	0.04857947074234	0.01
0.90712089	0.04857947074234	0.01
0.907185931	0.0489693489338045	0.01
0.907198748	0.0493655357490249	0.01
0.907199842	0.0493655357490249	0.01
0.907298438	0.0454386664460086	0.01
0.907311244	0.0454386664460086	0.01
0.907324045	0.0461891407920541	0.01
0.907336843	0.0461891407920541	0.01
0.907336844	0.0461891407920541	0.01
0.907449378	0.0461891407920541	0.01
0.90746216	0.0461891407920541	0.01
0.907536422	0.0461891407920541	0.01
0.9075492	0.0461891407920541	0.01
0.907574745	0.0461891407920541	0.01
0.907587512	0.0461891407920541	0.01
0.907712898	0.0461891407920541	0.01
0.907951053	0.0461891407920541	0.01
0.907963774	0.0456239894084417	0.01
0.908076559	0.0458108302521079	0.01
0.908089264	0.0458108302521079	0.01
0.908189407	0.0458108302521079	0.01
0.908214789	0.0458108302521079	0.01
0.908289632	0.0458108302521079	0.01
0.908453284	0.0458108302521079	0.01
0.908566283	0.0459992077019197	0.01
0.908578929	0.0459992077019197	0.01
0.908691978	0.0459992077019197	0.01
0.908816452	0.0459992077019197	0.01
0.908943472	0.0456239894084417	0.01
0.908956071	0.0456239894084417	0.01
0.909270732	0.0454386664460086	0.01
0.909346075	0.0463806488723639	0.01
0.909409249	0.0463806488723639	0.01
0.909434338	0.0465737516149493	0.01
0.909446878	0.0465737516149493	0.01
0.909620416	0.0465737516149493	0.01
0.909642167	0.0465737516149493	0.01
0.909838426	0.0461891407920541	0.01
0.909896599	0.0461891407920541	0.01
0.909925885	0.0461891407920541	0.01
0.910014581	0.0465737516149493	0.01
0.910204731	0.0473625143107285	0.01
0.910467776	0.0473625143107285	0.01
0.911049792	0.0477669999528082	0.01
0.91113001	0.0477669999528082	0.01
0.911383512	0.0477669999528082	0.01
0.911404622	0.0477669999528082	0.01
0.911518912	0.0477669999528082	0.01
0.911747931	0.0477669999528082	0.01
0.912015459	0.0479718446773594	0.01
0.912488931	0.0481784538871815	0.01
0.912630246	0.0481784538871815	0.01
0.912707801	0.0481784538871815	0.01
0.912776305	0.0475638972060349	0.01
0.912811242	0.0597606556219622	0.01
0.913244462	0.0605227883022285	0.01
0.913630289	0.0597606556219622	0.01
0.913751419	0.0600125581591856	0.01
0.914018042	0.0605227883022285	0.01
0.914696902	0.0671607114810529	0.01
0.914870556	0.0671607114810529	0.01
0.914983658	0.0671607114810529	0.01
0.916163647	0.0597606556219622	0.01
0.917957453	0.0650138967145042	0.01
0.918456927	0.06349174544115	0.01
0.918816837	0.0697091966906196	0.01
0.918837351	0.0697091966906196	0.01
0.919120121	0.0630543313537538	0.02
0.919655338	0.0643850360745407	0.02
0.919822583	0.0643850360745407	0.02
0.921783065	0.0657731183394066	0.02
0.922071236	0.0662492090469483	0.02
0.922455062	0.067222370938948	0.02
0.922763582	0.067222370938948	0.02
0.922787758	0.067222370938948	0.02
0.923268187	0.067222370938948	0.02
0.923473233	0.067222370938948	0.02
0.924160807	0.0682245494184807	0.02
0.924412009	0.0682245494184807	0.02
0.924507726	0.0682245494184807	0.02
0.924627878	0.0684797805319241	0.02
0.925553967	0.0613376257113842	0.02
0.926193857	0.0620392389564191	0.02
0.927872541	0.0695729376084799	0.02
0.929379518	0.0787972186174689	0.02
0.93064775	0.0603517503109669	0.03
0.933174706	0.0615697268599733	0.03
0.934071327	0.0624093951864438	0.03
0.934700606	0.062197338313545	0.03
0.93534835	0.062197338313545	0.03
0.938446291	0.0502463251808626	0.03
0.938770844	0.0528579937609935	0.03
0.941112169	0.0500891909342614	0.03
0.942896738	0.0592631418926858	0.03
0.948845214	0.0646448974424832	0.03
0.950306111	0.0664553643593523	0.03
0.951999424	0.0664553643593523	0.03
0.953473419	0.0714187697227223	0.04
0.954191796	0.0737197712654945	0.04
0.955603107	0.0755452336027473	0.04
0.955985355	0.0755452336027473	0.04
0.956018846	0.0755452336027473	0.04
0.956296714	0.0768132764516457	0.04
0.956549025	0.0768132764516457	0.04
0.956793172	0.0768132764516457	0.04
0.957077957	0.0768132764516457	0.04
0.957486775	0.0768132764516457	0.04
0.958321379	0.0787972186174689	0.04
0.959642592	0.0816075785556893	0.04
0.959665139	0.082341773318642	0.04
0.960819071	0.0830892985971405	0.04
0.960911853	0.0830892985971405	0.04
0.964458654	0.0737197712654945	0.05
0.966290332	0.0768132764516457	0.05
0.966980912	0.0768132764516457	0.05
0.966986309	0.0768132764516457	0.05
0.967144414	0.0768132764516457	0.05
0.967297226	0.0768132764516457	0.05
0.967302572	0.0768132764516457	0.05
0.967460779	0.0768132764516457	0.05
0.96746078	0.0768132764516457	0.05
0.967608447	0.0768132764516457	0.05
0.96761904	0.0768132764516457	0.05
0.967925221	0.0768132764516457	0.05
0.967935716	0.0768132764516457	0.05
0.968083686	0.0787972186174689	0.05
0.969666194	0.082341773318642	0.05
0.970442597	0.082341773318642	0.05
0.973457204	0.06349174544115	0.06
0.973766743	0.062622902988218	0.06
0.974203145	0.062622902988218	0.06
0.978183481	0.0643850360745407	0.06
0.981915796	0.065303821527513	0.06
0.9860103	0.0341635245719227	0.06
1.019804062	0.0186537183434797	0.07
1.027349785	0.0181542163060498	0.08
1.029271857	0.0183177178885569	0.08
1.030392053	0.0186537183434797	0.08
1.030958443	0.0186537183434797	0.08
1.031531241	0.0186537183434797	0.08
1.031720423	0.0186537183434797	0.08
1.0327094	0.0188263837801119	0.08
1.033463082	0.0173786197371698	0.08
1.034014818	0.0175283916712374	0.08
1.034376329	0.0173786197371698	0.08
1.035677928	0.0175283916712374	0.08
1.036124234	0.0179936076892937	0.08
1.038905957	0.0186537183434797	0.08
1.039046839	0.0186537183434797	0.08
1.043349328	0.0201307450178935	0.08
1.049025044	0.017231385581656	0.09
1.054783865	0.0188263837801119	0.09
1.057424783	0.0169442769000799	0.1
1.058571278	0.017231385581656	0.1
1.067971123	0.0168042807613089	0.11
1.068277144	0.0168042807613089	0.11
1.06860264	0.0169442769000799	0.11
1.070020858	0.0173786197371698	0.11
1.076612069	0.018484191311582	0.11
1.088407982	0.0304928115456783	0.12
1.088762574	0.0304928115456783	0.12
1.091073782	0.0277220181559228	0.12
1.112743253	0.010067060787927	0.1
1.113082372	0.010067060787927	0.1
1.113233383	0.010067060787927	0.1
1.11414031	0.010067060787927	0.1
1.116382888	0.010067060787927	0.1
1.125633627	0.010067060787927	0.1
1.127882011	0.00987161603049026	0.1
1.133642817	0.00977671210735895	0.11
1.134317617	0.00977671210735895	0.11
1.136767134	0.00941466845860183	0.11
1.162829766	0.00977671210735895	0.13
1.183360064	0.00891923322843274	0.15
1.187305519	0.0429387114830885	0.15
1.18762744	0.0429387114830885	0.15
1.192075895	0.0432430219411648	0.15
1.192725439	0.0432430219411648	0.15
1.208769953	0.0483868504791934	0.13
1.209215802	0.0483868504791934	0.13
1.209751115	0.0483868504791934	0.13
1.210085375	0.0480061563984706	0.13
1.210771389	0.0480061563984706	0.13
1.21086869	0.0480061563984706	0.13
1.225416562	0.04916664423201	0.12
1.226416878	0.04916664423201	0.12
1.226767373	0.04916664423201	0.12
1.245566855	0.0603517503109669	0.1
1.246668032	0.0603517503109669	0.1
1.248955951	0.0591810271824038	0.1
1.252855937	0.0591810271824038	0.1
1.268447511	0.0603517503109669	0.09
1.270604589	0.0603517503109669	0.09
1.275739262	0.06349174544115	0.09
1.278899002	0.0554184392095581	0.09
1.289511656	0.0586125345581029	0.08
1.293113698	0.0613046111778885	0.09
1.297280078	0.0774633962606347	0.09
1.302603198	0.0697091966906196	0.08
1.325958837	0.0913855771781856	0.09
1.33510162	0.0913855771781856	0.09
1.335485912	0.0913855771781856	0.09
1.335508208	0.0913855771781856	0.09
1.335711503	0.0895963780285302	0.1
1.335892556	0.0895963780285302	0.1
1.33625481	0.0895963780285302	0.1
1.336413828	0.0895963780285302	0.1
1.336595099	0.0878758934757495	0.1
1.336979907	0.0878758934757495	0.1
1.337117106	0.0878758934757495	0.1
1.337161305	0.0878758934757495	0.1
1.337777279	0.0878758934757495	0.1
1.337887386	0.0878758934757495	0.1
1.338686534	0.0878758934757495	0.1
1.340005107	0.0878758934757495	0.1
1.343443085	0.0878758934757495	0.1
1.346883901	0.0913855771781856	0.1
1.360774481	0.109470369245034	0.11
1.360981621	0.109470369245034	0.11
1.36116959	0.109470369245034	0.11
1.36135761	0.109470369245034	0.11
1.361545683	0.109470369245034	0.11
1.361952473	0.109470369245034	0.11
1.362279458	0.109470369245034	0.11
1.365659238	0.10973884642742	0.12
1.368077892	0.111748654221715	0.12
1.368578346	0.107800054490731	0.12
1.369020462	0.10973884642742	0.12
1.369707356	0.10973884642742	0.12
1.373967278	0.112781419662894	0.12
1.377274175	0.117110702635154	0.11
1.377544294	0.117110702635154	0.11
1.379222918	0.113833452518502	0.11
1.384187356	0.111748654221715	0.11
1.430594094	0.107800054490731	0.1
1.436494579	0.107800054490731	0.11
1.450928234	0.102374028586206	0.12
1.454856842	0.102374028586206	0.12
1.484117024	0.101522354733052	0.15
1.485393153	0.102374028586206	0.15
1.485917469	0.0982528011974674	0.16
1.488337206	0.101522354733052	0.16
1.494140559	0.100684734518381	0.16
1.511734415	0.100684734518381	0.18
1.512194724	0.100684734518381	0.18
1.512403577	0.100684734518381	0.18
1.512821455	0.100684734518381	0.18
1.513239565	0.100684734518381	0.18
1.515375804	0.101522354733052	0.18
1.516740221	0.100684734518381	0.19
1.517647523	0.0998608229359061	0.19
1.523536021	0.0998608229359061	0.19
1.558531046	0.153027070333832	0.23
1.561070241	0.123013262008025	0.22
1.56916589	0.160141629342172	0.22
1.611568792	0.15310935426679	0.17
1.652341299	0.163119837183008	0.14
1.707257935	0.215792683561051	0.08
1.718627381	0.208112525212158	0.07
1.730827961	0.1975653653297	0.06
1.75282717	0.192682775870862	0.04
1.758275756	0.215792683561051	0.03
1.77492366	0.200960259485564	0.02
1.77861633	0.230691126938448	0.01
1.780115455	0.219849329507257	0.01
1.780627841	0.219849329507257	0.01
1.780657571	0.219849329507257	0.01
1.780657572	0.219849329507257	0.01
1.780839524	0.215792683561051	0.01
1.780928629	0.215792683561051	0.01
1.78092863	0.215792683561051	0.01
1.781081012	0.215792683561051	0.01
1.781170031	0.215792683561051	0.01
1.781170032	0.215792683561051	0.01
1.781411499	0.215792683561051	0.01
1.781623424	0.215792683561051	0.01
1.781653031	0.215792683561051	0.01
1.781835463	0.215792683561051	0.01
1.781894629	0.215792683561051	0.01
1.782136293	0.211883031247323	0.01
1.782378022	0.208112525212158	0.01
1.782531315	0.208112525212158	0.01
1.782619816	0.208112525212158	0.01
1.783044725	0.208112525212158	0.01
1.783286774	0.208112525212158	0.01
1.783345594	0.208112525212158	0.01
1.78377107	0.208112525212158	0.01
1.783829774	0.208112525212158	0.01
1.783925287	0.208112525212158	0.01
1.784013316	0.208112525212158	0.01
1.784933025	0.209980853389058	0.01
1.785009515	0.209980853389058	0.01
1.785322292	0.206277151141107	0.01
1.785497332	0.206277151141107	0.01
1.785988286	0.202701838240721	0.01
1.787927091	0.19924835247631	0.01
1.788266632	0.19924835247631	0.01
1.788780487	0.200960259485564	0.01
1.788872102	0.200960259485564	0.01
1.790033715	0.1975653653297	0.01
1.790095821	0.1975653653297	0.01
1.790737455	0.209980853389058	0.01
1.79204453	0.20433096527073	0.02
1.792147241	0.20433096527073	0.02
1.794856772	0.184330993005866	0.02
1.795172249	0.178551665248317	0.02
1.795643534	0.175254807917304	0.02
1.796645824	0.169013333260392	0.02
1.796696941	0.169013333260392	0.02
1.799436111	0.167098074338827	0.02
1.808733518	0.161233673294984	0.03
1.809599251	0.161233673294984	0.03
1.812688451	0.100684734518381	0.03
1.813215031	0.103240112759143	0.03
1.813240824	0.103240112759143	0.03
1.813716026	0.0971154815423868	0.03
1.813793197	0.09796598123268	0.03
1.814069384	0.102452162589577	0.03
1.814596154	0.102452162589577	0.03
1.814621756	0.102452162589577	0.03
1.814621757	0.102452162589577	0.03
1.814846808	0.102452162589577	0.03
1.814872379	0.102452162589577	0.03
1.815123071	0.104363826399552	0.03
1.815288509	0.104363826399552	0.03
1.815322808	0.105346662668868	0.03
1.815373832	0.105346662668868	0.03
1.816101116	0.0796544369453134	0.03
1.81637757	0.0796544369453134	0.03
1.816628678	0.0796544369453134	0.03
1.817399416	0.0796544369453134	0.03
1.818036082	0.159601135995268	0.04
1.819217405	0.160413251140023	0.04
1.819395454	0.160413251140023	0.04
1.819410514	0.160413251140023	0.04
1.81989941	0.160413251140023	0.04
1.82134289	0.144926873375013	0.04
1.822065256	0.0977683925485001	0.04
1.823267442	0.101522354733052	0.04
1.824280416	0.100609272087825	0.04
1.824759677	0.100609272087825	0.04
1.824985083	0.101522354733052	0.04
1.828939845	0.154896035316281	0.05
1.829051906	0.154896035316281	0.05
1.830016016	0.154896035316281	0.05
1.835137623	0.09796598123268	0.05
1.836263396	0.0745453679010767	0.05
1.83758722	0.0745453679010767	0.05
1.842215909	0.0956463797545766	0.06
1.860714054	0.0812453691802882	0.07
1.872927722	0.080442037716542	0.08
1.877534086	0.0660698695326045	0.09
1.934242286	0.0898602784251419	0.13
1.93486401	0.0898602784251419	0.13
1.937910579	0.0882997901451835	0.13
1.938309591	0.0882997901451835	0.13
1.939501786	0.0890732001957637	0.13
1.945075766	0.101522354733052	0.14
1.947078383	0.101522354733052	0.14
1.956133657	0.101522354733052	0.15
1.959079535	0.102374028586206	0.15
1.961031557	0.0867925747431423	0.15
2.03833515	0.107231705253598	0.23
2.039242563	0.107990845434121	0.23
2.04617014	0.107231705253598	0.24
2.049316864	0.106483163581395	0.24
2.057190684	0.105745000004278	0.25
2.057670659	0.105745000004278	0.25
2.058434493	0.105745000004278	0.25
2.058810915	0.106483163581395	0.25
2.067556414	0.105745000004278	0.26
2.077371996	0.105745000004278	0.27
2.077935092	0.105745000004278	0.27
2.080200147	0.093614524534489	0.27
2.112854786	0.0929562883655226	0.3
2.114638141	0.0882997901451835	0.3
2.116340052	0.101522354733052	0.3
2.117539144	0.102891926523569	0.31
2.130868897	0.091035971949492	0.32
2.175983465	0.09669574552491	0.36
2.21647999	0.0995350215816676	0.4
2.225736601	0.094013959945986	0.41
2.22607531	0.094013959945986	0.41
2.230993963	0.0891933905060853	0.42
2.268175967	0.19924835247631	0.41
2.287430653	0.211883031247323	0.39
2.36737444	0.253163545629421	0.33
2.396315913	0.215213563777141	0.33
2.416816988	0.210324159407502	0.31
2.57811595	0.212800995536045	0.3
2.634889835	0.212800995536045	0.25
2.65353762	0.210701451575045	0.24
2.664122924	0.208642932032639	0.24
2.67074212	0.208642932032639	0.24
2.671148642	0.208642932032639	0.23
2.671193019	0.208642932032639	0.23
2.671193179	0.208642932032639	0.23
2.671237705	0.208642932032639	0.23
2.671599486	0.208642932032639	0.23
2.671599646	0.208642932032639	0.23
2.672323822	0.208642932032639	0.23
2.672686057	0.208642932032639	0.23
2.67300408	0.208642932032639	0.23
2.673366554	0.208642932032639	0.23
2.673410821	0.208642932032639	0.23
2.674201502	0.208642932032639	0.23
2.674640938	0.208642932032639	0.23
2.674817434	0.208642932032639	0.23
2.67498819	0.208642932032639	0.23
2.675753192	0.208642932032639	0.23
2.675906626	0.208642932032639	0.23
2.679543675	0.208642932032639	0.23
2.68050645	0.208642932032639	0.23
2.684222358	0.208642932032639	0.22
2.690797174	0.208642932032639	0.22
2.692790444	0.208642932032639	0.21
2.700424629	0.208642932032639	0.21
2.714352711	0.208642932032639	0.19
2.716197088	0.208642932032639	0.19
2.721339166	0.208642932032639	0.18
2.721714851	0.208642932032639	0.18
2.721753239	0.208642932032639	0.18
2.72212898	0.208642932032639	0.18
2.722504826	0.208642932032639	0.18
2.725892101	0.208642932032639	0.18
2.728042156	0.208642932032639	0.18
2.728457177	0.208642932032639	0.18
2.730687704	0.208642932032639	0.18
2.733911556	0.208642932032639	0.17
2.734951629	0.208642932032639	0.17
2.744776734	0.210701451575045	0.16
2.758261585	0.210701451575045	0.15
2.767264537	0.210701451575045	0.14
2.784781798	0.210701451575045	0.15
2.814579483	0.210701451575045	0.18
2.857457722	0.210701451575045	0.23
2.870516676	0.212800995536045	0.23
2.884109016	0.210701451575045	0.24
2.885327778	0.210701451575045	0.24
2.893176138	0.212800995536045	0.23
2.901070252	0.212800995536045	0.24
3.091199805	0.200795954368027	0.43
3.116410384	0.177439016510663	0.45
3.153761559	0.125643742276442	0.48
3.190582361	0.183665170839121	0.52
3.194633906	0.125643742276442	0.52
3.479484296	0.101522354733052	0.79
3.557717034	0.101522354733052	0.870000000000001
3.561529658	0.0995350215816676	0.880000000000001
3.561648443	0.0995350215816676	0.880000000000001
3.562131134	0.0995350215816676	0.880000000000001
3.563861522	0.0976239999936802	0.880000000000001
3.565454716	0.0995350215816676	0.880000000000001
3.567214517	0.0995350215816676	0.880000000000001
3.568359469	0.0995350215816676	0.880000000000001
3.572123566	0.122160741976592	0.880000000000001
3.572497766	0.122160741976592	0.880000000000001
3.579984214	0.09796598123268	0.880000000000001
3.62901857	0.0908085842455872	0.910000000000001
3.62939674	0.0908085842455872	0.910000000000001
3.630972932	0.0908085842455872	0.910000000000001
3.631023885	0.0908085842455872	0.910000000000001
3.631169027	0.0908085842455872	0.910000000000001
3.631970124	0.104363826399552	0.910000000000001
3.633483005	0.107368935864594	0.910000000000001
3.639968026	0.089357810069765	0.920000000000001
3.778072999	0.106348186457641	1.05
3.82876748	0.119402422657851	1.07
4.078052931	0.184330993005866	1.27
4.442577106	0.196817261704733	1.55
4.452121847	0.196817261704733	1.56
4.45272527	0.196817261704733	1.56
4.453328856	0.198740453288861	1.56
4.453932605	0.198740453288861	1.56
4.480518943	0.198740453288861	1.58
4.492707945	0.196817261704733	1.6
4.536969429	0.198740453288861	1.64
4.537444354	0.198740453288861	1.64
4.537596069	0.198740453288861	1.64
4.550359745	0.198740453288861	1.65
4.773228095	0.202701838240721	1.62
4.848628454	0.202701838240721	1.7
4.895921957	0.202701838240721	1.75
5.341769851	0.211118039480315	1.87
5.342582978	0.211118039480315	1.87
5.343129076	0.211118039480315	1.87
5.346842194	0.211118039480315	1.87
5.445157132	0.215593777422658	1.89
6.232084175	0.199856389456269	2.60999999999999
6.358499262	0.199856389456269	2.72999999999999
7	0.283399723431921	2.54999999999999
