thrs	post_p	finalwindow
0	0.091768774849609	0.23
0.03256001	0.0795066306747461	0.21
0.093809574	0.0650254601361923	0.17
0.103967892	0.0650254601361923	0.17
0.106977596	0.0650254601361923	0.17
0.113424721	0.0642453591606134	0.18
0.115659216	0.0642453591606134	0.18
0.123778241	0.112745359996223	0.18
0.127695348	0.0627399940178333	0.17
0.128068503	0.0615383802135197	0.17
0.129609166	0.107316938266142	0.17
0.129730945	0.107316938266142	0.17
0.14705261	0.111074990492781	0.16
0.148427326	0.0615383802135197	0.15
0.151339737	0.104462293769075	0.15
0.155752372	0.111903942267313	0.15
0.178113806	0.0621333780771223	0.12
0.178140913	0.0621333780771223	0.12
0.178189211	0.0621333780771223	0.12
0.181486006	0.105396816774404	0.12
0.181486035	0.105396816774404	0.12
0.194681585	0.112745359996223	0.11
0.222656148	0.078200486989729	0.08
0.222686318	0.078200486989729	0.08
0.222697977	0.0774932273929722	0.08
0.222716495	0.0774932273929722	0.08
0.222812147	0.0863435012451072	0.08
0.223196808	0.100027710292118	0.08
0.226728961	0.0983575393506197	0.08
0.226867021	0.0983575393506197	0.08
0.226923294	0.0983575393506197	0.08
0.226957829	0.0983575393506197	0.08
0.226982815	0.0983575393506197	0.08
0.227081991	0.100027710292118	0.08
0.227177477	0.100027710292118	0.08
0.227432153	0.100027710292118	0.08
0.237068117	0.0950255746255636	0.07
0.241897099	0.0950255746255636	0.07
0.24235868	0.0950255746255636	0.07
0.242875367	0.0950255746255636	0.07
0.243116147	0.09391459028081	0.06
0.249436037	0.0921195751624397	0.06
0.254481698	0.09391459028081	0.05
0.256228734	0.09391459028081	0.05
0.256259656	0.09391459028081	0.05
0.256650521	0.0930084228088946	0.05
0.259750174	0.0930084228088946	0.05
0.287097646	0.0912475554841415	0.06
0.296044019	0.0895521239926844	0.06
0.296839561	0.0863435012451072	0.06
0.296879772	0.0863435012451072	0.06
0.29691506	0.0863435012451072	0.06
0.297156652	0.0871239063750728	0.06
0.297161557	0.0871239063750728	0.06
0.297207868	0.0871239063750728	0.06
0.29723727	0.0871239063750728	0.06
0.297242165	0.0871239063750728	0.06
0.297345093	0.0871239063750728	0.06
0.297631463	0.0871239063750728	0.06
0.298033592	0.0863435012451072	0.06
0.299120783	0.0863435012451072	0.06
0.299931082	0.0863435012451072	0.06
0.301159527	0.0855769528226556	0.06
0.302397905	0.0921195751624397	0.06
0.302406093	0.0921195751624397	0.06
0.302452098	0.0921195751624397	0.06
0.302453753	0.0921195751624397	0.06
0.302493847	0.0921195751624397	0.06
0.302531356	0.0921195751624397	0.06
0.302694303	0.0921195751624397	0.06
0.302757814	0.0921195751624397	0.06
0.302844832	0.0921195751624397	0.06
0.303062807	0.0930084228088946	0.06
0.303998368	0.0887278173311345	0.06
0.306464617	0.0879185473659301	0.06
0.319078068	0.0948385887924573	0.05
0.320217262	0.0948385887924573	0.05
0.320290117	0.0948385887924573	0.05
0.322066605	0.0948385887924573	0.05
0.322435043	0.0948385887924573	0.05
0.322591403	0.0948385887924573	0.05
0.323097253	0.0948385887924573	0.05
0.323537089	0.0948385887924573	0.05
0.324596864	0.09391459028081	0.05
0.327195424	0.09391459028081	0.05
0.330254195	0.0957809498767754	0.04
0.333944256	0.0948385887924573	0.04
0.334029253	0.0948385887924573	0.04
0.338071632	0.0895521239926844	0.05
0.340262381	0.0863435012451072	0.05
0.343625259	0.0863435012451072	0.05
0.343706753	0.0863435012451072	0.05
0.345554528	0.0863435012451072	0.05
0.350684009	0.0863435012451072	0.06
0.351815198	0.0863435012451072	0.06
0.356200611	0.084823895300191	0.06
0.356206548	0.084823895300191	0.06
0.356351443	0.084823895300191	0.06
0.357959666	0.0833568529920884	0.07
0.360733393	0.082642198231124	0.07
0.363236679	0.082642198231124	0.07
0.363936107	0.082642198231124	0.07
0.366130409	0.0833568529920884	0.07
0.367161303	0.090391890366073	0.07
0.367663989	0.106348211257618	0.08
0.37384574	0.107935983850836	0.08
0.382008897	0.0832129349419809	0.07
0.386863037	0.0933687832342821	0.06
0.386909127	0.0933687832342821	0.06
0.387745392	0.0912475554841415	0.06
0.389299853	0.0907322234226932	0.06
0.389825341	0.0902226794775664	0.06
0.412388288	0.111515563708468	0.04
0.415772448	0.0833568529920884	0.03
0.416416237	0.0865761508417358	0.03
0.428769674	0.122576458928621	0.02
0.438815006	0.127438074882116	0.01
0.440249622	0.126435143137582	0.01
0.440316292	0.126435143137582	0.01
0.441698853	0.126435143137582	0.01
0.441750067	0.125447874180357	0.01
0.444236336	0.115248778403208	0.01
0.444499874	0.112557286597353	0.01
0.444770984	0.111258138904231	0.01
0.445049535	0.111258138904231	0.01
0.445117302	0.122110620957131	0.01
0.445185067	0.122110620957131	0.01
0.445185068	0.122110620957131	0.01
0.445245414	0.122110620957131	0.01
0.445252832	0.122110620957131	0.01
0.445252833	0.122110620957131	0.01
0.445252835	0.122110620957131	0.01
0.445305777	0.122110620957131	0.01
0.44531318	0.122110620957131	0.01
0.445313187	0.122110620957131	0.01
0.44531319	0.122110620957131	0.01
0.445373562	0.122110620957131	0.01
0.445419149	0.122110620957131	0.01
0.445433949	0.122110620957131	0.01
0.445479567	0.121418465236025	0.01
0.445494353	0.121418465236025	0.01
0.445554774	0.121418465236025	0.01
0.445615211	0.121418465236025	0.01
0.445675664	0.121418465236025	0.01
0.445691925	0.131958096800726	0.01
0.445736134	0.131958096800726	0.01
0.445849774	0.134881051646485	0.01
0.445917642	0.134881051646485	0.01
0.445978177	0.134881051646485	0.01
0.446319857	0.132701259730101	0.01
0.446341735	0.132701259730101	0.01
0.446395102	0.132701259730101	0.01
0.446455777	0.132701259730101	0.01
0.446465528	0.132701259730101	0.01
0.44656991	0.132701259730101	0.01
0.446633323	0.132701259730101	0.01
0.446772341	0.132701259730101	0.01
0.447158639	0.131286789332558	0.01
0.447533088	0.131286789332558	0.01
0.447542535	0.131286789332558	0.01
0.447649603	0.131286789332558	0.01
0.447928306	0.130590801879891	0.01
0.449715173	0.129902154756713	0.01
0.451750007	0.133419986351776	0.01
0.452986292	0.126299601499614	0.01
0.453102774	0.126299601499614	0.01
0.453607731	0.125626229189767	0.01
0.453670383	0.125626229189767	0.01
0.45367678	0.125626229189767	0.01
0.453739439	0.125626229189767	0.01
0.453789353	0.125626229189767	0.01
0.453802119	0.125626229189767	0.01
0.453864805	0.125626229189767	0.01
0.453864814	0.125626229189767	0.01
0.453952078	0.125626229189767	0.01
0.453990257	0.125626229189767	0.01
0.454131662	0.125626229189767	0.01
0.454159539	0.125626229189767	0.01
0.454266222	0.12698023143092	0.01
0.454291524	0.12698023143092	0.01
0.454297847	0.12698023143092	0.01
0.454618511	0.128363738608359	0.01
0.454637485	0.128363738608359	0.01
0.455078808	0.129066859576803	0.01
0.455439212	0.13757127582057	0.01
0.455678249	0.148468602403695	0.01
0.455755613	0.123395134131194	0.02
0.455804735	0.123395134131194	0.02
0.456159276	0.123395134131194	0.02
0.456880284	0.123395134131194	0.02
0.457901934	0.122171181534598	0.02
0.458022431	0.122171181534598	0.02
0.459124851	0.120971271161357	0.02
0.460382332	0.122171181534598	0.02
0.462114195	0.119267429664719	0.02
0.46331093	0.119267429664719	0.02
0.46499053	0.118072142520272	0.02
0.473676694	0.108303475800571	0.03
0.474072423	0.108303475800571	0.03
0.47699163	0.0811635162882934	0.03
0.478409458	0.101946997875569	0.04
0.478419311	0.101946997875569	0.04
0.479936634	0.101946997875569	0.04
0.483671852	0.100454153473781	0.04
0.484225862	0.100454153473781	0.04
0.484458594	0.101318041850317	0.04
0.484927676	0.10264209833724	0.04
0.485999254	0.10168802238098	0.04
0.48628356	0.10168802238098	0.04
0.486776039	0.0699062838304563	0.04
0.489107131	0.073504498137171	0.04
0.489424331	0.0716602509112912	0.04
0.490830832	0.0722646304509381	0.04
0.499369323	0.0685393669118893	0.05
0.508934563	0.0648504715653071	0.06
0.511690912	0.0652897208579108	0.06
0.514553924	0.0615383802135197	0.06
0.51473946	0.0627399940178333	0.06
0.514742139	0.0627399940178333	0.06
0.514839037	0.0627399940178333	0.06
0.51502476	0.0627399940178333	0.06
0.516063638	0.0871801897633845	0.07
0.51682809	0.0603819287310147	0.07
0.518492841	0.0627399940178333	0.07
0.529143364	0.0326326298442345	0.07
0.534226929	0.0194482763805307	0.06
0.534308248	0.0192732906548691	0.06
0.534380672	0.0187667301010033	0.06
0.534453117	0.0187667301010033	0.06
0.534888196	0.0187667301010033	0.06
0.539174229	0.0365279288220761	0.06
0.544416783	0.0368420552939389	0.06
0.546060858	0.0508298075789529	0.06
0.55657045	0.0551956460798183	0.05
0.556645891	0.0551956460798183	0.05
0.556807604	0.0551956460798183	0.05
0.55802857	0.0547256007537903	0.05
0.562444529	0.0547256007537903	0.05
0.566766402	0.060954669823963	0.05
0.568776608	0.0627399940178333	0.04
0.574371638	0.0627399940178333	0.05
0.579525048	0.0639894683828182	0.05
0.586308239	0.0561603838096582	0.06
0.591193432	0.0547256007537903	0.06
0.591819223	0.0547256007537903	0.06
0.593402747	0.0547256007537903	0.06
0.593673806	0.0547256007537903	0.06
0.593673808	0.0547256007537903	0.06
0.593754278	0.0547256007537903	0.06
0.59375428	0.0547256007537903	0.06
0.593824895	0.0547256007537903	0.06
0.593834769	0.0547256007537903	0.06
0.594036974	0.0547256007537903	0.06
0.594237558	0.0551956460798183	0.06
0.594318181	0.0476629874885425	0.06
0.595015574	0.0498828610819201	0.06
0.595196772	0.0498828610819201	0.06
0.596219211	0.0498828610819201	0.06
0.602148457	0.0494224967562705	0.06
0.604317115	0.0494224967562705	0.06
0.604813246	0.0523196141251498	0.06
0.604905308	0.0523196141251498	0.06
0.60490531	0.0523196141251498	0.06
0.604988853	0.0523196141251498	0.06
0.605716504	0.0523196141251498	0.06
0.605724938	0.0523196141251498	0.06
0.60631275	0.0649128592628704	0.07
0.607971158	0.0523196141251498	0.06
0.608756287	0.0523196141251498	0.06
0.624510489	0.0703985942828597	0.06
0.630942519	0.0746016101407766	0.05
0.635412418	0.0746016101407766	0.05
0.637031954	0.0684698173596263	0.06
0.637260654	0.0684698173596263	0.06
0.637881775	0.0672416289883988	0.06
0.641599528	0.0684698173596263	0.06
0.644129804	0.0684698173596263	0.06
0.64559646	0.0684698173596263	0.06
0.646569798	0.0697437069293101	0.06
0.64801212	0.0697437069293101	0.06
0.648110758	0.0697437069293101	0.06
0.648827538	0.0697437069293101	0.06
0.65703705	0.0602202600322068	0.07
0.667879261	0.0592681404153199	0.08
0.667879263	0.0592681404153199	0.08
0.669490645	0.0592681404153199	0.08
0.678915807	0.0533623029467529	0.09
0.680410924	0.0533623029467529	0.09
0.680589305	0.0533623029467529	0.09
0.68060848	0.0533623029467529	0.09
0.680786967	0.0533623029467529	0.09
0.689921535	0.0528358147989298	0.09
0.692614054	0.0528358147989298	0.09
0.696262833	0.0503518825187619	0.1
0.697379755	0.0498828610819201	0.1
0.7123899	0.0489705520465917	0.11
0.712401774	0.0489705520465917	0.11
0.713541741	0.0489705520465917	0.11
0.71365913	0.0489705520465917	0.11
0.714295462	0.0489705520465917	0.11
0.715653707	0.0480910141497012	0.12
0.719314887	0.0485267980660561	0.12
0.725609694	0.0476629874885425	0.13
0.725869057	0.0476629874885425	0.13
0.725979546	0.0476629874885425	0.13
0.72717465	0.0480910141497012	0.13
0.735438378	0.0441281826762341	0.14
0.75180067	0.0317459884608384	0.13
0.756100951	0.0294205542052514	0.13
0.756122282	0.0294205542052514	0.13
0.763284143	0.0912475554841415	0.13
0.763387603	0.0927977425314019	0.13
0.763491091	0.0925618651913538	0.13
0.766651587	0.0876598760664875	0.13
0.772093843	0.0814779546582591	0.12
0.779184816	0.0900060512655263	0.12
0.779976345	0.0895759007240418	0.12
0.786383987	0.0873706842492523	0.11
0.793117932	0.0856856253755755	0.1
0.794958533	0.093572715794804	0.1
0.797194853	0.0894223179349174	0.1
0.799403767	0.0889511194821022	0.1
0.817085993	0.0951310785387202	0.08
0.849686346	0.0967422264049811	0.05
0.861362559	0.0876900317899972	0.03
0.864973627	0.105002891942811	0.03
0.866065884	0.100856389130746	0.03
0.867661243	0.101318041850317	0.03
0.870144812	0.0961991474813825	0.03
0.875213305	0.103368362168858	0.02
0.877564409	0.101618445348508	0.02
0.87832845	0.101318041850317	0.02
0.882218863	0.0991534883823777	0.01
0.883236842	0.108870607145466	0.01
0.885048106	0.107728451013121	0.01
0.885800269	0.105002891942811	0.01
0.886381245	0.103368362168858	0.01
0.889014569	0.10192063551016	0.01
0.889209764	0.10192063551016	0.01
0.889576687	0.101318041850317	0.01
0.890068113	0.101019409217138	0.01
0.890083013	0.101019409217138	0.01
0.890218543	0.100133981292615	0.01
0.890309475	0.100133981292615	0.01
0.890354074	0.100133981292615	0.01
0.890354075	0.100133981292615	0.01
0.890407894	0.100133981292615	0.01
0.890459913	0.100133981292615	0.01
0.890474761	0.100133981292615	0.01
0.890489605	0.100133981292615	0.01
0.890489606	0.100133981292615	0.01
0.890506418	0.100133981292615	0.01
0.890580647	0.100133981292615	0.01
0.890595481	0.100133981292615	0.01
0.89061031	0.100133981292615	0.01
0.890610311	0.100133981292615	0.01
0.890701414	0.100133981292615	0.01
0.890716233	0.100133981292615	0.01
0.890731048	0.100133981292615	0.01
0.890731049	0.100133981292615	0.01
0.890737499	0.100133981292615	0.01
0.890822213	0.100133981292615	0.01
0.890851819	0.100133981292615	0.01
0.890972622	0.100133981292615	0.01
0.890972623	0.100133981292615	0.01
0.891093459	0.100133981292615	0.01
0.891244043	0.100133981292615	0.01
0.89133523	0.100133981292615	0.01
0.891382479	0.100133981292615	0.01
0.891441435	0.100133981292615	0.01
0.891456164	0.100133981292615	0.01
0.891521465	0.100133981292615	0.01
0.891562417	0.100133981292615	0.01
0.891577132	0.09984227780875	0.01
0.891686849	0.09984227780875	0.01
0.891698132	0.09984227780875	0.01
0.891793338	0.09984227780875	0.01
0.891881522	0.09984227780875	0.01
0.892012117	0.0995522689296604	0.01
0.892017347	0.0995522689296604	0.01
0.89206133	0.0995522689296604	0.01
0.89216782	0.0992639399313112	0.01
0.892182462	0.0992639399313112	0.01
0.892307805	0.0984088875169916	0.01
0.892568748	0.0984088875169916	0.01
0.892793389	0.0984088875169916	0.01
0.892924751	0.103624556255977	0.01
0.892951888	0.103624556255977	0.01
0.892952212	0.103624556255977	0.01
0.893016766	0.103624556255977	0.01
0.893172464	0.103038138117705	0.01
0.893313967	0.103624556255977	0.01
0.893320622	0.103624556255977	0.01
0.893352088	0.103624556255977	0.01
0.893395592	0.103624556255977	0.01
0.894232534	0.101318041850317	0.01
0.894482721	0.101318041850317	0.01
0.894511483	0.101318041850317	0.01
0.894906463	0.101036927102658	0.01
0.895081202	0.101600725251924	0.01
0.895086463	0.101600725251924	0.01
0.89539422	0.101318041850317	0.01
0.895638516	0.103700437501432	0.01
0.895840307	0.104568256786702	0.01
0.89592425	0.104568256786702	0.01
0.896329745	0.103988105691668	0.01
0.896396617	0.104568256786702	0.01
0.89685771	0.103988105691668	0.01
0.896928207	0.103129849605862	0.01
0.897131294	0.110988446277287	0.01
0.897282137	0.114680261749126	0.01
0.897316929	0.114381547172714	0.01
0.89799116	0.109589555543054	0.01
0.898455429	0.104798393520529	0.01
0.898485328	0.104798393520529	0.01
0.898662437	0.104363850790825	0.01
0.89889623	0.103081578732075	0.01
0.899310528	0.10162485626743	0.01
0.900031532	0.0988315324683031	0.01
0.900113547	0.0998113455105253	0.01
0.901568195	0.0946895291266992	0.01
0.901947653	0.100224079437812	0.01
0.902162268	0.102814356132011	0.01
0.902291602	0.096019473605393	0.01
0.902860993	0.0963794950378639	0.01
0.902919093	0.0963794950378639	0.01
0.903166806	0.091700452278551	0.01
0.903685884	0.0766901121950249	0.01
0.903876527	0.0761164058266662	0.01
0.904039961	0.0755512193322464	0.01
0.904220945	0.0755512193322464	0.01
0.904513058	0.0769802207623526	0.01
0.905345526	0.0755512193322464	0.01
0.905424433	0.0761164058266662	0.01
0.905541598	0.0761164058266662	0.01
0.906197141	0.0766901121950249	0.01
0.906210372	0.0766901121950249	0.01
0.906508268	0.0775670727489497	0.01
0.906786831	0.0769802207623526	0.01
0.906922556	0.0766901121950249	0.01
0.90712089	0.0769802207623526	0.01
0.907185931	0.0775670727489497	0.01
0.907198748	0.0775670727489497	0.01
0.907199842	0.0775670727489497	0.01
0.907298438	0.0737858242039454	0.01
0.907324045	0.0740693120005005	0.01
0.907336843	0.0740693120005005	0.01
0.907336844	0.0740693120005005	0.01
0.907449378	0.0740693120005005	0.01
0.90746216	0.0740693120005005	0.01
0.907536422	0.0740693120005005	0.01
0.9075492	0.0740693120005005	0.01
0.907574745	0.0740693120005005	0.01
0.907587512	0.0740693120005005	0.01
0.907674633	0.0740693120005005	0.01
0.907712898	0.0740693120005005	0.01
0.907951053	0.0740693120005005	0.01
0.907963774	0.0737858242039454	0.01
0.908076559	0.0740693120005005	0.01
0.908089263	0.0740693120005005	0.01
0.908089264	0.0740693120005005	0.01
0.908151307	0.0740693120005005	0.01
0.908189407	0.0740693120005005	0.01
0.908214789	0.0740693120005005	0.01
0.908289632	0.0740693120005005	0.01
0.908453284	0.0740693120005005	0.01
0.908566283	0.0752253865890385	0.01
0.908691978	0.0755200660823553	0.01
0.908729307	0.0755200660823553	0.01
0.908816452	0.0755200660823553	0.01
0.908855181	0.0749329978375325	0.01
0.908943472	0.0761164058266662	0.01
0.908956071	0.0761164058266662	0.01
0.909094444	0.0761164058266662	0.01
0.909207673	0.0761164058266662	0.01
0.909270732	0.0761164058266662	0.01
0.909346075	0.0767222384541538	0.01
0.909434338	0.0767222384541538	0.01
0.909446878	0.0767222384541538	0.01
0.909620416	0.0767222384541538	0.01
0.909838426	0.0755200660823553	0.01
0.909896599	0.0755200660823553	0.01
0.909914657	0.0755200660823553	0.01
0.910014581	0.0755200660823553	0.01
0.910267	0.0767222384541538	0.01
0.910628128	0.0767222384541538	0.01
0.911049792	0.0767222384541538	0.01
0.911062134	0.0767222384541538	0.01
0.911351929	0.0767222384541538	0.01
0.911518912	0.0764181214193023	0.01
0.911632099	0.0767222384541538	0.01
0.911747931	0.0767222384541538	0.01
0.911776598	0.0767222384541538	0.01
0.912488931	0.0773377924532846	0.01
0.912630246	0.0773377924532846	0.01
0.912707801	0.0773377924532846	0.01
0.912776305	0.0767222384541538	0.01
0.912967277	0.073062068868131	0.01
0.913006436	0.073062068868131	0.01
0.913139907	0.073062068868131	0.01
0.913244462	0.0736531676983266	0.01
0.913630289	0.0727700631030182	0.01
0.913751419	0.073062068868131	0.01
0.914018042	0.0745579695177893	0.01
0.914696902	0.078279869107685	0.01
0.914870556	0.078279869107685	0.01
0.914968567	0.078279869107685	0.01
0.914983658	0.078279869107685	0.01
0.915026039	0.078279869107685	0.01
0.915269563	0.078279869107685	0.01
0.915559183	0.0745579695177893	0.01
0.916163647	0.0745579695177893	0.01
0.916688985	0.0745579695177893	0.01
0.916912552	0.0748645305050534	0.01
0.917957453	0.0441888707454654	0.01
0.918483627	0.0434127172803423	0.01
0.918837351	0.0460244532705916	0.01
0.919655338	0.0533623029467529	0.01
0.919822583	0.0533623029467529	0.01
0.921364075	0.0769365646326994	0.02
0.921783065	0.0772138927302936	0.02
0.922071236	0.0774932273929722	0.02
0.922455062	0.0792126198226749	0.02
0.922763582	0.0792126198226749	0.02
0.922787758	0.0792126198226749	0.02
0.923268187	0.0718605843552844	0.02
0.923473233	0.0718605843552844	0.02
0.924160807	0.0737858242039454	0.02
0.924507726	0.0740693120005005	0.02
0.924627878	0.0743549865392661	0.02
0.925553967	0.0710658968853157	0.02
0.926193857	0.0710658968853157	0.02
0.929379518	0.045632272441306	0.02
0.934700606	0.0697797697459408	0.03
0.93534835	0.0700332575004838	0.03
0.938770844	0.0312519504784838	0.03
0.941112169	0.0368420552939389	0.03
0.942896738	0.0168478728366583	0.03
0.947518522	0.0275299854756063	0.04
0.949342587	0.0312519504784838	0.04
0.954119877	0.0186037425020068	0.04
0.955603107	0.0211788567551609	0.04
0.956296714	0.0586949616565577	0.05
0.956766863	0.0588847854415505	0.05
0.956780018	0.0588847854415505	0.05
0.957016096	0.0596565195751558	0.05
0.959665139	0.0325829924839966	0.05
0.960039043	0.0342501194296942	0.05
0.960819071	0.0346939026393696	0.05
0.964446178	0.0186037425020068	0.05
0.964458654	0.0186037425020068	0.05
0.966653906	0.0586949616565577	0.06
0.966980911	0.0594616958190636	0.06
0.966980912	0.0594616958190636	0.06
0.966986309	0.0594616958190636	0.06
0.967297223	0.0409387264210659	0.06
0.967297226	0.0409387264210659	0.06
0.967302572	0.0410814787956102	0.06
0.967460779	0.0256611326365235	0.06
0.96746078	0.0256611326365235	0.06
0.967608447	0.0292864747222082	0.06
0.967619041	0.0292864747222082	0.06
0.967772081	0.0299693780224561	0.06
0.967925221	0.0299693780224561	0.06
0.968083686	0.0254578167322575	0.06
0.968237002	0.0271347507315999	0.06
0.968861479	0.0287364354934412	0.06
0.969666194	0.0307142214047769	0.06
0.970292984	0.0323859439745286	0.06
0.970442597	0.0321912644746106	0.06
0.973457204	0.0156193750891495	0.06
0.974203145	0.0160886294632226	0.06
1.023898132	0.0205687616404919	0.07
1.027042278	0.0199928321021358	0.08
1.027349785	0.0199928321021358	0.08
1.028094642	0.0203731333733437	0.08
1.029078227	0.0203731333733437	0.08
1.029271857	0.0203731333733437	0.08
1.029637844	0.0205687616404919	0.08
1.030397618	0.0205687616404919	0.08
1.030958443	0.0205687616404919	0.08
1.031531241	0.0205687616404919	0.08
1.032104884	0.0205687616404919	0.08
1.0327094	0.0205687616404919	0.08
1.033463082	0.0196264686739268	0.08
1.034376329	0.0196264686739268	0.08
1.034854243	0.0196264686739268	0.08
1.035677928	0.0294205542052514	0.08
1.036124234	0.0294205542052514	0.08
1.038905957	0.0311308342737342	0.08
1.039046839	0.0311308342737342	0.08
1.041709188	0.0320627732446671	0.08
1.043349328	0.0320627732446671	0.08
1.044012776	0.0320627732446671	0.08
1.048661279	0.0296924302666905	0.09
1.054783865	0.0314354021927013	0.09
1.057424783	0.0296924302666905	0.1
1.067766296	0.0294205542052514	0.11
1.068168044	0.0294205542052514	0.11
1.06860264	0.0294205542052514	0.11
1.070020858	0.0296924302666905	0.11
1.070326964	0.0299693780224561	0.11
1.088762574	0.0243025084566373	0.13
1.091073782	0.0248667509335845	0.13
1.112743253	0.0320627732446671	0.14
1.113082372	0.0320627732446671	0.14
1.113233383	0.0320627732446671	0.14
1.11414031	0.0232475068688879	0.15
1.115076799	0.0237633038983943	0.15
1.127882011	0.0317459884608384	0.15
1.133642817	0.0317459884608384	0.14
1.137302108	0.0317459884608384	0.14
1.162829766	0.0296924302666905	0.14
1.187305519	0.045632272441306	0.15
1.18762744	0.0441281826762341	0.15
1.192075895	0.0441281826762341	0.15
1.192725439	0.0430636146857968	0.15
1.203309389	0.046423433635306	0.14
1.208769953	0.0314354021927013	0.13
1.209751115	0.0314354021927013	0.13
1.209768181	0.0314354021927013	0.13
1.209825949	0.0314354021927013	0.13
1.210085375	0.0311308342737342	0.13
1.210771389	0.0311308342737342	0.13
1.212614931	0.0302515407230655	0.13
1.22465873	0.0302515407230655	0.12
1.225416562	0.0302515407230655	0.12
1.226416878	0.0302515407230655	0.12
1.248955951	0.0187667301010033	0.12
1.265568721	0.0199928321021358	0.1
1.270253663	0.0186037425020068	0.1
1.270604589	0.0186037425020068	0.1
1.285172518	0.0203731333733437	0.09
1.289511656	0.0581946971666233	0.09
1.293113698	0.0581946971666233	0.09
1.302603198	0.0746016101407766	0.09
1.303502827	0.0691008915372172	0.1
1.325958837	0.0710658968853157	0.11
1.33510162	0.0731459300147465	0.11
1.335508208	0.0746016101407766	0.11
1.335711503	0.0746016101407766	0.11
1.336051433	0.0746016101407766	0.11
1.33625481	0.0746016101407766	0.11
1.33638917	0.0746016101407766	0.11
1.336595099	0.0666439110469946	0.12
1.336665633	0.0666439110469946	0.12
1.336979907	0.0666439110469946	0.12
1.337117106	0.0666439110469946	0.12
1.337161305	0.0666439110469946	0.12
1.337524247	0.0666439110469946	0.12
1.337887386	0.0660567258348588	0.12
1.338686534	0.0746016101407766	0.11
1.340005107	0.0746016101407766	0.11
1.342315002	0.073866599045922	0.11
1.342368518	0.073866599045922	0.11
1.343443085	0.073866599045922	0.11
1.360774481	0.071745971164662	0.1
1.360981621	0.071745971164662	0.1
1.361338457	0.071745971164662	0.1
1.362110213	0.071745971164662	0.1
1.362279458	0.071745971164662	0.1
1.364721715	0.071745971164662	0.1
1.365659238	0.0724391873242423	0.1
1.368578346	0.0724391873242423	0.1
1.369020462	0.0724391873242423	0.1
1.369707356	0.0724391873242423	0.1
1.370127164	0.0724391873242423	0.1
1.377139612	0.0710658968853157	0.11
1.377544294	0.0710658968853157	0.11
1.38563755	0.073866599045922	0.11
1.418305639	0.0710658968853157	0.1
1.430594094	0.071745971164662	0.1
1.434752614	0.071745971164662	0.1
1.440102642	0.071745971164662	0.11
1.448119954	0.0684698173596263	0.12
1.450462129	0.0678501656226202	0.12
1.454856842	0.0678501656226202	0.12
1.45657643	0.0678501656226202	0.13
1.457818346	0.0678501656226202	0.13
1.484117024	0.0654797973786747	0.15
1.485917469	0.0649128592628704	0.16
1.506038743	0.073866599045922	0.17
1.511734415	0.0643556542194047	0.18
1.511964569	0.0643556542194047	0.18
1.512194724	0.0643556542194047	0.18
1.512821455	0.0643556542194047	0.18
1.515375804	0.0649128592628704	0.18
1.516740221	0.0643556542194047	0.19
1.517647523	0.0643556542194047	0.19
1.558319819	0.137652755360848	0.23
1.558531046	0.137652755360848	0.23
1.55916507	0.136520752526452	0.23
1.561070241	0.176417437162227	0.22
1.56916589	0.156821444366967	0.22
1.595407686	0.15528744876579	0.19
1.595579044	0.15528744876579	0.19
1.611568792	0.186097433002861	0.17
1.652341299	0.162993570879154	0.14
1.730827961	0.193699594769308	0.06
1.745720251	0.213033174436329	0.04
1.75282717	0.189417517540778	0.04
1.758275756	0.206125706204139	0.03
1.768990518	0.206125706204139	0.02
1.77492366	0.226760316468239	0.01
1.777374698	0.222159008571413	0.01
1.778615293	0.212956439247237	0.01
1.780115455	0.204485947244944	0.01
1.780657571	0.204485947244944	0.01
1.780657572	0.204485947244944	0.01
1.780839524	0.20287207140778	0.01
1.780928629	0.20287207140778	0.01
1.78092863	0.20287207140778	0.01
1.781081012	0.20287207140778	0.01
1.781170031	0.20287207140778	0.01
1.781170032	0.20287207140778	0.01
1.781381862	0.20287207140778	0.01
1.781411499	0.20287207140778	0.01
1.781623424	0.20287207140778	0.01
1.781653031	0.20287207140778	0.01
1.781835463	0.20287207140778	0.01
1.781894629	0.20287207140778	0.01
1.782378022	0.198179756009848	0.01
1.782531315	0.198179756009848	0.01
1.782619816	0.198179756009848	0.01
1.783044725	0.198179756009848	0.01
1.783103602	0.198179756009848	0.01
1.783345594	0.198179756009848	0.01
1.783587651	0.198179756009848	0.01
1.78377107	0.198179756009848	0.01
1.783925287	0.198179756009848	0.01
1.784013316	0.198179756009848	0.01
1.784314217	0.198179756009848	0.01
1.78446873	0.198179756009848	0.01
1.784506241	0.198179756009848	0.01
1.784933025	0.198179756009848	0.01
1.785009515	0.198179756009848	0.01
1.785988286	0.19666351764731	0.01
1.786357195	0.19666351764731	0.01
1.787927091	0.188571691163848	0.01
1.788266632	0.188571691163848	0.01
1.788780487	0.190026339762982	0.01
1.788872102	0.190026339762982	0.01
1.78918715	0.190026339762982	0.01
1.790033715	0.184338369335079	0.01
1.790737455	0.190026339762982	0.01
1.79204453	0.197710736864073	0.02
1.792147241	0.197710736864073	0.02
1.794856772	0.175306824517466	0.02
1.795172249	0.164924237269538	0.02
1.796669094	0.153134020156962	0.02
1.799436111	0.158681321329347	0.02
1.801889818	0.0805699148668905	0.02
1.809599251	0.152959989778609	0.03
1.813240824	0.0805699148668905	0.03
1.813793197	0.084823895300191	0.03
1.814069384	0.0871239063750728	0.03
1.814345569	0.0789207754289048	0.03
1.814621756	0.0710658968853157	0.03
1.814621757	0.0710658968853157	0.03
1.814846808	0.0710658968853157	0.03
1.814872379	0.0710658968853157	0.03
1.815039963	0.0731459300147465	0.03
1.815123071	0.0731459300147465	0.03
1.815169565	0.0731459300147465	0.03
1.815373832	0.0731459300147465	0.03
1.815624663	0.0731459300147465	0.03
1.815850116	0.0731459300147465	0.03
1.816101116	0.0633585716768843	0.03
1.816374833	0.152185547013833	0.04
1.81637757	0.152185547013833	0.04
1.816628678	0.152185547013833	0.04
1.816879855	0.152185547013833	0.04
1.817633804	0.147862781388995	0.04
1.818036082	0.147862781388995	0.04
1.818363245	0.147862781388995	0.04
1.819217405	0.148570055544865	0.04
1.819395454	0.148570055544865	0.04
1.820606159	0.149284128450453	0.04
1.82134289	0.0904571406029221	0.04
1.822065256	0.0715937210843965	0.04
1.823267442	0.0773377924532846	0.04
1.823345161	0.0773377924532846	0.04
1.828541204	0.138623834973649	0.05
1.828939845	0.139245299127849	0.05
1.835137623	0.0638079337385022	0.05
1.836263396	0.0551956460798183	0.05
1.83758722	0.0566555108057131	0.05
1.839735229	0.0615383802135197	0.05
1.842215909	0.066186315487251	0.06
1.844053766	0.0767222384541538	0.06
1.846490238	0.0566555108057131	0.06
1.860668056	0.0615383802135197	0.07
1.872927722	0.0615383802135197	0.07
1.876458705	0.060954669823963	0.07
1.877534086	0.060954669823963	0.07
1.919145255	0.0561603838096582	0.11
1.932723098	0.0556738359214366	0.12
1.933588634	0.0566555108057131	0.12
1.934242286	0.0587265139187929	0.12
1.93486401	0.0693405538879397	0.13
1.938309591	0.0693405538879397	0.13
1.939501786	0.0693405538879397	0.13
1.945075766	0.0845263702453236	0.14
1.956133657	0.0845263702453236	0.15
1.95745413	0.0845263702453236	0.15
1.959079535	0.0845263702453236	0.15
1.961031557	0.0687839069941605	0.15
2.039242563	0.0967422264049811	0.23
2.049316864	0.0921195751624397	0.23
2.057670659	0.113887132730139	0.24
2.058434493	0.0887278173311345	0.24
2.058810915	0.0887278173311345	0.24
2.060706206	0.0921195751624397	0.24
2.077371996	0.111903942267313	0.26
2.07768814	0.113887132730139	0.26
2.116340052	0.09391459028081	0.29
2.122322709	0.0921195751624397	0.3
2.175983465	0.09391459028081	0.35
2.201956234	0.090391890366073	0.38
2.21647999	0.09391459028081	0.39
2.22342495	0.09391459028081	0.4
2.225736601	0.09391459028081	0.4
2.22607531	0.09391459028081	0.4
2.226678687	0.09391459028081	0.4
2.226980498	0.09391459028081	0.4
2.230993963	0.0879185473659301	0.41
2.244892022	0.0957809498767754	0.41
2.268175967	0.173814696199413	0.41
2.273953022	0.188228622805632	0.4
2.279085054	0.190694988758799	0.4
2.283420782	0.201734812193011	0.39
2.287430653	0.193832379073296	0.39
2.36737444	0.242378363919226	0.32
2.396315913	0.204203431246375	0.33
2.401471639	0.215249213027133	0.32
2.634889835	0.19882518945893	0.25
2.664122924	0.19882518945893	0.24
2.669724846	0.19882518945893	0.24
2.670831293	0.19882518945893	0.24
2.671193019	0.19882518945893	0.23
2.671193179	0.19882518945893	0.23
2.671237545	0.19882518945893	0.23
2.671237705	0.19882518945893	0.23
2.671599646	0.19882518945893	0.23
2.671961685	0.19882518945893	0.23
2.672323822	0.19882518945893	0.23
2.672686057	0.19882518945893	0.23
2.67300408	0.19882518945893	0.23
2.673366554	0.19882518945893	0.23
2.674201502	0.19882518945893	0.23
2.674498542	0.19882518945893	0.23
2.674640938	0.19882518945893	0.23
2.674817434	0.19882518945893	0.23
2.67498819	0.19882518945893	0.23
2.675906626	0.19882518945893	0.23
2.67595059	0.19882518945893	0.23
2.678640892	0.19882518945893	0.23
2.679587204	0.19882518945893	0.23
2.68050645	0.19882518945893	0.23
2.684222358	0.19882518945893	0.22
2.690995907	0.19882518945893	0.22
2.692790444	0.19882518945893	0.21
2.700424629	0.19882518945893	0.21
2.703341222	0.19882518945893	0.2
2.714352711	0.19882518945893	0.19
2.720992773	0.19882518945893	0.19
2.721339166	0.19882518945893	0.18
2.721753239	0.19882518945893	0.18
2.722090639	0.19882518945893	0.18
2.72212898	0.19882518945893	0.18
2.722504826	0.19882518945893	0.18
2.727362573	0.19882518945893	0.18
2.728042156	0.19882518945893	0.18
2.728457177	0.19882518945893	0.18
2.730687704	0.19882518945893	0.18
2.733911556	0.19882518945893	0.17
2.734951629	0.19882518945893	0.17
2.741703646	0.19882518945893	0.16
2.784781798	0.19882518945893	0.15
2.795646082	0.19882518945893	0.17
2.814579483	0.19882518945893	0.18
2.857457722	0.200786963328489	0.2
2.870516676	0.200786963328489	0.21
2.874914635	0.19882518945893	0.22
2.884109016	0.19882518945893	0.22
2.901070252	0.179903685116395	0.23
3.017087015	0.169835165135758	0.35
3.091199805	0.167781088484135	0.42
3.116410384	0.163648954741535	0.45
3.116832706	0.163648954741535	0.45
3.153761559	0.124401760487186	0.48
3.190582361	0.176417437162227	0.52
3.194633906	0.123300113929144	0.52
3.557717034	0.140142833373532	0.880000000000001
3.561529658	0.13660716824428	0.880000000000001
3.561648443	0.13660716824428	0.880000000000001
3.562131134	0.13660716824428	0.880000000000001
3.565454716	0.13660716824428	0.880000000000001
3.571210711	0.13660716824428	0.880000000000001
3.571812505	0.13660716824428	0.880000000000001
3.572123566	0.145963482485699	0.880000000000001
3.575584373	0.133886150440474	0.880000000000001
3.579984214	0.133886150440474	0.880000000000001
3.62901857	0.158961693324708	0.910000000000001
3.62939674	0.158961693324708	0.910000000000001
3.629519691	0.158961693324708	0.910000000000001
3.630972932	0.158961693324708	0.910000000000001
3.631023885	0.160283305084478	0.910000000000001
3.631970124	0.183120312554277	0.910000000000001
3.633483005	0.190352647976776	0.910000000000001
3.639968026	0.156382792944875	0.920000000000001
3.707141358	0.186666452872393	0.980000000000001
3.963711323	0.181397292051549	1.24
4.442577106	0.221611774532003	1.58
4.445571488	0.221611774532003	1.58
4.452121847	0.221611774532003	1.59
4.45272527	0.221611774532003	1.59
4.453328856	0.221611774532003	1.59
4.453932605	0.221611774532003	1.59
4.475601202	0.221611774532003	1.61
4.478685952	0.221611774532003	1.61
4.480518943	0.221611774532003	1.62
4.492707945	0.221611774532003	1.63
4.536342962	0.221611774532003	1.67
4.536969429	0.221611774532003	1.67
4.537444354	0.221611774532003	1.67
4.550359745	0.221611774532003	1.68
4.773228095	0.232002331681725	1.62
4.895921957	0.232002331681725	1.75
5.341769851	0.241514248593812	1.81
5.342582978	0.241514248593812	1.81
5.343129076	0.241514248593812	1.81
5.343307119	0.241514248593812	1.81
5.346842194	0.241514248593812	1.8
5.443653327	0.241514248593812	1.89
5.445157132	0.241514248593812	1.89
6.232084175	0.21987860072103	2.60999999999999
6.2338777	0.21987860072103	2.60999999999999
6.234722781	0.21987860072103	2.60999999999999
6.244676548	0.21987860072103	2.61999999999999
6.35095118	0.239549975693132	2.71999999999999
6.358499262	0.21987860072103	2.72999999999999
7	0.243175919494911	2.54999999999999
