thrs	post_p	finalwindow
0	0.0953074399710594	0.23
0.03256001	0.0953074399710594	0.2
0.070216248	0.0840839756339568	0.18
0.082355146	0.0840839756339568	0.17
0.093809574	0.0752253865890385	0.17
0.103967892	0.0752253865890385	0.16
0.106977596	0.0752253865890385	0.16
0.113424721	0.073504498137171	0.16
0.123778241	0.0726732458484749	0.17
0.129609166	0.062219318315542	0.17
0.129730945	0.062219318315542	0.17
0.148427326	0.0551956460798183	0.15
0.148782099	0.0538091252839392	0.15
0.151339737	0.0617072136001895	0.15
0.155752372	0.0766612215567088	0.15
0.172569069	0.0661295575040267	0.13
0.178062567	0.0561603838096582	0.12
0.178113806	0.0561603838096582	0.12
0.178140913	0.0561603838096582	0.12
0.178189211	0.0561603838096582	0.12
0.181430774	0.0627399940178333	0.12
0.181486006	0.0627399940178333	0.12
0.181824923	0.0627399940178333	0.12
0.191788381	0.0638079337385022	0.11
0.194681585	0.0801012489695131	0.11
0.205298456	0.0825714061529582	0.1
0.222622275	0.0678501656226202	0.08
0.22265244	0.0678501656226202	0.08
0.222656148	0.0678501656226202	0.08
0.222686318	0.0678501656226202	0.08
0.222697977	0.0666439110469946	0.08
0.222812147	0.0754461799812077	0.08
0.222924291	0.0840839756339568	0.08
0.226728961	0.0799020570927532	0.08
0.226867021	0.0799020570927532	0.08
0.226929675	0.0799020570927532	0.08
0.226982815	0.0799020570927532	0.08
0.227177477	0.0799020570927532	0.08
0.227432153	0.0792451802697665	0.08
0.237068117	0.0741405246426073	0.07
0.241897099	0.0728792913261283	0.07
0.24235868	0.0728792913261283	0.07
0.242615688	0.0741405246426073	0.07
0.242875367	0.0741405246426073	0.07
0.242941212	0.0741405246426073	0.07
0.254481698	0.0533623029467529	0.06
0.256228734	0.0460244532705916	0.07
0.256650521	0.0460244532705916	0.07
0.259750174	0.045632272441306	0.07
0.272151172	0.0533623029467529	0.05
0.287097646	0.03920190705837	0.06
0.296834617	0.0371616313697606	0.06
0.296839561	0.0371616313697606	0.06
0.296879772	0.0371616313697606	0.06
0.29691506	0.0371616313697606	0.06
0.296919994	0.0371616313697606	0.06
0.296960227	0.0371616313697606	0.06
0.297156652	0.0368420552939389	0.06
0.297242165	0.0368420552939389	0.06
0.297345093	0.0368420552939389	0.06
0.297631463	0.0368420552939389	0.06
0.298033592	0.0368420552939389	0.06
0.29855614	0.0368420552939389	0.06
0.298682719	0.0368420552939389	0.06
0.299120783	0.0368420552939389	0.06
0.299931082	0.0368420552939389	0.06
0.302397905	0.0371616313697606	0.06
0.302406093	0.0371616313697606	0.06
0.302452098	0.0371616313697606	0.06
0.302453753	0.0371616313697606	0.06
0.302535608	0.0371616313697606	0.06
0.302694303	0.0378177096007024	0.06
0.302757814	0.0378177096007024	0.06
0.302844832	0.0378177096007024	0.06
0.303037639	0.03920190705837	0.06
0.303998368	0.03920190705837	0.06
0.304168238	0.03920190705837	0.06
0.306047128	0.03920190705837	0.06
0.306464617	0.0418847602426682	0.05
0.307314933	0.0414792308224195	0.05
0.308759935	0.0414792308224195	0.05
0.320290117	0.0427200819063031	0.05
0.322066605	0.0427200819063031	0.05
0.322435043	0.0508298075789529	0.06
0.322591403	0.0508298075789529	0.06
0.322777267	0.0508298075789529	0.06
0.323165924	0.0508298075789529	0.06
0.323537089	0.0508298075789529	0.06
0.323808824	0.0508298075789529	0.06
0.324596864	0.0508298075789529	0.06
0.328591896	0.0494224967562705	0.06
0.330254195	0.0472425127830533	0.06
0.333944256	0.0518134023199533	0.05
0.334029253	0.0518134023199533	0.05
0.338071632	0.0508298075789529	0.05
0.340262381	0.0485267980660561	0.05
0.343625259	0.0485267980660561	0.05
0.343706753	0.0485267980660561	0.05
0.350684009	0.0472425127830533	0.06
0.351815198	0.0468293919148249	0.06
0.356206548	0.0452467187966856	0.06
0.356351443	0.0452467187966856	0.06
0.356437896	0.0448676257620299	0.06
0.356490553	0.0448676257620299	0.06
0.357086112	0.0518134023199533	0.06
0.360733393	0.0427200819063032	0.07
0.37384574	0.0840839756339568	0.08
0.381649088	0.094728940478588	0.07
0.382008897	0.0942386444012033	0.07
0.386863037	0.0955909824320829	0.06
0.386909127	0.101318041850317	0.06
0.389222512	0.0978469895794879	0.06
0.389299853	0.0978469895794879	0.06
0.395214438	0.0826838973615942	0.06
0.403209246	0.110881724731582	0.05
0.411578949	0.121216380845282	0.04
0.412388288	0.120414725630215	0.04
0.415094538	0.0927977425314019	0.04
0.415772448	0.0468293919148249	0.03
0.416416237	0.0887278173311345	0.03
0.418471182	0.115525024095623	0.03
0.423143546	0.121418465236025	0.03
0.428769674	0.122576458928621	0.02
0.438815006	0.134930305133269	0.01
0.441750067	0.13916731155127	0.01
0.444236336	0.104404436028258	0.01
0.444770984	0.101318041850317	0.01
0.445049535	0.101318041850317	0.01
0.445117302	0.101318041850317	0.01
0.445156208	0.101318041850317	0.01
0.445185068	0.100722531836236	0.01
0.445252832	0.100722531836236	0.01
0.445252833	0.100722531836236	0.01
0.445252835	0.100722531836236	0.01
0.445305777	0.100722531836236	0.01
0.44531318	0.100722531836236	0.01
0.445313187	0.100722531836236	0.01
0.445313188	0.100722531836236	0.01
0.44531319	0.100722531836236	0.01
0.445373562	0.100722531836236	0.01
0.445419149	0.100722531836236	0.01
0.445433949	0.100722531836236	0.01
0.445479567	0.100133981292615	0.01
0.445494353	0.100133981292615	0.01
0.445540001	0.100133981292615	0.01
0.445554774	0.0995522689296604	0.01
0.445615211	0.0995522689296604	0.01
0.445653547	0.0995522689296604	0.01
0.445691925	0.0989772762597532	0.01
0.445736134	0.0989772762597532	0.01
0.445849774	0.131223211341906	0.01
0.445917642	0.131223211341906	0.01
0.445970843	0.131223211341906	0.01
0.445978177	0.131223211341906	0.01
0.446038729	0.131223211341906	0.01
0.446188208	0.129066859576803	0.01
0.446341735	0.129066859576803	0.01
0.446351359	0.129066859576803	0.01
0.446394864	0.129066859576803	0.01
0.446395102	0.129066859576803	0.01
0.446465528	0.128363738608359	0.01
0.44656991	0.128363738608359	0.01
0.446888185	0.128363738608359	0.01
0.447533088	0.128363738608359	0.01
0.447876705	0.128363738608359	0.01
0.447928306	0.128363738608359	0.01
0.449051315	0.131990235105041	0.01
0.449552291	0.129902154756713	0.01
0.451750007	0.12854642185166	0.01
0.452986292	0.123003042982122	0.01
0.453102774	0.123003042982122	0.01
0.453117722	0.123003042982122	0.01
0.453607731	0.121106436266392	0.01
0.45367678	0.121106436266392	0.01
0.453739439	0.121106436266392	0.01
0.453789353	0.121106436266392	0.01
0.453802119	0.121106436266392	0.01
0.453864814	0.121106436266392	0.01
0.453977538	0.121106436266392	0.01
0.453990257	0.121106436266392	0.01
0.454053004	0.121106436266392	0.01
0.454115767	0.121106436266392	0.01
0.454131662	0.121106436266392	0.01
0.454159539	0.121106436266392	0.01
0.454228692	0.121106436266392	0.01
0.454266222	0.121732106235222	0.01
0.454297847	0.121732106235222	0.01
0.454379121	0.121732106235222	0.01
0.454543029	0.121732106235222	0.01
0.455180191	0.124300798001193	0.01
0.455439212	0.152667609605739	0.01
0.455550168	0.161627076914533	0.01
0.455665947	0.171703698104441	0.01
0.455755613	0.178046728057768	0.01
0.456133439	0.122780107618223	0.02
0.456455968	0.122780107618223	0.02
0.458619789	0.121568265563286	0.02
0.458664131	0.121568265563286	0.02
0.459124851	0.120971271161357	0.02
0.460382332	0.120380111516643	0.02
0.462114195	0.115752030246762	0.02
0.46331093	0.115752030246762	0.02
0.464728436	0.114070914011387	0.02
0.46499053	0.114625834013344	0.02
0.474072423	0.107316938266142	0.03
0.478409458	0.0819396933992145	0.03
0.478419311	0.0819396933992145	0.03
0.478888149	0.0819396933992145	0.03
0.479936634	0.0731459300147465	0.03
0.483511101	0.0963466542938411	0.04
0.483988273	0.0963466542938411	0.04
0.484225862	0.0963466542938411	0.04
0.484458594	0.0967422264049811	0.04
0.485802156	0.124155252277842	0.04
0.485999254	0.116467210066513	0.04
0.48628356	0.104132539118347	0.04
0.489107131	0.0682361261425372	0.04
0.489424331	0.0682361261425372	0.04
0.490830832	0.0602202600322068	0.04
0.499369323	0.060524102582349	0.05
0.50407637	0.071745971164662	0.05
0.508934563	0.0557946808226229	0.06
0.511690912	0.0498165703574121	0.06
0.514553924	0.0703985942828597	0.06
0.514645345	0.0703985942828597	0.06
0.51473946	0.0703985942828597	0.06
0.514742139	0.0703985942828597	0.06
0.514839037	0.0703985942828597	0.06
0.514971335	0.0703985942828597	0.06
0.51502476	0.0703985942828597	0.06
0.515124567	0.0703985942828597	0.06
0.516063638	0.0972914718943126	0.07
0.51682809	0.0589059527910731	0.07
0.518492841	0.0543782872214572	0.07
0.518564452	0.0543782872214572	0.07
0.534226929	0.0422982974199524	0.06
0.534308248	0.0418847602426682	0.06
0.534380672	0.0418847602426682	0.06
0.534453117	0.0418847602426682	0.06
0.534888196	0.0418847602426682	0.06
0.536755919	0.0410814787956102	0.06
0.539174229	0.0422982974199524	0.06
0.543234343	0.0418847602426682	0.06
0.544416783	0.0427200819063031	0.06
0.556645891	0.0895521239926844	0.05
0.556807604	0.0895521239926844	0.05
0.559788571	0.0871239063750728	0.05
0.566766402	0.0833568529920884	0.06
0.568776608	0.0833568529920884	0.06
0.574371638	0.0840839756339568	0.06
0.57444178	0.0840839756339568	0.06
0.579525048	0.0749329978375325	0.07
0.591193432	0.090391890366073	0.06
0.593673806	0.090391890366073	0.06
0.593673808	0.090391890366073	0.06
0.593754277	0.090391890366073	0.06
0.593824895	0.090391890366073	0.06
0.593834769	0.090391890366073	0.06
0.593915284	0.090391890366073	0.06
0.594036974	0.090391890366073	0.06
0.594237558	0.0921195751624397	0.06
0.595015574	0.0887278173311345	0.07
0.595887104	0.0887278173311345	0.07
0.597117526	0.0887278173311345	0.07
0.602148457	0.0805699148668905	0.07
0.604317115	0.0833568529920884	0.07
0.604813246	0.0855769528226556	0.07
0.604905308	0.0863435012451072	0.07
0.604905312	0.0863435012451072	0.07
0.604988853	0.0863435012451072	0.07
0.605716504	0.0863435012451072	0.07
0.605724938	0.0863435012451072	0.07
0.606404306	0.0863435012451072	0.07
0.606824709	0.0871239063750728	0.07
0.607971158	0.09391459028081	0.06
0.608524688	0.09391459028081	0.06
0.608756287	0.09391459028081	0.06
0.61827716	0.0879185473659301	0.07
0.624510489	0.09391459028081	0.06
0.630942519	0.0957809498767754	0.06
0.636066531	0.0912475554841415	0.07
0.63624959	0.0912475554841415	0.07
0.636422142	0.0912475554841415	0.07
0.637031954	0.0921195751624397	0.07
0.638075882	0.0921195751624397	0.07
0.641599528	0.09391459028081	0.07
0.644129804	0.0887278173311345	0.07
0.646569798	0.0976240229814573	0.07
0.64801212	0.0950255746255636	0.07
0.648110758	0.0950255746255636	0.07
0.648827538	0.0950255746255636	0.07
0.65703705	0.091768774849609	0.07
0.659386285	0.0909891597923112	0.07
0.667472678	0.0879988094478814	0.08
0.667879261	0.0879988094478814	0.08
0.667879263	0.0879988094478814	0.08
0.667969788	0.0879988094478814	0.08
0.671132308	0.087281683329772	0.08
0.678915807	0.0807048284073509	0.09
0.680589305	0.0807048284073509	0.09
0.68060848	0.0807048284073509	0.09
0.680702493	0.0807048284073509	0.09
0.690723937	0.0691008915372172	0.09
0.692614054	0.0703985942828597	0.09
0.696262833	0.0666439110469946	0.1
0.712401774	0.0638079337385022	0.11
0.71365913	0.0638079337385022	0.11
0.714295462	0.0638079337385022	0.11
0.715653707	0.061203469965355	0.12
0.715679053	0.061203469965355	0.12
0.717816093	0.062219318315542	0.12
0.719314887	0.062219318315542	0.12
0.725609694	0.061203469965355	0.13
0.725979546	0.0617072136001895	0.13
0.72717465	0.0617072136001895	0.13
0.735438378	0.0209715097136109	0.13
0.744518666	0.0578951042206721	0.14
0.7500464	0.0182861155051757	0.14
0.75180067	0.0650598075464828	0.14
0.756122282	0.0211788567551609	0.13
0.762884543	0.0712477222671376	0.13
0.763284143	0.0799020570927532	0.13
0.763387603	0.0795066306747461	0.13
0.763491091	0.0795066306747461	0.13
0.765321243	0.0823333757124962	0.13
0.766651587	0.082136062823743	0.13
0.7676628	0.0811635162882934	0.13
0.772264397	0.0728049804948131	0.12
0.778829055	0.0817442606881982	0.12
0.779184816	0.0813561787243431	0.12
0.779976345	0.0805909653663643	0.12
0.786383987	0.0869274855250364	0.11
0.793117932	0.079681891493803	0.1
0.797194853	0.0875939826751537	0.1
0.799403767	0.0849874919506782	0.1
0.8034392	0.0879988094478814	0.09
0.812482547	0.0774932273929722	0.08
0.828284953	0.0909144155752876	0.07
0.856064956	0.096451823540347	0.04
0.861362559	0.0789207754289048	0.03
0.861783488	0.0782344881745946	0.03
0.866065884	0.0967422264049811	0.03
0.870144812	0.0899700476600127	0.03
0.877564409	0.0947453715596027	0.02
0.882218863	0.0856430684795984	0.01
0.882485476	0.0841797540011827	0.01
0.883236842	0.0970553191603394	0.01
0.883671839	0.0964311471788881	0.01
0.885048106	0.099745420623607	0.01
0.886381245	0.0982208725154624	0.01
0.887670141	0.0967422264049811	0.01
0.888469193	0.0961631589327182	0.01
0.888863234	0.0947453715596027	0.01
0.889014569	0.0941898937921263	0.01
0.889576687	0.0930982518836922	0.01
0.889752182	0.0930982518836922	0.01
0.890068113	0.0920316238889715	0.01
0.890083013	0.0920316238889715	0.01
0.890218543	0.0920316238889715	0.01
0.890218544	0.0920316238889715	0.01
0.890309475	0.091768774849609	0.01
0.890354074	0.091768774849609	0.01
0.890354075	0.091768774849609	0.01
0.890407894	0.091768774849609	0.01
0.890459913	0.091768774849609	0.01
0.890474761	0.091768774849609	0.01
0.890489605	0.091768774849609	0.01
0.890489606	0.091768774849609	0.01
0.890580647	0.091768774849609	0.01
0.890595481	0.091768774849609	0.01
0.89061031	0.091768774849609	0.01
0.890610311	0.091768774849609	0.01
0.890716233	0.091768774849609	0.01
0.890731048	0.091768774849609	0.01
0.890731049	0.091768774849609	0.01
0.890822213	0.091768774849609	0.01
0.890837018	0.091768774849609	0.01
0.890851819	0.091768774849609	0.01
0.890928251	0.091768774849609	0.01
0.890957836	0.091768774849609	0.01
0.890972622	0.091768774849609	0.01
0.890972623	0.091768774849609	0.01
0.891093459	0.0915074229663666	0.01
0.89119957	0.0915074229663666	0.01
0.891214328	0.0915074229663666	0.01
0.891244043	0.0915074229663666	0.01
0.891246709	0.0915074229663666	0.01
0.891320486	0.0915074229663666	0.01
0.891382479	0.0915074229663666	0.01
0.891441435	0.0915074229663666	0.01
0.891456164	0.0915074229663666	0.01
0.891521465	0.0912475554841415	0.01
0.891562417	0.0912475554841415	0.01
0.891577132	0.0912475554841415	0.01
0.891698132	0.0912475554841415	0.01
0.891881522	0.0912475554841415	0.01
0.892017347	0.0909891597923112	0.01
0.89216782	0.0909891597923112	0.01
0.892182462	0.0909891597923112	0.01
0.89229733	0.0912475554841415	0.01
0.892307805	0.0912475554841415	0.01
0.892546055	0.0915074229663666	0.01
0.892568748	0.0915074229663666	0.01
0.89273031	0.0915074229663666	0.01
0.892924751	0.0912475554841415	0.01
0.892951888	0.0907322234226932	0.01
0.892952212	0.0907322234226932	0.01
0.893016766	0.0907322234226932	0.01
0.89308003	0.0907322234226932	0.01
0.893142511	0.0907322234226932	0.01
0.893172464	0.0904767340475398	0.01
0.893313967	0.0907322234226932	0.01
0.893320622	0.0907322234226932	0.01
0.89420355	0.0899700476600127	0.01
0.89422449	0.0897188266767369	0.01
0.894232534	0.0897188266767369	0.01
0.894482721	0.0897188266767369	0.01
0.894690708	0.0894690047423414	0.01
0.894906463	0.0894690047423414	0.01
0.894913415	0.0894690047423414	0.01
0.895300675	0.0899700476600127	0.01
0.895638516	0.0887278173311345	0.01
0.895840307	0.0887278173311345	0.01
0.896329745	0.0877584616355911	0.01
0.89685771	0.0884834763293019	0.01
0.896928207	0.0879988094478814	0.01
0.89693811	0.0879988094478814	0.01
0.897131294	0.0877584616355911	0.01
0.898455429	0.0770831367602437	0.01
0.898485328	0.0772466510650527	0.01
0.898662437	0.0764359439016703	0.01
0.898755243	0.0761164058266662	0.01
0.89889623	0.0764359439016703	0.01
0.898920463	0.0764359439016703	0.01
0.899310528	0.0759576365636045	0.01
0.899325427	0.0759576365636045	0.01
0.899413875	0.0797368190675325	0.01
0.899974537	0.0797368190675325	0.01
0.900031532	0.0795722630587315	0.01
0.900307304	0.0802345962230904	0.01
0.901007608	0.0689140771720454	0.01
0.90151373	0.0647633299861756	0.01
0.901947653	0.0733564275485947	0.01
0.902919093	0.0640806236086089	0.01
0.902932441	0.064633055839804	0.01
0.903166806	0.0608215365375767	0.01
0.903876527	0.0476629874885425	0.01
0.904039961	0.0476629874885425	0.01
0.904220945	0.0384973699230307	0.01
0.904513058	0.03920190705837	0.01
0.905345526	0.0388464443002628	0.01
0.905541598	0.0388464443002628	0.01
0.906154318	0.0390233662210114	0.01
0.906197141	0.0390233662210114	0.01
0.906210372	0.0384973699230307	0.01
0.906922556	0.0388464443002628	0.01
0.907060652	0.0393820891352137	0.01
0.907185931	0.0397474683699284	0.01
0.907198748	0.0397474683699284	0.01
0.907199842	0.0397474683699284	0.01
0.907311244	0.0397474683699284	0.01
0.907324045	0.0397474683699284	0.01
0.907336843	0.0397474683699284	0.01
0.907336844	0.0397474683699284	0.01
0.907436592	0.0397474683699284	0.01
0.907449378	0.0397474683699284	0.01
0.90746216	0.0397474683699284	0.01
0.9075492	0.0397474683699284	0.01
0.907574745	0.0397474683699284	0.01
0.907587512	0.0397474683699284	0.01
0.907674633	0.0397474683699284	0.01
0.907700146	0.0397474683699284	0.01
0.907712898	0.0397474683699284	0.01
0.907951053	0.0397474683699284	0.01
0.907963773	0.0395639351867192	0.01
0.907963774	0.0395639351867192	0.01
0.908076559	0.0395639351867192	0.01
0.908089264	0.0395639351867192	0.01
0.908151307	0.0395639351867192	0.01
0.908202099	0.0395639351867192	0.01
0.908453284	0.0395639351867192	0.01
0.908566283	0.0393820891352137	0.01
0.908577365	0.0393820891352137	0.01
0.908578929	0.0393820891352137	0.01
0.908691978	0.0397474683699284	0.01
0.908943472	0.0401196909282089	0.01
0.908956071	0.0401196909282089	0.01
0.909270732	0.0401196909282089	0.01
0.909346075	0.0406912825507158	0.01
0.90938549	0.0406912825507158	0.01
0.909409249	0.0406912825507158	0.01
0.909914657	0.0406912825507158	0.01
0.910014581	0.0408854497206856	0.01
0.910051995	0.0414792308224195	0.01
0.910204731	0.0414792308224195	0.01
0.910267	0.0414792308224195	0.01
0.910467776	0.0416810091707552	0.01
0.910628128	0.0416810091707552	0.01
0.911049792	0.0418847602426682	0.01
0.911062134	0.0418847602426682	0.01
0.91113001	0.0418847602426682	0.01
0.911351929	0.0418847602426682	0.01
0.911383512	0.0414792308224195	0.01
0.911404622	0.0414792308224195	0.01
0.911518912	0.0416810091707552	0.01
0.911632099	0.0416810091707552	0.01
0.911747931	0.0416810091707552	0.01
0.912707801	0.0414792308224195	0.01
0.912967277	0.0466480928687669	0.01
0.913006436	0.0466480928687669	0.01
0.913751419	0.0466480928687669	0.01
0.914696902	0.047103998316775	0.01
0.914870556	0.047103998316775	0.01
0.914968567	0.047103998316775	0.01
0.914983658	0.047103998316775	0.01
0.915559183	0.0482837257320688	0.01
0.916208994	0.0490203595310611	0.01
0.916688985	0.0492709244832034	0.01
0.917957453	0.0843599278114456	0.01
0.918456927	0.0435893997611597	0.02
0.918483627	0.0435893997611597	0.02
0.918816837	0.044494832298742	0.02
0.919822583	0.045632272441306	0.02
0.921364075	0.046625529144335	0.02
0.921783065	0.0468293919148249	0.02
0.922763582	0.0470350452297928	0.02
0.922787758	0.0470350452297928	0.02
0.923473233	0.0474518186883189	0.02
0.924412009	0.0485267980660561	0.02
0.924507726	0.0485267980660561	0.02
0.924627878	0.0487476651950558	0.02
0.927872541	0.0785990157821994	0.02
0.929379518	0.0398584078977271	0.03
0.93064775	0.0404607025231244	0.03
0.93220206	0.0407687276910591	0.03
0.933174706	0.0413990654405018	0.03
0.934071327	0.0420492009784932	0.03
0.934700606	0.0418847602426682	0.03
0.93534835	0.0422149380013993	0.03
0.938446291	0.0388464443002628	0.03
0.941112169	0.0316677679420975	0.03
0.942896738	0.01797915231459	0.03
0.947518522	0.0203731333733437	0.03
0.948845214	0.0447604774385014	0.04
0.949342587	0.0461377461447313	0.04
0.950306111	0.0356168878476473	0.04
0.953473419	0.0260776651400654	0.04
0.954119877	0.0262910437627934	0.04
0.954191796	0.0262910437627934	0.04
0.955603107	0.0283810790368498	0.04
0.956018846	0.0283810790368498	0.04
0.956296714	0.0291536117866589	0.04
0.956549025	0.0291536117866589	0.04
0.956766863	0.0294205542052514	0.04
0.95679317	0.0294205542052514	0.04
0.956793172	0.0294205542052514	0.04
0.957016096	0.0294205542052514	0.04
0.958321379	0.0296924302666905	0.04
0.959031973	0.0314354021927013	0.04
0.959642592	0.0314354021927013	0.04
0.960039043	0.0317459884608384	0.04
0.960819071	0.0317459884608384	0.04
0.964446178	0.0262910437627934	0.05
0.964458654	0.0262910437627934	0.05
0.966290332	0.0291536117866589	0.05
0.966980911	0.0294205542052514	0.05
0.966980912	0.0294205542052514	0.05
0.966986309	0.0294205542052514	0.05
0.967139043	0.0294205542052514	0.05
0.967297223	0.0294205542052514	0.05
0.967302572	0.0294205542052514	0.05
0.967460779	0.0294205542052514	0.05
0.96746078	0.0294205542052514	0.05
0.967619041	0.0294205542052514	0.05
0.967772081	0.0294205542052514	0.05
0.967935716	0.0294205542052514	0.05
0.968083686	0.0296924302666905	0.05
0.968088909	0.0296924302666905	0.05
0.968237002	0.0296924302666905	0.05
0.969035555	0.0314354021927013	0.05
0.969666194	0.0314354021927013	0.05
0.970292984	0.0311308342737342	0.05
0.973457204	0.0285069786725669	0.06
0.974203145	0.0285069786725669	0.06
0.97801719	0.0307583243728065	0.06
0.981915796	0.0294205542052514	0.05
0.985118954	0.0192732906548691	0.05
0.9860103	0.0194482763805307	0.05
1.019804062	0.0422982974199524	0.06
1.021711423	0.0331374501274384	0.07
1.022530753	0.0331374501274384	0.07
1.023898132	0.0341954435265455	0.07
1.027042278	0.0399327122735784	0.07
1.027349785	0.0399327122735784	0.07
1.029078227	0.0410814787956102	0.07
1.029271857	0.0410814787956102	0.07
1.029659545	0.0414792308224195	0.07
1.030020301	0.0414792308224195	0.07
1.030392053	0.0418847602426682	0.07
1.030397618	0.0418847602426682	0.07
1.030958443	0.0422982974199524	0.07
1.031531241	0.0422982974199524	0.07
1.032104884	0.0422982974199524	0.07
1.0327094	0.0422982974199524	0.07
1.033463082	0.0422982974199524	0.07
1.034854243	0.0328831026039871	0.08
1.039046839	0.0384973699230307	0.08
1.041709188	0.0395639351867192	0.08
1.043349328	0.0395639351867192	0.08
1.048661279	0.0353232230222212	0.09
1.049025044	0.0353232230222212	0.09
1.056246636	0.0378177096007024	0.09
1.057424783	0.0427200819063031	0.09
1.058571278	0.0353232230222212	0.1
1.068168044	0.035034361187742	0.11
1.068277144	0.035034361187742	0.11
1.06860264	0.0353232230222212	0.11
1.068892568	0.0353232230222212	0.11
1.070326964	0.0365279288220761	0.11
1.076612069	0.0381545132423593	0.11
1.088762574	0.0827308592114332	0.12
1.091073782	0.0774932273929722	0.12
1.112743253	0.071745971164662	0.1
1.113082372	0.071745971164662	0.1
1.113233383	0.071745971164662	0.1
1.11414031	0.071745971164662	0.1
1.125633627	0.0746016101407766	0.1
1.127882011	0.0703985942828597	0.11
1.133642817	0.0731459300147465	0.11
1.133988353	0.073866599045922	0.11
1.136767134	0.071745971164662	0.11
1.183360064	0.0719337108748644	0.16
1.187305519	0.0807048284073509	0.15
1.18762744	0.0795066306747461	0.15
1.192009701	0.0795066306747461	0.15
1.192075895	0.0795066306747461	0.15
1.192725439	0.0789207754289048	0.15
1.208724051	0.078200486989729	0.13
1.208769953	0.078200486989729	0.13
1.209215802	0.078200486989729	0.13
1.210085375	0.078200486989729	0.13
1.210771389	0.078200486989729	0.13
1.21086869	0.078200486989729	0.13
1.212614931	0.0774932273929722	0.13
1.225416562	0.078200486989729	0.12
1.243346642	0.0843599278114456	0.11
1.245566855	0.113269474032238	0.12
1.246668032	0.11419849505596	0.12
1.252855937	0.122217807485724	0.11
1.265568721	0.121154336296257	0.1
1.270060331	0.112355446471276	0.1
1.270253663	0.110570942921051	0.1
1.270604589	0.110570942921051	0.1
1.275739262	0.121154336296257	0.09
1.278899002	0.103271907107179	0.09
1.285172518	0.0871239063750728	0.09
1.289511656	0.101755582069201	0.09
1.303502827	0.114625834013344	0.08
1.325958837	0.14558556337462	0.08
1.33510162	0.142812360142032	0.09
1.335485912	0.142812360142032	0.09
1.335508208	0.142812360142032	0.09
1.335711503	0.144185628347191	0.09
1.335892556	0.144185628347191	0.09
1.336051433	0.144185628347191	0.09
1.33625481	0.144185628347191	0.09
1.336413828	0.144185628347191	0.09
1.336595099	0.144185628347191	0.09
1.337161305	0.147012949584803	0.09
1.337524247	0.147012949584803	0.09
1.337777279	0.147012949584803	0.09
1.338686534	0.148468602403695	0.08
1.342315002	0.148468602403695	0.08
1.343443085	0.148468602403695	0.08
1.346883901	0.144185628347191	0.09
1.350085516	0.144185628347191	0.09
1.360981621	0.147012949584803	0.09
1.36116959	0.147012949584803	0.09
1.361338457	0.147012949584803	0.09
1.36135761	0.147012949584803	0.09
1.361545683	0.147012949584803	0.09
1.361952473	0.147012949584803	0.09
1.362110213	0.147012949584803	0.09
1.364721715	0.14558556337462	0.09
1.365659238	0.142812360142032	0.09
1.368077892	0.140142833373532	0.09
1.369020462	0.142812360142032	0.09
1.369707356	0.142812360142032	0.09
1.370127164	0.142812360142032	0.09
1.373967278	0.142812360142032	0.09
1.377139612	0.144185628347191	0.09
1.377544294	0.144185628347191	0.09
1.379222918	0.147012949584803	0.08
1.384187356	0.148468602403695	0.08
1.38563755	0.148468602403695	0.08
1.385801753	0.148468602403695	0.08
1.418305639	0.148664870318107	0.09
1.430594094	0.132701259730101	0.1
1.436494579	0.132701259730101	0.11
1.440102642	0.132701259730101	0.11
1.448119954	0.128457045123827	0.12
1.450462129	0.127438074882116	0.12
1.454003033	0.127438074882116	0.12
1.454856842	0.127438074882116	0.12
1.45657643	0.127438074882116	0.13
1.457818346	0.127438074882116	0.13
1.484067531	0.125447874180357	0.15
1.484117024	0.125447874180357	0.15
1.485393153	0.126435143137582	0.15
1.485917469	0.12447590394457	0.16
1.502972103	0.122576458928621	0.17
1.506038743	0.135279898982213	0.17
1.511734415	0.122576458928621	0.18
1.511964569	0.122576458928621	0.18
1.512194724	0.122576458928621	0.18
1.512403577	0.122576458928621	0.18
1.512821455	0.122576458928621	0.18
1.516740221	0.122576458928621	0.19
1.517647523	0.122576458928621	0.19
1.519065464	0.122576458928621	0.19
1.558319819	0.152738758862282	0.23
1.558531046	0.152738758862282	0.23
1.55916507	0.152100792987803	0.23
1.56916589	0.165512387837687	0.22
1.595579044	0.136255368279385	0.19
1.611568792	0.166724848146338	0.17
1.652341299	0.154927635244122	0.14
1.730827961	0.177960225993882	0.06
1.745720251	0.184876379520777	0.04
1.75282717	0.177960225993882	0.04
1.777374698	0.19882518945893	0.01
1.780115455	0.186097433002861	0.01
1.780657571	0.186097433002861	0.01
1.780657572	0.186097433002861	0.01
1.780839524	0.184410999454117	0.01
1.780928629	0.184410999454117	0.01
1.78092863	0.184410999454117	0.01
1.781140367	0.184410999454117	0.01
1.781170031	0.184410999454117	0.01
1.781170032	0.184410999454117	0.01
1.781381862	0.184410999454117	0.01
1.781411498	0.184410999454117	0.01
1.781411499	0.184410999454117	0.01
1.781623424	0.184410999454117	0.01
1.781653031	0.184410999454117	0.01
1.781835463	0.184410999454117	0.01
1.781894629	0.184410999454117	0.01
1.782136292	0.184410999454117	0.01
1.782136293	0.184410999454117	0.01
1.782378022	0.184410999454117	0.01
1.782619816	0.184410999454117	0.01
1.783044725	0.184410999454117	0.01
1.783345594	0.184410999454117	0.01
1.783587651	0.184410999454117	0.01
1.78377107	0.184410999454117	0.01
1.783829774	0.184410999454117	0.01
1.783925287	0.184410999454117	0.01
1.784013316	0.184410999454117	0.01
1.78446873	0.184410999454117	0.01
1.784506241	0.184410999454117	0.01
1.785009515	0.181128195805501	0.01
1.785497332	0.185588273097651	0.01
1.785988286	0.182427191312319	0.01
1.786357195	0.182427191312319	0.01
1.788266632	0.170504814342343	0.01
1.788780487	0.170504814342343	0.01
1.789747139	0.170504814342343	0.01
1.790033715	0.170504814342343	0.01
1.790095821	0.170504814342343	0.01
1.790737455	0.171703698104441	0.01
1.794856772	0.151468134313065	0.02
1.795060195	0.14494587408049	0.02
1.795172249	0.140620753383704	0.02
1.795643534	0.137342169762071	0.02
1.796645824	0.133452840773531	0.02
1.796669094	0.133452840773531	0.02
1.796696941	0.133452840773531	0.02
1.801889818	0.0819396933992145	0.02
1.808733518	0.138179804668131	0.03
1.812688451	0.0833568529920884	0.03
1.813240824	0.0855769528226556	0.03
1.813716026	0.0895521239926844	0.03
1.813793197	0.0921195751624397	0.03
1.814069384	0.09391459028081	0.03
1.814345569	0.09391459028081	0.03
1.814596154	0.0851987600567004	0.03
1.814621756	0.0851987600567004	0.03
1.814621757	0.0851987600567004	0.03
1.814846808	0.0851987600567004	0.03
1.814872379	0.0851987600567004	0.03
1.815123071	0.138647634847701	0.04
1.815322808	0.138647634847701	0.04
1.815624663	0.138647634847701	0.04
1.815850116	0.138647634847701	0.04
1.816101116	0.138647634847701	0.04
1.816374833	0.138647634847701	0.04
1.817633804	0.13402976078943	0.04
1.818036082	0.13402976078943	0.04
1.818363245	0.13402976078943	0.04
1.819395454	0.13402976078943	0.04
1.819410514	0.13402976078943	0.04
1.819581019	0.13402976078943	0.04
1.82134289	0.0893446147713801	0.04
1.824759677	0.0835374521265467	0.04
1.829051906	0.133362201842429	0.05
1.835137623	0.0835374521265467	0.05
1.836263396	0.0746016101407766	0.05
1.837659261	0.133362201842429	0.06
1.839735229	0.133362201842429	0.06
1.844053766	0.0912475554841415	0.06
1.846490238	0.13796073999399	0.07
1.872927722	0.0697437069293101	0.08
1.919145255	0.0603819287310148	0.12
1.932723098	0.0724391873242423	0.12
1.933588634	0.0731459300147465	0.12
1.934242286	0.0660567258348588	0.13
1.937910579	0.0660567258348588	0.13
1.938309591	0.0660567258348588	0.13
1.939501786	0.0678501656226202	0.13
1.945075766	0.0805699148668905	0.14
1.947078383	0.0805699148668905	0.14
1.956133657	0.0805699148668905	0.15
1.95745413	0.0805699148668905	0.15
1.959079535	0.082642198231124	0.15
1.961031557	0.082642198231124	0.15
2.03833515	0.0899700476600127	0.23
2.039242563	0.0919000114218811	0.23
2.045755957	0.0887278173311345	0.24
2.049316864	0.0893446147713801	0.24
2.057670659	0.0875194231529151	0.25
2.058810915	0.0893446147713801	0.25
2.060706206	0.0893446147713801	0.25
2.077371996	0.0875194231529151	0.27
2.077653506	0.0875194231529151	0.27
2.080200147	0.0893446147713801	0.27
2.112854786	0.0887278173311345	0.3
2.116340052	0.0846376972279318	0.31
2.117539144	0.0846376972279318	0.31
2.119081815	0.0863435012451072	0.31
2.130868897	0.0863435012451072	0.32
2.201956234	0.0863435012451072	0.39
2.21647999	0.0846376972279318	0.41
2.225736601	0.101318041850317	0.41
2.22607531	0.102285644622953	0.41
2.226678687	0.106348211257618	0.41
2.226980498	0.106348211257618	0.41
2.268175967	0.156116189091802	0.41
2.279085054	0.156116189091802	0.4
2.287430653	0.157323120312835	0.39
2.36737444	0.205138710151703	0.32
2.401471639	0.187210254230006	0.32
2.416816988	0.162993570879154	0.31
2.634889835	0.19940968464056	0.1
2.644514931	0.19940968464056	0.09
2.669724846	0.174724495424204	0.06
2.67074212	0.191347022883032	0.06
2.670831293	0.191347022883032	0.06
2.671148642	0.191347022883032	0.06
2.671193019	0.191347022883032	0.06
2.671193179	0.191347022883032	0.06
2.671237545	0.191347022883032	0.06
2.671237705	0.191347022883032	0.06
2.671599486	0.191347022883032	0.06
2.671599646	0.191347022883032	0.06
2.671872794	0.191347022883032	0.06
2.671961685	0.191347022883032	0.06
2.672323822	0.191347022883032	0.06
2.672686057	0.191347022883032	0.06
2.673366554	0.191347022883032	0.06
2.673410821	0.191347022883032	0.06
2.674201502	0.19940968464056	0.06
2.674817434	0.19940968464056	0.06
2.67498819	0.19940968464056	0.06
2.675906626	0.19940968464056	0.06
2.67595059	0.19940968464056	0.06
2.677404052	0.19940968464056	0.06
2.678640892	0.174724495424204	0.05
2.679543675	0.174724495424204	0.05
2.68050645	0.174724495424204	0.05
2.684222358	0.19940968464056	0.05
2.697875326	0.176417437162227	0.04
2.700424629	0.176417437162227	0.04
2.714352711	0.166724848146338	0.05
2.716197088	0.166724848146338	0.05
2.721223607	0.166724848146338	0.06
2.721339166	0.166724848146338	0.06
2.721753239	0.166724848146338	0.06
2.722090639	0.166724848146338	0.06
2.72212898	0.166724848146338	0.06
2.722504826	0.166724848146338	0.06
2.727362573	0.165212023160763	0.06
2.728042156	0.165212023160763	0.06
2.728457177	0.165212023160763	0.06
2.730687704	0.169835165135758	0.06
2.733911556	0.162267267424234	0.07
2.741703646	0.160833907542781	0.08
2.742221604	0.160833907542781	0.08
2.744776734	0.160833907542781	0.08
2.758261585	0.160833907542781	0.09
2.784781798	0.146590232984219	0.12
2.795646082	0.146590232984219	0.13
2.814579483	0.146590232984219	0.15
2.857457722	0.146590232984219	0.19
2.870516676	0.150218475846685	0.2
2.874914635	0.146590232984219	0.21
2.884109016	0.146590232984219	0.22
2.885327778	0.146590232984219	0.22
2.893176138	0.166801216997669	0.23
2.901070252	0.143839841259085	0.23
3.116410384	0.183678613310487	0.45
3.194633906	0.186666452872393	0.48
3.560201153	0.190352647976776	0.840000000000001
3.561648443	0.181397292051549	0.850000000000001
3.563861522	0.181397292051549	0.850000000000001
3.565454716	0.183120312554277	0.850000000000001
3.567214517	0.190352647976776	0.850000000000001
3.568359469	0.190352647976776	0.850000000000001
3.571812505	0.181397292051549	0.860000000000001
3.572497766	0.181397292051549	0.860000000000001
3.575584373	0.183120312554277	0.860000000000001
3.579984214	0.190352647976776	0.860000000000001
3.629519691	0.206678152238318	0.910000000000001
3.6300627	0.206678152238318	0.910000000000001
3.630972932	0.206678152238318	0.910000000000001
3.631169027	0.206678152238318	0.910000000000001
3.631970124	0.224095796308923	0.910000000000001
3.633483005	0.238660322516373	0.910000000000001
3.707141358	0.236464833974491	0.980000000000001
4.078052931	0.278277047990032	1.27
4.442577106	0.280980919707765	1.58
4.445571488	0.280980919707765	1.58
4.452121847	0.280980919707765	1.59
4.45272527	0.280980919707765	1.59
4.453932605	0.280980919707765	1.59
4.459832487	0.280980919707765	1.59
4.464002998	0.280980919707765	1.6
4.475601202	0.280980919707765	1.61
4.480518943	0.280980919707765	1.62
4.492707945	0.280980919707765	1.63
4.536342962	0.280980919707765	1.67
4.536969429	0.280980919707765	1.67
4.537444354	0.280980919707765	1.67
4.537596069	0.280980919707765	1.67
4.550359745	0.280980919707765	1.68
4.773228095	0.28373785117801	1.66
4.848628454	0.28373785117801	1.74
4.895921957	0.28373785117801	1.78
5.341769851	0.2658074892142	1.85
5.342582978	0.2658074892142	1.85
5.343307119	0.2658074892142	1.85
5.346842194	0.2658074892142	1.84
5.443653327	0.2658074892142	1.89
6.232084175	0.21987860072103	2.60999999999999
6.234722781	0.21987860072103	2.60999999999999
6.244676548	0.21987860072103	2.61999999999999
6.35095118	0.250767391515073	2.64999999999999
6.358499262	0.250767391515073	2.65999999999999
7	0.249931423780335	2.54999999999999
