thrs	post_p	finalwindow
0	0.175610462175575	0.23
0.03256001	0.173062763398209	0.2
0.070216248	0.149245511179144	0.18
0.082355146	0.149245511179144	0.17
0.089689176	0.149245511179144	0.16
0.093809574	0.149245511179144	0.16
0.098963073	0.132649593906207	0.16
0.103967892	0.13119076869463	0.16
0.106977596	0.132649593906207	0.15
0.113424721	0.13119076869463	0.15
0.115659216	0.13119076869463	0.15
0.127695348	0.125662818480566	0.15
0.129609166	0.125662818480566	0.15
0.130460633	0.125662818480566	0.15
0.14705261	0.103794924156869	0.15
0.148427326	0.11032236030372	0.15
0.148447444	0.129528846744412	0.15
0.161204767	0.134595281778015	0.14
0.178062567	0.113976498768782	0.12
0.178113806	0.113976498768782	0.12
0.178140913	0.113976498768782	0.12
0.178358463	0.113976498768782	0.12
0.181486006	0.138663067292526	0.12
0.181824923	0.138663067292526	0.12
0.186084933	0.128430127128936	0.12
0.205298456	0.135317032151387	0.1
0.222049977	0.131531127466773	0.08
0.222656148	0.12778831128823	0.08
0.222686318	0.12778831128823	0.08
0.222716495	0.12778831128823	0.08
0.226694446	0.121551900220162	0.08
0.226728961	0.121551900220162	0.08
0.226867021	0.121551900220162	0.08
0.226923294	0.121551900220162	0.08
0.226929675	0.121551900220162	0.08
0.226957829	0.121551900220162	0.08
0.227081991	0.122405286660399	0.08
0.227177477	0.122405286660399	0.08
0.227432153	0.120710330691434	0.08
0.230426372	0.114859668833597	0.07
0.24235868	0.0823727513882333	0.06
0.242615688	0.0854728385695624	0.06
0.242875367	0.0854728385695624	0.06
0.242941212	0.0854728385695624	0.06
0.249436037	0.0806899492046139	0.06
0.254481698	0.0854728385695624	0.05
0.256228734	0.0840494040709526	0.05
0.256259656	0.0840494040709526	0.05
0.256650521	0.0840494040709526	0.05
0.259750174	0.0820009809606524	0.05
0.272151172	0.080050029235547	0.05
0.287097646	0.0815592622424685	0.04
0.295749179	0.0823727513882333	0.04
0.296834617	0.0729178754866411	0.05
0.296839561	0.0729178754866411	0.05
0.296839653	0.0729178754866411	0.05
0.296874128	0.0729178754866411	0.05
0.296879772	0.0729178754866411	0.05
0.29691506	0.0729178754866411	0.05
0.296919994	0.0729178754866411	0.05
0.297161557	0.0729178754866411	0.05
0.29723727	0.0729178754866411	0.05
0.297242165	0.0729178754866411	0.05
0.297631463	0.0729178754866411	0.05
0.298033592	0.0729178754866411	0.05
0.298062423	0.0729178754866411	0.05
0.298432807	0.0729178754866411	0.05
0.29855614	0.0729178754866411	0.05
0.299120783	0.0729178754866411	0.05
0.29926506	0.0729178754866411	0.05
0.299931082	0.0749018810586966	0.05
0.300128238	0.0749018810586966	0.05
0.300638986	0.0749018810586966	0.05
0.302397905	0.0749018810586966	0.05
0.30240618	0.0749018810586966	0.05
0.302452098	0.0749018810586966	0.05
0.302493847	0.0749018810586966	0.05
0.302531356	0.0749018810586966	0.05
0.302535608	0.0749018810586966	0.05
0.303062807	0.0749018810586966	0.05
0.303998368	0.0749018810586966	0.05
0.305094409	0.0769968710762558	0.05
0.306047128	0.0832026318462588	0.04
0.307314933	0.0832026318462588	0.04
0.308759935	0.0832026318462588	0.04
0.319078068	0.0815592622424685	0.04
0.320290117	0.0815592622424685	0.04
0.322066605	0.0807616835305935	0.04
0.322591403	0.0807616835305935	0.04
0.323097253	0.0799795530023609	0.04
0.323537089	0.0792124261422852	0.04
0.323808824	0.0792124261422852	0.04
0.327195424	0.0792124261422852	0.04
0.333944256	0.0749018810586966	0.04
0.334029253	0.0749018810586966	0.04
0.338071632	0.077648414068448	0.05
0.340262381	0.0751062358749575	0.05
0.343625259	0.0751062358749575	0.05
0.345554528	0.0751062358749575	0.05
0.356200611	0.0744964895156457	0.06
0.356206548	0.0744964895156457	0.06
0.356351443	0.0744964895156457	0.06
0.356490553	0.0744964895156457	0.06
0.357086112	0.0872459222500449	0.06
0.360733393	0.0710362626496489	0.07
0.362945858	0.0710362626496489	0.07
0.363236679	0.0710362626496489	0.07
0.363936107	0.0710362626496489	0.07
0.367663989	0.0799795530023609	0.07
0.37384574	0.0713122898634429	0.08
0.381649088	0.0476661813745509	0.07
0.382008897	0.0473926442962636	0.07
0.386909127	0.0494870430555858	0.06
0.387745392	0.0481876671135613	0.06
0.389222512	0.0472570496783946	0.06
0.389299853	0.0472570496783946	0.06
0.389825341	0.0521840580344928	0.06
0.398731854	0.0512132434626202	0.05
0.415772448	0.0447234831071216	0.03
0.419019267	0.0537862704060557	0.03
0.423143546	0.0610013043709184	0.03
0.428769674	0.0561365895089747	0.02
0.438307149	0.0587017000076237	0.01
0.438815006	0.0592431120528823	0.01
0.440249622	0.0653453161690196	0.01
0.440316292	0.0653453161690196	0.01
0.441750067	0.064768778623246	0.01
0.444236336	0.0654618575628928	0.01
0.444770984	0.060698670887081	0.01
0.445049535	0.060698670887081	0.01
0.445117302	0.0663657069553221	0.01
0.445185067	0.065504339383607	0.01
0.445185068	0.065504339383607	0.01
0.445245414	0.065504339383607	0.01
0.445252832	0.065504339383607	0.01
0.445252833	0.065504339383607	0.01
0.445252835	0.065504339383607	0.01
0.445305777	0.065504339383607	0.01
0.445313187	0.065504339383607	0.01
0.445313188	0.065504339383607	0.01
0.44531319	0.065504339383607	0.01
0.445373562	0.065504339383607	0.01
0.445433949	0.065504339383607	0.01
0.445479567	0.0650819863707752	0.01
0.445494353	0.0650819863707752	0.01
0.445554774	0.0650819863707752	0.01
0.445578303	0.0650819863707752	0.01
0.445615211	0.0650819863707752	0.01
0.445691925	0.070580935361461	0.01
0.445736134	0.070580935361461	0.01
0.445857123	0.0803687154312857	0.01
0.445978177	0.0803687154312857	0.01
0.446038729	0.0803687154312857	0.01
0.446319857	0.0793755690835352	0.01
0.446341735	0.0793755690835352	0.01
0.446351359	0.0793755690835352	0.01
0.446394864	0.0793755690835352	0.01
0.446395102	0.0793755690835352	0.01
0.446455777	0.0793755690835352	0.01
0.44656991	0.0793755690835352	0.01
0.446772341	0.0793755690835352	0.01
0.446967543	0.0779310345664518	0.01
0.447158639	0.0779310345664518	0.01
0.447533088	0.0779310345664518	0.01
0.447649603	0.0774611364745414	0.01
0.447876705	0.0774611364745414	0.01
0.448701687	0.0825374004484095	0.01
0.449051315	0.0835392850183125	0.01
0.449552291	0.0835392850183125	0.01
0.449715173	0.0835392850183125	0.01
0.451750007	0.0835392850183125	0.01
0.453670383	0.0769968710762557	0.01
0.45367678	0.0769968710762557	0.01
0.453739439	0.0769968710762557	0.01
0.453782962	0.0769968710762557	0.01
0.453864805	0.0769968710762557	0.01
0.453864814	0.0769968710762557	0.01
0.453952078	0.0769968710762557	0.01
0.453977538	0.0769968710762557	0.01
0.453990257	0.0769968710762557	0.01
0.454159539	0.0769968710762557	0.01
0.454266222	0.0774611364745414	0.01
0.454278877	0.0774611364745414	0.01
0.454291524	0.0774611364745414	0.01
0.454297847	0.0774611364745414	0.01
0.454379121	0.0774611364745414	0.01
0.454423548	0.0774611364745414	0.01
0.454543029	0.0774611364745414	0.01
0.454637485	0.0774611364745414	0.01
0.455078808	0.0779310345664518	0.01
0.455180191	0.0793755690835352	0.01
0.455439212	0.0856178382706763	0.01
0.455678249	0.0761449675214186	0.02
0.455755613	0.0761449675214186	0.02
0.455804735	0.0761449675214186	0.02
0.456133439	0.0761449675214186	0.02
0.456159276	0.0761449675214186	0.02
0.456880284	0.0761449675214186	0.02
0.45760535	0.075311708824389	0.02
0.457901934	0.075311708824389	0.02
0.458619789	0.075311708824389	0.02
0.460382332	0.0749018810586966	0.02
0.462114195	0.0702592590323377	0.02
0.464728436	0.0698770967750886	0.02
0.46499053	0.0698770967750886	0.02
0.472596627	0.0669632241009337	0.03
0.473676694	0.0669632241009337	0.03
0.474072423	0.0669632241009337	0.03
0.47699163	0.067550064833748	0.04
0.477096915	0.067550064833748	0.04
0.478409458	0.0678832105985982	0.04
0.478888149	0.0682196586897727	0.04
0.479732593	0.0682196586897727	0.04
0.479936634	0.0682196586897727	0.04
0.483671852	0.0639625818104562	0.04
0.483988273	0.0639625818104562	0.04
0.484927676	0.0646059175150364	0.04
0.485999254	0.0783110778006076	0.04
0.48628356	0.0789851494418933	0.04
0.486776039	0.0696875704436858	0.04
0.499369323	0.0799795530023609	0.05
0.511690912	0.064768778623246	0.06
0.51473946	0.0612387804444966	0.07
0.514839037	0.0615124558381482	0.07
0.514971335	0.0615124558381482	0.07
0.51502476	0.0615124558381482	0.07
0.515124567	0.0632072917233648	0.07
0.518564452	0.0659322099677019	0.07
0.520735072	0.0610013043709184	0.07
0.534226929	0.0531923899379821	0.07
0.534308248	0.0531923899379821	0.07
0.534380672	0.0531923899379821	0.07
0.539174229	0.0636456948324252	0.07
0.556645891	0.0653453161690196	0.08
0.556807604	0.0653453161690196	0.08
0.55802857	0.0653453161690196	0.08
0.559788571	0.0653453161690196	0.08
0.562444529	0.0659322099677019	0.08
0.566766402	0.0690322484157127	0.08
0.568776608	0.0724381887018014	0.07
0.572491616	0.0717303763843106	0.07
0.574371638	0.0703554536376261	0.07
0.57444178	0.0703554536376261	0.07
0.583655412	0.0677578965648628	0.07
0.586308239	0.0710362626496489	0.07
0.59079165	0.0731601091631862	0.06
0.591193432	0.0731601091631862	0.06
0.593402747	0.0731601091631862	0.06
0.593573546	0.0731601091631862	0.06
0.593673806	0.0731601091631862	0.06
0.593673808	0.0731601091631862	0.06
0.59375428	0.0731601091631862	0.06
0.593824895	0.0731601091631862	0.06
0.593834769	0.0731601091631862	0.06
0.593915284	0.0731601091631862	0.06
0.594318181	0.0717303763843106	0.07
0.595015574	0.0717303763843106	0.07
0.595196772	0.0717303763843106	0.07
0.595887104	0.0717303763843106	0.07
0.596219211	0.0717303763843106	0.07
0.596894832	0.0717303763843106	0.07
0.597117526	0.0717303763843106	0.07
0.604813246	0.0710362626496489	0.07
0.604905308	0.0710362626496489	0.07
0.604988853	0.0710362626496489	0.07
0.605724938	0.0710362626496489	0.07
0.606404306	0.0710362626496489	0.07
0.606824709	0.0710362626496489	0.07
0.607971158	0.0639625818104562	0.06
0.608756287	0.0639625818104562	0.06
0.624510489	0.0677578965648628	0.07
0.63624959	0.0738965638206567	0.07
0.637881775	0.0653453161690196	0.08
0.638075882	0.0665297415898	0.08
0.641599528	0.0665297415898	0.08
0.644129804	0.0690322484157127	0.08
0.64801212	0.0659322099677019	0.08
0.648827538	0.0671382029064631	0.08
0.65703705	0.0717303763843106	0.07
0.667472678	0.0717303763843106	0.08
0.667879261	0.0717303763843106	0.08
0.667879263	0.0717303763843106	0.08
0.669490645	0.0717303763843106	0.08
0.671132308	0.0724381887018014	0.08
0.678915807	0.0642023256100805	0.09
0.680410924	0.0642023256100805	0.09
0.68060848	0.0642023256100805	0.09
0.690723937	0.0630986330114029	0.1
0.692614054	0.064768778623246	0.1
0.697379755	0.0610013043709184	0.11
0.712401774	0.0610013043709184	0.12
0.71365913	0.0636456948324252	0.12
0.714295462	0.0590389162179962	0.13
0.717816093	0.0595175805521882	0.13
0.719314887	0.0595175805521882	0.13
0.725609694	0.0563211710805683	0.14
0.725869057	0.0563211710805683	0.14
0.725979546	0.0563211710805683	0.14
0.726772429	0.0567566183909472	0.14
0.75180067	0.0824937528515595	0.14
0.756100951	0.0830738712266426	0.14
0.756122282	0.0830738712266426	0.14
0.762884543	0.0829935980214246	0.13
0.763387603	0.0854918894114115	0.13
0.763491091	0.0854918894114115	0.13
0.765321243	0.0844460626422399	0.13
0.766651587	0.0828814758070003	0.13
0.772264397	0.0851637727625732	0.12
0.779976345	0.0869635876034972	0.12
0.793117932	0.0880834065049354	0.1
0.794958533	0.0887560222065094	0.1
0.797194853	0.0861253667283052	0.1
0.8034392	0.0900696252229754	0.09
0.812482547	0.0888358294177179	0.08
0.817085993	0.0892101687373465	0.08
0.849686346	0.0941861081419537	0.05
0.856064956	0.0947877816474778	0.04
0.861783488	0.0966589030147592	0.03
0.864973627	0.0974364502751648	0.03
0.867661243	0.0984821728577425	0.03
0.870144812	0.0949167904138584	0.03
0.874413626	0.099664399607447	0.02
0.875213305	0.0971649408821265	0.02
0.87832845	0.0976957933989393	0.02
0.880342154	0.0951628770486946	0.02
0.882218863	0.0951404528200918	0.01
0.88244613	0.0971330980475884	0.01
0.885048106	0.100237398326201	0.01
0.886381245	0.0982601596106576	0.01
0.887670141	0.101758497853387	0.01
0.888863234	0.0990134968610037	0.01
0.889014569	0.0987471201470028	0.01
0.889209764	0.0987471201470028	0.01
0.889752182	0.0984821728577425	0.01
0.889857915	0.0984821728577425	0.01
0.890068113	0.0982186435181907	0.01
0.890083013	0.0982186435181907	0.01
0.890218543	0.0982186435181907	0.01
0.890218544	0.0982186435181907	0.01
0.890228158	0.0982186435181907	0.01
0.890309475	0.0979565207758126	0.01
0.890354074	0.0982186435181907	0.01
0.890354075	0.0982186435181907	0.01
0.890419078	0.0982186435181907	0.01
0.890459913	0.0982186435181907	0.01
0.890474761	0.0982186435181907	0.01
0.890489605	0.0982186435181907	0.01
0.890489606	0.0982186435181907	0.01
0.890580647	0.0982186435181907	0.01
0.89061031	0.0982186435181907	0.01
0.890610311	0.0982186435181907	0.01
0.89068659	0.0982186435181907	0.01
0.890716233	0.0982186435181907	0.01
0.890731048	0.0982186435181907	0.01
0.890731049	0.0982186435181907	0.01
0.890737499	0.0982186435181907	0.01
0.890822213	0.0982186435181907	0.01
0.890837018	0.0982186435181907	0.01
0.890851819	0.0982186435181907	0.01
0.890957836	0.0982186435181907	0.01
0.890972622	0.0982186435181907	0.01
0.890972623	0.0982186435181907	0.01
0.891093459	0.0976957933989393	0.01
0.89119957	0.0976957933989393	0.01
0.891214328	0.0976957933989393	0.01
0.891244043	0.0976957933989393	0.01
0.891246709	0.0976957933989393	0.01
0.891320486	0.0976957933989393	0.01
0.891382479	0.0976957933989393	0.01
0.891441435	0.0976957933989393	0.01
0.891456164	0.0976957933989393	0.01
0.89149835	0.0976957933989393	0.01
0.891521465	0.0976957933989393	0.01
0.891562417	0.0976957933989393	0.01
0.891577132	0.0976957933989393	0.01
0.891686849	0.0976957933989393	0.01
0.891698132	0.0976957933989393	0.01
0.891881522	0.0976957933989393	0.01
0.892012117	0.0966666170543256	0.01
0.892017347	0.0966666170543256	0.01
0.892182462	0.0961601176700728	0.01
0.892215798	0.0961601176700728	0.01
0.892245091	0.096412702149394	0.01
0.89229733	0.096412702149394	0.01
0.892307805	0.096412702149394	0.01
0.892546055	0.0966666170543256	0.01
0.892568748	0.0966666170543256	0.01
0.89273031	0.0966666170543256	0.01
0.892793389	0.0966666170543256	0.01
0.892924751	0.0961601176700728	0.01
0.892951888	0.0961601176700728	0.01
0.892952212	0.0961601176700728	0.01
0.893016766	0.0961601176700728	0.01
0.89308003	0.0961601176700728	0.01
0.893142511	0.0961601176700728	0.01
0.893172464	0.0956588983804727	0.01
0.893313967	0.0956588983804727	0.01
0.893320622	0.0956588983804727	0.01
0.894085351	0.0951628770486946	0.01
0.894189143	0.0951628770486946	0.01
0.89420355	0.0951628770486946	0.01
0.89422449	0.0951628770486946	0.01
0.894232534	0.0951628770486946	0.01
0.894482721	0.0951628770486946	0.01
0.894690708	0.0946719732327403	0.01
0.894906463	0.0946719732327403	0.01
0.895081202	0.0949167904138584	0.01
0.895086463	0.0949167904138584	0.01
0.89539422	0.0946719732327403	0.01
0.895524497	0.0968096435639548	0.01
0.895638516	0.0968096435639548	0.01
0.895840307	0.0968096435639548	0.01
0.89592425	0.0968096435639548	0.01
0.896329745	0.096313974884152	0.01
0.896396617	0.0965611731355156	0.01
0.89693811	0.094856962230007	0.01
0.897282137	0.0974364502751648	0.01
0.897316929	0.0972018757563878	0.01
0.89799116	0.0878999798454641	0.01
0.898155973	0.0869941876049639	0.01
0.898455429	0.0857569947324809	0.01
0.898485328	0.0857569947324809	0.01
0.898755243	0.0843854602125589	0.01
0.89889623	0.0840494040709526	0.01
0.899413875	0.0865260795113213	0.01
0.900031532	0.0853523801283277	0.01
0.900307304	0.0865260795113213	0.01
0.901007608	0.0758398395196652	0.01
0.901947653	0.0578904889824503	0.01
0.902162268	0.0581349958239176	0.01
0.902919093	0.0521080751662655	0.01
0.903166806	0.0489372149598867	0.01
0.903685884	0.0450428028235772	0.01
0.904039961	0.044644359344425	0.01
0.904508173	0.042252301587265	0.01
0.905345526	0.0424477546609637	0.01
0.905424433	0.042645024414008	0.01
0.906197141	0.043247990613	0.01
0.906210372	0.042645024414008	0.01
0.906508268	0.043247990613	0.01
0.906786831	0.043045116221673	0.01
0.906922556	0.0428441362929144	0.01
0.906983581	0.043045116221673	0.01
0.907060652	0.043045116221673	0.01
0.90712089	0.043045116221673	0.01
0.907198748	0.043045116221673	0.01
0.907199842	0.043045116221673	0.01
0.907311244	0.0342489620363533	0.01
0.907324045	0.0344094983103098	0.01
0.907336843	0.0344094983103098	0.01
0.907336844	0.0344094983103098	0.01
0.907436592	0.0344094983103098	0.01
0.907449378	0.0344094983103098	0.01
0.90746216	0.0344094983103098	0.01
0.907574745	0.0344094983103098	0.01
0.907587512	0.0344094983103098	0.01
0.907674633	0.0344094983103098	0.01
0.907700146	0.0344094983103098	0.01
0.907712898	0.0344094983103098	0.01
0.907951053	0.0344094983103098	0.01
0.907963773	0.0340899167586059	0.01
0.908076559	0.0347351285060419	0.01
0.908089263	0.0347351285060419	0.01
0.908089264	0.0347351285060419	0.01
0.908151307	0.0347351285060419	0.01
0.90817671	0.0349002657636273	0.01
0.908202099	0.0349002657636273	0.01
0.908214789	0.0349002657636273	0.01
0.908289632	0.0344094983103098	0.01
0.908453284	0.0344094983103098	0.01
0.908566283	0.0349002657636273	0.01
0.908577365	0.0349002657636273	0.01
0.908578929	0.0349002657636273	0.01
0.908691978	0.0349002657636273	0.01
0.908816452	0.0352352960578258	0.01
0.908830322	0.0352352960578258	0.01
0.908943472	0.0352352960578258	0.01
0.908956071	0.0352352960578258	0.01
0.909094444	0.0352352960578258	0.01
0.909183517	0.0350669807082678	0.01
0.909346075	0.0350669807082678	0.01
0.90938549	0.0350669807082678	0.01
0.909409249	0.0350669807082678	0.01
0.909434338	0.0352352960578258	0.01
0.909642167	0.0352352960578258	0.01
0.909838426	0.0349002657636273	0.01
0.909914657	0.0349002657636273	0.01
0.909925885	0.0349002657636273	0.01
0.910014581	0.0345715466455997	0.01
0.910051995	0.0347351285060419	0.01
0.910204731	0.0347351285060419	0.01
0.910267	0.0347351285060419	0.01
0.91113001	0.0352352960578258	0.01
0.911383512	0.0350669807082678	0.01
0.911404622	0.0350669807082678	0.01
0.911747931	0.0350669807082678	0.01
0.911776598	0.0350669807082678	0.01
0.912015459	0.0355768210451173	0.01
0.912488931	0.0354052349684344	0.01
0.912630246	0.0352352960578258	0.01
0.912707801	0.0352352960578258	0.01
0.912811242	0.0436595309476111	0.01
0.912967277	0.0440789788210546	0.01
0.913139907	0.0440789788210546	0.01
0.913244462	0.0445065643531717	0.01
0.913630289	0.0440789788210546	0.01
0.914018042	0.0442917396501812	0.01
0.914870556	0.048740294483188	0.01
0.914983658	0.048740294483188	0.01
0.915026039	0.048740294483188	0.01
0.915269563	0.048740294483188	0.01
0.915559183	0.0447234831071216	0.01
0.916163647	0.0447234831071216	0.01
0.916208994	0.0449425266803233	0.01
0.916688985	0.0453871144013637	0.01
0.916912552	0.0460707369791248	0.01
0.917248255	0.0360005366110634	0.01
0.917957453	0.0396935077432173	0.01
0.918238351	0.0434527863799086	0.01
0.918483627	0.0447234831071216	0.01
0.918837351	0.0427534008863693	0.02
0.919120121	0.0429352576534971	0.02
0.919655338	0.0431186681290672	0.02
0.919822583	0.0431186681290672	0.02
0.920002472	0.0431186681290672	0.02
0.921364075	0.043678423504835	0.02
0.921783065	0.043678423504835	0.02
0.922071236	0.044447769403618	0.02
0.922455062	0.0448426960230724	0.02
0.922504312	0.0448426960230724	0.02
0.922787758	0.0448426960230724	0.02
0.923268187	0.0450428028235772	0.02
0.923473233	0.0450428028235772	0.02
0.924160807	0.0450428028235772	0.02
0.924507726	0.0450428028235772	0.02
0.927872541	0.0346041396417109	0.02
0.929379518	0.045612723174887	0.02
0.934071327	0.0400399094094813	0.03
0.93534835	0.0401993713606094	0.03
0.938770844	0.0282191446251541	0.03
0.941112169	0.0202784549125501	0.03
0.942896738	0.022987828896923	0.03
0.944027825	0.0242003432508163	0.03
0.947518522	0.0216840979657286	0.04
0.948845214	0.0273772249087117	0.04
0.953473419	0.0224260213130195	0.04
0.955603107	0.0244149750005921	0.04
0.955985355	0.0244149750005921	0.04
0.956296714	0.0253129734679952	0.04
0.956549025	0.0253129734679952	0.04
0.95679317	0.025547890424143	0.04
0.956793172	0.025547890424143	0.04
0.957016096	0.0257872085168989	0.04
0.957077957	0.0257872085168989	0.04
0.957486775	0.0265328421975703	0.04
0.958321379	0.0254064199128241	0.05
0.959031973	0.0277078914892293	0.05
0.959665139	0.0176745277493496	0.05
0.960819071	0.0192840847390682	0.05
0.960911853	0.0192840847390682	0.05
0.964458654	0.022987828896923	0.05
0.966980911	0.0257872085168989	0.05
0.966980912	0.0257872085168989	0.05
0.966986309	0.0257872085168989	0.05
0.967144414	0.0257872085168989	0.05
0.967297226	0.0265328421975703	0.05
0.967302571	0.0265328421975703	0.05
0.967302572	0.0265328421975703	0.05
0.967460779	0.0265328421975703	0.05
0.96746078	0.0265328421975703	0.05
0.96761904	0.0265328421975703	0.05
0.967772081	0.0265328421975703	0.05
0.967925221	0.0265328421975703	0.05
0.967935716	0.0265328421975703	0.05
0.968083686	0.0270543576156753	0.05
0.968237002	0.0270543576156753	0.05
0.969666194	0.0161218865870733	0.06
0.973457204	0.0310871751636042	0.06
0.974203145	0.0312992467832969	0.06
0.97801719	0.0343451035418446	0.06
0.978183481	0.0343451035418446	0.06
0.981915796	0.0374269373261275	0.06
1.019804062	0.0301673642712771	0.07
1.021711423	0.0294414338461919	0.07
1.022530753	0.0294414338461919	0.07
1.023898132	0.0299214423114321	0.07
1.027042278	0.0328688270852979	0.07
1.029078227	0.0347351285060419	0.07
1.029637844	0.0347351285060419	0.07
1.029659545	0.0347351285060419	0.07
1.030020301	0.0354052349684344	0.07
1.030392053	0.0354052349684344	0.07
1.030397618	0.0354052349684344	0.07
1.030958443	0.0368261265228476	0.07
1.031531241	0.0368261265228476	0.07
1.032104884	0.0368261265228476	0.07
1.033463082	0.0368261265228476	0.07
1.034376329	0.0368261265228476	0.07
1.035677928	0.027876238362364	0.08
1.036124234	0.0280895706993251	0.08
1.039046839	0.0317321903993685	0.08
1.044012776	0.0334682377525764	0.08
1.054783865	0.0301673642712771	0.09
1.056246636	0.0301673642712771	0.09
1.057424783	0.0331658243314681	0.09
1.067766296	0.0354052349684344	0.1
1.06860264	0.027666121998403	0.11
1.068892568	0.027666121998403	0.11
1.070020858	0.0287496192373214	0.11
1.070326964	0.0287496192373214	0.11
1.076612069	0.0296794974035818	0.11
1.088407982	0.0521840580344928	0.1
1.088762574	0.0521840580344928	0.1
1.091073782	0.0521840580344928	0.1
1.112743253	0.0696875704436858	0.09
1.113082372	0.0696875704436858	0.09
1.113233383	0.0696875704436858	0.09
1.127882011	0.064768778623246	0.1
1.13205703	0.0553306546265592	0.1
1.133642817	0.062032245928688	0.11
1.133988353	0.0630986330114029	0.11
1.134317617	0.0630986330114029	0.11
1.136767134	0.0610013043709184	0.11
1.137302108	0.062032245928688	0.11
1.183360064	0.0553306546265592	0.12
1.187305519	0.0547801321628386	0.12
1.187446683	0.0547801321628386	0.12
1.18762744	0.0547801321628386	0.12
1.192009701	0.0547801321628386	0.13
1.192725439	0.0547801321628386	0.13
1.209215802	0.0403924103357089	0.13
1.209751115	0.0403924103357089	0.13
1.209768181	0.0403924103357089	0.13
1.210771389	0.0400399094094813	0.13
1.21086869	0.0400399094094813	0.13
1.212614931	0.0396935077432173	0.13
1.22465873	0.0414881632627219	0.12
1.226767373	0.0414881632627219	0.12
1.243346642	0.0493760912482696	0.12
1.245566855	0.0489372149598867	0.12
1.246668032	0.0476661813745509	0.12
1.248955951	0.0476661813745509	0.12
1.252855937	0.0472570496783946	0.12
1.270060331	0.0526833996955769	0.1
1.275739262	0.0553306546265592	0.09
1.289511656	0.0925241600219462	0.1
1.297280078	0.0957420717624602	0.11
1.302603198	0.0933081871096701	0.12
1.303502827	0.0949167904138584	0.12
1.325958837	0.0762856399213131	0.13
1.335485912	0.0735674283222984	0.13
1.335508208	0.0735674283222984	0.13
1.335711503	0.0735674283222984	0.13
1.335892556	0.0735674283222984	0.13
1.336051433	0.0735674283222984	0.13
1.33625481	0.0735674283222984	0.13
1.33638917	0.0735674283222984	0.13
1.336665633	0.0815592622424685	0.12
1.337161305	0.0815592622424685	0.12
1.337529375	0.0815592622424685	0.12
1.337777279	0.0815592622424685	0.12
1.337887386	0.0807616835305935	0.12
1.338686534	0.0807616835305935	0.12
1.340005107	0.0807616835305935	0.12
1.342315002	0.0807616835305935	0.12
1.343443085	0.0807616835305935	0.12
1.346883901	0.0832026318462588	0.11
1.360533959	0.0823727513882333	0.12
1.360981621	0.0823727513882333	0.12
1.36116959	0.0823727513882333	0.12
1.361338457	0.0823727513882333	0.12
1.36135761	0.0823727513882333	0.12
1.361952473	0.0823727513882333	0.12
1.362110213	0.0823727513882333	0.12
1.364721715	0.0832026318462588	0.12
1.365659238	0.0784598753272048	0.13
1.368077892	0.0832026318462588	0.12
1.369020462	0.0832026318462588	0.12
1.370127164	0.0832026318462588	0.12
1.373967278	0.0792124261422852	0.13
1.377139612	0.0823727513882333	0.13
1.377544294	0.0823727513882333	0.13
1.379222918	0.0832026318462588	0.13
1.384187356	0.0769968710762558	0.13
1.385801753	0.0762856399213131	0.13
1.418305639	0.0832026318462588	0.11
1.436494579	0.0832026318462588	0.12
1.440102642	0.0777214890314134	0.12
1.448119954	0.0769968710762558	0.12
1.450462129	0.0762856399213131	0.12
1.450928234	0.0762856399213131	0.12
1.454003033	0.0762856399213131	0.12
1.454856842	0.0762856399213131	0.12
1.45657643	0.0762856399213131	0.13
1.457818346	0.0762856399213131	0.13
1.485917469	0.0729178754866411	0.16
1.488337206	0.0735674283222984	0.16
1.511964569	0.0735674283222984	0.18
1.512194724	0.0735674283222984	0.18
1.513239565	0.0735674283222984	0.18
1.515375804	0.0735674283222984	0.18
1.516740221	0.0735674283222984	0.19
1.517647523	0.0729178754866411	0.19
1.519065464	0.0729178754866411	0.19
1.558319819	0.154429134096692	0.23
1.558531046	0.154429134096692	0.23
1.55916507	0.152550604771871	0.23
1.561070241	0.167005607454125	0.22
1.56916589	0.171754589896109	0.22
1.595407686	0.16213632041625	0.19
1.595579044	0.16213632041625	0.19
1.611568792	0.173377175772383	0.17
1.707257935	0.228754650155499	0.08
1.718627381	0.223530502856219	0.07
1.745720251	0.219301307120796	0.04
1.75282717	0.229882231613202	0.03
1.758275756	0.228754650155499	0.03
1.77492366	0.234228828792026	0.01
1.777374698	0.241948718523527	0.01
1.780115455	0.221841744544143	0.01
1.780627841	0.221841744544143	0.01
1.780657571	0.221841744544143	0.01
1.780657572	0.221841744544143	0.01
1.780839524	0.220178311815873	0.01
1.780928629	0.220178311815873	0.01
1.78092863	0.220178311815873	0.01
1.781081012	0.220178311815873	0.01
1.781140367	0.220178311815873	0.01
1.781170032	0.220178311815873	0.01
1.781381862	0.220178311815873	0.01
1.781411498	0.220178311815873	0.01
1.781411499	0.220178311815873	0.01
1.781623424	0.220178311815873	0.01
1.781653031	0.220178311815873	0.01
1.7818108	0.220178311815873	0.01
1.781835463	0.220178311815873	0.01
1.781894629	0.220178311815873	0.01
1.782136293	0.218539639215983	0.01
1.782378022	0.215334395512996	0.01
1.782531315	0.215334395512996	0.01
1.782590324	0.215334395512996	0.01
1.782619816	0.215334395512996	0.01
1.783044725	0.215334395512996	0.01
1.783103602	0.215334395512996	0.01
1.783286774	0.215334395512996	0.01
1.783345594	0.215334395512996	0.01
1.784013316	0.215334395512996	0.01
1.784314217	0.215334395512996	0.01
1.78446873	0.215334395512996	0.01
1.784506241	0.215334395512996	0.01
1.785009515	0.216925177998253	0.01
1.785988286	0.225754500920678	0.01
1.786357195	0.225754500920678	0.01
1.787927091	0.218984126005891	0.01
1.788266632	0.218984126005891	0.01
1.788872102	0.218984126005891	0.01
1.78918715	0.218984126005891	0.01
1.789747139	0.218984126005891	0.01
1.790737455	0.226986345474435	0.01
1.79204453	0.229350223533904	0.02
1.792147241	0.229350223533904	0.02
1.795060195	0.182475358728904	0.02
1.795172249	0.176621608049392	0.02
1.796669094	0.165972894175598	0.02
1.801889818	0.086019136043972	0.02
1.808733518	0.154379106576958	0.03
1.809599251	0.154379106576958	0.03
1.813240824	0.0925241600219462	0.03
1.813716026	0.0869453173524891	0.03
1.813793197	0.0869453173524891	0.03
1.814069382	0.0862027903582075	0.03
1.814069384	0.0862027903582075	0.03
1.814345569	0.0789851494418933	0.03
1.814596154	0.0729178754866411	0.03
1.814621757	0.0729178754866411	0.03
1.814846808	0.0729178754866411	0.03
1.814872379	0.0729178754866411	0.03
1.815123071	0.0735674283222984	0.03
1.815169565	0.0735674283222984	0.03
1.815288509	0.0735674283222984	0.03
1.815373832	0.0735674283222984	0.03
1.815850116	0.0735674283222984	0.03
1.815875562	0.0735674283222984	0.03
1.816101116	0.0581700940788199	0.03
1.816374833	0.0587017000076237	0.03
1.816377569	0.0587017000076237	0.03
1.81637757	0.0587017000076237	0.03
1.816879855	0.0581700940788199	0.03
1.817399416	0.0581700940788199	0.03
1.818036082	0.0592431120528823	0.03
1.818363245	0.0597946040689602	0.03
1.819217405	0.0633319322534828	0.03
1.81989941	0.0646059175150364	0.03
1.82134289	0.111859329324437	0.04
1.823345161	0.0826726036960006	0.04
1.824759677	0.0716525834992627	0.04
1.824985083	0.0716525834992627	0.04
1.828541204	0.0592431120528823	0.04
1.828939845	0.0609289753843042	0.04
1.829613575	0.0627135972643143	0.04
1.830016016	0.0639625818104562	0.04
1.835137623	0.0710362626496489	0.05
1.836263396	0.0561365895089747	0.05
1.83758722	0.0566315193141707	0.05
1.837659261	0.0566315193141707	0.05
1.839735229	0.0615124558381482	0.05
1.844053766	0.0833553190332944	0.06
1.846490238	0.0566315193141707	0.06
1.860714054	0.0621072196343663	0.07
1.876458705	0.0442917396501812	0.07
1.877534086	0.0442917396501812	0.07
1.919145255	0.042645024414008	0.11
1.932723098	0.0248558661052406	0.12
1.933588634	0.0250823373471708	0.12
1.938309591	0.0390183797541143	0.13
1.938319698	0.0390183797541143	0.13
1.939501786	0.0393530483931092	0.13
1.940502926	0.0239894522662487	0.13
1.95745413	0.0516248482722755	0.15
1.961031557	0.0377347547707796	0.15
2.039242563	0.0806403615826055	0.23
2.045755957	0.100843529735895	0.23
2.04617014	0.0785172558202401	0.24
2.057670659	0.0780038330620504	0.25
2.058810915	0.0785172558202401	0.25
2.060706206	0.0672500299720858	0.25
2.067556414	0.0780038330620504	0.26
2.077371996	0.0780038330620504	0.27
2.077653506	0.0780038330620504	0.27
2.077935092	0.0780038330620504	0.27
2.079378601	0.0785172558202401	0.27
2.112854786	0.0663657069553221	0.3
2.119081815	0.0769968710762558	0.31
2.130868897	0.0659322099677019	0.32
2.175983465	0.0979090123378692	0.36
2.21647999	0.0760155757715829	0.41
2.22342495	0.0659322099677019	0.41
2.225736601	0.093380121682156	0.41
2.22607531	0.0960457435284009	0.41
2.226980498	0.0908073787243609	0.42
2.230993963	0.0808746669541436	0.42
2.268175967	0.203742183521903	0.41
2.273953022	0.214659751492979	0.4
2.279085054	0.20691053214756	0.4
2.283420782	0.21830753216449	0.39
2.287430653	0.208531948738296	0.39
2.396315913	0.24343451438168	0.29
2.401471639	0.245415252939389	0.29
2.416816988	0.284082193207183	0.28
2.57811595	0.274985462240793	0.15
2.634889835	0.286046134562258	0.09
2.63880046	0.274985462240793	0.09
2.644514931	0.286046134562258	0.08
2.669724846	0.277669656072085	0.06
2.670697515	0.277669656072085	0.06
2.67074212	0.277669656072085	0.06
2.670831293	0.277669656072085	0.06
2.671148642	0.277669656072085	0.06
2.671193179	0.277669656072085	0.06
2.671237545	0.277669656072085	0.06
2.671237705	0.277669656072085	0.06
2.671599646	0.277669656072085	0.06
2.671872794	0.277669656072085	0.06
2.671961685	0.277669656072085	0.06
2.672323822	0.277669656072085	0.06
2.672686057	0.288951743210001	0.05
2.673366554	0.288951743210001	0.05
2.673410821	0.288951743210001	0.05
2.674201502	0.288951743210001	0.05
2.67498819	0.288951743210001	0.05
2.675753192	0.286046134562258	0.05
2.675906626	0.286046134562258	0.05
2.677404052	0.280406768470859	0.05
2.678640892	0.277669656072085	0.05
2.679587204	0.277669656072085	0.05
2.681604422	0.277669656072085	0.05
2.684222358	0.277669656072085	0.05
2.690797174	0.262999938977517	0.04
2.690995907	0.262999938977517	0.04
2.692790444	0.262999938977517	0.04
2.700424629	0.252655114809076	0.04
2.721223607	0.229541462535843	0.05
2.721339166	0.236383779790895	0.06
2.721753239	0.236383779790895	0.06
2.722090639	0.236383779790895	0.06
2.72212898	0.236383779790895	0.06
2.722504826	0.236383779790895	0.06
2.725138453	0.232112813305156	0.06
2.727362573	0.232112813305156	0.06
2.728042156	0.232112813305156	0.06
2.734951629	0.230034687551437	0.07
2.741703646	0.230034687551437	0.08
2.742221604	0.230034687551437	0.08
2.744776734	0.230034687551437	0.08
2.758261585	0.230034687551437	0.09
2.784781798	0.211131871567771	0.12
2.795646082	0.211131871567771	0.13
2.870516676	0.207718076356584	0.2
2.874914635	0.206052245039534	0.21
2.884109016	0.204412919999949	0.22
2.885327778	0.204412919999949	0.22
2.901070252	0.195785948082061	0.23
3.017087015	0.201211297822004	0.35
3.091199805	0.192873646831762	0.42
3.116410384	0.197297082233821	0.45
3.190582361	0.206420116617912	0.52
3.557717034	0.17586936371749	0.870000000000001
3.560201153	0.17586936371749	0.870000000000001
3.561648443	0.171881583770185	0.870000000000001
3.562131134	0.171881583770185	0.870000000000001
3.566965252	0.191682476708275	0.880000000000001
3.567214517	0.191682476708275	0.880000000000001
3.568359469	0.191682476708275	0.880000000000001
3.571210711	0.188339153401481	0.880000000000001
3.571812505	0.188339153401481	0.880000000000001
3.579984214	0.162703044788755	0.870000000000001
3.62901857	0.155065634011365	0.910000000000001
3.629519691	0.155065634011365	0.910000000000001
3.6300627	0.155065634011365	0.910000000000001
3.630972932	0.155065634011365	0.910000000000001
3.631023885	0.155065634011365	0.910000000000001
3.631169027	0.155065634011365	0.910000000000001
3.631970124	0.144390584408334	0.910000000000001
3.707141358	0.155065634011365	0.990000000000001
3.778072999	0.153766408780235	1.06
3.82876748	0.172844713467293	1.11
3.963711323	0.162703044788755	1.24
4.442577106	0.193762229797205	1.71
4.445571488	0.20149820421958	1.71
4.452121847	0.205602554443076	1.71
4.45272527	0.193762229797205	1.72
4.453328856	0.193762229797205	1.72
4.453932605	0.193762229797205	1.72
4.464002998	0.193762229797205	1.73
4.478685952	0.20149820421958	1.74
4.492707945	0.20149820421958	1.75
4.536342962	0.205602554443076	1.78
4.537596069	0.205602554443076	1.78
4.773228095	0.203529689501601	2.02
4.848628454	0.203529689501601	2.1
5.341769851	0.239793276618819	2.32999999999999
5.343129076	0.239793276618819	2.32999999999999
5.443653327	0.248653984306247	2.35999999999999
5.445157132	0.248653984306247	2.35999999999999
6.232084175	0.272483108848149	2.66999999999999
6.234722781	0.276589714754326	2.66999999999999
6.358499262	0.283793185248767	2.78999999999998
7	0.238578750923454	3.36999999999997
