thrs	post_p	finalwindow
0	0.209262831146776	0.21
0.070216248	0.170045055336727	0.16
0.082355146	0.161402671755725	0.16
0.089689176	0.149969573259933	0.16
0.093809574	0.149969573259933	0.15
0.098963073	0.149969573259933	0.15
0.103967892	0.138521870061997	0.16
0.113424721	0.138521870061997	0.15
0.115659216	0.138521870061997	0.15
0.123778241	0.138521870061997	0.16
0.127200542	0.138521870061997	0.16
0.127695348	0.138521870061997	0.16
0.128068503	0.138521870061997	0.16
0.129609166	0.138521870061997	0.16
0.130460633	0.138521870061997	0.16
0.14705261	0.114747274162514	0.15
0.148447444	0.121654843244303	0.15
0.148782099	0.118730916365423	0.15
0.155752372	0.114488724531216	0.15
0.161204767	0.116858484196643	0.14
0.172569069	0.104498609980062	0.13
0.178062567	0.121654843244303	0.12
0.178113806	0.121654843244303	0.12
0.178140913	0.121654843244303	0.12
0.178189211	0.121654843244303	0.12
0.178358463	0.121654843244303	0.12
0.181486006	0.114158010663296	0.12
0.181486035	0.114158010663296	0.12
0.181824923	0.114158010663296	0.12
0.186084933	0.113720019496781	0.12
0.205298456	0.122788790033165	0.1
0.206482242	0.12017509724485	0.1
0.222622275	0.0965174603271912	0.08
0.22265244	0.0965174603271912	0.08
0.222656148	0.0965174603271912	0.08
0.222686318	0.0965174603271912	0.08
0.222697977	0.0965174603271912	0.08
0.223196808	0.111193141163888	0.08
0.226867021	0.106051714375093	0.08
0.226923294	0.106051714375093	0.08
0.226929675	0.106051714375093	0.08
0.226957829	0.106051714375093	0.08
0.227081991	0.108561587964196	0.08
0.230426372	0.101864955641265	0.08
0.237068117	0.0803793790918143	0.07
0.242615688	0.0803793790918143	0.07
0.242875367	0.0803793790918143	0.07
0.242941212	0.0803793790918143	0.07
0.243116147	0.0803793790918143	0.07
0.254481698	0.0614546451408339	0.06
0.256228734	0.0614546451408339	0.06
0.256259656	0.0614546451408339	0.06
0.256650521	0.0632918281716922	0.05
0.295749179	0.0402367298966375	0.06
0.296044019	0.0402367298966375	0.06
0.296834617	0.0367449973413617	0.06
0.296839561	0.0367449973413617	0.06
0.296839653	0.0367449973413617	0.06
0.296874128	0.0367449973413617	0.06
0.296879772	0.0367449973413617	0.06
0.29691506	0.0367449973413617	0.06
0.296919994	0.0367449973413617	0.06
0.296960227	0.0367449973413617	0.06
0.297156652	0.0370666608230705	0.06
0.297161557	0.0370666608230705	0.06
0.297207868	0.0370666608230705	0.06
0.29723727	0.0370666608230705	0.06
0.297242165	0.0370666608230705	0.06
0.298033592	0.0367449973413617	0.06
0.298062423	0.0367449973413617	0.06
0.29855614	0.0367449973413617	0.06
0.298682719	0.0367449973413617	0.06
0.29926506	0.0367449973413617	0.06
0.300128238	0.0367449973413617	0.06
0.301373268	0.0364288686033137	0.06
0.302397905	0.0364288686033137	0.06
0.302406093	0.0364288686033137	0.06
0.302443572	0.0364288686033137	0.06
0.302452098	0.0364288686033137	0.06
0.302493847	0.0364288686033137	0.06
0.302531356	0.0364288686033137	0.06
0.302535608	0.0364288686033137	0.06
0.302844832	0.0367449973413617	0.06
0.303037639	0.0373940056845159	0.06
0.304168238	0.0373940056845159	0.06
0.305094409	0.0373940056845159	0.06
0.306047128	0.0373940056845159	0.06
0.306464617	0.0422438640086547	0.05
0.307314933	0.041826575886748	0.05
0.319078068	0.041417451134464	0.04
0.320217262	0.041417451134464	0.04
0.320290117	0.041417451134464	0.04
0.322066605	0.0410162525233543	0.04
0.322435043	0.0410162525233543	0.04
0.322777267	0.0410162525233543	0.04
0.323165924	0.0406227519286337	0.04
0.323537089	0.0402367298966375	0.04
0.323808824	0.0402367298966375	0.04
0.324596864	0.0398579752367079	0.04
0.328591896	0.0387633195851482	0.04
0.333944256	0.0377271837878445	0.04
0.334029253	0.0377271837878445	0.04
0.338071632	0.0358126536182203	0.05
0.340262381	0.0352169391082817	0.05
0.343625259	0.0352169391082817	0.05
0.343706753	0.0352169391082817	0.05
0.345554528	0.0346407187858387	0.05
0.351815198	0.0332794222134979	0.06
0.356200611	0.0320210714534639	0.06
0.356206548	0.0320210714534639	0.06
0.356351443	0.0320210714534639	0.06
0.356437896	0.0317807348777189	0.06
0.356490553	0.0317807348777189	0.06
0.357959666	0.0296308977334708	0.06
0.360733393	0.0207324811843248	0.06
0.362945858	0.0304112129140395	0.07
0.363236679	0.0304112129140395	0.07
0.363936107	0.0304112129140395	0.07
0.366130409	0.0308544143087937	0.07
0.367161303	0.0364288686033137	0.07
0.367663989	0.0285648052553162	0.07
0.37384574	0.0648565403564781	0.08
0.382008897	0.0520660733394378	0.07
0.386863037	0.0552531223440996	0.06
0.386909127	0.0552531223440996	0.06
0.387745392	0.053847803444303	0.06
0.389825341	0.0569000975109343	0.06
0.395214438	0.0669618315940435	0.06
0.398731854	0.0564313170532277	0.05
0.411578949	0.0666742677880492	0.04
0.412388288	0.0666742677880492	0.04
0.415094538	0.0763150062714865	0.04
0.415772448	0.0547226662392339	0.03
0.416416237	0.0624619190930743	0.03
0.418471182	0.066750709696028	0.03
0.423143546	0.0694582570540745	0.03
0.428769674	0.0693754919371707	0.02
0.438815006	0.0752971884706049	0.01
0.444236336	0.0854243902439024	0.01
0.445049535	0.0818995285379571	0.01
0.445117302	0.0868851071529677	0.01
0.445185067	0.0868851071529677	0.01
0.445185068	0.0868851071529677	0.01
0.445245414	0.0868851071529677	0.01
0.445252832	0.0868851071529677	0.01
0.445252833	0.0868851071529677	0.01
0.445252835	0.0868851071529677	0.01
0.445305777	0.0868851071529677	0.01
0.44531318	0.0868851071529677	0.01
0.445313187	0.0868851071529677	0.01
0.445313188	0.0868851071529677	0.01
0.44531319	0.0868851071529677	0.01
0.445373562	0.0868851071529677	0.01
0.445419149	0.0868851071529677	0.01
0.445433949	0.0868851071529677	0.01
0.445494353	0.0864416735603241	0.01
0.445540001	0.0864416735603241	0.01
0.445578303	0.0855682480244405	0.01
0.445615211	0.0855682480244405	0.01
0.445653547	0.0855682480244405	0.01
0.445675664	0.0847122964918995	0.01
0.445736134	0.0847122964918995	0.01
0.445917642	0.0890895410294697	0.01
0.445970843	0.0890895410294697	0.01
0.445978177	0.0890895410294697	0.01
0.446038729	0.0890895410294697	0.01
0.446188208	0.0877857643303838	0.01
0.446341735	0.0877857643303838	0.01
0.446351359	0.0877857643303838	0.01
0.446395102	0.0877857643303838	0.01
0.446465528	0.0873596109574536	0.01
0.446633323	0.0873596109574536	0.01
0.446772341	0.0873596109574536	0.01
0.446967543	0.0865195973512151	0.01
0.447158639	0.0865195973512151	0.01
0.447649603	0.0861056194777893	0.01
0.447876705	0.0861056194777893	0.01
0.447928306	0.0856955843314225	0.01
0.448701687	0.0970402881611266	0.01
0.448791313	0.0970402881611266	0.01
0.449051315	0.0979380968485214	0.01
0.449552291	0.0970402881611266	0.01
0.449715173	0.0970402881611266	0.01
0.452986292	0.095724020136179	0.01
0.453117722	0.095724020136179	0.01
0.453312195	0.095724020136179	0.01
0.453607731	0.095724020136179	0.01
0.453670383	0.095724020136179	0.01
0.45367678	0.095724020136179	0.01
0.453739439	0.095724020136179	0.01
0.453782962	0.095724020136179	0.01
0.453789353	0.095724020136179	0.01
0.453802119	0.095724020136179	0.01
0.453864805	0.095724020136179	0.01
0.453927527	0.095724020136179	0.01
0.453952078	0.095724020136179	0.01
0.453977538	0.095724020136179	0.01
0.453990257	0.095724020136179	0.01
0.454053004	0.095724020136179	0.01
0.454115767	0.095724020136179	0.01
0.454131662	0.095724020136179	0.01
0.454159539	0.095724020136179	0.01
0.454266222	0.0961587905589551	0.01
0.454297847	0.0961587905589551	0.01
0.454379121	0.0961587905589551	0.01
0.454423548	0.0961587905589551	0.01
0.454543029	0.0961587905589551	0.01
0.454618511	0.0961587905589551	0.01
0.454637485	0.0961587905589551	0.01
0.455078808	0.0961587905589551	0.01
0.455439212	0.108561587964196	0.01
0.455550168	0.1130195512056	0.01
0.455665947	0.117859315490235	0.01
0.455755613	0.119913303917411	0.01
0.455804735	0.119913303917411	0.01
0.456159276	0.133916220873501	0.01
0.456455968	0.092787332670252	0.02
0.456880284	0.092787332670252	0.02
0.45760535	0.092787332670252	0.02
0.457901934	0.092787332670252	0.02
0.458022431	0.092787332670252	0.02
0.458619789	0.0915831959244949	0.02
0.458664131	0.0915831959244949	0.02
0.459124851	0.09198108718763	0.02
0.460382332	0.0907976519926782	0.02
0.462114195	0.0907976519926782	0.02
0.46499053	0.0892663097581488	0.02
0.473676694	0.0867071888934272	0.03
0.474072423	0.0867071888934272	0.03
0.478419311	0.0965975283824839	0.03
0.478888149	0.0993163974406672	0.03
0.479732593	0.0920255108475507	0.03
0.479936634	0.0920255108475507	0.03
0.483511101	0.0842907104221217	0.03
0.483671852	0.0813748774609761	0.04
0.483988273	0.0813748774609761	0.04
0.485802156	0.0906779935824057	0.04
0.485999254	0.0963945375585194	0.04
0.48628356	0.0915831959244949	0.04
0.486776039	0.0804472515242887	0.04
0.50407637	0.0793276558552989	0.06
0.508934563	0.0794049348484316	0.06
0.511690912	0.0742410210718973	0.06
0.514553924	0.0773943842120697	0.07
0.514645345	0.0773943842120697	0.07
0.514839037	0.0773943842120697	0.07
0.51502476	0.0773943842120697	0.07
0.515124567	0.0787655068334839	0.07
0.516063638	0.0883088591253832	0.07
0.51682809	0.0720364462960737	0.07
0.518492841	0.0752971884706049	0.07
0.518564452	0.0752971884706049	0.07
0.534226929	0.0190532413499318	0.07
0.534308248	0.0190532413499318	0.07
0.534380672	0.0183911942884649	0.07
0.534453117	0.0183911942884649	0.07
0.539174229	0.0459079127708947	0.07
0.543234343	0.0459079127708947	0.07
0.544416783	0.0469254398353644	0.07
0.55657045	0.0575563491707512	0.05
0.556645891	0.0575563491707512	0.05
0.556807604	0.0575563491707512	0.05
0.55802857	0.0555430345455495	0.05
0.559788571	0.055061523073372	0.05
0.562444529	0.0560330419227677	0.05
0.566766402	0.0597211099752372	0.05
0.572491616	0.062667349255159	0.04
0.574371638	0.0620550729809547	0.05
0.586308239	0.051742170404196	0.05
0.59079165	0.0497950152263316	0.05
0.591193432	0.0497950152263316	0.05
0.593402747	0.051241243493465	0.05
0.593573546	0.051241243493465	0.05
0.593673806	0.051241243493465	0.05
0.593673808	0.051241243493465	0.05
0.593754277	0.051241243493465	0.05
0.593754278	0.051241243493465	0.05
0.59375428	0.051241243493465	0.05
0.593824895	0.051241243493465	0.05
0.593834769	0.051241243493465	0.05
0.593915284	0.051241243493465	0.05
0.594036974	0.051241243493465	0.05
0.594237558	0.050749922742506	0.05
0.594318181	0.050749922742506	0.05
0.595015574	0.051742170404196	0.05
0.595196772	0.051742170404196	0.05
0.596219211	0.051742170404196	0.05
0.596894832	0.0493309114838035	0.05
0.597117526	0.0493309114838035	0.05
0.602148457	0.047989095321795	0.05
0.602674298	0.047989095321795	0.05
0.604317115	0.047989095321795	0.05
0.604813246	0.047989095321795	0.05
0.604905308	0.047989095321795	0.05
0.60490531	0.047989095321795	0.05
0.604905312	0.047989095321795	0.05
0.604988853	0.047989095321795	0.05
0.605724938	0.047989095321795	0.05
0.60631275	0.047989095321795	0.05
0.607971158	0.0497950152263316	0.05
0.608524688	0.0502679344529801	0.05
0.608756287	0.0502679344529801	0.05
0.61827716	0.0522529879812371	0.05
0.635412418	0.0502679344529801	0.05
0.636066531	0.0502679344529801	0.05
0.63624959	0.0502679344529801	0.05
0.637031954	0.051241243493465	0.05
0.637260654	0.051241243493465	0.05
0.637881775	0.051241243493465	0.05
0.638075882	0.051241243493465	0.05
0.644129804	0.047989095321795	0.06
0.646569798	0.0488753790130465	0.06
0.64801212	0.0488753790130465	0.06
0.648827538	0.0488753790130465	0.06
0.659386285	0.0422438640086547	0.07
0.667879261	0.0409369437078246	0.08
0.667969788	0.0409369437078246	0.08
0.671132308	0.04190937268495	0.08
0.680410924	0.0385515642841352	0.09
0.68060848	0.0385515642841352	0.09
0.680786967	0.0385515642841352	0.09
0.690723937	0.041417451134464	0.09
0.692614054	0.041826575886748	0.09
0.696262833	0.0394862846359167	0.1
0.712401774	0.0380663524561866	0.11
0.713541741	0.0387633195851482	0.11
0.715653707	0.0361181329760311	0.12
0.717816093	0.0370666608230705	0.12
0.719314887	0.0370666608230705	0.12
0.725609694	0.0358126536182203	0.13
0.726772429	0.0358126536182203	0.13
0.72717465	0.0364288686033137	0.13
0.742183791	0.0320210714534639	0.14
0.744518666	0.0320210714534639	0.14
0.756100951	0	0.13
0.763284143	0.0896985398226035	0.13
0.763491091	0.0913636291097736	0.13
0.766651587	0.091050942346282	0.13
0.7676628	0.0893885457343079	0.13
0.772093843	0.0758970363587044	0.12
0.772264397	0.0797989868595804	0.12
0.778829055	0.0904203477944624	0.12
0.793117932	0.0877857643303838	0.1
0.794958533	0.100385500514547	0.1
0.797194853	0.0964310494474906	0.1
0.799403767	0.093440348179191	0.1
0.8034392	0.101054592508008	0.09
0.812482547	0.0872865540657984	0.08
0.817085993	0.100902728764314	0.08
0.828284953	0.100385500514547	0.07
0.849686346	0.102486895318787	0.05
0.856064956	0.109354319316954	0.04
0.861362559	0.0934489227766501	0.03
0.864973627	0.113472921759963	0.03
0.867661243	0.106965151905585	0.03
0.870144812	0.104121597918416	0.03
0.874413626	0.115821791301377	0.02
0.875213305	0.112819213994266	0.02
0.875954975	0.110589378277357	0.02
0.87832845	0.107258072997102	0.02
0.880342154	0.104678149212478	0.02
0.88244613	0.0978600457264254	0.01
0.882485476	0.0978600457264254	0.01
0.883671839	0.116858484196643	0.01
0.884296127	0.118988559950658	0.01
0.885048106	0.117559984894328	0.01
0.885800269	0.116165305789624	0.01
0.886381245	0.115480302448671	0.01
0.888469193	0.11121742883307	0.01
0.888863234	0.110278005485543	0.01
0.889014569	0.109968381158272	0.01
0.889209764	0.109968381158272	0.01
0.889576687	0.109354319316954	0.01
0.890068113	0.109354319316954	0.01
0.890083013	0.109354319316954	0.01
0.890218543	0.109049852920456	0.01
0.890218544	0.109049852920456	0.01
0.890228158	0.109049852920456	0.01
0.890309475	0.109049852920456	0.01
0.890354074	0.109660490609439	0.01
0.890354075	0.109660490609439	0.01
0.890419078	0.109660490609439	0.01
0.890459913	0.109660490609439	0.01
0.890474761	0.109660490609439	0.01
0.890489605	0.109660490609439	0.01
0.890489606	0.109660490609439	0.01
0.890506418	0.109660490609439	0.01
0.890580647	0.109660490609439	0.01
0.890595481	0.109660490609439	0.01
0.89061031	0.109660490609439	0.01
0.890610311	0.109660490609439	0.01
0.89068659	0.109660490609439	0.01
0.890701414	0.109049852920456	0.01
0.890716233	0.109049852920456	0.01
0.890731048	0.109049852920456	0.01
0.890731049	0.109049852920456	0.01
0.890737499	0.109049852920456	0.01
0.890822213	0.109049852920456	0.01
0.890837018	0.109049852920456	0.01
0.890851819	0.109049852920456	0.01
0.890928251	0.109049852920456	0.01
0.890957836	0.109049852920456	0.01
0.890972622	0.109049852920456	0.01
0.890972623	0.109049852920456	0.01
0.891214328	0.109049852920456	0.01
0.891246709	0.109049852920456	0.01
0.891320486	0.109049852920456	0.01
0.891382479	0.109049852920456	0.01
0.891441435	0.109049852920456	0.01
0.891456164	0.109049852920456	0.01
0.891521465	0.108747077219072	0.01
0.891562417	0.108747077219072	0.01
0.891698132	0.108445978169206	0.01
0.891793338	0.108445978169206	0.01
0.892017347	0.108146541882366	0.01
0.89206133	0.108146541882366	0.01
0.89216782	0.107552602806561	0.01
0.892182462	0.107552602806561	0.01
0.892215798	0.107552602806561	0.01
0.892245091	0.107552602806561	0.01
0.892546055	0.107552602806561	0.01
0.892793389	0.107552602806561	0.01
0.892951888	0.110139274082447	0.01
0.892952212	0.110139274082447	0.01
0.893172464	0.109838532555328	0.01
0.893320622	0.109838532555328	0.01
0.893352088	0.109838532555328	0.01
0.893395592	0.109838532555328	0.01
0.894085351	0.108651812835644	0.01
0.89420355	0.108651812835644	0.01
0.894482721	0.109539428939354	0.01
0.894690708	0.109539428939354	0.01
0.894906463	0.109539428939354	0.01
0.894913415	0.109539428939354	0.01
0.894970751	0.109539428939354	0.01
0.895081202	0.109838532555328	0.01
0.895086463	0.109838532555328	0.01
0.895300675	0.109838532555328	0.01
0.895524497	0.109539428939354	0.01
0.895638516	0.109539428939354	0.01
0.89592425	0.109838532555328	0.01
0.896928207	0.108946082207991	0.01
0.89693811	0.108946082207991	0.01
0.897131294	0.116232570728964	0.01
0.897197773	0.115613326532726	0.01
0.89799116	0.101001026485051	0.01
0.898455429	0.0970897343644905	0.01
0.898485328	0.0974871254540605	0.01
0.89889623	0.0959167650844726	0.01
0.899310528	0.0961102878014084	0.01
0.899413875	0.0993560642748459	0.01
0.900113547	0.0989608161200214	0.01
0.900690942	0.0898726061302425	0.01
0.90151373	0.082005271625797	0.01
0.901568195	0.082969391422535	0.01
0.901947653	0.0860027432686497	0.01
0.902162268	0.0870637570702892	0.01
0.902291602	0.0810633009556464	0.01
0.902860993	0.0752971884706049	0.01
0.903166806	0.0708853140079594	0.01
0.903685884	0.0496252432963557	0.01
0.903876527	0.0494146494155669	0.01
0.904039961	0.0494146494155669	0.01
0.905345526	0.0459079127708947	0.01
0.906154318	0.0465130638551259	0.01
0.906197141	0.0461078725726243	0.01
0.906922556	0.0455131515188132	0.01
0.906983581	0.0465130638551259	0.01
0.90712089	0.0465130638551259	0.01
0.907185931	0.0467183418673326	0.01
0.907198748	0.0477725240653464	0.01
0.907199842	0.0477725240653464	0.01
0.907298438	0.0475578987672238	0.01
0.907324045	0.0475578987672238	0.01
0.907336843	0.0475578987672238	0.01
0.907336844	0.0475578987672238	0.01
0.907449378	0.0475578987672238	0.01
0.90746216	0.0475578987672238	0.01
0.9075492	0.0475578987672238	0.01
0.907574745	0.0475578987672238	0.01
0.907587512	0.0475578987672238	0.01
0.907674633	0.0475578987672238	0.01
0.907951053	0.0475578987672238	0.01
0.907963773	0.0469254398353644	0.01
0.908076559	0.0471343820700623	0.01
0.908089263	0.0471343820700623	0.01
0.908089264	0.0471343820700623	0.01
0.908151307	0.0471343820700623	0.01
0.90817671	0.0471343820700623	0.01
0.908189407	0.0471343820700623	0.01
0.908214789	0.0471343820700623	0.01
0.908453284	0.0469254398353644	0.01
0.908577365	0.0473451933171941	0.01
0.908578929	0.0473451933171941	0.01
0.908691978	0.0473451933171941	0.01
0.908729307	0.0473451933171941	0.01
0.908816452	0.0473451933171941	0.01
0.908830322	0.0473451933171941	0.01
0.908943472	0.0473451933171941	0.01
0.909094444	0.0473451933171941	0.01
0.909183517	0.0465130638551259	0.01
0.909270732	0.0465130638551259	0.01
0.909346075	0.0467183418673326	0.01
0.90938549	0.0467183418673326	0.01
0.909409249	0.0467183418673326	0.01
0.909446878	0.0469254398353644	0.01
0.909620416	0.0469254398353644	0.01
0.909838426	0.0463095819133163	0.01
0.909896599	0.0463095819133163	0.01
0.910204731	0.0463095819133163	0.01
0.910628128	0.0463095819133163	0.01
0.911049792	0.0467183418673326	0.01
0.911351929	0.0467183418673326	0.01
0.911383512	0.0467183418673326	0.01
0.911404622	0.0467183418673326	0.01
0.912488931	0.0475578987672238	0.01
0.912630246	0.0471343820700623	0.01
0.912707801	0.0471343820700623	0.01
0.912776305	0.0465130638551259	0.01
0.912811242	0.0509274908771236	0.01
0.912967277	0.0465130638551259	0.01
0.913244462	0.0467183418673326	0.01
0.913630289	0.0467183418673326	0.01
0.913751419	0.0469254398353644	0.01
0.914696902	0.0475578987672238	0.01
0.914870556	0.0475578987672238	0.01
0.914968567	0.0475578987672238	0.01
0.914983658	0.0475578987672238	0.01
0.915026039	0.0475578987672238	0.01
0.915559183	0.0475578987672238	0.01
0.916024822	0.0475578987672238	0.01
0.916163647	0.047989095321795	0.01
0.916208994	0.04820763912243	0.01
0.916688985	0.04820763912243	0.01
0.917248255	0.0315439791543403	0.01
0.917957453	0.0268728024535252	0.01
0.918238351	0.0317014224025202	0.01
0.918456927	0.0496781725352982	0.02
0.918483627	0.0496781725352982	0.02
0.918837351	0.0502679344529801	0.02
0.919120121	0.050467645876152	0.02
0.919822583	0.0508718675004733	0.02
0.920002472	0.0508718675004733	0.02
0.921783065	0.0519113295957213	0.02
0.922455062	0.052994156302357	0.02
0.922504312	0.052994156302357	0.02
0.922763582	0.052994156302357	0.02
0.922787758	0.052994156302357	0.02
0.924412009	0.0496252432963557	0.02
0.925553967	0.0498376398652419	0.02
0.927872541	0.0322650707394313	0.02
0.929379518	0.047099429245489	0.03
0.93064775	0.047099429245489	0.03
0.933174706	0.0441666304314636	0.03
0.934700606	0.0448470479707829	0.03
0.93534835	0.0450204407404397	0.03
0.942896738	0.0182328094538388	0.03
0.944027825	0.0187163650629193	0.03
0.947518522	0.0301943528697739	0.04
0.949342587	0.0411491189756122	0.04
0.951999424	0.0327643975415916	0.04
0.953473419	0.0355122982792572	0.04
0.955603107	0.0394862846359167	0.04
0.955985355	0.0394862846359167	0.04
0.956018846	0.0394862846359167	0.04
0.956296714	0.041417451134464	0.04
0.956766863	0.0422438640086547	0.04
0.956780018	0.0422438640086547	0.04
0.957016096	0.0422438640086547	0.04
0.957077957	0.0422438640086547	0.04
0.959031973	0.0401096810561975	0.05
0.959857154	0.0295619410167264	0.05
0.960039043	0.0297697807885596	0.05
0.960819071	0.0304112129140395	0.05
0.960911853	0.0304112129140395	0.05
0.964458654	0.0364288686033137	0.05
0.966290332	0.041417451134464	0.05
0.966980911	0.0422438640086547	0.05
0.966980912	0.0422438640086547	0.05
0.966986309	0.0422438640086547	0.05
0.967297226	0.0338409213882662	0.06
0.967302571	0.0339615547133031	0.06
0.967302572	0.0339615547133031	0.06
0.96746078	0.0276929831742039	0.06
0.96761904	0.0313880920429462	0.06
0.967619041	0.0313880920429462	0.06
0.967935716	0.0318604452054794	0.06
0.968083686	0.0325128171076497	0.06
0.968088909	0.0325128171076497	0.06
0.968237002	0.0354132962829029	0.06
0.968861479	0.0377271837878445	0.06
0.969035555	0.0381807679245844	0.06
0.969666194	0.0269297722225981	0.06
0.970292984	0.0340830511625862	0.06
0.970442597	0.0338649794451323	0.06
0.973457204	0.0377271837878445	0.06
0.973766743	0.0385515642841352	0.06
0.97801719	0.0432801599783023	0.06
0.9860103	0.041826575886748	0.06
1.019804062	0.0597211099752372	0.07
1.021711423	0.0591647958891652	0.07
1.022530753	0.0597211099752372	0.07
1.023898132	0.0602879851730406	0.07
1.027042278	0.0580826920975823	0.08
1.029078227	0.0586187505021021	0.08
1.029271857	0.0586187505021021	0.08
1.029659545	0.0591647958891652	0.08
1.030020301	0.0591647958891652	0.08
1.030397618	0.0591647958891652	0.08
1.030958443	0.0591647958891652	0.08
1.031720423	0.0591647958891652	0.08
1.032104884	0.0597211099752372	0.08
1.034014818	0.0580826920975823	0.08
1.034376329	0.0575563491707512	0.08
1.034854243	0.0575563491707512	0.08
1.036124234	0.0602879851730406	0.08
1.039046839	0.055061523073372	0.09
1.044012776	0.0560330419227677	0.09
1.049025044	0.0597211099752372	0.09
1.054783865	0.0541231190787158	0.1
1.057424783	0.0597211099752372	0.1
1.058571278	0.0597211099752372	0.1
1.068277144	0.0597211099752372	0.11
1.06860264	0.0597211099752372	0.11
1.068892568	0.0597211099752372	0.11
1.070020858	0.0614546451408339	0.11
1.070326964	0.0620550729809547	0.11
1.076612069	0.0506689505115504	0.12
1.088407982	0.04910208874873	0.13
1.088762574	0.04910208874873	0.13
1.091073782	0.0527739920781576	0.13
1.113082372	0.062667349255159	0.14
1.113233383	0.062667349255159	0.14
1.11414031	0.0483544441961153	0.15
1.116382888	0.0494846484958332	0.15
1.125633627	0.062667349255159	0.15
1.13205703	0.0614546451408339	0.15
1.134317617	0.0614546451408339	0.15
1.136767134	0.0422438640086547	0.14
1.137302108	0.0422438640086547	0.14
1.183360064	0.0388344225783769	0.16
1.187305519	0.0394862846359167	0.15
1.187446683	0.0394862846359167	0.15
1.18762744	0.0387633195851482	0.15
1.192075895	0.0377271837878445	0.15
1.192725439	0.0370666608230705	0.15
1.203309389	0.0394862846359167	0.14
1.208769953	0.0100760066597549	0.14
1.209215802	0.010271546081187	0.14
1.209825949	0.010271546081187	0.14
1.210085375	0.0103721897213504	0.14
1.210771389	0.0104748251498263	0.14
1.212614931	0.0104748251498263	0.14
1.224141399	0.0565317720620964	0.14
1.22465873	0.0565317720620964	0.14
1.225416562	0.0560330419227677	0.14
1.226416878	0.0555430345455495	0.14
1.246668032	0.0614546451408339	0.12
1.252855937	0.0591647958891652	0.12
1.265568721	0.0602879851730406	0.11
1.268447511	0.0677268648866062	0.11
1.270253663	0.0614546451408339	0.1
1.275739262	0.0602879851730406	0.1
1.278899002	0.0677268648866062	0.1
1.285172518	0.07666042129962	0.1
1.289511656	0.0920255108475507	0.1
1.293113698	0.083919474468752	0.11
1.297280078	0.0846652454548143	0.11
1.325958837	0.0938383367165534	0.12
1.33510162	0.0886021699948333	0.13
1.335485912	0.0886021699948333	0.13
1.335508208	0.0886021699948333	0.13
1.335711503	0.0886021699948333	0.13
1.335892556	0.0886021699948333	0.13
1.33625481	0.0886021699948333	0.13
1.336665633	0.0886021699948333	0.13
1.337117106	0.0886021699948333	0.13
1.337161305	0.0886021699948333	0.13
1.337524247	0.0886021699948333	0.13
1.337777279	0.0886021699948333	0.13
1.337887386	0.0886021699948333	0.13
1.338686534	0.0886021699948333	0.13
1.342315002	0.094771799449395	0.13
1.342368518	0.094771799449395	0.13
1.343443085	0.0886021699948333	0.14
1.346883901	0.0854243902439024	0.14
1.360981621	0.0911451125812243	0.14
1.36116959	0.0911451125812243	0.14
1.361338457	0.0911451125812243	0.14
1.36135761	0.0911451125812243	0.14
1.361545683	0.0911451125812243	0.14
1.361952473	0.0911451125812243	0.14
1.364721715	0.094771799449395	0.13
1.365659238	0.094771799449395	0.13
1.368578346	0.094771799449395	0.13
1.369020462	0.094771799449395	0.13
1.369707356	0.094771799449395	0.13
1.370127164	0.094771799449395	0.13
1.373967278	0.0929230830696854	0.13
1.377274175	0.0894339033153486	0.14
1.377544294	0.0894339033153486	0.14
1.379222918	0.0877857643303838	0.14
1.384187356	0.0869842664902656	0.14
1.38563755	0.0869842664902656	0.14
1.385801753	0.0869842664902656	0.14
1.436494579	0.094771799449395	0.16
1.448119954	0.094771799449395	0.17
1.450928234	0.0929230830696854	0.18
1.454003033	0.0929230830696854	0.18
1.454856842	0.0929230830696854	0.18
1.457818346	0.094771799449395	0.18
1.484067531	0.0938383367165534	0.2
1.484117024	0.0938383367165534	0.2
1.485917469	0.094771799449395	0.2
1.494140559	0.0938383367165534	0.21
1.502972103	0.0938383367165534	0.22
1.511734415	0.0938383367165534	0.23
1.515375804	0.094771799449395	0.23
1.516740221	0.0929230830696854	0.23
1.517647523	0.0929230830696854	0.23
1.519065464	0.0929230830696854	0.23
1.523536021	0.0902814000373615	0.24
1.558319819	0.194699419343991	0.23
1.558531046	0.194699419343991	0.23
1.55916507	0.193736357607722	0.23
1.56916589	0.230809069116192	0.22
1.652341299	0.241682876060646	0.14
1.745720251	0.278621753356144	0.04
1.758275756	0.280575431083231	0.03
1.777374698	0.274342728992467	0.02
1.778615293	0.291617362411742	0.01
1.77861633	0.291617362411742	0.01
1.780627841	0.277944378260691	0.01
1.780657572	0.277944378260691	0.01
1.780839524	0.277944378260691	0.01
1.780928629	0.277944378260691	0.01
1.78092863	0.277944378260691	0.01
1.781140367	0.277944378260691	0.01
1.781170031	0.277944378260691	0.01
1.781170032	0.277944378260691	0.01
1.781411498	0.277944378260691	0.01
1.781411499	0.277944378260691	0.01
1.781653031	0.277944378260691	0.01
1.7818108	0.277944378260691	0.01
1.781835463	0.277944378260691	0.01
1.781894629	0.277944378260691	0.01
1.782136292	0.277944378260691	0.01
1.782136293	0.277944378260691	0.01
1.782378022	0.277944378260691	0.01
1.782531315	0.277944378260691	0.01
1.782590324	0.277944378260691	0.01
1.782619816	0.277944378260691	0.01
1.783044725	0.277944378260691	0.01
1.783103602	0.277944378260691	0.01
1.783286774	0.277944378260691	0.01
1.783345594	0.277944378260691	0.01
1.783829774	0.277944378260691	0.01
1.783925287	0.277944378260691	0.01
1.784013316	0.277944378260691	0.01
1.784314217	0.277944378260691	0.01
1.78446873	0.277944378260691	0.01
1.784506241	0.277944378260691	0.01
1.784933025	0.277944378260691	0.01
1.785988286	0.281641852495444	0.01
1.787927091	0.272395284472608	0.01
1.788266632	0.272395284472608	0.01
1.788780487	0.277316672735454	0.01
1.78918715	0.277316672735454	0.01
1.789358594	0.277316672735454	0.01
1.789747139	0.277316672735454	0.01
1.790095821	0.277316672735454	0.01
1.795060195	0.228178824799034	0.02
1.795172249	0.216154833613113	0.02
1.795643534	0.204057796177995	0.02
1.796645824	0.188795933173352	0.02
1.801889818	0.109424822388152	0.02
1.808733518	0.186492286739323	0.03
1.813215031	0.0998272655153148	0.03
1.813793197	0.094023555284476	0.03
1.814069382	0.0983932599836915	0.03
1.814069384	0.0983932599836915	0.03
1.814345569	0.0911451125812243	0.03
1.814596154	0.0834600028146697	0.03
1.814621756	0.0834600028146697	0.03
1.814621757	0.0834600028146697	0.03
1.814872379	0.0834600028146697	0.03
1.815039963	0.0842907104221217	0.03
1.815123071	0.0842907104221217	0.03
1.815169565	0.0842907104221217	0.03
1.815288509	0.0842907104221217	0.03
1.815322808	0.0842907104221217	0.03
1.815373832	0.0842907104221217	0.03
1.815624663	0.0842907104221217	0.03
1.815850116	0.0842907104221217	0.03
1.815875562	0.0842907104221217	0.03
1.816101116	0.184282435996605	0.04
1.816377569	0.184282435996605	0.04
1.81637757	0.184282435996605	0.04
1.816628678	0.0730696805889087	0.03
1.816879855	0.0730696805889087	0.03
1.818036082	0.0737973937996149	0.03
1.818363245	0.179964776321677	0.04
1.819395454	0.181782681219909	0.04
1.81989941	0.181782681219909	0.04
1.820606159	0.181782681219909	0.04
1.82134289	0.139609305536276	0.04
1.822065256	0.0884526050369688	0.04
1.823345161	0.0892663097581488	0.04
1.824280416	0.095724020136179	0.04
1.824759677	0.0810633009556464	0.04
1.824985083	0.0818467591923095	0.04
1.829051906	0.176435906610884	0.05
1.835137623	0.0780739261242284	0.05
1.836263396	0.0689879554256201	0.05
1.842215909	0.0737973937996149	0.05
1.846490238	0.0689879554256201	0.06
1.860668056	0.0716564771578491	0.07
1.872927722	0.0527739920781576	0.07
1.876458705	0.051742170404196	0.07
1.877534086	0.051742170404196	0.07
1.917919203	0.0488753790130465	0.11
1.932723098	0.07666042129962	0.12
1.934242286	0.0818467591923095	0.12
1.93486401	0.0733408849369158	0.13
1.938319698	0.0727111795416888	0.13
1.940502926	0.0739815925734115	0.13
1.945075766	0.0771258681401128	0.14
1.956133657	0.0771258681401128	0.15
1.95745413	0.0771258681401128	0.15
1.959079535	0.0783951462548848	0.15
1.961031557	0.0783951462548848	0.15
2.045755957	0.103188921159594	0.23
2.049316864	0.076283759192271	0.24
2.057670659	0.0752971884706049	0.25
2.058434493	0.0752971884706049	0.25
2.067556414	0.0752971884706049	0.26
2.077371996	0.0752971884706049	0.27
2.077935092	0.0752971884706049	0.27
2.079378601	0.076283759192271	0.27
2.080200147	0.076283759192271	0.27
2.112854786	0.0752971884706049	0.3
2.114638141	0.0792428225120909	0.3
2.119081815	0.0743358103885958	0.31
2.130868897	0.0743358103885958	0.32
2.175983465	0.100257020928077	0.36
2.201956234	0.0733986721489637	0.39
2.22342495	0.073864268949572	0.41
2.225736601	0.0915831959244949	0.41
2.22607531	0.0983932599836915	0.41
2.226678687	0.103188921159594	0.41
2.226980498	0.105240682241748	0.41
2.244892022	0.16013973053156	0.43
2.268175967	0.19535978896754	0.41
2.273953022	0.197854927830776	0.4
2.279085054	0.202846888183848	0.4
2.283420782	0.204216531095785	0.39
2.287430653	0.204413705699195	0.39
2.36737444	0.21506019792076	0.31
2.396315913	0.235585930887556	0.3
2.416816988	0.24023502023854	0.29
2.57811595	0.23111336611246	0.15
2.63880046	0.226807459348048	0.09
2.644514931	0.235585930887556	0.08
2.65353762	0.24023502023854	0.07
2.664122924	0.24023502023854	0.06
2.669724846	0.23111336611246	0.06
2.670831293	0.238762589604944	0.06
2.671148642	0.238762589604944	0.06
2.671193019	0.238762589604944	0.06
2.671193179	0.238762589604944	0.06
2.671237545	0.238762589604944	0.06
2.671237705	0.238762589604944	0.06
2.671599486	0.238762589604944	0.06
2.671599646	0.238762589604944	0.06
2.671872794	0.238762589604944	0.06
2.671961685	0.238762589604944	0.06
2.672323822	0.238762589604944	0.06
2.673366554	0.24023502023854	0.05
2.674201502	0.24023502023854	0.05
2.674817434	0.24023502023854	0.05
2.67498819	0.24023502023854	0.05
2.675753192	0.237887763204815	0.05
2.67595059	0.237887763204815	0.05
2.678640892	0.23111336611246	0.05
2.679543675	0.23111336611246	0.05
2.68050645	0.23111336611246	0.05
2.690797174	0.225470847473124	0.04
2.692790444	0.225470847473124	0.04
2.697875326	0.237887763204815	0.04
2.703341222	0.235585930887556	0.04
2.714352711	0.227675110099081	0.05
2.716197088	0.227675110099081	0.05
2.720992773	0.23111336611246	0.06
2.721223607	0.23111336611246	0.06
2.721339166	0.23111336611246	0.06
2.721714851	0.23111336611246	0.06
2.721753239	0.23111336611246	0.06
2.722090639	0.23111336611246	0.06
2.722504826	0.23111336611246	0.06
2.725138453	0.219106921295726	0.06
2.727362573	0.219106921295726	0.06
2.728457177	0.219106921295726	0.06
2.730687704	0.221187934879343	0.06
2.733911556	0.224714118621573	0.07
2.742221604	0.224714118621573	0.08
2.767264537	0.217064700545283	0.1
2.784781798	0.205568498141641	0.12
2.795646082	0.205568498141641	0.13
2.870516676	0.205568498141641	0.2
2.884109016	0.20572640687438	0.22
2.885327778	0.19855780587811	0.22
2.893176138	0.197387079998478	0.23
2.901070252	0.196879217452449	0.23
3.017087015	0.184407511755701	0.35
3.091199805	0.192009527700551	0.42
3.116410384	0.194986612452777	0.45
3.116832706	0.194986612452777	0.45
3.190582361	0.130117589405092	0.5
3.194633906	0.123685470040018	0.5
3.479484296	0.133916220873501	0.76
3.557717034	0.133916220873501	0.840000000000001
3.560201153	0.133916220873501	0.840000000000001
3.561529658	0.130117589405092	0.850000000000001
3.561648443	0.130117589405092	0.850000000000001
3.562131134	0.130117589405092	0.850000000000001
3.563861522	0.130117589405092	0.850000000000001
3.565454716	0.131359626673632	0.850000000000001
3.566965252	0.133916220873501	0.850000000000001
3.567214517	0.133916220873501	0.850000000000001
3.568359469	0.133916220873501	0.850000000000001
3.571812505	0.130117589405092	0.860000000000001
3.572123566	0.130117589405092	0.860000000000001
3.572497766	0.130117589405092	0.860000000000001
3.575584373	0.131359626673632	0.860000000000001
3.62901857	0.135310419732849	0.910000000000001
3.62939674	0.135310419732849	0.910000000000001
3.630972932	0.135310419732849	0.910000000000001
3.631023885	0.138433071057398	0.910000000000001
3.631169027	0.138433071057398	0.910000000000001
3.707141358	0.152856975031403	0.980000000000001
3.778072999	0.152856975031403	1.05
3.82876748	0.135232203092761	1.07
3.963711323	0.135232203092761	1.2
4.442577106	0.178182871071256	1.56
4.445571488	0.178182871071256	1.57
4.452121847	0.178182871071256	1.57
4.45272527	0.178182871071256	1.57
4.453328856	0.178182871071256	1.57
4.453932605	0.178182871071256	1.57
4.459832487	0.178182871071256	1.58
4.475601202	0.178182871071256	1.6
4.480518943	0.178182871071256	1.6
4.492707945	0.178182871071256	1.61
4.536342962	0.178182871071256	1.66
4.536969429	0.178182871071256	1.66
4.537444354	0.178182871071256	1.66
4.537596069	0.178182871071256	1.66
4.773228095	0.176435906610884	1.69
4.895921957	0.176435906610884	1.81
5.341769851	0.199961816968628	2.13
5.342582978	0.199961816968628	2.13
5.343129076	0.199961816968628	2.13
5.343307119	0.199961816968628	2.13
5.445157132	0.199961816968628	2
6.232084175	0.161402671755725	2.65999999999999
6.234722781	0.194476325472443	2.66999999999999
6.35095118	0.174722865205204	2.77999999999998
7	0.1813755355289	3.22999999999998
