thrs	post_p	finalwindow
0	0.156437080486182	0.19
0.03256001	0.146547329065881	0.18
0.070216248	0.123842714486773	0.16
0.082355146	0.123842714486773	0.15
0.089689176	0.123842714486773	0.14
0.093809574	0.123842714486773	0.14
0.103967892	0.123842714486773	0.13
0.106977596	0.123842714486773	0.13
0.113424721	0.117562052950639	0.13
0.115659216	0.117562052950639	0.13
0.123778241	0.116381598481236	0.13
0.127200542	0.115224614507523	0.13
0.129609166	0.110817919347515	0.14
0.129730945	0.110817919347515	0.14
0.130460633	0.111887688461771	0.13
0.14705261	0.110817919347515	0.12
0.148427326	0.110817919347515	0.12
0.148447444	0.110817919347515	0.12
0.148782099	0.110817919347515	0.12
0.151339737	0.114090407938258	0.11
0.155752372	0.112978312705802	0.11
0.161204767	0.114090407938258	0.1
0.178113806	0.112978312705802	0.1
0.178140913	0.112978312705802	0.1
0.178189211	0.112978312705802	0.1
0.178358463	0.112978312705802	0.1
0.181430774	0.112978312705802	0.1
0.181486006	0.112978312705802	0.1
0.181486035	0.112978312705802	0.1
0.181824923	0.112978312705802	0.1
0.186084933	0.109768412834461	0.11
0.191788381	0.107574104935211	0.11
0.205298456	0.106409233376385	0.1
0.206482242	0.105122432891497	0.1
0.222656148	0.110969489365092	0.08
0.222686318	0.110969489365092	0.08
0.222716495	0.110215757280667	0.08
0.222812147	0.110215757280667	0.08
0.222924291	0.110215757280667	0.08
0.223196808	0.108738598629734	0.08
0.226694446	0.105213314199062	0.08
0.226728961	0.105213314199062	0.08
0.226867021	0.105213314199062	0.08
0.226923294	0.105213314199062	0.08
0.226929675	0.105213314199062	0.08
0.226957829	0.105213314199062	0.08
0.227081991	0.107300511349833	0.08
0.227177477	0.107300511349833	0.08
0.227432153	0.106595638225859	0.08
0.242615688	0.072367395708868	0.06
0.242875367	0.0717276180441955	0.06
0.242941212	0.0717276180441955	0.06
0.243116147	0.0704814095503497	0.06
0.249436037	0.0686912289619124	0.06
0.254481698	0.0710990533998689	0.05
0.259750174	0.0710990533998689	0.05
0.263775407	0.0710990533998689	0.05
0.272151172	0.0704814095503497	0.05
0.287097646	0.0553007015728742	0.06
0.295749179	0.0542650618583948	0.06
0.296834617	0.0491976616372343	0.06
0.296839561	0.0491976616372343	0.06
0.296874128	0.0491976616372343	0.06
0.29691506	0.0491976616372343	0.06
0.296919994	0.0491976616372343	0.06
0.296960227	0.0491976616372343	0.06
0.297156652	0.0487835233508454	0.06
0.297161557	0.0487835233508454	0.06
0.29723727	0.0487835233508454	0.06
0.29736316	0.0487835233508454	0.06
0.298033592	0.0483762991663643	0.06
0.298062423	0.0483762991663643	0.06
0.298432807	0.0483762991663643	0.06
0.29855614	0.0483762991663643	0.06
0.299120783	0.0483762991663643	0.06
0.299931082	0.0483762991663643	0.06
0.300128238	0.0483762991663643	0.06
0.300638986	0.0483762991663643	0.06
0.301159527	0.0479758173692116	0.06
0.302397905	0.0574952772530281	0.05
0.302406093	0.0574952772530281	0.05
0.30240618	0.0574952772530281	0.05
0.302452098	0.0574952772530281	0.05
0.302453753	0.0574952772530281	0.05
0.302493847	0.0574952772530281	0.05
0.302531356	0.0574952772530281	0.05
0.302535608	0.0574952772530281	0.05
0.302694303	0.0574952772530281	0.05
0.303062807	0.0574952772530281	0.05
0.303998368	0.0574952772530281	0.05
0.304168238	0.0574952772530281	0.05
0.306464617	0.0527823457641504	0.05
0.307314933	0.0518380776429004	0.05
0.320290117	0.0537616532072037	0.04
0.322435043	0.0532674987954586	0.04
0.322777267	0.0532674987954586	0.04
0.323165924	0.0527823457641504	0.04
0.323808824	0.0518380776429004	0.04
0.327195424	0.0518380776429004	0.04
0.328591896	0.0513785008678935	0.04
0.330254195	0.0513785008678935	0.04
0.333944256	0.0513785008678935	0.04
0.338071632	0.0491976616372343	0.05
0.340262381	0.0479758173692116	0.05
0.345554528	0.0479758173692116	0.05
0.350684009	0.0464380723981575	0.06
0.351815198	0.0460689163921289	0.06
0.356200611	0.0464380723981575	0.06
0.356206548	0.0464380723981575	0.06
0.356351443	0.0464380723981575	0.06
0.356437896	0.0460689163921289	0.06
0.356490553	0.0460689163921289	0.06
0.357086112	0.0518380776429004	0.06
0.357959666	0.0547779871683571	0.06
0.360733393	0.044307808244986	0.07
0.362945858	0.044307808244986	0.07
0.363236679	0.044307808244986	0.07
0.366130409	0.0446491751897633	0.07
0.367663989	0.0527823457641504	0.07
0.382008897	0.0397492432739732	0.07
0.386863037	0.0367263961567182	0.06
0.386909127	0.0437503170925572	0.06
0.387745392	0.0432066805845511	0.06
0.389299853	0.0426763885910358	0.06
0.389825341	0.0426763885910358	0.06
0.398731854	0.0451712035759809	0.05
0.403209246	0.0451712035759809	0.05
0.411578949	0.0527023448163465	0.04
0.416416237	0.0298526408105332	0.03
0.423143546	0.0552128908334222	0.03
0.428769674	0.0589575879122131	0.02
0.438307149	0.0615673861824413	0.01
0.440249622	0.0610271048099832	0.01
0.440316292	0.0610271048099832	0.01
0.441698853	0.0610271048099832	0.01
0.444236336	0.0608935128518972	0.01
0.444499874	0.0597169963758916	0.01
0.445117302	0.0662602771303435	0.01
0.445156208	0.0662602771303435	0.01
0.445185067	0.0662602771303435	0.01
0.445185068	0.0662602771303435	0.01
0.445252832	0.0662602771303435	0.01
0.445252833	0.0662602771303435	0.01
0.445252835	0.0662602771303435	0.01
0.445313187	0.0662602771303435	0.01
0.445313188	0.0662602771303435	0.01
0.44531319	0.0662602771303435	0.01
0.445373562	0.0662602771303435	0.01
0.445419149	0.0662602771303435	0.01
0.445433949	0.0662602771303435	0.01
0.445479567	0.0662602771303435	0.01
0.445494353	0.0662602771303435	0.01
0.445540001	0.0662602771303435	0.01
0.445554774	0.0662602771303435	0.01
0.445578303	0.0662602771303435	0.01
0.445615211	0.0662602771303435	0.01
0.445736134	0.0726265138711869	0.01
0.445849774	0.0793131415607328	0.01
0.445857123	0.0793131415607328	0.01
0.445917642	0.0793131415607328	0.01
0.445978177	0.0793131415607328	0.01
0.446038729	0.0793131415607328	0.01
0.446319857	0.0793131415607328	0.01
0.446455777	0.0793131415607328	0.01
0.446465528	0.0793131415607328	0.01
0.446772341	0.0793131415607328	0.01
0.446888185	0.0793131415607328	0.01
0.447158639	0.0793131415607328	0.01
0.447542535	0.0793131415607328	0.01
0.447649603	0.0793131415607328	0.01
0.447928306	0.0788227962052489	0.01
0.448791313	0.0778600723961597	0.01
0.453102774	0.0773874758308609	0.01
0.453117722	0.0773874758308609	0.01
0.453312195	0.0769205818036345	0.01
0.453607731	0.0769205818036345	0.01
0.45367678	0.0769205818036345	0.01
0.453739439	0.0769205818036345	0.01
0.453789353	0.0769205818036345	0.01
0.453802119	0.0769205818036345	0.01
0.453864805	0.0769205818036345	0.01
0.453864814	0.0769205818036345	0.01
0.453927527	0.0769205818036345	0.01
0.453977538	0.0769205818036345	0.01
0.453990257	0.0769205818036345	0.01
0.454053004	0.0769205818036345	0.01
0.454131662	0.0769205818036345	0.01
0.454172215	0.0769205818036345	0.01
0.454228692	0.0769205818036345	0.01
0.454297847	0.0778600723961597	0.01
0.454637485	0.0783384766157294	0.01
0.455078808	0.0778600723961597	0.01
0.455665947	0.0729589966183042	0.02
0.455678249	0.0729589966183042	0.02
0.455755613	0.0729589966183042	0.02
0.457901934	0.0721334330363367	0.02
0.458022431	0.0721334330363367	0.02
0.458664131	0.0721334330363367	0.02
0.460382332	0.0713263436507598	0.02
0.462114195	0.0717276180441955	0.02
0.46331093	0.0717276180441955	0.02
0.46499053	0.0701490145809966	0.02
0.472596627	0.0668392236813364	0.03
0.473676694	0.0668392236813364	0.03
0.47699163	0.0607846445987598	0.04
0.477096915	0.0607846445987598	0.04
0.478409458	0.0616666486082368	0.04
0.478888149	0.0607846445987598	0.04
0.479732593	0.0607846445987598	0.04
0.479936634	0.0607846445987598	0.04
0.483511101	0.0613698169278645	0.04
0.483671852	0.0613698169278645	0.04
0.483988273	0.0613698169278645	0.04
0.484458594	0.0619663656575202	0.04
0.484927676	0.0622690103522749	0.04
0.485802156	0.0937814931086734	0.04
0.48628356	0.0804390410745934	0.04
0.486776039	0.0644189347344306	0.04
0.489424331	0.0684682740522526	0.05
0.490830832	0.0690962284812636	0.05
0.50407637	0.0652088346327531	0.06
0.508934563	0.0653704953776067	0.06
0.514553924	0.0643730655636352	0.07
0.51473946	0.0643730655636352	0.07
0.514742139	0.0643730655636352	0.07
0.514971335	0.0643730655636352	0.07
0.51502476	0.0643730655636352	0.07
0.515124567	0.064649264619661	0.07
0.516063638	0.0801608795076938	0.07
0.518492841	0.0614120463786596	0.07
0.520735072	0.0623560240071898	0.07
0.534226929	0.0537616532072037	0.06
0.534308248	0.0527823457641504	0.06
0.534380672	0.0527823457641504	0.06
0.534888196	0.0527823457641504	0.06
0.543234343	0.0604962233706709	0.06
0.544416783	0.0626771653543307	0.06
0.55657045	0.0990259909732782	0.05
0.556645891	0.0990259909732782	0.05
0.556807604	0.0990259909732782	0.05
0.55802857	0.098262782241774	0.05
0.562444529	0.098262782241774	0.05
0.568776608	0.111107640529281	0.04
0.572491616	0.111107640529281	0.04
0.574371638	0.0962031906585846	0.04
0.57444178	0.0980109869293427	0.04
0.583655412	0.0998880265647322	0.04
0.586308239	0.101838365547376	0.04
0.59079165	0.101838365547376	0.04
0.591193432	0.0998880265647322	0.04
0.591819223	0.0998880265647322	0.04
0.593573546	0.0998880265647322	0.04
0.593673806	0.0998880265647322	0.04
0.593673808	0.0998880265647322	0.04
0.593754277	0.0998880265647322	0.04
0.593754278	0.0998880265647322	0.04
0.59375428	0.0998880265647322	0.04
0.593824895	0.0998880265647322	0.04
0.593834769	0.0998880265647322	0.04
0.594036974	0.0998880265647322	0.04
0.594152812	0.0998880265647322	0.04
0.594237558	0.0998880265647322	0.04
0.595015574	0.0998880265647322	0.04
0.595196772	0.0998880265647322	0.04
0.595887104	0.0998880265647322	0.04
0.596219211	0.0998880265647322	0.04
0.596894832	0.0895930735930736	0.05
0.602148457	0.0989406050407312	0.04
0.602674298	0.0998880265647322	0.04
0.604813246	0.0998880265647322	0.04
0.604905308	0.0998880265647322	0.04
0.604905312	0.0998880265647322	0.04
0.604988853	0.0998880265647322	0.04
0.605716504	0.0998880265647322	0.04
0.605724938	0.0998880265647322	0.04
0.60631275	0.0998880265647322	0.04
0.606824709	0.0970986750741283	0.04
0.608756287	0.0953240723681786	0.04
0.61827716	0.101838365547376	0.03
0.624510489	0.0970986750741283	0.04
0.630942519	0.0953240723681786	0.04
0.636422142	0.0895930735930736	0.05
0.637031954	0.0895930735930736	0.05
0.637260654	0.0895930735930736	0.05
0.637881775	0.0895930735930736	0.05
0.638075882	0.0895930735930736	0.05
0.641599528	0.0919626035334684	0.05
0.646569798	0.0831645610312791	0.06
0.648110758	0.0831645610312791	0.06
0.648827538	0.0831645610312791	0.06
0.65703705	0.0886928118834717	0.07
0.659386285	0.0880800789894794	0.07
0.667472678	0.0851391660508435	0.08
0.667879263	0.0851391660508435	0.08
0.667969788	0.0851391660508435	0.08
0.680410924	0.0794543627724128	0.08
0.680589305	0.0794543627724128	0.08
0.68060848	0.0794543627724128	0.08
0.692614054	0.0736818120786254	0.09
0.696262833	0.0710990533998689	0.1
0.697379755	0.0717276180441955	0.1
0.712354258	0.0704814095503497	0.11
0.7123899	0.0704814095503497	0.11
0.712401774	0.0704814095503497	0.11
0.713541741	0.0717276180441955	0.11
0.714295462	0.0717276180441955	0.11
0.715679053	0.06484800521391	0.12
0.717816093	0.0675474555471422	0.12
0.719314887	0.0675474555471422	0.12
0.725609694	0.06484800521391	0.13
0.725979546	0.0659014734942083	0.13
0.726772429	0.0659014734942083	0.13
0.72717465	0.0664411480901243	0.13
0.735438378	0.0609506948628281	0.14
0.742183791	0.0614120463786596	0.14
0.744518666	0.0591725837071988	0.14
0.7500464	0.0199289736617082	0.14
0.75180067	0.0700755743534775	0.14
0.756122282	0.0220104649678819	0.13
0.762884543	0.0783986908297473	0.13
0.763387603	0.0914344841202616	0.13
0.763491091	0.0914344841202616	0.13
0.765321243	0.0871664147361352	0.13
0.7676628	0.0871965647182543	0.13
0.772093843	0.0739055377118627	0.12
0.772264397	0.0769205818036345	0.12
0.779976345	0.0878575261331142	0.12
0.794958533	0.0964178264317192	0.1
0.799403767	0.0922880442925534	0.1
0.8034392	0.102912349674005	0.09
0.812482547	0.0790672086555212	0.08
0.828284953	0.0950449008297862	0.07
0.856064956	0.100853767884293	0.04
0.861362559	0.0880800789894794	0.03
0.861783488	0.0843682039680673	0.03
0.864973627	0.104910985846952	0.03
0.867661243	0.100958348896979	0.03
0.874413626	0.107802147431	0.02
0.875213305	0.103866382944554	0.02
0.875954975	0.101838365547376	0.02
0.877564409	0.101590418221088	0.02
0.87832845	0.100958348896979	0.02
0.880342154	0.0976179053307387	0.02
0.88244613	0.0887545543746012	0.01
0.882485476	0.0887545543746012	0.01
0.883671839	0.112047931855916	0.01
0.884296127	0.110465861052991	0.01
0.886381245	0.104560458066689	0.01
0.887670141	0.104535509977891	0.01
0.888863234	0.103866382944554	0.01
0.889014569	0.102878601091903	0.01
0.889576687	0.1019094300973	0.01
0.889752182	0.1019094300973	0.01
0.889857915	0.1019094300973	0.01
0.890068113	0.1019094300973	0.01
0.890083013	0.1019094300973	0.01
0.890309475	0.100958348896979	0.01
0.890354074	0.101273397348068	0.01
0.890354075	0.101273397348068	0.01
0.890407894	0.101273397348068	0.01
0.890459913	0.101273397348068	0.01
0.890474761	0.101273397348068	0.01
0.890489605	0.101273397348068	0.01
0.890489606	0.101273397348068	0.01
0.890506418	0.101273397348068	0.01
0.890580647	0.101273397348068	0.01
0.890595481	0.101273397348068	0.01
0.89061031	0.101273397348068	0.01
0.890610311	0.101273397348068	0.01
0.890701414	0.101273397348068	0.01
0.890716233	0.101273397348068	0.01
0.890731048	0.101273397348068	0.01
0.890731049	0.101273397348068	0.01
0.890837018	0.101273397348068	0.01
0.890851819	0.101273397348068	0.01
0.890957836	0.101273397348068	0.01
0.890972623	0.101273397348068	0.01
0.891093459	0.100645254517059	0.01
0.89119957	0.100645254517059	0.01
0.891214328	0.100645254517059	0.01
0.891244043	0.100645254517059	0.01
0.891246709	0.100645254517059	0.01
0.89133523	0.100645254517059	0.01
0.891382479	0.100645254517059	0.01
0.891441435	0.100645254517059	0.01
0.891456164	0.100645254517059	0.01
0.891521465	0.100024855698859	0.01
0.891698132	0.0997175156798071	0.01
0.892017347	0.0997175156798071	0.01
0.89206133	0.0997175156798071	0.01
0.89216782	0.0997175156798071	0.01
0.892182462	0.0997175156798071	0.01
0.89229733	0.0997175156798071	0.01
0.892307805	0.0997175156798071	0.01
0.892546055	0.101273397348068	0.01
0.89273031	0.101273397348068	0.01
0.892793389	0.101273397348068	0.01
0.892924751	0.100958348896979	0.01
0.892951888	0.100958348896979	0.01
0.892952212	0.100958348896979	0.01
0.893016766	0.100958348896979	0.01
0.893142511	0.100958348896979	0.01
0.893172464	0.100334096084483	0.01
0.893313967	0.100334096084483	0.01
0.893320622	0.100334096084483	0.01
0.893352088	0.100334096084483	0.01
0.894085351	0.100645254517059	0.01
0.89422449	0.100645254517059	0.01
0.894232534	0.100645254517059	0.01
0.894332391	0.100958348896979	0.01
0.894482721	0.100958348896979	0.01
0.894511483	0.100645254517059	0.01
0.894906463	0.100334096084483	0.01
0.894913415	0.100334096084483	0.01
0.895081202	0.100334096084483	0.01
0.895086463	0.100334096084483	0.01
0.895300675	0.100334096084483	0.01
0.89539422	0.0991084670997543	0.01
0.895524497	0.102286004883682	0.01
0.896329745	0.101055912585147	0.01
0.896396617	0.101360653589296	0.01
0.89685771	0.100451894946141	0.01
0.89693811	0.100451894946141	0.01
0.897131294	0.104470379194766	0.01
0.897197773	0.103866382944554	0.01
0.897282137	0.104451398001413	0.01
0.897316929	0.103287884534765	0.01
0.89799116	0.0915590161033445	0.01
0.898155973	0.0899794789746444	0.01
0.898455429	0.0882664028114231	0.01
0.898485328	0.0882664028114231	0.01
0.89889623	0.0866173368600797	0.01
0.898920463	0.0866173368600797	0.01
0.899310528	0.0846836230318505	0.01
0.899325427	0.0846836230318505	0.01
0.900113547	0.0917401912110982	0.01
0.900274359	0.0915590161033445	0.01
0.900307304	0.0915590161033445	0.01
0.901007608	0.0805055547899227	0.01
0.90151373	0.0813123852201752	0.01
0.901568195	0.0815849345617552	0.01
0.902919093	0.0693435548288525	0.01
0.903166806	0.0659645091471966	0.01
0.904508173	0.0530424784595269	0.01
0.904513058	0.0532298629169984	0.01
0.905345526	0.0534185760235079	0.01
0.905424433	0.0536086319605064	0.01
0.905541598	0.0541870016289453	0.01
0.906197141	0.0534185760235079	0.01
0.906210372	0.0528564086686333	0.01
0.906508268	0.0534185760235079	0.01
0.906786831	0.0530424784595269	0.01
0.907060652	0.0536086319605064	0.01
0.90712089	0.0536086319605064	0.01
0.907185931	0.0539928300681192	0.01
0.907198748	0.0541870016289453	0.01
0.907199842	0.0541870016289453	0.01
0.907298438	0.0500473970323654	0.01
0.907311244	0.0500473970323654	0.01
0.907324045	0.050410179465695	0.01
0.907336843	0.050410179465695	0.01
0.907336844	0.050410179465695	0.01
0.907436592	0.050410179465695	0.01
0.907449378	0.050410179465695	0.01
0.90746216	0.050410179465695	0.01
0.907536422	0.050410179465695	0.01
0.9075492	0.050410179465695	0.01
0.907574745	0.050410179465695	0.01
0.907587512	0.050410179465695	0.01
0.907674633	0.050410179465695	0.01
0.907700146	0.050410179465695	0.01
0.907712898	0.050410179465695	0.01
0.907951053	0.050410179465695	0.01
0.907963774	0.050410179465695	0.01
0.908076559	0.0505935501535212	0.01
0.908089263	0.0505935501535212	0.01
0.908089264	0.0505935501535212	0.01
0.908189407	0.0507782597601429	0.01
0.908214789	0.0507782597601429	0.01
0.908289632	0.050410179465695	0.01
0.908453284	0.050410179465695	0.01
0.908566283	0.0500473970323654	0.01
0.908577365	0.0500473970323654	0.01
0.908691978	0.0500473970323654	0.01
0.908729307	0.0500473970323654	0.01
0.908816452	0.0500473970323654	0.01
0.908830322	0.0496897988974896	0.01
0.908855181	0.0495129093379778	0.01
0.908943472	0.0500473970323654	0.01
0.908956071	0.0500473970323654	0.01
0.909094444	0.0500473970323654	0.01
0.909195105	0.0496897988974896	0.01
0.909270732	0.0496897988974896	0.01
0.909308419	0.0496897988974896	0.01
0.90938549	0.0502281331909523	0.01
0.909409249	0.0502281331909523	0.01
0.909446878	0.0502281331909523	0.01
0.909642167	0.0502281331909523	0.01
0.909838426	0.0500473970323654	0.01
0.909896599	0.0500473970323654	0.01
0.909914657	0.0500473970323654	0.01
0.909925885	0.0500473970323654	0.01
0.910051995	0.0500473970323654	0.01
0.910267	0.0502281331909523	0.01
0.910628128	0.0505935501535212	0.01
0.911049792	0.0509643230038809	0.01
0.911062134	0.0509643230038809	0.01
0.91113001	0.0509643230038809	0.01
0.911351929	0.0509643230038809	0.01
0.911383512	0.0507782597601429	0.01
0.911518912	0.0511517548195749	0.01
0.911747931	0.0513405703625791	0.01
0.911776598	0.0513405703625791	0.01
0.912488931	0.0507782597601429	0.01
0.912707801	0.0507782597601429	0.01
0.912776305	0.0507782597601429	0.01
0.912811242	0.0547779871683571	0.01
0.913006436	0.0549778574803137	0.01
0.913139907	0.0549778574803137	0.01
0.913630289	0.0551791916808726	0.01
0.914696902	0.0591725837071988	0.01
0.914870556	0.0591725837071988	0.01
0.914968567	0.0591725837071988	0.01
0.915026039	0.0591725837071988	0.01
0.915269563	0.0591725837071988	0.01
0.915559183	0.0564188594099934	0.01
0.916024822	0.0564188594099934	0.01
0.916208994	0.0564188594099934	0.01
0.916688985	0.0568445534463204	0.01
0.916912552	0.057276720251649	0.01
0.917248255	0.0477780527534711	0.01
0.918238351	0.0543498813000273	0.01
0.918456927	0.0556547555020115	0.01
0.918483627	0.0556547555020115	0.01
0.918816837	0.0594616958190636	0.01
0.918837351	0.0599744986669758	0.01
0.919120121	0.0626771653543307	0.01
0.919822583	0.0547779871683571	0.02
0.921364075	0.0557184570273438	0.02
0.921783065	0.0562984011117294	0.02
0.922071236	0.0562984011117294	0.02
0.922787758	0.0562984011117294	0.02
0.923268187	0.0568905448410841	0.02
0.924160807	0.0566917844027937	0.02
0.924412009	0.0566917844027937	0.02
0.924507726	0.0566917844027937	0.02
0.926193857	0.054382574808179	0.02
0.927872541	0.0523059503831456	0.02
0.929379518	0.0610271048099832	0.02
0.934071327	0.0529891821190406	0.03
0.934700606	0.0528167062838143	0.03
0.93534835	0.0535134352439857	0.03
0.938770844	0.0390791401682805	0.03
0.944027825	0.0210128741420623	0.03
0.948845214	0.0426763885910358	0.04
0.949342587	0.0458088066033082	0.04
0.953473419	0.0295985263663719	0.04
0.954191796	0.0298526408105332	0.04
0.956018846	0.0326563071990305	0.04
0.956296714	0.0339309838280236	0.04
0.956549025	0.0339309838280236	0.04
0.956766863	0.0346063808440907	0.04
0.956780018	0.0346063808440907	0.04
0.95679317	0.0346063808440907	0.04
0.956793172	0.0346063808440907	0.04
0.957077957	0.0489897172723313	0.05
0.957486775	0.0364664091793296	0.05
0.958321379	0.0405437778320083	0.05
0.959031973	0.0433606217839894	0.05
0.959642592	0.0207619399211897	0.05
0.959665139	0.0207619399211897	0.05
0.964446178	0.0298526408105332	0.05
0.964458654	0.0298526408105332	0.05
0.966653906	0.0339309838280236	0.05
0.966980912	0.0470030342121041	0.06
0.966986309	0.0470030342121041	0.06
0.967139043	0.0412830128460863	0.06
0.967144414	0.0412830128460863	0.06
0.967297226	0.0391391235818137	0.06
0.967302572	0.0393809100080403	0.06
0.967460779	0.0333213117287926	0.06
0.967608447	0.0389151298173832	0.06
0.967619041	0.0389151298173832	0.06
0.967772081	0.040092987214258	0.06
0.967925221	0.040092987214258	0.06
0.967935716	0.040092987214258	0.06
0.968083686	0.0360411819612979	0.06
0.968237002	0.0382500733994174	0.06
0.968861479	0.0407473994253197	0.06
0.969035555	0.0411608407185248	0.06
0.970292984	0.0202776318986667	0.06
0.973766743	0.0249298937082615	0.06
0.974203145	0.0247524278811654	0.06
0.978183481	0.0274923219162797	0.06
0.981915796	0.0306418562782048	0.06
0.985118954	0.0103339871134741	0.06
0.9860103	0.0103339871134741	0.06
1.019804062	0.0103339871134741	0.07
1.021711423	0.0101529416843601	0.07
1.022530753	0.0101529416843601	0.07
1.023898132	0.0102426644389102	0.07
1.027042278	0.0112355646663858	0.07
1.027349785	0.011345545765923	0.07
1.029078227	0.00997813065295622	0.08
1.029271857	0.00997813065295622	0.08
1.029659545	0.0101529416843601	0.08
1.030392053	0.0101529416843601	0.08
1.030397618	0.0101529416843601	0.08
1.030958443	0.0101529416843601	0.08
1.031720423	0.0101529416843601	0.08
1.032104884	0.0101529416843601	0.08
1.033463082	0.00980923744269729	0.08
1.034014818	0.0098929632618098	0.08
1.034854243	0.00980923744269729	0.08
1.035677928	0.0194279019818413	0.08
1.039046839	0.021400858681535	0.08
1.041709188	0.0218034403418429	0.08
1.043349328	0.0218034403418429	0.08
1.044012776	0.0218034403418429	0.08
1.048661279	0.0187977300305908	0.09
1.057424783	0.023107498548524	0.09
1.067766296	0.0184977297915698	0.11
1.067971123	0.0184977297915698	0.11
1.068277144	0.0184977297915698	0.11
1.06860264	0.0186465233279755	0.11
1.068892568	0.0186465233279755	0.11
1.088762574	0.0220104649678819	0.12
1.091073782	0.0222214586966045	0.12
1.112743253	0.0106179943606014	0.12
1.113082372	0.0106179943606014	0.12
1.11414031	0.0106179943606014	0.12
1.115076799	0.0111276953583703	0.11
1.116382888	0.0109180534043478	0.11
1.125633627	0.0106179943606014	0.11
1.127882011	0.0106179943606014	0.11
1.133988353	0.0109180534043478	0.11
1.134317617	0.0109180534043478	0.11
1.136767134	0.0106179943606014	0.11
1.137302108	0.0107161645492542	0.11
1.162829766	0.011345545765923	0.13
1.183360064	0.0105216065073716	0.15
1.187305519	0.0256659556525621	0.15
1.187446683	0.0256659556525621	0.15
1.18762744	0.0247524278811654	0.15
1.192075895	0.024067131201682	0.15
1.203309389	0.0249298937082615	0.14
1.208724051	0.0272766572124458	0.13
1.208769953	0.0272766572124458	0.13
1.209751115	0.0272766572124458	0.13
1.209768181	0.0272766572124458	0.13
1.210085375	0.0272766572124458	0.13
1.21086869	0.0272766572124458	0.13
1.212614931	0.0268553217551982	0.13
1.224141399	0.0270643497546737	0.12
1.22465873	0.0270643497546737	0.12
1.225416562	0.0270643497546737	0.12
1.226767373	0.0228794297388367	0.11
1.243346642	0.0224365367770136	0.1
1.246668032	0.0220104649678819	0.1
1.248955951	0.0228794297388367	0.09
1.252855937	0.0226558189636298	0.09
1.268447511	0.0222214586966045	0.09
1.270060331	0.0222214586966045	0.09
1.275739262	0.0491976616372343	0.09
1.285172518	0.0558334880066991	0.08
1.293113698	0.0783986908297473	0.09
1.297280078	0.0563766404142277	0.08
1.302603198	0.0856395656779661	0.08
1.303502827	0.0856395656779661	0.08
1.33510162	0.119434243384467	0.1
1.335485912	0.119434243384467	0.1
1.335508208	0.119434243384467	0.1
1.335711503	0.119434243384467	0.1
1.335892556	0.119434243384467	0.1
1.33625481	0.119434243384467	0.1
1.336413828	0.119434243384467	0.1
1.336595099	0.118325800321834	0.1
1.336665633	0.118325800321834	0.1
1.336979907	0.118325800321834	0.1
1.337117106	0.118325800321834	0.1
1.337529375	0.118325800321834	0.1
1.337777279	0.118325800321834	0.1
1.337887386	0.118325800321834	0.1
1.338686534	0.118325800321834	0.1
1.342315002	0.118325800321834	0.1
1.343443085	0.122887778588671	0.1
1.360533959	0.121714620553377	0.1
1.360774481	0.121714620553377	0.1
1.360981621	0.121714620553377	0.1
1.36116959	0.121714620553377	0.1
1.36135761	0.121714620553377	0.1
1.362279458	0.121714620553377	0.1
1.364721715	0.121714620553377	0.1
1.368077892	0.121714620553377	0.1
1.369020462	0.124083771916437	0.1
1.370127164	0.125303273816076	0.1
1.373967278	0.125303273816076	0.1
1.377274175	0.117237742502956	0.11
1.377544294	0.117237742502956	0.11
1.379222918	0.118325800321834	0.11
1.384187356	0.121714620553377	0.1
1.385801753	0.122887778588671	0.1
1.430594094	0.113078515598612	0.1
1.434752614	0.113078515598612	0.1
1.436494579	0.113078515598612	0.11
1.450462129	0.107365053254304	0.12
1.450928234	0.107365053254304	0.12
1.454003033	0.107365053254304	0.12
1.45657643	0.107365053254304	0.13
1.457818346	0.107365053254304	0.13
1.484067531	0.104719498058842	0.15
1.484117024	0.104719498058842	0.15
1.488337206	0.104719498058842	0.16
1.494140559	0.103866382944554	0.16
1.502972103	0.103866382944554	0.17
1.506038743	0.112978312705802	0.17
1.512194724	0.103866382944554	0.18
1.512403577	0.103866382944554	0.18
1.512821455	0.103866382944554	0.18
1.513239565	0.103866382944554	0.18
1.516740221	0.103866382944554	0.19
1.523536021	0.103027055599202	0.19
1.558319819	0.18348271112289	0.23
1.558531046	0.18348271112289	0.23
1.55916507	0.181966600153265	0.23
1.561070241	0.196905640010794	0.22
1.56916589	0.214279797896132	0.22
1.611568792	0.180845858091576	0.17
1.652341299	0.209615124915598	0.14
1.707257935	0.269096078499359	0.08
1.718627381	0.264546477144902	0.07
1.758275756	0.271430070296926	0.03
1.77492366	0.278681460734676	0.01
1.77861633	0.278681460734676	0.01
1.780627841	0.260148158079978	0.01
1.780657571	0.260148158079978	0.01
1.780657572	0.260148158079978	0.01
1.780839524	0.258003390844719	0.01
1.780928629	0.258003390844719	0.01
1.78092863	0.258003390844719	0.01
1.781140367	0.258003390844719	0.01
1.781170031	0.258003390844719	0.01
1.781170032	0.258003390844719	0.01
1.781381862	0.258003390844719	0.01
1.781411499	0.258003390844719	0.01
1.781623424	0.258003390844719	0.01
1.781653031	0.258003390844719	0.01
1.7818108	0.258003390844719	0.01
1.781835463	0.258003390844719	0.01
1.781894629	0.258003390844719	0.01
1.782136292	0.255893699099871	0.01
1.782136293	0.255893699099871	0.01
1.782378022	0.249766678466836	0.01
1.782531315	0.249766678466836	0.01
1.782619816	0.249766678466836	0.01
1.783103602	0.249766678466836	0.01
1.783286774	0.249766678466836	0.01
1.783345594	0.249766678466836	0.01
1.783829774	0.249766678466836	0.01
1.784013316	0.249766678466836	0.01
1.784314217	0.249766678466836	0.01
1.78446873	0.249766678466836	0.01
1.784506241	0.249766678466836	0.01
1.785009515	0.253818229388102	0.01
1.785322292	0.265475107838315	0.01
1.785497332	0.265475107838315	0.01
1.785988286	0.263394784977759	0.01
1.786357195	0.263394784977759	0.01
1.787927091	0.261346812372197	0.01
1.788266632	0.261346812372197	0.01
1.788780487	0.265475107838315	0.01
1.789747139	0.265475107838315	0.01
1.790033715	0.265475107838315	0.01
1.790095821	0.265475107838315	0.01
1.790737455	0.255091437283353	0.01
1.79204453	0.261889817983033	0.02
1.792147241	0.261889817983033	0.02
1.795060195	0.21362157520107	0.02
1.795172249	0.206027109249319	0.02
1.795643534	0.202428833002081	0.02
1.796669094	0.194502503646452	0.02
1.801889818	0.106468473254739	0.02
1.809599251	0.178820764498514	0.03
1.812688451	0.097735498349037	0.03
1.813215031	0.0994120585635784	0.03
1.813240824	0.0994120585635784	0.03
1.813716026	0.072367395708868	0.03
1.813793197	0.072367395708868	0.03
1.814069384	0.0757454711243658	0.03
1.814621756	0.0682099823344847	0.03
1.814621757	0.0682099823344847	0.03
1.814846808	0.0682099823344847	0.03
1.814872379	0.0682099823344847	0.03
1.815039963	0.0688856344028758	0.03
1.815123071	0.0688856344028758	0.03
1.815169565	0.0688856344028758	0.03
1.815322808	0.175330396475771	0.04
1.815373832	0.175330396475771	0.04
1.815850116	0.175330396475771	0.04
1.815875562	0.175330396475771	0.04
1.816101116	0.175330396475771	0.04
1.816374833	0.175330396475771	0.04
1.816377569	0.175330396475771	0.04
1.81637757	0.175330396475771	0.04
1.817382419	0.175330396475771	0.04
1.817633804	0.175330396475771	0.04
1.818363245	0.175330396475771	0.04
1.819217405	0.177058380672096	0.04
1.819395454	0.177058380672096	0.04
1.819410514	0.177058380672096	0.04
1.819581019	0.177058380672096	0.04
1.81989941	0.177058380672096	0.04
1.822065256	0.0880800789894794	0.04
1.823345161	0.0692777652383157	0.04
1.824280416	0.0730186891393319	0.04
1.824985083	0.065634910567043	0.04
1.828541204	0.170343056561533	0.05
1.828939845	0.171973675463671	0.05
1.829051906	0.171973675463671	0.05
1.829613575	0.171973675463671	0.05
1.835137623	0.0644189347344306	0.05
1.836263396	0.0447353404001452	0.05
1.83758722	0.0451712035759809	0.05
1.842215909	0.0880800789894794	0.06
1.846490238	0.0451712035759809	0.06
1.860668056	0.151330798479087	0.08
1.860714054	0.151330798479087	0.08
1.872927722	0.0438883705148867	0.08
1.876458705	0.0226558189636298	0.08
1.917919203	0.0228794297388367	0.11
1.919145255	0.0228794297388367	0.11
1.932723098	0.0336030758439737	0.13
1.933588634	0.0336030758439737	0.13
1.934242286	0.0336030758439737	0.13
1.93486401	0.0336030758439737	0.13
1.937910579	0.03328144498334	0.13
1.938309591	0.03328144498334	0.13
1.938319698	0.03328144498334	0.13
1.947078383	0.0615673861824413	0.14
1.956133657	0.0615673861824413	0.15
1.961031557	0.0518380776429004	0.15
2.049316864	0.0848558401941811	0.24
2.058434493	0.0848558401941811	0.25
2.067556414	0.0848558401941811	0.26
2.077371996	0.0848558401941811	0.27
2.077653506	0.0848558401941811	0.27
2.07768814	0.0848558401941811	0.27
2.077935092	0.0848558401941811	0.27
2.079378601	0.0848558401941811	0.27
2.080200147	0.0770238485128174	0.27
2.112854786	0.0781783566528663	0.3
2.114638141	0.0927805472868773	0.3
2.119081815	0.0836312852774024	0.31
2.122322709	0.0759029428160666	0.31
2.130868897	0.0759029428160666	0.32
2.201956234	0.0748141935857023	0.39
2.225736601	0.0966488586692569	0.42
2.22607531	0.0966488586692569	0.42
2.226678687	0.0966488586692569	0.42
2.226980498	0.0966488586692569	0.42
2.268175967	0.237556519535282	0.41
2.273953022	0.253304611769314	0.4
2.279085054	0.24984644149904	0.4
2.287430653	0.24984644149904	0.39
2.416816988	0.240181970104911	0.31
2.57811595	0.247618532375059	0.15
2.644514931	0.254716456118871	0.08
2.64482266	0.254716456118871	0.08
2.65353762	0.247618532375059	0.08
2.669724846	0.252305696076394	0.06
2.670697515	0.252305696076394	0.06
2.67074212	0.252305696076394	0.06
2.670831293	0.252305696076394	0.06
2.671193179	0.252305696076394	0.06
2.671237545	0.252305696076394	0.06
2.671237705	0.252305696076394	0.06
2.671599486	0.252305696076394	0.06
2.671599646	0.252305696076394	0.06
2.671961685	0.252305696076394	0.06
2.672323822	0.252305696076394	0.06
2.672686057	0.252305696076394	0.06
2.673366554	0.252305696076394	0.06
2.674201502	0.260418763841353	0.06
2.674498542	0.260418763841353	0.06
2.674817434	0.260418763841353	0.06
2.67498819	0.258003390844719	0.06
2.675753192	0.258003390844719	0.06
2.67595059	0.258003390844719	0.06
2.679543675	0.252305696076394	0.05
2.679587204	0.252305696076394	0.05
2.681604422	0.252305696076394	0.05
2.684222358	0.260418763841353	0.05
2.690797174	0.258003390844719	0.05
2.690995907	0.258003390844719	0.05
2.692790444	0.255632411067194	0.05
2.697875326	0.241699720563629	0.05
2.700424629	0.241699720563629	0.05
2.703341222	0.246370287000563	0.04
2.714352711	0.246370287000563	0.05
2.716197088	0.246370287000563	0.05
2.721339166	0.244012656382641	0.06
2.721753239	0.244012656382641	0.06
2.72212898	0.244012656382641	0.06
2.722504826	0.244012656382641	0.06
2.727362573	0.241699720563629	0.06
2.728042156	0.241699720563629	0.06
2.733911556	0.237202944093891	0.07
2.734951629	0.237202944093891	0.07
2.741703646	0.235016723789074	0.08
2.767264537	0.235016723789074	0.1
2.784781798	0.220773175481198	0.12
2.795646082	0.220773175481198	0.13
2.814579483	0.220773175481198	0.15
2.874914635	0.218878112188781	0.21
2.884109016	0.217015305538821	0.22
2.893176138	0.222785938137691	0.23
3.017087015	0.210473256196476	0.35
3.091199805	0.186592009110753	0.42
3.116410384	0.232718627513975	0.45
3.153761559	0.17639367406938	0.48
3.190582361	0.231913939937248	0.52
3.194633906	0.177987057399905	0.52
3.561648443	0.191851157109516	0.880000000000001
3.563861522	0.190001166472975	0.880000000000001
3.565454716	0.182267814618062	0.890000000000001
3.566965252	0.202822422579381	0.880000000000001
3.567214517	0.202822422579381	0.880000000000001
3.571210711	0.189726740689675	0.890000000000001
3.571812505	0.192884090604077	0.890000000000001
3.575584373	0.167758251734648	0.880000000000001
3.579984214	0.166254297741075	0.880000000000001
3.62939674	0.160498805720135	0.910000000000001
3.629519691	0.160498805720135	0.910000000000001
3.6300627	0.160498805720135	0.910000000000001
3.631023885	0.160498805720135	0.910000000000001
3.631169027	0.160498805720135	0.910000000000001
3.633483005	0.156437080486182	0.920000000000001
3.639968026	0.159121663181203	0.920000000000001
3.778072999	0.157767952431773	1.06
3.963711323	0.163241293042971	1.25
4.078052931	0.183712309505887	1.36
4.442577106	0.176710064345141	1.73
4.445571488	0.178067482551176	1.73
4.452121847	0.207711258826661	1.73
4.45272527	0.176710064345141	1.74
4.453328856	0.176710064345141	1.74
4.453932605	0.176710064345141	1.74
4.459832487	0.179445916512909	1.74
4.464002998	0.176710064345141	1.75
4.480518943	0.176710064345141	1.76
4.492707945	0.200869632735461	1.77
4.536342962	0.200869632735461	1.81
4.537444354	0.202822422579381	1.81
4.537596069	0.202822422579381	1.81
4.550359745	0.176710064345141	1.83
4.773228095	0.200869632735461	2.05
4.848628454	0.176710064345141	2.13
5.341769851	0.224663482414242	2.44999999999999
5.342582978	0.224663482414242	2.44999999999999
5.443653327	0.229906268460095	2.42999999999999
5.445157132	0.229906268460095	2.42999999999999
6.232084175	0.248773920569285	2.67999999999999
7	0.180845858091576	3.36999999999997
