thrs	post_p	finalwindow
0	0.0942398142811657	0.23
0.03256001	0.0942398142811657	0.2
0.070216248	0.0795603890828821	0.18
0.089689176	0.0723852539327025	0.17
0.093809574	0.0688377583899928	0.17
0.098963073	0.0688377583899928	0.17
0.103967892	0.0688377583899928	0.17
0.106977596	0.0688377583899928	0.18
0.127200542	0.0537040152550869	0.17
0.127695348	0.0690795790504367	0.17
0.128068503	0.0684781852669034	0.17
0.129730945	0.0755485864930549	0.17
0.148427326	0.0684781852669034	0.15
0.155752372	0.0939770960343836	0.15
0.161204767	0.0742997410273113	0.14
0.172569069	0.0906460545710693	0.13
0.178062567	0.0696916296276978	0.12
0.178113806	0.0696916296276978	0.12
0.178140913	0.0696916296276978	0.12
0.178358463	0.0696916296276978	0.12
0.181486035	0.0755485864930549	0.12
0.191788381	0.0781766036474196	0.11
0.194681585	0.098796991091317	0.11
0.205298456	0.101779896756466	0.1
0.222049977	0.0656217331209789	0.08
0.22265244	0.0841970388952571	0.08
0.222656148	0.0841970388952571	0.08
0.222686318	0.0841970388952571	0.08
0.222697977	0.0835018458255773	0.08
0.222716495	0.0835018458255773	0.08
0.223196808	0.0904470665143259	0.08
0.226957829	0.0876258163099441	0.08
0.227177477	0.0876258163099441	0.08
0.227432153	0.0869477913513303	0.08
0.237068117	0.0808322038219496	0.07
0.241897099	0.0795603890828821	0.07
0.242615688	0.0656217331209789	0.06
0.242875367	0.0750082631561762	0.06
0.242941212	0.0750082631561762	0.06
0.243116147	0.0736044789333303	0.06
0.249436037	0.0696916296276978	0.06
0.254481698	0.0764666343924079	0.05
0.256228734	0.0764666343924079	0.05
0.256650521	0.0742997410273113	0.05
0.259750174	0.0729221080816777	0.05
0.263775407	0.0729221080816777	0.05
0.287097646	0.0764666343924079	0.05
0.295749179	0.0772172949002217	0.05
0.296839561	0.0772172949002217	0.05
0.296839653	0.0772172949002217	0.05
0.296874128	0.0772172949002217	0.05
0.296879772	0.0772172949002217	0.05
0.296919994	0.0772172949002217	0.05
0.296960227	0.0772172949002217	0.05
0.297156652	0.0772172949002217	0.05
0.29723727	0.0772172949002217	0.05
0.297242165	0.0772172949002217	0.05
0.297345093	0.0772172949002217	0.05
0.29736316	0.0772172949002217	0.05
0.298033592	0.0772172949002217	0.05
0.29855614	0.0772172949002217	0.05
0.298682719	0.0772172949002217	0.05
0.299120783	0.0772172949002217	0.05
0.300128238	0.07798283974932	0.05
0.301159527	0.0772172949002217	0.05
0.302397905	0.0750082631561762	0.05
0.302443572	0.0750082631561762	0.05
0.302452098	0.0750082631561762	0.05
0.302453753	0.0750082631561762	0.05
0.302493847	0.0750082631561762	0.05
0.302531356	0.0750082631561762	0.05
0.302694303	0.0750082631561762	0.05
0.302757814	0.0750082631561762	0.05
0.303062807	0.0750082631561762	0.05
0.305094409	0.0757304283151365	0.05
0.306464617	0.0750082631561762	0.05
0.307314933	0.0742997410273113	0.05
0.308759935	0.0729221080816777	0.05
0.320217262	0.0757304283151365	0.04
0.322591403	0.0757304283151365	0.04
0.323537089	0.0722522732301526	0.04
0.323808824	0.0722522732301526	0.04
0.324596864	0.0722522732301526	0.04
0.333944256	0.0696916296276978	0.04
0.334029253	0.0696916296276978	0.04
0.338071632	0.0775026063286268	0.05
0.340262381	0.0736906742749878	0.05
0.343625259	0.0736906742749878	0.05
0.343706753	0.0736906742749878	0.05
0.350684009	0.0730915118935863	0.06
0.351815198	0.0725020142409134	0.06
0.356206548	0.0719219493439708	0.06
0.356351443	0.0719219493439708	0.06
0.356490553	0.0719219493439708	0.06
0.357086112	0.0832440989908778	0.06
0.357959666	0.0681076028033491	0.07
0.362945858	0.0681076028033491	0.07
0.363236679	0.0681076028033491	0.07
0.366130409	0.0696916296276978	0.07
0.367161303	0.0817304252605824	0.07
0.367663989	0.066924499747772	0.07
0.37384574	0.0982983787384655	0.08
0.381649088	0.0713946827287919	0.07
0.386863037	0.0787030938745524	0.06
0.386909127	0.0787030938745524	0.06
0.389222512	0.0754510329070109	0.06
0.389825341	0.0750633249764326	0.06
0.395214438	0.088460866444287	0.06
0.411578949	0.0921008080001636	0.04
0.415094538	0.102471944580834	0.04
0.415772448	0.0629940427423494	0.03
0.418471182	0.0878541806585541	0.03
0.419019267	0.0878541806585541	0.03
0.438307149	0.0980783851094508	0.01
0.438815006	0.0980783851094508	0.01
0.440316292	0.0973701572908547	0.01
0.441750067	0.0959839496528112	0.01
0.444236336	0.111608203853325	0.01
0.444770984	0.106889697976318	0.01
0.445049535	0.106889697976318	0.01
0.445117302	0.106889697976318	0.01
0.445156208	0.106889697976318	0.01
0.445185067	0.106327790019762	0.01
0.445185068	0.106327790019762	0.01
0.445252832	0.106327790019762	0.01
0.445252833	0.106327790019762	0.01
0.445252835	0.106327790019762	0.01
0.445305777	0.106327790019762	0.01
0.445313187	0.106327790019762	0.01
0.445313188	0.106327790019762	0.01
0.44531319	0.106327790019762	0.01
0.445373562	0.106327790019762	0.01
0.445479567	0.105221513053783	0.01
0.445494353	0.105221513053783	0.01
0.445554774	0.103604597387085	0.01
0.445578303	0.103604597387085	0.01
0.445653547	0.103604597387085	0.01
0.445675664	0.103076612236651	0.01
0.445691925	0.103076612236651	0.01
0.445736134	0.103076612236651	0.01
0.445849774	0.103076612236651	0.01
0.445917642	0.103076612236651	0.01
0.445970843	0.103076612236651	0.01
0.446038729	0.103076612236651	0.01
0.446188208	0.0995262050380286	0.01
0.446319857	0.0995262050380286	0.01
0.446394864	0.0995262050380286	0.01
0.446455777	0.0995262050380286	0.01
0.446465528	0.098556288587734	0.01
0.44656991	0.098556288587734	0.01
0.446633323	0.098556288587734	0.01
0.446772341	0.098556288587734	0.01
0.446967543	0.098556288587734	0.01
0.447158639	0.098556288587734	0.01
0.447533088	0.098556288587734	0.01
0.447542535	0.098556288587734	0.01
0.447649603	0.098556288587734	0.01
0.447876705	0.098556288587734	0.01
0.449715173	0.102471944580834	0.01
0.451750007	0.102471944580834	0.01
0.452986292	0.0976050940126046	0.01
0.453102774	0.0976050940126046	0.01
0.453312195	0.0971363488447771	0.01
0.453607731	0.0971363488447771	0.01
0.45367678	0.0971363488447771	0.01
0.453739439	0.0971363488447771	0.01
0.453789353	0.0971363488447771	0.01
0.453802119	0.0971363488447771	0.01
0.453864805	0.0971363488447771	0.01
0.453864814	0.0971363488447771	0.01
0.453977538	0.0971363488447771	0.01
0.453990257	0.0971363488447771	0.01
0.454053004	0.0971363488447771	0.01
0.454115767	0.0971363488447771	0.01
0.454131662	0.0971363488447771	0.01
0.454159539	0.0971363488447771	0.01
0.454172215	0.0971363488447771	0.01
0.454228692	0.0971363488447771	0.01
0.454266222	0.0976050940126046	0.01
0.454278877	0.0976050940126046	0.01
0.454291524	0.0976050940126046	0.01
0.454297847	0.0976050940126046	0.01
0.454379121	0.0976050940126046	0.01
0.454543029	0.0976050940126046	0.01
0.455180191	0.101017410463559	0.01
0.455439212	0.104138019340077	0.01
0.455550168	0.1091980023759	0.01
0.455665947	0.116762533121522	0.01
0.456133439	0.11099573367195	0.01
0.456159276	0.11099573367195	0.01
0.456455968	0.0968914446915857	0.02
0.457901934	0.0960199229439403	0.02
0.458022431	0.0960199229439403	0.02
0.458619789	0.0955900151367308	0.02
0.458664131	0.0955900151367308	0.02
0.460382332	0.0960199229439403	0.02
0.46331093	0.0914282921345569	0.02
0.464728436	0.0882374445449878	0.02
0.46499053	0.0882374445449878	0.02
0.472596627	0.0750082631561762	0.02
0.473676694	0.0845489944382798	0.03
0.474072423	0.0845489944382798	0.03
0.47699163	0.066735232239546	0.03
0.477096915	0.066735232239546	0.03
0.478409458	0.070948854643763	0.03
0.478419311	0.070948854643763	0.03
0.479732593	0.070948854643763	0.03
0.483511101	0.0631626575183349	0.03
0.483671852	0.0656217331209789	0.03
0.483988273	0.076549319597979	0.04
0.484225862	0.076549319597979	0.04
0.484927676	0.0771331611565988	0.04
0.485802156	0.0819788698214026	0.04
0.48628356	0.0656217331209789	0.04
0.486776039	0.0554453684727562	0.04
0.490830832	0.0592011002718579	0.04
0.499369323	0.0554453684727562	0.05
0.50407637	0.0106891795057583	0.05
0.508934563	0.0528382043355397	0.06
0.511690912	0.0531955432451955	0.06
0.514553924	0.0112229782470051	0.06
0.51473946	0.0112229782470051	0.06
0.514839037	0.0112229782470051	0.06
0.514971335	0.0112229782470051	0.06
0.515124567	0.0112229782470051	0.06
0.516063638	0.0641238351716459	0.07
0.51682809	0.0485945861692731	0.07
0.518492841	0.0511211819767596	0.07
0.518564452	0.0511211819767596	0.07
0.534888196	0.0211522587210946	0.06
0.539174229	0.0211522587210946	0.06
0.543234343	0.0205714046917451	0.06
0.544416783	0.0221968418210998	0.06
0.55657045	0.0311066249162303	0.05
0.556645891	0.0311066249162303	0.05
0.55802857	0.0299993424713775	0.05
0.562444529	0.0299993424713775	0.05
0.568776608	0.0289681808397458	0.06
0.572491616	0.0294747457239874	0.06
0.57444178	0.0294747457239874	0.06
0.583655412	0.0305429513314578	0.06
0.59079165	0.031992255910683	0.05
0.591193432	0.031992255910683	0.05
0.591819223	0.031992255910683	0.05
0.593402747	0.0326112348894537	0.05
0.593573546	0.0326112348894537	0.05
0.593673806	0.0326112348894537	0.05
0.593673808	0.0326112348894537	0.05
0.593754277	0.0326112348894537	0.05
0.59375428	0.0326112348894537	0.05
0.593834769	0.0326112348894537	0.05
0.593915284	0.0326112348894537	0.05
0.594318181	0.0326112348894537	0.05
0.595015574	0.0329297940171497	0.05
0.595196772	0.0329297940171497	0.05
0.597117526	0.0326112348894537	0.05
0.602148457	0.0313963363667796	0.05
0.602674298	0.0313963363667796	0.05
0.604317115	0.0313963363667796	0.05
0.604905308	0.0313963363667796	0.05
0.60490531	0.0313963363667796	0.05
0.604988853	0.0313963363667796	0.05
0.60631275	0.0313963363667796	0.05
0.606824709	0.0326112348894537	0.05
0.607971158	0.031992255910683	0.05
0.608524688	0.0335859551600746	0.04
0.608756287	0.0335859551600746	0.04
0.61827716	0.0308222112374362	0.05
0.630942519	0.0438534078055127	0.04
0.635412418	0.039257206475991	0.05
0.636066531	0.039257206475991	0.05
0.63624959	0.039257206475991	0.05
0.637031954	0.039257206475991	0.05
0.637260654	0.039257206475991	0.05
0.637881775	0.039257206475991	0.05
0.638075882	0.039257206475991	0.05
0.646569798	0.0369953765667931	0.06
0.64801212	0.0369953765667931	0.06
0.648110758	0.0369953765667931	0.06
0.648827538	0.0369953765667931	0.06
0.65703705	0.0423653768018195	0.07
0.659386285	0.0420483144259032	0.07
0.667879263	0.0417359625844436	0.08
0.667969788	0.0417359625844436	0.08
0.669490645	0.0417359625844436	0.08
0.678915807	0.0385832326090813	0.09
0.680410924	0.0385832326090813	0.09
0.680589305	0.0385832326090813	0.09
0.68060848	0.0385832326090813	0.09
0.680702493	0.0385832326090813	0.09
0.680786967	0.0385832326090813	0.09
0.689921535	0.0316914950029902	0.09
0.690723937	0.0316914950029902	0.09
0.692614054	0.0326112348894537	0.09
0.712401774	0.0311066249162303	0.11
0.713541741	0.0316914950029902	0.11
0.71365913	0.0316914950029902	0.11
0.715679053	0.0299993424713775	0.12
0.719314887	0.030268706371218	0.12
0.725609694	0.029219267909415	0.13
0.725869057	0.029219267909415	0.13
0.726772429	0.029219267909415	0.13
0.72717465	0.0294747457239874	0.13
0.742183791	0.0275478361267501	0.14
0.7500464	0.0193326684477333	0.14
0.763284143	0.109822963900795	0.13
0.763491091	0.109533633558734	0.13
0.765321243	0.107638162252232	0.13
0.766651587	0.108458366551341	0.13
0.7676628	0.108183579755309	0.13
0.778829055	0.109012149284325	0.12
0.786383987	0.112497395299153	0.11
0.793117932	0.116053173185828	0.1
0.8034392	0.12204665971811	0.09
0.812482547	0.116762533121522	0.08
0.849686346	0.118472323893597	0.05
0.861362559	0.107184243675522	0.03
0.861783488	0.120090160708703	0.03
0.864973627	0.12864476892059	0.03
0.866065884	0.125843381970813	0.03
0.867661243	0.123161401614411	0.03
0.875213305	0.128236958902497	0.02
0.877564409	0.124296694735198	0.02
0.87832845	0.123537521291555	0.02
0.880342154	0.118472323893597	0.02
0.882218863	0.129364712655651	0.01
0.88244613	0.128440540204186	0.01
0.882485476	0.128440540204186	0.01
0.883236842	0.134998599928986	0.01
0.884296127	0.135541393889551	0.01
0.885048106	0.132435218120578	0.01
0.885800269	0.130302280951668	0.01
0.886381245	0.129883911538312	0.01
0.887670141	0.127831726268169	0.01
0.888863234	0.125065256549473	0.01
0.889014569	0.124679791244998	0.01
0.889209764	0.124679791244998	0.01
0.889857915	0.124296694735198	0.01
0.890083013	0.124296694735198	0.01
0.890218543	0.123915945251578	0.01
0.890218544	0.123915945251578	0.01
0.890228158	0.123915945251578	0.01
0.890309475	0.12204665971811	0.01
0.890354074	0.122415991431448	0.01
0.890354075	0.122415991431448	0.01
0.890407894	0.122415991431448	0.01
0.890419078	0.122415991431448	0.01
0.890459913	0.122415991431448	0.01
0.890474761	0.122415991431448	0.01
0.890489605	0.122415991431448	0.01
0.890489606	0.122415991431448	0.01
0.890506418	0.122415991431448	0.01
0.890580647	0.122415991431448	0.01
0.890595481	0.122415991431448	0.01
0.89061031	0.122415991431448	0.01
0.890610311	0.122415991431448	0.01
0.89068659	0.122415991431448	0.01
0.890716233	0.122415991431448	0.01
0.890731048	0.122415991431448	0.01
0.890731049	0.122415991431448	0.01
0.890737499	0.122415991431448	0.01
0.890837018	0.122415991431448	0.01
0.890851819	0.122415991431448	0.01
0.890957836	0.122415991431448	0.01
0.890972623	0.122415991431448	0.01
0.891093459	0.122415991431448	0.01
0.89119957	0.122415991431448	0.01
0.891214328	0.122415991431448	0.01
0.891246709	0.122415991431448	0.01
0.89133523	0.122415991431448	0.01
0.891441435	0.122415991431448	0.01
0.891456164	0.122415991431448	0.01
0.89149835	0.122415991431448	0.01
0.891577132	0.121679549865025	0.01
0.891686849	0.121679549865025	0.01
0.891698132	0.121679549865025	0.01
0.891793338	0.121679549865025	0.01
0.892017347	0.121679549865025	0.01
0.89216782	0.121314641882606	0.01
0.892182462	0.121314641882606	0.01
0.89229733	0.12204665971811	0.01
0.892307805	0.12204665971811	0.01
0.892546055	0.123161401614411	0.01
0.892568748	0.123161401614411	0.01
0.89273031	0.123161401614411	0.01
0.892793389	0.123161401614411	0.01
0.892924751	0.125769361115225	0.01
0.892952212	0.125390053756038	0.01
0.89308003	0.125390053756038	0.01
0.893172464	0.125390053756038	0.01
0.893313967	0.126150970261688	0.01
0.894085351	0.124638261595528	0.01
0.894189143	0.124638261595528	0.01
0.89420355	0.124638261595528	0.01
0.894232534	0.124638261595528	0.01
0.894482721	0.125013027420892	0.01
0.894511483	0.125013027420892	0.01
0.894913415	0.125013027420892	0.01
0.894970751	0.125013027420892	0.01
0.895081202	0.125390053756038	0.01
0.895086463	0.125390053756038	0.01
0.895524497	0.131278112360909	0.01
0.895840307	0.131278112360909	0.01
0.896396617	0.131672549691662	0.01
0.896928207	0.131278112360909	0.01
0.89693811	0.131278112360909	0.01
0.897131294	0.13010885296423	0.01
0.897316929	0.12635741286811	0.01
0.898155973	0.109705670064441	0.01
0.898485328	0.108445249816141	0.01
0.898662437	0.107702804350982	0.01
0.898755243	0.1074575764887	0.01
0.89889623	0.107213462805218	0.01
0.899413875	0.108018104048997	0.01
0.900113547	0.107298492673601	0.01
0.900274359	0.107777163501027	0.01
0.900307304	0.107777163501027	0.01
0.90151373	0.0792098703222083	0.01
0.901568195	0.0785180175417839	0.01
0.902162268	0.0659178494958265	0.01
0.902291602	0.0568665551441092	0.01
0.902860993	0.0517263024348914	0.01
0.902919093	0.0517263024348914	0.01
0.902932441	0.0519655137449145	0.01
0.903685884	0.0414282170762389	0.01
0.904039961	0.0410498590323789	0.01
0.905424433	0.0378407683402392	0.01
0.905541598	0.0382083939297028	0.01
0.906197141	0.0378407683402392	0.01
0.906508268	0.0380236925744005	0.01
0.906983581	0.0378407683402392	0.01
0.907060652	0.0378407683402392	0.01
0.907185931	0.0380236925744005	0.01
0.907198748	0.0380236925744005	0.01
0.907324045	0.0383948984298327	0.01
0.907336843	0.0383948984298327	0.01
0.907336844	0.0383948984298327	0.01
0.907436592	0.0383948984298327	0.01
0.90746216	0.0383948984298327	0.01
0.907536422	0.0383948984298327	0.01
0.9075492	0.0383948984298327	0.01
0.907574745	0.0383948984298327	0.01
0.907587512	0.0383948984298327	0.01
0.907674633	0.0383948984298327	0.01
0.907700146	0.0383948984298327	0.01
0.907712898	0.0383948984298327	0.01
0.907951053	0.0383948984298327	0.01
0.907963773	0.0380236925744005	0.01
0.908076559	0.0380236925744005	0.01
0.908089263	0.0380236925744005	0.01
0.908089264	0.0380236925744005	0.01
0.908151307	0.0380236925744005	0.01
0.90817671	0.0383948984298327	0.01
0.908202099	0.0383948984298327	0.01
0.908289632	0.0383948984298327	0.01
0.908577365	0.0385832326090813	0.01
0.908578929	0.0385832326090813	0.01
0.908729307	0.0389654987710016	0.01
0.908816452	0.0393554153895537	0.01
0.908830322	0.0391594864904228	0.01
0.908956071	0.0391594864904228	0.01
0.909094444	0.0391594864904228	0.01
0.909183517	0.0389654987710016	0.01
0.909207673	0.0389654987710016	0.01
0.909270732	0.0389654987710016	0.01
0.909308419	0.0389654987710016	0.01
0.909346075	0.0389654987710016	0.01
0.909409249	0.0389654987710016	0.01
0.909434338	0.0391594864904228	0.01
0.909620416	0.0391594864904228	0.01
0.909838426	0.0387734235249283	0.01
0.909896599	0.0387734235249283	0.01
0.910014581	0.0387734235249283	0.01
0.910204731	0.0389654987710016	0.01
0.910267	0.0389654987710016	0.01
0.910628128	0.0399551449778395	0.01
0.911062134	0.0399551449778395	0.01
0.911351929	0.0399551449778395	0.01
0.911518912	0.0399551449778395	0.01
0.911747931	0.040159137429008	0.01
0.911776598	0.040159137429008	0.01
0.912015459	0.0399551449778395	0.01
0.912488931	0.0397532144539921	0.01
0.912630246	0.0395533147521582	0.01
0.912776305	0.0391594864904228	0.01
0.912811242	0.0445047299360985	0.01
0.913006436	0.0395533147521582	0.01
0.913139907	0.0395533147521582	0.01
0.913244462	0.0395533147521582	0.01
0.913630289	0.0391594864904228	0.01
0.913751419	0.0395533147521582	0.01
0.914018042	0.0395533147521582	0.01
0.914968567	0.0385832326090813	0.01
0.914983658	0.0385832326090813	0.01
0.915026039	0.0385832326090813	0.01
0.915269563	0.0385832326090813	0.01
0.915559183	0.0278666476777396	0.01
0.916163647	0.0278666476777396	0.01
0.916688985	0.0281458468249631	0.01
0.916912552	0.0281458468249631	0.01
0.917957453	0.0205714046917451	0.01
0.918456927	0.0424721295097973	0.02
0.918816837	0.043570011086991	0.02
0.918837351	0.043570011086991	0.02
0.919120121	0.0437585334910527	0.02
0.919655338	0.0439486944141192	0.02
0.921364075	0.044529224733803	0.02
0.921783065	0.0449248410723106	0.02
0.922071236	0.0449248410723106	0.02
0.922455062	0.0453275500684541	0.02
0.922504312	0.0453275500684541	0.02
0.922763582	0.0453275500684541	0.02
0.922787758	0.0453275500684541	0.02
0.923268187	0.0408632598476584	0.02
0.923473233	0.0408632598476584	0.02
0.924412009	0.0416200237124667	0.02
0.924507726	0.0416200237124667	0.02
0.924627878	0.0416200237124667	0.02
0.925553967	0.0316914950029902	0.02
0.93064775	0.0397979113152927	0.03
0.93220206	0.0397979113152927	0.03
0.933174706	0.0359594624631299	0.03
0.934700606	0.0365441941573929	0.03
0.938446291	0.0199033878106912	0.03
0.941112169	0.0156887478565938	0.03
0.951999424	0.0221968418210998	0.03
0.954119877	0.0440252223619699	0.04
0.955603107	0.0465801930839395	0.04
0.956018846	0.0465801930839395	0.04
0.956296714	0.0473655717672225	0.04
0.956549025	0.0473655717672225	0.04
0.956766863	0.0481778888575819	0.04
0.956780018	0.0481778888575819	0.04
0.956793172	0.0481778888575819	0.04
0.957016096	0.0490185545160433	0.04
0.957077957	0.0490185545160433	0.04
0.957486775	0.0490185545160433	0.04
0.959031973	0.0512544264688314	0.04
0.959642592	0.0517263024348914	0.04
0.959665139	0.0526966093988485	0.04
0.959857154	0.0526966093988485	0.04
0.960039043	0.0526966093988485	0.04
0.960819071	0.0526966093988485	0.04
0.960911853	0.0526966093988485	0.04
0.966290332	0.0473655717672225	0.05
0.966653906	0.0473655717672225	0.05
0.966980911	0.0490185545160433	0.05
0.966980912	0.0490185545160433	0.05
0.966986309	0.0490185545160433	0.05
0.967139043	0.0490185545160433	0.05
0.967144414	0.0490185545160433	0.05
0.967297226	0.0490185545160433	0.05
0.967302572	0.0490185545160433	0.05
0.967460779	0.0490185545160433	0.05
0.96746078	0.0490185545160433	0.05
0.967619041	0.0490185545160433	0.05
0.967925221	0.0490185545160433	0.05
0.967935716	0.0490185545160433	0.05
0.968083686	0.0498890790762973	0.05
0.968088909	0.0498890790762973	0.05
0.968237002	0.0498890790762973	0.05
0.968861479	0.0512544264688314	0.05
0.969035555	0.0512544264688314	0.05
0.970292984	0.0522069478276596	0.05
0.970442597	0.0522069478276596	0.05
0.973457204	0.0459453352196809	0.06
0.973766743	0.046260586133942	0.06
0.97801719	0.0500371814830864	0.06
0.981915796	0.0547506891398352	0.05
0.9860103	0.0434296818635341	0.05
1.019804062	0.0540484315090856	0.07
1.022530753	0.0540484315090856	0.07
1.023898132	0.0540484315090856	0.07
1.027042278	0.0614359915856404	0.07
1.028094642	0.0631626575183349	0.07
1.029078227	0.0643687178904844	0.07
1.029271857	0.0643687178904844	0.07
1.029637844	0.0643687178904844	0.07
1.029659545	0.0649891864191848	0.07
1.030020301	0.066924499747772	0.07
1.030958443	0.0536185959586839	0.08
1.031531241	0.0536185959586839	0.08
1.033463082	0.0523691541035009	0.08
1.034376329	0.0531955432451955	0.08
1.035677928	0.0536185959586839	0.08
1.039046839	0.0614359915856404	0.08
1.041709188	0.066924499747772	0.08
1.043349328	0.066924499747772	0.08
1.044012776	0.066924499747772	0.08
1.049025044	0.0592754553160476	0.09
1.056246636	0.0656217331209789	0.09
1.057424783	0.0587588581193145	0.1
1.067766296	0.0587588581193145	0.11
1.067971123	0.0587588581193145	0.11
1.068168044	0.0587588581193145	0.11
1.068277144	0.0587588581193145	0.11
1.06860264	0.0587588581193145	0.11
1.068892568	0.0587588581193145	0.11
1.070020858	0.0620009612038249	0.11
1.076612069	0.0643687178904844	0.11
1.088407982	0.0620009612038249	0.13
1.091073782	0.0670909916642868	0.13
1.113082372	0.0781766036474196	0.14
1.113233383	0.0781766036474196	0.14
1.11414031	0.0809940453832507	0.14
1.125633627	0.0531955432451955	0.13
1.136767134	0.0531955432451955	0.12
1.162829766	0.0507910821003929	0.14
1.183360064	0.0442854834595282	0.15
1.187305519	0.0417359625844436	0.15
1.18762744	0.0411249767509554	0.15
1.192009701	0.0411249767509554	0.15
1.192725439	0.0408261433982821	0.15
1.208724051	0.0297347304703893	0.13
1.208769953	0.0297347304703893	0.13
1.209215802	0.0297347304703893	0.13
1.209768181	0.0297347304703893	0.13
1.210085375	0.0294747457239874	0.13
1.210771389	0.0294747457239874	0.13
1.21086869	0.0294747457239874	0.13
1.212614931	0.029219267909415	0.13
1.22465873	0.0297347304703893	0.12
1.225416562	0.0297347304703893	0.12
1.226767373	0.0297347304703893	0.12
1.243346642	0.0316914950029902	0.1
1.245566855	0.0316914950029902	0.1
1.246668032	0.0316914950029902	0.1
1.248955951	0.0322987801193118	0.09
1.270060331	0.0316914950029902	0.09
1.270253663	0.0316914950029902	0.09
1.278899002	0.0213532353187946	0.09
1.289511656	0.0396031009655717	0.09
1.297280078	0.0673062738214257	0.09
1.303502827	0.0772172949002217	0.09
1.325958837	0.0750082631561762	0.11
1.335485912	0.0772172949002217	0.11
1.335508208	0.0772172949002217	0.11
1.335711503	0.0772172949002217	0.11
1.335892556	0.0772172949002217	0.11
1.336051433	0.0772172949002217	0.11
1.33638917	0.0772172949002217	0.11
1.336413828	0.0772172949002217	0.11
1.336595099	0.0772172949002217	0.11
1.336665633	0.0772172949002217	0.11
1.336979907	0.0795603890828821	0.12
1.337117106	0.0795603890828821	0.12
1.337161305	0.0795603890828821	0.12
1.337524247	0.0795603890828821	0.12
1.337777279	0.0795603890828821	0.12
1.338686534	0.0788624265710643	0.12
1.340005107	0.0788624265710643	0.12
1.342315002	0.0864461187686766	0.11
1.350085516	0.0840221576661909	0.11
1.360774481	0.0840221576661909	0.12
1.360981621	0.0840221576661909	0.12
1.36116959	0.0840221576661909	0.12
1.361338457	0.0840221576661909	0.12
1.361545683	0.0840221576661909	0.12
1.361952473	0.0840221576661909	0.12
1.365659238	0.0856227399642972	0.12
1.368077892	0.0872854871429355	0.12
1.373967278	0.0802708163809367	0.13
1.377139612	0.0890140925497213	0.12
1.377274175	0.0890140925497213	0.12
1.377544294	0.0890140925497213	0.12
1.379222918	0.0890140925497213	0.12
1.38563755	0.0881413154170144	0.12
1.418305639	0.0832440989908778	0.1
1.430594094	0.0817304252605824	0.1
1.434752614	0.0817304252605824	0.1
1.448119954	0.0768401313668022	0.12
1.450462129	0.0768401313668022	0.12
1.450674974	0.0768401313668022	0.12
1.450928234	0.0768401313668022	0.12
1.45657643	0.0768401313668022	0.13
1.457818346	0.0768401313668022	0.13
1.484067531	0.0749189597815231	0.15
1.484117024	0.0749189597815231	0.15
1.485917469	0.0730915118935863	0.16
1.494140559	0.0742997410273113	0.16
1.502972103	0.0742997410273113	0.17
1.506038743	0.0742997410273113	0.18
1.511734415	0.0742997410273113	0.18
1.511964569	0.0742997410273113	0.18
1.512194724	0.0742997410273113	0.18
1.512403577	0.0742997410273113	0.18
1.512821455	0.0742997410273113	0.18
1.515375804	0.0742997410273113	0.18
1.516740221	0.0742997410273113	0.19
1.517647523	0.0730915118935863	0.19
1.519065464	0.0730915118935863	0.19
1.523536021	0.0730915118935863	0.19
1.558319819	0.117896856882149	0.23
1.558531046	0.117896856882149	0.23
1.55916507	0.116987648315758	0.23
1.595407686	0.123161401614411	0.19
1.611568792	0.100198531055234	0.17
1.652341299	0.144682896376077	0.13
1.707257935	0.158913493030483	0.08
1.718627381	0.155442503846547	0.07
1.730827961	0.14998263494002	0.06
1.745720251	0.157739400276588	0.04
1.75282717	0.17126262814112	0.03
1.758275756	0.161314905245977	0.03
1.768990518	0.166342248096664	0.02
1.77492366	0.186889307765574	0.01
1.77861633	0.171693022649157	0.01
1.780115455	0.167648429525339	0.01
1.780627841	0.167648429525339	0.01
1.780657572	0.167648429525339	0.01
1.780839524	0.166342248096664	0.01
1.780928629	0.166342248096664	0.01
1.78092863	0.166342248096664	0.01
1.781081012	0.166342248096664	0.01
1.781170031	0.166342248096664	0.01
1.781170032	0.166342248096664	0.01
1.781381862	0.166342248096664	0.01
1.781411498	0.166342248096664	0.01
1.781411499	0.166342248096664	0.01
1.781623424	0.166342248096664	0.01
1.781653031	0.166342248096664	0.01
1.7818108	0.166342248096664	0.01
1.781894629	0.166342248096664	0.01
1.782136292	0.160105194970174	0.01
1.782378022	0.160105194970174	0.01
1.782531315	0.160105194970174	0.01
1.782590324	0.160105194970174	0.01
1.782619816	0.160105194970174	0.01
1.783345594	0.160105194970174	0.01
1.78377107	0.160105194970174	0.01
1.783829774	0.160105194970174	0.01
1.784013316	0.160105194970174	0.01
1.784314217	0.160105194970174	0.01
1.784506241	0.160105194970174	0.01
1.784933025	0.160105194970174	0.01
1.785009515	0.160105194970174	0.01
1.785497332	0.160105194970174	0.01
1.785988286	0.160105194970174	0.01
1.786357195	0.160105194970174	0.01
1.787927091	0.156582529267752	0.01
1.788266632	0.156582529267752	0.01
1.788780487	0.158913493030483	0.01
1.788872102	0.158913493030483	0.01
1.789358594	0.158913493030483	0.01
1.790095821	0.157739400276588	0.01
1.790737455	0.163790008650021	0.01
1.79204453	0.164330302125192	0.02
1.794856772	0.135931783924293	0.02
1.796645824	0.116474369180929	0.02
1.796669094	0.116474369180929	0.02
1.799436111	0.115669870412037	0.02
1.801889818	0.0624315548689546	0.02
1.809599251	0.0313963363667796	0.02
1.812688451	0.0326112348894537	0.02
1.813215031	0.0326112348894537	0.02
1.813240824	0.0326112348894537	0.02
1.813793197	0.0326112348894537	0.02
1.814069382	0.0326112348894537	0.02
1.814345569	0.0326112348894537	0.02
1.814596154	0.0326112348894537	0.02
1.814621756	0.0326112348894537	0.02
1.814621757	0.0326112348894537	0.02
1.814846808	0.0326112348894537	0.02
1.814872379	0.0332546381562573	0.02
1.815123071	0.0332546381562573	0.02
1.815169565	0.0322987801193118	0.02
1.815288509	0.0322987801193118	0.02
1.815322808	0.0322987801193118	0.02
1.815373832	0.0322987801193118	0.02
1.815624663	0.0322987801193118	0.02
1.816101116	0.0322987801193118	0.02
1.816374833	0.0426063293380884	0.02
1.816377569	0.0426063293380884	0.02
1.81637757	0.0426063293380884	0.02
1.816879855	0.0438534078055127	0.02
1.817382419	0.0438534078055127	0.02
1.817399416	0.0438534078055127	0.02
1.818036082	0.0438534078055127	0.02
1.818363245	0.0438534078055127	0.02
1.819217405	0.0438534078055127	0.02
1.819395454	0.0438534078055127	0.02
1.819410514	0.0438534078055127	0.02
1.82134289	0.0438534078055127	0.02
1.822065256	0.0447261580837522	0.02
1.823267442	0.0447261580837522	0.02
1.823345161	0.0447261580837522	0.02
1.824759677	0.0434296818635341	0.02
1.828541204	0.0434296818635341	0.02
1.828939845	0.0434296818635341	0.02
1.829051906	0.0434296818635341	0.02
1.829613575	0.0221968418210998	0.02
1.835137623	0.043014065916883	0.03
1.836263396	0.043014065916883	0.03
1.839735229	0.0219797522137204	0.03
1.844053766	0.0410498590323789	0.04
1.860668056	0.0209550300305767	0.05
1.872927722	0.0213532353187946	0.06
1.876458705	0.0361038840722927	0.07
1.877534086	0.03581619167196	0.07
1.917919203	0.034979981786324	0.11
1.919145255	0.034979981786324	0.11
1.933588634	0.0277748081628774	0.12
1.934242286	0.0284787338183822	0.12
1.93486401	0.0335859551600746	0.12
1.937910579	0.0405316216418839	0.13
1.938319698	0.0405316216418839	0.13
1.940502926	0.0247197455343633	0.13
1.945075766	0.0465801930839395	0.14
1.947078383	0.0465801930839395	0.14
1.956133657	0.0465801930839395	0.15
1.95745413	0.0465801930839395	0.15
1.959079535	0.0465801930839395	0.15
2.03833515	0.0705669499505058	0.23
2.04617014	0.0881413154170144	0.23
2.049316864	0.0680045573887064	0.24
2.057670659	0.0680045573887064	0.25
2.058434493	0.0680045573887064	0.25
2.058810915	0.0680045573887064	0.25
2.060706206	0.0551537876950679	0.25
2.077371996	0.0890140925497213	0.26
2.077653506	0.0680045573887064	0.27
2.077935092	0.0680045573887064	0.27
2.079378601	0.0680045573887064	0.27
2.080200147	0.0551537876950679	0.27
2.112854786	0.0558389726536497	0.3
2.116340052	0.0824803179985317	0.3
2.117539144	0.0671912850324283	0.31
2.119081815	0.0671912850324283	0.31
2.122322709	0.0544852143392874	0.31
2.175983465	0.0817304252605824	0.36
2.22342495	0.0572617169025531	0.41
2.22607531	0.0788624265710643	0.41
2.226678687	0.0832440989908778	0.41
2.244892022	0.154404808316264	0.43
2.268175967	0.217613146970424	0.41
2.273953022	0.227017677532512	0.4
2.279085054	0.222790625881349	0.4
2.283420782	0.233161882537327	0.39
2.287430653	0.228220475668764	0.39
2.36737444	0.252872494188502	0.32
2.401471639	0.252872494188502	0.32
2.57811595	0.246505144237463	0.16
2.634889835	0.24887892895487	0.1
2.63880046	0.240662269780432	0.09
2.644514931	0.24887892895487	0.09
2.65353762	0.24887892895487	0.08
2.670697515	0.251298876147231	0.06
2.67074212	0.251298876147231	0.06
2.671148642	0.251298876147231	0.06
2.671193179	0.251298876147231	0.06
2.671237545	0.251298876147231	0.06
2.671237705	0.251298876147231	0.06
2.671599486	0.251298876147231	0.06
2.671599646	0.251298876147231	0.06
2.671961685	0.251298876147231	0.06
2.672323822	0.251298876147231	0.06
2.673366554	0.251298876147231	0.06
2.673410821	0.251298876147231	0.06
2.674201502	0.251298876147231	0.06
2.674640938	0.251298876147231	0.06
2.674817434	0.251298876147231	0.06
2.675753192	0.24887892895487	0.06
2.677404052	0.24887892895487	0.06
2.678640892	0.24887892895487	0.06
2.679543675	0.24887892895487	0.06
2.679587204	0.24887892895487	0.06
2.681604422	0.251298876147231	0.05
2.684222358	0.251298876147231	0.05
2.690995907	0.246505144237463	0.06
2.697875326	0.233161882537327	0.07
2.700424629	0.246505144237463	0.06
2.703341222	0.246505144237463	0.06
2.720992773	0.236066017626422	0.06
2.721223607	0.236066017626422	0.06
2.721339166	0.236066017626422	0.06
2.721714851	0.236066017626422	0.06
2.721753239	0.236066017626422	0.06
2.722504826	0.236066017626422	0.06
2.727362573	0.231642037030574	0.06
2.728457177	0.231642037030574	0.06
2.730687704	0.231642037030574	0.06
2.734951629	0.231642037030574	0.07
2.742221604	0.229491649997518	0.08
2.758261585	0.229491649997518	0.09
2.767264537	0.229491649997518	0.1
2.784781798	0.213626493646988	0.12
2.814579483	0.213626493646988	0.15
2.870516676	0.20999712711569	0.2
2.884109016	0.208228299643282	0.22
2.885327778	0.208228299643282	0.22
2.901070252	0.197306998007974	0.23
3.017087015	0.199813069137715	0.35
3.091199805	0.200662633246903	0.42
3.116410384	0.216186577360468	0.45
3.116832706	0.216186577360468	0.45
3.153761559	0.19462193809366	0.48
3.561529658	0.254572672836146	0.890000000000001
3.561648443	0.247645429615796	0.890000000000001
3.563861522	0.224364684645452	0.890000000000001
3.565454716	0.228220475668764	0.890000000000001
3.566965252	0.233921609624775	0.890000000000001
3.568359469	0.226685813656166	0.890000000000001
3.571210711	0.2286073934437	0.890000000000001
3.571812505	0.234572700482789	0.890000000000001
3.572123566	0.244176213593886	0.880000000000001
3.579984214	0.233161882537327	0.880000000000001
3.62901857	0.238725588726067	0.910000000000001
3.6300627	0.238725588726067	0.910000000000001
3.630972932	0.238725588726067	0.910000000000001
3.631023885	0.245238153765476	0.910000000000001
3.631169027	0.245238153765476	0.910000000000001
3.631970124	0.236630925142036	0.920000000000001
3.778072999	0.234572700482789	1.06
4.078052931	0.2747161564998	1.36
4.445571488	0.301189362386062	1.72
4.452121847	0.302889058006174	1.73
4.45272527	0.301189362386062	1.73
4.453932605	0.301189362386062	1.73
4.459832487	0.270310497255133	1.74
4.478685952	0.274576306949772	1.76
4.480518943	0.274576306949772	1.76
4.536342962	0.311577213395533	1.78
4.550359745	0.311577213395533	1.8
4.773228095	0.314585096012494	2.01
4.848628454	0.314585096012494	2.09
5.342582978	0.359730769230769	2.32999999999999
5.343129076	0.359730769230769	2.32999999999999
5.343307119	0.359730769230769	2.32999999999999
5.346842194	0.359730769230769	2.32999999999999
5.443653327	0.372052159754852	2.32999999999999
5.445157132	0.372052159754852	2.32999999999999
6.232084175	0.410243519775965	2.66999999999999
6.2338777	0.428285233477957	2.66999999999999
6.234722781	0.428285233477957	2.66999999999999
6.35095118	0.394577051317114	2.78999999999998
6.358499262	0.394577051317114	2.79999999999998
7	0.325044744478618	3.36999999999997
