thrs	post_p	finalwindow
0	0.143641943626534	0.23
0.070216248	0.137549283105709	0.17
0.089689176	0.123572238433545	0.16
0.093809574	0.117597418587812	0.17
0.106977596	0.114821559933374	0.17
0.123778241	0.112173726226764	0.17
0.127695348	0.0949547481817135	0.17
0.128068503	0.0941196254356016	0.17
0.129730945	0.123051245546145	0.17
0.130460633	0.122022328917684	0.17
0.148782099	0.115797766469437	0.15
0.151339737	0.12001526748828	0.15
0.155752372	0.118524452521348	0.15
0.161204767	0.12001526748828	0.14
0.172569069	0.115674833841497	0.13
0.178062567	0.0941196254356016	0.12
0.178140913	0.0941196254356016	0.12
0.178189211	0.0941196254356016	0.12
0.178358463	0.0941196254356016	0.12
0.181430774	0.12001526748828	0.12
0.181486006	0.12001526748828	0.12
0.181486035	0.12001526748828	0.12
0.181824923	0.12001526748828	0.12
0.205298456	0.122022328917684	0.1
0.206482242	0.120247958786461	0.1
0.222049977	0.109439690250204	0.08
0.222622275	0.105704722563609	0.08
0.22265244	0.105704722563609	0.08
0.222656148	0.105704722563609	0.08
0.222686318	0.105704722563609	0.08
0.222812147	0.111989260534958	0.08
0.223196808	0.111989260534958	0.08
0.226867021	0.107567007841648	0.08
0.226929675	0.107567007841648	0.08
0.226957829	0.107567007841648	0.08
0.226982815	0.107567007841648	0.08
0.227081991	0.107567007841648	0.08
0.227177477	0.107567007841648	0.08
0.227432153	0.105894377119079	0.08
0.230426372	0.107335817114937	0.07
0.237068117	0.10482857583177	0.07
0.241897099	0.102285165897662	0.07
0.242615688	0.103119144144314	0.07
0.242941212	0.103119144144314	0.07
0.243116147	0.103119144144314	0.07
0.256228734	0.0965830108405203	0.05
0.256650521	0.0920155173440943	0.06
0.259750174	0.0965830108405203	0.05
0.272151172	0.0947026593811034	0.05
0.287097646	0.0682303399601842	0.06
0.295749179	0.0826364415189551	0.07
0.296839561	0.0826364415189551	0.07
0.296874128	0.0840645480549889	0.07
0.296879772	0.0840645480549889	0.07
0.29691506	0.0840645480549889	0.07
0.296919994	0.0840645480549889	0.07
0.296960227	0.0609075286949047	0.07
0.297161557	0.0620168536541551	0.07
0.297207868	0.0637587357782018	0.07
0.29723727	0.0637587357782018	0.07
0.297242165	0.0637587357782018	0.07
0.297345093	0.0637587357782018	0.07
0.29736316	0.0637587357782018	0.07
0.297631463	0.064361312948218	0.07
0.298033592	0.0631673371027359	0.07
0.298432807	0.0631673371027359	0.07
0.29855614	0.0631673371027359	0.07
0.299120783	0.0631673371027359	0.07
0.299931082	0.0631673371027359	0.07
0.300638986	0.064361312948218	0.07
0.302397905	0.064361312948218	0.07
0.302406093	0.064361312948218	0.07
0.30240618	0.064361312948218	0.07
0.302443572	0.064361312948218	0.07
0.302452098	0.064361312948218	0.07
0.302493847	0.064361312948218	0.07
0.302694303	0.064361312948218	0.07
0.302757814	0.064361312948218	0.07
0.304168238	0.064361312948218	0.07
0.305094409	0.064361312948218	0.07
0.306047128	0.064361312948218	0.07
0.307314933	0.0649753885770963	0.07
0.308759935	0.0649753885770963	0.07
0.320217262	0.0749925087736227	0.07
0.320290117	0.0749925087736227	0.07
0.322435043	0.0749925087736227	0.07
0.323097253	0.0749925087736227	0.07
0.323537089	0.0749925087736227	0.07
0.324596864	0.0749925087736227	0.07
0.327195424	0.0757221289457733	0.07
0.330254195	0.0779987343390302	0.06
0.333944256	0.0764660859045916	0.07
0.334029253	0.0764660859045916	0.07
0.338071632	0.0764660859045916	0.07
0.340262381	0.0779987343390302	0.06
0.343625259	0.0779987343390302	0.06
0.343706753	0.0779987343390302	0.06
0.351815198	0.0749925087736227	0.07
0.356206548	0.0749925087736227	0.07
0.356351443	0.0749925087736227	0.07
0.356490553	0.0749925087736227	0.07
0.360733393	0.0764660859045916	0.07
0.362945858	0.0764660859045916	0.07
0.363236679	0.0764660859045916	0.07
0.367161303	0.0762995015610451	0.08
0.367663989	0.0759685008905814	0.08
0.381649088	0.0653390410261811	0.07
0.386909127	0.0665926819954443	0.06
0.387745392	0.0653723022884278	0.06
0.389222512	0.0638130488777974	0.06
0.389299853	0.0638130488777974	0.06
0.395214438	0.0804653824146481	0.06
0.398731854	0.0687311540681823	0.05
0.411578949	0.0790550951768564	0.04
0.415772448	0.0265524090802341	0.03
0.418471182	0.0696254997062354	0.03
0.419019267	0.068642981557539	0.03
0.438307149	0.0749925087736227	0.01
0.438815006	0.0738539183120385	0.01
0.440249622	0.0794463556928032	0.01
0.440316292	0.0794463556928032	0.01
0.441698853	0.0794463556928032	0.01
0.441750067	0.0794463556928032	0.01
0.444499874	0.0745504592015981	0.01
0.445049535	0.0741135904864224	0.01
0.445117302	0.0896828684329762	0.01
0.445185067	0.0896828684329762	0.01
0.445185068	0.0896828684329762	0.01
0.445245414	0.0896828684329762	0.01
0.445252832	0.0896828684329762	0.01
0.445252833	0.0896828684329762	0.01
0.445252835	0.0896828684329762	0.01
0.445305777	0.0896828684329762	0.01
0.44531318	0.0896828684329762	0.01
0.445313187	0.0896828684329762	0.01
0.44531319	0.0896828684329762	0.01
0.445373562	0.0896828684329762	0.01
0.445419149	0.0896828684329762	0.01
0.445433949	0.0896828684329762	0.01
0.445479567	0.0881590825504029	0.01
0.445494353	0.0881590825504029	0.01
0.445554774	0.0881590825504029	0.01
0.445578303	0.0881590825504029	0.01
0.445615211	0.0881590825504029	0.01
0.445653547	0.0881590825504029	0.01
0.445675664	0.0881590825504029	0.01
0.445691925	0.0931557424107261	0.01
0.445736134	0.0931557424107261	0.01
0.445849774	0.101293486755818	0.01
0.445857123	0.101293486755818	0.01
0.445917642	0.101293486755818	0.01
0.445970843	0.101293486755818	0.01
0.445978177	0.101293486755818	0.01
0.446188208	0.1007414319931	0.01
0.446351359	0.1007414319931	0.01
0.446395102	0.1007414319931	0.01
0.446455777	0.1007414319931	0.01
0.44656991	0.100195362066959	0.01
0.446633323	0.100195362066959	0.01
0.446772341	0.100195362066959	0.01
0.446888185	0.0996551801794921	0.01
0.446967543	0.0996551801794921	0.01
0.447158639	0.0996551801794921	0.01
0.447533088	0.0996551801794921	0.01
0.447876705	0.0996551801794921	0.01
0.448701687	0.104352857933172	0.01
0.448791313	0.104352857933172	0.01
0.449051315	0.105484315728563	0.01
0.449552291	0.104915536378175	0.01
0.449715173	0.104915536378175	0.01
0.452986292	0.101851625286486	0.01
0.453117722	0.101851625286486	0.01
0.453312195	0.1007414319931	0.01
0.453607731	0.1007414319931	0.01
0.453670383	0.1007414319931	0.01
0.45367678	0.1007414319931	0.01
0.453739439	0.1007414319931	0.01
0.453864814	0.1007414319931	0.01
0.453952078	0.1007414319931	0.01
0.453990257	0.1007414319931	0.01
0.454115767	0.1007414319931	0.01
0.454131662	0.1007414319931	0.01
0.454172215	0.1007414319931	0.01
0.454228692	0.1007414319931	0.01
0.454278877	0.1007414319931	0.01
0.454379121	0.1007414319931	0.01
0.454637485	0.101851625286486	0.01
0.455078808	0.100195362066959	0.01
0.455439212	0.136078031661656	0.01
0.455678249	0.153793435308185	0.01
0.455755613	0.166153922325421	0.01
0.455804735	0.166153922325421	0.01
0.456159276	0.0980430173382985	0.02
0.456455968	0.0980430173382985	0.02
0.456880284	0.0980430173382985	0.02
0.457901934	0.095633593117915	0.02
0.458022431	0.095633593117915	0.02
0.458619789	0.0961059572441806	0.02
0.459124851	0.0965830108405203	0.02
0.460382332	0.095633593117915	0.02
0.462114195	0.0921991036498594	0.02
0.46331093	0.0921991036498594	0.02
0.464728436	0.0908397995056479	0.02
0.46499053	0.0908397995056479	0.02
0.474072423	0.086584698848108	0.03
0.47699163	0.0965830108405203	0.03
0.477096915	0.0965830108405203	0.03
0.478419311	0.0833443775818988	0.04
0.478888149	0.0833443775818988	0.04
0.479732593	0.0833443775818988	0.04
0.479936634	0.0833443775818988	0.04
0.483671852	0.0809004159411683	0.04
0.483988273	0.0809004159411683	0.04
0.484225862	0.0809004159411683	0.04
0.485802156	0.117681094737513	0.04
0.485999254	0.119218633432051	0.04
0.48628356	0.112606518546086	0.04
0.489107131	0.0920155173440943	0.04
0.490830832	0.0835830594553838	0.04
0.50407637	0.0879641369134188	0.06
0.508934563	0.102700461970546	0.06
0.511690912	0.097551468577114	0.06
0.51473946	0.0879641369134188	0.07
0.514742139	0.0879641369134188	0.07
0.514839037	0.0879641369134188	0.07
0.51502476	0.0879641369134188	0.07
0.515124567	0.0886612249897623	0.07
0.518492841	0.0996935713644996	0.07
0.520735072	0.0960694559373658	0.07
0.529143364	0.0649753885770963	0.07
0.534226929	0.056761629449098	0.06
0.534308248	0.056214988887053	0.06
0.534380672	0.055678776694387	0.06
0.534453117	0.055678776694387	0.06
0.534888196	0.055678776694387	0.06
0.536755919	0.0708939207855571	0.06
0.539174229	0.0749925087736227	0.06
0.543234343	0.0772248064123712	0.06
0.544416783	0.0899219848594282	0.07
0.546060858	0.114302696943753	0.06
0.556645891	0.117488175311541	0.05
0.556807604	0.117488175311541	0.05
0.55802857	0.111285395673819	0.05
0.559788571	0.113278912987364	0.05
0.562444529	0.114302696943753	0.05
0.574371638	0.125659456283981	0.05
0.583655412	0.125659456283981	0.05
0.59079165	0.10842329568401	0.06
0.593573546	0.10842329568401	0.06
0.593673806	0.10842329568401	0.06
0.593673808	0.10842329568401	0.06
0.593754277	0.10842329568401	0.06
0.593754278	0.10842329568401	0.06
0.593824895	0.10842329568401	0.06
0.593834769	0.10842329568401	0.06
0.593915284	0.10842329568401	0.06
0.594237558	0.109360829995439	0.06
0.594318181	0.0790550951768564	0.06
0.595015574	0.0812560464100145	0.06
0.595196772	0.0812560464100145	0.06
0.596219211	0.0812560464100145	0.06
0.596894832	0.0820171857381702	0.06
0.602148457	0.0805089042985554	0.06
0.602674298	0.0805089042985554	0.06
0.604317115	0.0812560464100145	0.06
0.604813246	0.0843886341840893	0.06
0.604905308	0.0843886341840893	0.06
0.604905312	0.0843886341840893	0.06
0.604988853	0.0843886341840893	0.06
0.605724938	0.0843886341840893	0.06
0.606051871	0.0843886341840893	0.06
0.60631275	0.086047284106736	0.06
0.606404306	0.086047284106736	0.06
0.606824709	0.086047284106736	0.06
0.607971158	0.0827927193453646	0.06
0.630942519	0.103195635210122	0.05
0.636066531	0.104200446122983	0.05
0.637260654	0.104200446122983	0.05
0.637881775	0.104200446122983	0.05
0.641599528	0.104200446122983	0.05
0.644129804	0.0966702571468669	0.06
0.64559646	0.0966702571468669	0.06
0.646569798	0.0966702571468669	0.06
0.648110758	0.0966702571468669	0.06
0.648827538	0.0966702571468669	0.06
0.65703705	0.0800405623977033	0.07
0.659386285	0.0800405623977033	0.07
0.667879261	0.0788609065403109	0.08
0.667879263	0.0788609065403109	0.08
0.669490645	0.0788609065403109	0.08
0.680589305	0.070543427058665	0.09
0.68060848	0.070543427058665	0.09
0.680702493	0.070543427058665	0.09
0.689921535	0.0708939207855571	0.09
0.692614054	0.0708939207855571	0.09
0.696262833	0.0666445207315741	0.1
0.697379755	0.0666445207315741	0.1
0.712354258	0.0655223979942757	0.11
0.7123899	0.0655223979942757	0.11
0.712401774	0.0655223979942757	0.11
0.713541741	0.066078695843242	0.11
0.71365913	0.066078695843242	0.11
0.714295462	0.066078695843242	0.11
0.715653707	0.0289203736862165	0.11
0.717816093	0.0639083197934962	0.12
0.719314887	0.0639083197934962	0.12
0.725609694	0.0283583689050095	0.12
0.725869057	0.0286366141700215	0.12
0.725979546	0.0286366141700215	0.12
0.726772429	0.0613879366040196	0.13
0.744518666	0.0286366141700215	0.13
0.7500464	0.0286366141700215	0.12
0.756100951	0.0286366141700215	0.12
0.762884543	0.0292098130158917	0.12
0.763284143	0.0289203736862165	0.12
0.763491091	0.0289203736862165	0.12
0.765321243	0.027297435899332	0.12
0.766651587	0.0278177904394879	0.12
0.7676628	0.0278177904394879	0.12
0.779184816	0.0816148173187944	0.12
0.779976345	0.00954045846251937	0.11
0.786383987	0.0769105760506202	0.11
0.793117932	0.0728621122332055	0.1
0.794958533	0.0814561462545442	0.1
0.797194853	0.0783683287034924	0.1
0.812482547	0.0713941678091768	0.08
0.817085993	0.0833023986857382	0.08
0.828284953	0.0884373461489165	0.07
0.849686346	0.0877473104026447	0.05
0.856064956	0.0881742154051875	0.04
0.861783488	0.0725606555156421	0.03
0.864973627	0.0914389537944026	0.03
0.866065884	0.0891536442195243	0.03
0.867661243	0.0917675307549956	0.03
0.875213305	0.091700129863135	0.02
0.875954975	0.0896515637324249	0.02
0.880342154	0.0886612249897623	0.02
0.882218863	0.0783757563208998	0.01
0.88244613	0.077625322276147	0.01
0.883236842	0.090307234682362	0.01
0.883671839	0.092751281738818	0.01
0.884296127	0.0963800472691475	0.01
0.885048106	0.0941196254356016	0.01
0.886381245	0.0911792612395935	0.01
0.887670141	0.094834538729353	0.01
0.888469193	0.0940487264933688	0.01
0.889014569	0.0927675845518312	0.01
0.889209764	0.0927675845518312	0.01
0.889752182	0.0917675307549956	0.01
0.889857915	0.0917675307549956	0.01
0.890068113	0.0917675307549956	0.01
0.890083013	0.0917675307549956	0.01
0.890218543	0.0910315267050389	0.01
0.890228158	0.0910315267050389	0.01
0.890339212	0.0905473813229099	0.01
0.890354074	0.0910315267050389	0.01
0.890354075	0.0910315267050389	0.01
0.890407894	0.0910315267050389	0.01
0.890459913	0.0910315267050389	0.01
0.890474761	0.0910315267050389	0.01
0.890489605	0.0910315267050389	0.01
0.890489606	0.0910315267050389	0.01
0.890580647	0.0910315267050389	0.01
0.890595481	0.0910315267050389	0.01
0.89061031	0.0910315267050389	0.01
0.890610311	0.0910315267050389	0.01
0.89068659	0.0910315267050389	0.01
0.890701414	0.0905473813229099	0.01
0.890716233	0.0905473813229099	0.01
0.890731048	0.0905473813229099	0.01
0.890731049	0.0905473813229099	0.01
0.890737499	0.0905473813229099	0.01
0.890837018	0.0905473813229099	0.01
0.890851819	0.0905473813229099	0.01
0.890928251	0.0905473813229099	0.01
0.890957836	0.0905473813229099	0.01
0.890972622	0.0905473813229099	0.01
0.890972623	0.0905473813229099	0.01
0.891093459	0.090307234682362	0.01
0.89119957	0.090307234682362	0.01
0.891214328	0.090307234682362	0.01
0.891246709	0.090307234682362	0.01
0.891320486	0.090307234682362	0.01
0.891441435	0.090307234682362	0.01
0.891456164	0.090307234682362	0.01
0.89149835	0.090307234682362	0.01
0.891562417	0.0898307426897789	0.01
0.891577132	0.089594377333614	0.01
0.891686849	0.089594377333614	0.01
0.891698132	0.089594377333614	0.01
0.892012117	0.089125358676612	0.01
0.89216782	0.0888926859942233	0.01
0.892182462	0.0888926859942233	0.01
0.892215798	0.0888926859942233	0.01
0.89229733	0.0888926859942233	0.01
0.892307805	0.0888926859942233	0.01
0.892546055	0.089125358676612	0.01
0.89273031	0.089125358676612	0.01
0.892924751	0.0912008459323476	0.01
0.892951888	0.0912008459323476	0.01
0.892952212	0.0912008459323476	0.01
0.893142511	0.0912008459323476	0.01
0.893172464	0.0909639749195753	0.01
0.893320622	0.0912008459323476	0.01
0.893352088	0.0912008459323476	0.01
0.894085351	0.0912008459323476	0.01
0.894189143	0.0912008459323476	0.01
0.89420355	0.0912008459323476	0.01
0.89422449	0.0907283311438462	0.01
0.894232534	0.0907283311438462	0.01
0.894482721	0.0916783082186252	0.01
0.894511483	0.0907283311438462	0.01
0.894906463	0.0902606873500067	0.01
0.894913415	0.0902606873500067	0.01
0.894970751	0.0902606873500067	0.01
0.895086463	0.0907283311438462	0.01
0.895300675	0.0907283311438462	0.01
0.895524497	0.0904939050922663	0.01
0.895840307	0.0897978396169157	0.01
0.89592425	0.0897978396169157	0.01
0.896329745	0.0891124004668718	0.01
0.896928207	0.0886612249897623	0.01
0.89693811	0.0886612249897623	0.01
0.897131294	0.0877724424323627	0.01
0.897197773	0.0873347000143135	0.01
0.897282137	0.0865299256269886	0.01
0.897316929	0.0861159029937654	0.01
0.898155973	0.0866862123259765	0.01
0.898455429	0.0856455744019688	0.01
0.898485328	0.0858172755084325	0.01
0.898755243	0.0851345689105808	0.01
0.89889623	0.0846296250946342	0.01
0.898920463	0.0846296250946342	0.01
0.899310528	0.0839656109882886	0.01
0.899325427	0.0839656109882886	0.01
0.899413875	0.0834743984428344	0.01
0.900113547	0.0833119356302378	0.01
0.900274359	0.0836374961161122	0.01
0.900307304	0.0836374961161122	0.01
0.900690942	0.0804804423561998	0.01
0.901007608	0.0889856091338486	0.01
0.90151373	0.0838012323786518	0.01
0.901568195	0.0838012323786518	0.01
0.901947653	0.0815805122209834	0.01
0.902162268	0.0825696457658138	0.01
0.902291602	0.0775081443582703	0.01
0.902860993	0.0734204153883637	0.01
0.902919093	0.0734204153883637	0.01
0.903166806	0.066078695843242	0.01
0.903876527	0.0534436004766272	0.01
0.904220945	0.0459882933906328	0.01
0.904508173	0.0472054432688537	0.01
0.904513058	0.0476256045351698	0.01
0.905345526	0.0476256045351698	0.01
0.905541598	0.0478385025019935	0.01
0.906154318	0.0484887721056549	0.01
0.906197141	0.0478385025019935	0.01
0.906210372	0.0476256045351698	0.01
0.906786831	0.0482700601807354	0.01
0.906922556	0.0478385025019935	0.01
0.906983581	0.0482700601807354	0.01
0.907060652	0.0482700601807354	0.01
0.907185931	0.0484887721056549	0.01
0.907198748	0.0487094750217886	0.01
0.907199842	0.0487094750217886	0.01
0.907298438	0.0402093112802724	0.01
0.907324045	0.0403948163934157	0.01
0.907336843	0.0403948163934157	0.01
0.907336844	0.0403948163934157	0.01
0.907449378	0.0403948163934157	0.01
0.90746216	0.0403948163934157	0.01
0.907536422	0.0403948163934157	0.01
0.9075492	0.0403948163934157	0.01
0.907574745	0.0403948163934157	0.01
0.907587512	0.0403948163934157	0.01
0.907674633	0.0403948163934157	0.01
0.907712898	0.0403948163934157	0.01
0.907951053	0.0403948163934157	0.01
0.907963773	0.0400255021688228	0.01
0.907963774	0.0400255021688228	0.01
0.908089263	0.0400255021688228	0.01
0.908089264	0.0400255021688228	0.01
0.90817671	0.0402093112802724	0.01
0.908202099	0.0402093112802724	0.01
0.908289632	0.0402093112802724	0.01
0.908453284	0.0402093112802724	0.01
0.908566283	0.0402093112802724	0.01
0.908577365	0.0402093112802724	0.01
0.908578929	0.0402093112802724	0.01
0.908729307	0.0402093112802724	0.01
0.908816452	0.0403948163934157	0.01
0.908855181	0.0400255021688228	0.01
0.908943472	0.0403948163934157	0.01
0.909094444	0.0403948163934157	0.01
0.909183517	0.0403948163934157	0.01
0.909195105	0.0403948163934157	0.01
0.909308419	0.0403948163934157	0.01
0.909346075	0.0409617457718617	0.01
0.90938549	0.0409617457718617	0.01
0.909434338	0.0411542751582117	0.01
0.909446878	0.0411542751582117	0.01
0.909642167	0.0411542751582117	0.01
0.909838426	0.0409617457718617	0.01
0.909896599	0.0409617457718617	0.01
0.909925885	0.0409617457718617	0.01
0.910014581	0.0409617457718617	0.01
0.910267	0.0415448150434445	0.01
0.911062134	0.042554381062554	0.01
0.911518912	0.042554381062554	0.01
0.911776598	0.0427622109688903	0.01
0.912488931	0.0433980619619622	0.01
0.912630246	0.0431840209354383	0.01
0.912707801	0.0431840209354383	0.01
0.912967277	0.0433980619619622	0.01
0.913139907	0.0433980619619622	0.01
0.913244462	0.0436142353404739	0.01
0.913751419	0.0436142353404739	0.01
0.914696902	0.0544049967016779	0.01
0.914983658	0.0544049967016779	0.01
0.915269563	0.0544049967016779	0.01
0.916024822	0.0549638520116157	0.01
0.916163647	0.0552476073706108	0.01
0.916208994	0.0552476073706108	0.01
0.916688985	0.0555343077537989	0.01
0.916912552	0.0558239992488236	0.01
0.917957453	0.0467585552595062	0.02
0.918456927	0.04732722252814	0.02
0.918483627	0.04732722252814	0.02
0.918816837	0.04732722252814	0.02
0.919655338	0.0485070875971157	0.02
0.921364075	0.0501748975318618	0.02
0.922071236	0.051276797750819	0.02
0.922504312	0.0517312293953397	0.02
0.922787758	0.0517312293953397	0.02
0.924160807	0.0480533124264994	0.02
0.924412009	0.0484887721056549	0.02
0.924627878	0.0498438281668549	0.02
0.925553967	0.0507900732964726	0.02
0.926193857	0.051032275006565	0.02
0.927872541	0.0427204827439432	0.02
0.929379518	0.0441085887748902	0.03
0.93064775	0.0439425637973365	0.03
0.93220206	0.0447854267957938	0.03
0.934071327	0.0418517100952817	0.03
0.938770844	0.0182505578694886	0.03
0.944027825	0.0229958701561392	0.03
0.947518522	0.0263130226456155	0.03
0.948845214	0.0278177904394879	0.03
0.949342587	0.0278177904394879	0.03
0.953473419	0.0564869867001681	0.04
0.954119877	0.0568999547599541	0.04
0.954191796	0.0568999547599541	0.04
0.955603107	0.0599689226323002	0.04
0.955985355	0.0599689226323002	0.04
0.956296714	0.0628757329427144	0.04
0.957016096	0.0644374368861537	0.04
0.957486775	0.0644374368861537	0.04
0.959031973	0.0690081590190857	0.04
0.959642592	0.0690081590190857	0.04
0.959665139	0.0696254997062354	0.04
0.959857154	0.0696254997062354	0.04
0.960039043	0.0696254997062354	0.04
0.960819071	0.0696254997062354	0.04
0.960911853	0.0696254997062354	0.04
0.964446178	0.046833586714737	0.04
0.966290332	0.0628757329427144	0.05
0.966653906	0.0628757329427144	0.05
0.966980911	0.0644374368861537	0.05
0.966980912	0.0644374368861537	0.05
0.966986309	0.0644374368861537	0.05
0.967139043	0.0644374368861537	0.05
0.967144414	0.0644374368861537	0.05
0.967297226	0.0644374368861537	0.05
0.967302571	0.0644374368861537	0.05
0.967302572	0.0644374368861537	0.05
0.96746078	0.0644374368861537	0.05
0.967619041	0.0644374368861537	0.05
0.967772081	0.0644374368861537	0.05
0.967925221	0.0644374368861537	0.05
0.968083686	0.0655223979942757	0.05
0.968088909	0.0655223979942757	0.05
0.968861479	0.0690081590190857	0.05
0.969666194	0.0696254997062354	0.05
0.970442597	0.0690081590190857	0.05
0.973457204	0.0631673371027359	0.05
0.973766743	0.0631673371027359	0.05
0.97801719	0.0482265543459814	0.05
0.978183481	0.0477531153136607	0.05
0.985118954	0.0546364660983647	0.05
0.9860103	0.054129809190388	0.05
1.019804062	0.0625868087198129	0.06
1.023898132	0.067553519317933	0.06
1.027042278	0.0583004107515351	0.07
1.028094642	0.0593160082165049	0.07
1.029271857	0.05983719237372	0.07
1.029637844	0.05983719237372	0.07
1.029659545	0.0609075286949047	0.07
1.030020301	0.0625868087198129	0.07
1.031720423	0.0662393773124528	0.07
1.032104884	0.0662393773124528	0.07
1.0327094	0.0662393773124528	0.07
1.034376329	0.0662393773124528	0.07
1.034854243	0.067553519317933	0.07
1.035677928	0.067553519317933	0.07
1.036124234	0.067553519317933	0.07
1.039046839	0.0593160082165049	0.08
1.041709188	0.0656012949579833	0.08
1.043349328	0.0656012949579833	0.08
1.044012776	0.0656012949579833	0.08
1.048661279	0.0550042099049789	0.09
1.049025044	0.0550042099049789	0.09
1.054783865	0.0620168536541551	0.09
1.057424783	0.054129809190388	0.1
1.058571278	0.0550042099049789	0.1
1.067766296	0.054563506622491	0.11
1.067971123	0.054563506622491	0.11
1.06860264	0.054563506622491	0.11
1.070020858	0.0573190055875724	0.11
1.070326964	0.0583004107515351	0.11
1.076612069	0.0620168536541551	0.11
1.088762574	0.0519614791521359	0.13
1.112743253	0.0772248064123712	0.13
1.125633627	0.0742768149171354	0.14
1.127882011	0.0292098130158917	0.14
1.133642817	0.0275551567806273	0.14
1.133988353	0.0275551567806273	0.14
1.134317617	0.0275551567806273	0.14
1.137302108	0.0292098130158917	0.13
1.162829766	0.0258469697229614	0.14
1.183360064	0.0194679223202766	0.15
1.187305519	0.0427204827439432	0.15
1.187446683	0.0427204827439432	0.15
1.18762744	0.0423485615462052	0.15
1.192009701	0.0416238141731712	0.15
1.203309389	0.0455188285762235	0.14
1.208724051	0.0450968278597231	0.15
1.208769953	0.0450968278597231	0.15
1.209751115	0.0450968278597231	0.15
1.209768181	0.0450968278597231	0.15
1.209825949	0.0450968278597231	0.15
1.21086869	0.0442758730705131	0.15
1.212614931	0.0479098921023208	0.15
1.22465873	0.0442758730705131	0.14
1.225416562	0.0430989945299787	0.14
1.226416878	0.0423485615462052	0.14
1.226767373	0.0423485615462052	0.14
1.246668032	0.0442758730705131	0.12
1.252855937	0.0430989945299787	0.12
1.265568721	0.0482265543459814	0.1
1.270060331	0.0463869755319998	0.1
1.270253663	0.0455188285762235	0.1
1.270604589	0.0455188285762235	0.1
1.278899002	0.0508302804688043	0.1
1.285172518	0.0812560464100145	0.1
1.289511656	0.0455188285762235	0.09
1.293113698	0.0455188285762235	0.09
1.302603198	0.0877724424323627	0.09
1.325958837	0.0762995015610451	0.12
1.335485912	0.0886612249897623	0.12
1.335711503	0.0886612249897623	0.12
1.335892556	0.0886612249897623	0.12
1.336051433	0.0886612249897623	0.12
1.33625481	0.0886612249897623	0.12
1.33638917	0.0886612249897623	0.12
1.336595099	0.0870741441131396	0.12
1.336665633	0.0870741441131396	0.12
1.337161305	0.0870741441131396	0.12
1.337524247	0.0870741441131396	0.12
1.337777279	0.0870741441131396	0.12
1.337887386	0.0863017218262501	0.12
1.338686534	0.0863017218262501	0.12
1.340005107	0.0863017218262501	0.12
1.342315002	0.095633593117915	0.11
1.342368518	0.095633593117915	0.11
1.350085516	0.0911533730908832	0.11
1.360774481	0.0965830108405203	0.1
1.360981621	0.0965830108405203	0.1
1.36116959	0.0965830108405203	0.1
1.361338457	0.0965830108405203	0.1
1.361952473	0.0965830108405203	0.1
1.364721715	0.0965830108405203	0.1
1.365659238	0.097551468577114	0.1
1.368077892	0.097551468577114	0.1
1.369020462	0.097551468577114	0.1
1.370127164	0.0965830108405203	0.11
1.373967278	0.0965830108405203	0.11
1.377139612	0.095633593117915	0.11
1.377274175	0.095633593117915	0.11
1.377544294	0.095633593117915	0.11
1.379222918	0.0947026593811034	0.11
1.384187356	0.0911533730908832	0.12
1.418305639	0.095633593117915	0.11
1.430594094	0.0965830108405203	0.1
1.434752614	0.0965830108405203	0.1
1.440102642	0.0965830108405203	0.11
1.448119954	0.0928941259365976	0.12
1.450462129	0.0920155173440943	0.12
1.450674974	0.0920155173440943	0.12
1.450928234	0.0920155173440943	0.12
1.454003033	0.0920155173440943	0.12
1.454856842	0.0920155173440943	0.12
1.45657643	0.0920155173440943	0.13
1.457818346	0.0920155173440943	0.13
1.484117024	0.0894766604914047	0.15
1.485917469	0.0886612249897623	0.16
1.488337206	0.0894766604914047	0.16
1.494140559	0.0878605180211111	0.16
1.502972103	0.0878605180211111	0.17
1.511734415	0.0878605180211111	0.18
1.511964569	0.0878605180211111	0.18
1.512194724	0.0878605180211111	0.18
1.516740221	0.0878605180211111	0.19
1.517647523	0.0863017218262501	0.19
1.519065464	0.0863017218262501	0.19
1.523536021	0.0863017218262501	0.19
1.558319819	0.151600523206508	0.23
1.558531046	0.151600523206508	0.23
1.55916507	0.150947138140072	0.23
1.56916589	0.158851577495595	0.22
1.595579044	0.161839060535296	0.19
1.611568792	0.147451862296509	0.17
1.652341299	0.175298117134751	0.14
1.707257935	0.213826945737049	0.08
1.745720251	0.214625250457658	0.04
1.768990518	0.215649936806628	0.02
1.777374698	0.22525191244583	0.01
1.778615293	0.217504279144584	0.01
1.77861633	0.217504279144584	0.01
1.780115455	0.210271889953175	0.01
1.780627841	0.210271889953175	0.01
1.780657572	0.210271889953175	0.01
1.780839524	0.210271889953175	0.01
1.780928629	0.210271889953175	0.01
1.78092863	0.210271889953175	0.01
1.781140367	0.210271889953175	0.01
1.781170031	0.210271889953175	0.01
1.781170032	0.210271889953175	0.01
1.781381862	0.210271889953175	0.01
1.781411499	0.210271889953175	0.01
1.781653031	0.210271889953175	0.01
1.781894629	0.210271889953175	0.01
1.782136292	0.208538325973769	0.01
1.782136293	0.208538325973769	0.01
1.782378022	0.205155560077627	0.01
1.782531315	0.205155560077627	0.01
1.782619816	0.205155560077627	0.01
1.783103602	0.205155560077627	0.01
1.783286774	0.205155560077627	0.01
1.783345594	0.205155560077627	0.01
1.783925287	0.205155560077627	0.01
1.784013316	0.205155560077627	0.01
1.784314217	0.205155560077627	0.01
1.78446873	0.205155560077627	0.01
1.784933025	0.201880788199514	0.01
1.785009515	0.201880788199514	0.01
1.785322292	0.201880788199514	0.01
1.785497332	0.201880788199514	0.01
1.785988286	0.200282296711623	0.01
1.786357195	0.200282296711623	0.01
1.787927091	0.183345460505566	0.01
1.788266632	0.183345460505566	0.01
1.788872102	0.186270824240008	0.01
1.78918715	0.186270824240008	0.01
1.789747139	0.186270824240008	0.01
1.790095821	0.186270824240008	0.01
1.79204453	0.198593356460581	0.02
1.792147241	0.198593356460581	0.02
1.794856772	0.167900954606252	0.02
1.795643534	0.144710252163431	0.02
1.796645824	0.142440172305304	0.02
1.796669094	0.142440172305304	0.02
1.796696941	0.142440172305304	0.02
1.801889818	0.0854177055264835	0.02
1.808733518	0.142152436147988	0.03
1.809599251	0.142152436147988	0.03
1.812688451	0.081877737952806	0.03
1.813793197	0.0701835939468088	0.03
1.814069382	0.0719128812783387	0.03
1.814069384	0.0719128812783387	0.03
1.814345569	0.0644374368861537	0.03
1.814621756	0.066078695843242	0.03
1.814621757	0.066078695843242	0.03
1.814846808	0.066078695843242	0.03
1.814872379	0.066078695843242	0.03
1.815039963	0.0690081590190857	0.03
1.815123071	0.0690081590190857	0.03
1.815288509	0.0690081590190857	0.03
1.815322808	0.0696254997062354	0.03
1.815373832	0.0696254997062354	0.03
1.815850116	0.0702539854427736	0.03
1.816377569	0.0631673371027359	0.03
1.81637757	0.0631673371027359	0.03
1.816879855	0.0620168536541551	0.03
1.817633804	0.0620168536541551	0.03
1.818036082	0.0625868087198129	0.03
1.819217405	0.0656012949579833	0.03
1.819395454	0.0656012949579833	0.03
1.819581019	0.0656012949579833	0.03
1.81989941	0.0668899944254347	0.03
1.820606159	0.067553519317933	0.03
1.82134289	0.067553519317933	0.03
1.823345161	0.0669630750281398	0.04
1.828541204	0.0637587357782018	0.04
1.829051906	0.064361312948218	0.04
1.829613575	0.0649753885770963	0.04
1.830016016	0.0662393773124528	0.04
1.836263396	0.0593160082165049	0.05
1.83758722	0.0603676165594606	0.05
1.842215909	0.067553519317933	0.05
1.844053766	0.067553519317933	0.05
1.846490238	0.0603676165594606	0.06
1.860668056	0.0649753885770963	0.07
1.872927722	0.0620168536541551	0.07
1.919145255	0.0578055429690781	0.11
1.932723098	0.0483063750491543	0.12
1.933588634	0.0483063750491543	0.12
1.934242286	0.0499601761317997	0.12
1.93486401	0.0520607862563546	0.13
1.938309591	0.0520607862563546	0.13
1.938319698	0.0520607862563546	0.13
1.939501786	0.0524618397655392	0.13
1.940502926	0.0453068455809118	0.13
1.947078383	0.0711531711536916	0.14
1.956133657	0.0711531711536916	0.15
1.95745413	0.0711531711536916	0.15
1.959079535	0.0716774020798475	0.15
1.961031557	0.0649753885770963	0.15
2.03833515	0.0678594929415997	0.23
2.045755957	0.0877724424323627	0.23
2.04617014	0.0657740950401694	0.24
2.057190684	0.0843886341840893	0.24
2.057670659	0.0852098883127105	0.24
2.058434493	0.067553519317933	0.24
2.058810915	0.067553519317933	0.24
2.077371996	0.0843886341840893	0.26
2.07768814	0.0852098883127105	0.26
2.077935092	0.0852098883127105	0.26
2.080200147	0.0594195174551523	0.27
2.112854786	0.0594195174551523	0.3
2.114638141	0.0640251490514905	0.3
2.116340052	0.0812560464100145	0.3
2.117539144	0.0835830594553838	0.3
2.119081815	0.0668899944254347	0.3
2.130868897	0.0590588060248317	0.32
2.175983465	0.0812560464100145	0.36
2.201956234	0.0587024476302352	0.39
2.21647999	0.0820171857381702	0.4
2.22342495	0.0590588060248317	0.41
2.225736601	0.0790550951768564	0.41
2.22607531	0.0797753768122049	0.41
2.226980498	0.0820171857381702	0.41
2.244892022	0.101243050065954	0.42
2.268175967	0.141453950957258	0.41
2.279085054	0.144454454205437	0.4
2.283420782	0.144710252163431	0.39
2.287430653	0.144454454205437	0.39
2.396315913	0.182141036985868	0.29
2.57811595	0.211069437647347	0.15
2.634889835	0.22375746701783	0.1
2.63880046	0.209008274948701	0.09
2.644514931	0.22375746701783	0.09
2.64482266	0.22375746701783	0.09
2.65353762	0.216452273073469	0.08
2.664122924	0.225922537172304	0.07
2.669724846	0.211069437647347	0.06
2.670697515	0.218566561124721	0.06
2.671148642	0.218566561124721	0.06
2.671193019	0.218566561124721	0.06
2.671193179	0.218566561124721	0.06
2.671237545	0.218566561124721	0.06
2.671237705	0.218566561124721	0.06
2.671599486	0.218566561124721	0.06
2.671599646	0.218566561124721	0.06
2.671961685	0.218566561124721	0.06
2.672323822	0.218566561124721	0.06
2.672686057	0.218566561124721	0.06
2.67300408	0.218566561124721	0.06
2.674201502	0.225922537172304	0.06
2.674498542	0.225922537172304	0.06
2.674817434	0.225922537172304	0.06
2.67498819	0.225922537172304	0.06
2.675753192	0.215316175431517	0.05
2.675906626	0.215316175431517	0.05
2.679587204	0.211069437647347	0.05
2.68050645	0.211069437647347	0.05
2.684222358	0.225922537172304	0.05
2.690995907	0.217504279144584	0.06
2.692790444	0.230380852823241	0.05
2.697875326	0.2195494758754	0.06
2.700424629	0.230380852823241	0.06
2.703341222	0.230380852823241	0.06
2.716197088	0.217504279144584	0.08
2.721223607	0.228129914994732	0.08
2.721339166	0.228129914994732	0.08
2.721714851	0.228129914994732	0.08
2.721753239	0.228129914994732	0.08
2.72212898	0.228129914994732	0.08
2.722504826	0.228129914994732	0.08
2.725138453	0.217504279144584	0.09
2.727362573	0.217504279144584	0.09
2.728457177	0.217504279144584	0.09
2.730687704	0.228129914994732	0.09
2.733911556	0.228129914994732	0.09
2.741703646	0.228129914994732	0.1
2.742221604	0.228129914994732	0.1
2.795646082	0.193687735357528	0.13
2.857457722	0.193687735357528	0.19
2.874914635	0.193687735357528	0.21
2.884109016	0.206986978807588	0.22
2.893176138	0.203059447444189	0.23
3.091199805	0.183953665347114	0.42
3.116410384	0.182846055618111	0.45
3.153761559	0.222787002667291	0.49
3.190582361	0.213652161582604	0.52
3.194633906	0.212149250729156	0.53
3.560201153	0.211591096029783	0.890000000000001
3.561529658	0.217504279144584	0.890000000000001
3.561648443	0.190172048035826	0.890000000000001
3.562131134	0.207824415125251	0.890000000000001
3.563861522	0.202724955233339	0.890000000000001
3.566965252	0.206986978807588	0.890000000000001
3.567214517	0.206986978807588	0.890000000000001
3.568359469	0.206986978807588	0.890000000000001
3.571210711	0.199455052439624	0.890000000000001
3.571812505	0.199455052439624	0.890000000000001
3.572497766	0.199455052439624	0.890000000000001
3.575584373	0.199455052439624	0.890000000000001
3.579984214	0.199455052439624	0.890000000000001
3.629519691	0.182141036985868	0.910000000000001
3.6300627	0.182141036985868	0.910000000000001
3.630972932	0.182141036985868	0.910000000000001
3.631970124	0.180363782335433	0.920000000000001
3.778072999	0.176911331511105	1.06
4.078052931	0.212747870619418	1.36
4.442577106	0.205555686104225	1.73
4.445571488	0.205555686104225	1.73
4.452121847	0.218566561124721	1.73
4.45272527	0.205555686104225	1.74
4.459832487	0.207307754903261	1.74
4.464002998	0.205555686104225	1.75
4.475601202	0.224680252033436	1.76
4.492707945	0.25474269919602	1.77
4.536342962	0.226548845585151	1.82
4.537444354	0.226548845585151	1.82
4.537596069	0.226548845585151	1.82
4.773228095	0.25474269919602	2.05
4.895921957	0.224680252033436	2.18
5.341769851	0.280133865049763	2.43999999999999
5.342582978	0.280133865049763	2.43999999999999
5.343307119	0.280133865049763	2.43999999999999
5.346842194	0.280133865049763	2.43999999999999
5.443653327	0.280133865049763	2.35999999999999
5.445157132	0.280133865049763	2.35999999999999
6.2338777	0.314044348784088	2.67999999999999
7	0.315458666792003	3.42999999999997
