thrs	post_p	finalwindow
0	0.124869162356918	0.23
0.03256001	0.121643289808324	0.2
0.070216248	0.124869162356918	0.16
0.082355146	0.115667002301317	0.16
0.089689176	0.10772804675754	0.16
0.103967892	0.10772804675754	0.15
0.106977596	0.103014363313158	0.15
0.113424721	0.101899697881663	0.15
0.115659216	0.100808896670149	0.15
0.127695348	0.0986958856624596	0.15
0.128068503	0.0986958856624596	0.15
0.129730945	0.0986958856624596	0.15
0.130460633	0.0986958856624596	0.15
0.14705261	0.0802036397278705	0.15
0.148427326	0.0888736322132891	0.15
0.148447444	0.0961760068634315	0.15
0.148782099	0.0954449438946555	0.15
0.151339737	0.0995789447308499	0.15
0.155752372	0.102245430759129	0.15
0.161204767	0.0995789447308499	0.14
0.172569069	0.0978898114202397	0.13
0.178113806	0.0902676187833024	0.12
0.178189211	0.0902676187833024	0.12
0.178358463	0.0902676187833024	0.12
0.181430774	0.0988552750472969	0.12
0.186084933	0.101624790486967	0.12
0.191788381	0.0995789447308499	0.11
0.194681585	0.106134522706643	0.11
0.206482242	0.106811652127989	0.1
0.222049977	0.0947249111441132	0.08
0.222622275	0.0940156608463918	0.08
0.22265244	0.0940156608463918	0.08
0.222656148	0.0940156608463918	0.08
0.222686318	0.0940156608463918	0.08
0.222716495	0.091950235878926	0.08
0.222812147	0.0988552750472969	0.08
0.222924291	0.105656091437132	0.08
0.223196808	0.105656091437132	0.08
0.226694446	0.0985483407704371	0.08
0.226728961	0.0985483407704371	0.08
0.226867021	0.0985483407704371	0.08
0.226923294	0.0985483407704371	0.08
0.226957829	0.0985483407704371	0.08
0.227081991	0.0998923425304127	0.08
0.230426372	0.0676168187288311	0.07
0.241897099	0.0417771600090448	0.06
0.24235868	0.0417771600090448	0.06
0.242615688	0.0466162781015402	0.06
0.242941212	0.0624299136454539	0.06
0.254481698	0.0629666009315709	0.05
0.256259656	0.0608733757502134	0.05
0.256650521	0.061383525333675	0.05
0.259750174	0.0603716358337445	0.05
0.263775407	0.0603716358337445	0.05
0.272151172	0.0603716358337445	0.05
0.287097646	0.0676168187288311	0.05
0.295749179	0.0676168187288311	0.05
0.296834617	0.0676168187288311	0.05
0.296839561	0.0676168187288311	0.05
0.296874128	0.0676168187288311	0.05
0.296879772	0.0676168187288311	0.05
0.29691506	0.0676168187288311	0.05
0.296919994	0.0676168187288311	0.05
0.296960227	0.0676168187288311	0.05
0.297207868	0.0676168187288311	0.05
0.29723727	0.0676168187288311	0.05
0.297242165	0.0676168187288311	0.05
0.297345093	0.0676168187288311	0.05
0.297631463	0.0676168187288311	0.05
0.298033592	0.0676168187288311	0.05
0.298432807	0.0676168187288311	0.05
0.29855614	0.0676168187288311	0.05
0.299120783	0.0676168187288311	0.05
0.299931082	0.0676168187288311	0.05
0.300128238	0.0676168187288311	0.05
0.301159527	0.0676168187288311	0.05
0.301373268	0.0676168187288311	0.05
0.302397905	0.0676168187288311	0.05
0.302406093	0.0676168187288311	0.05
0.30240618	0.0676168187288311	0.05
0.302452098	0.0676168187288311	0.05
0.302531356	0.0676168187288311	0.05
0.302694303	0.0676168187288311	0.05
0.302757814	0.0676168187288311	0.05
0.302844832	0.0676168187288311	0.05
0.303998368	0.0730086643294533	0.04
0.304168238	0.0730086643294533	0.04
0.305094409	0.0730086643294533	0.04
0.306047128	0.0715816625872748	0.04
0.307314933	0.0715816625872748	0.04
0.308759935	0.0715816625872748	0.04
0.322066605	0.0688887133366429	0.04
0.322435043	0.0688887133366429	0.04
0.323165924	0.0682468405736406	0.04
0.323808824	0.0663910387697025	0.04
0.324596864	0.0663910387697025	0.04
0.327195424	0.0657946650907716	0.04
0.328591896	0.0657946650907716	0.04
0.333944256	0.0652089101699601	0.04
0.334029253	0.0652089101699601	0.04
0.338071632	0.0629666009315709	0.05
0.340262381	0.061383525333675	0.05
0.343625259	0.061383525333675	0.05
0.345554528	0.061383525333675	0.05
0.356200611	0.0589148448009697	0.06
0.356206548	0.0589148448009697	0.06
0.356437896	0.0579820912060734	0.06
0.362945858	0.0562024699225281	0.07
0.363236679	0.0562024699225281	0.07
0.366130409	0.0566370545747108	0.07
0.367161303	0.0663910387697025	0.07
0.37384574	0.0923832090463235	0.08
0.382008897	0.0868615512880667	0.07
0.386863037	0.0831450439111051	0.06
0.387745392	0.0930403685853475	0.06
0.389222512	0.088827907101224	0.06
0.389825341	0.0931438952433112	0.06
0.411578949	0.11033117055465	0.04
0.412388288	0.109608833056853	0.04
0.415094538	0.095203719787949	0.04
0.416416237	0.082740451946114	0.03
0.419019267	0.109992898567878	0.03
0.423143546	0.113318304276742	0.03
0.440249622	0.126123417952362	0.01
0.440316292	0.126123417952362	0.01
0.441750067	0.12518038171005	0.01
0.444236336	0.112893788349303	0.01
0.444499874	0.107115379775906	0.01
0.444770984	0.104732848572775	0.01
0.445049535	0.104732848572775	0.01
0.445117302	0.104732848572775	0.01
0.445156208	0.104732848572775	0.01
0.445185067	0.103580891188961	0.01
0.445185068	0.103580891188961	0.01
0.445252832	0.103580891188961	0.01
0.445252833	0.103580891188961	0.01
0.445252835	0.103580891188961	0.01
0.445305777	0.103580891188961	0.01
0.445313187	0.103580891188961	0.01
0.445313188	0.103580891188961	0.01
0.44531319	0.103580891188961	0.01
0.445373562	0.103580891188961	0.01
0.445419149	0.103580891188961	0.01
0.445433949	0.103580891188961	0.01
0.445494353	0.103014363313158	0.01
0.445540001	0.103014363313158	0.01
0.445554774	0.103014363313158	0.01
0.445578303	0.103014363313158	0.01
0.445615211	0.103014363313158	0.01
0.445675664	0.100808896670149	0.01
0.445736134	0.100808896670149	0.01
0.445857123	0.104702205733457	0.01
0.445970843	0.104702205733457	0.01
0.445978177	0.104702205733457	0.01
0.446188208	0.104702205733457	0.01
0.446319857	0.104702205733457	0.01
0.446341735	0.104702205733457	0.01
0.446351359	0.104702205733457	0.01
0.446394864	0.104702205733457	0.01
0.446395102	0.104702205733457	0.01
0.446455777	0.104702205733457	0.01
0.446465528	0.103610881106205	0.01
0.44656991	0.103610881106205	0.01
0.446633323	0.103610881106205	0.01
0.446888185	0.103610881106205	0.01
0.446967543	0.103610881106205	0.01
0.447158639	0.103610881106205	0.01
0.447542535	0.103610881106205	0.01
0.447649603	0.103073705825125	0.01
0.447876705	0.103073705825125	0.01
0.447928306	0.101495088252013	0.01
0.448701687	0.118515011413145	0.01
0.449051315	0.118515011413145	0.01
0.449552291	0.118515011413145	0.01
0.449715173	0.118515011413145	0.01
0.451750007	0.119101526540313	0.01
0.452986292	0.109882891196123	0.01
0.453102774	0.109882891196123	0.01
0.453117722	0.109882891196123	0.01
0.453312195	0.109882891196123	0.01
0.453607731	0.109882891196123	0.01
0.45367678	0.109882891196123	0.01
0.453739439	0.109882891196123	0.01
0.453789353	0.109882891196123	0.01
0.453802119	0.109882891196123	0.01
0.453864805	0.109882891196123	0.01
0.453864814	0.109882891196123	0.01
0.453927527	0.109882891196123	0.01
0.453952078	0.109882891196123	0.01
0.453990257	0.109882891196123	0.01
0.454053004	0.109882891196123	0.01
0.454115767	0.109882891196123	0.01
0.454266222	0.11043513955077	0.01
0.454278877	0.11043513955077	0.01
0.454291524	0.11043513955077	0.01
0.454297847	0.11043513955077	0.01
0.454379121	0.11043513955077	0.01
0.454423548	0.11043513955077	0.01
0.454543029	0.110992966913046	0.01
0.454618511	0.110992966913046	0.01
0.455180191	0.113868824464124	0.01
0.455439212	0.146058644377019	0.01
0.455665947	0.157713476484549	0.01
0.455755613	0.16056059276869	0.01
0.455804735	0.16056059276869	0.01
0.456455968	0.114022965279168	0.02
0.45760535	0.112952660856394	0.02
0.457901934	0.112952660856394	0.02
0.458022431	0.112952660856394	0.02
0.458619789	0.112425008451104	0.02
0.458664131	0.112425008451104	0.02
0.460382332	0.111384356146208	0.02
0.46499053	0.102215704612105	0.02
0.472596627	0.0981083411341206	0.03
0.473676694	0.0981083411341206	0.03
0.47699163	0.0758435981333104	0.03
0.477096915	0.0758435981333104	0.03
0.478409458	0.0809795216999138	0.03
0.479732593	0.099420725369851	0.04
0.479936634	0.099420725369851	0.04
0.483988273	0.091950235878926	0.04
0.484927676	0.0931192251475486	0.04
0.485802156	0.119553969972362	0.04
0.485999254	0.123711263515568	0.04
0.489107131	0.0738366392264445	0.04
0.489424331	0.0738366392264445	0.04
0.490830832	0.0663910387697025	0.04
0.499369323	0.0788603897380428	0.05
0.511690912	0.0662409340860545	0.06
0.514553924	0.0888736322132891	0.07
0.514742139	0.0888736322132891	0.07
0.514839037	0.0892180768841891	0.07
0.514971335	0.0892180768841891	0.07
0.51502476	0.0892180768841891	0.07
0.516063638	0.113574549758602	0.07
0.51682809	0.0764734863865834	0.07
0.518492841	0.0670664850637014	0.07
0.520735072	0.0632384197914281	0.07
0.534308248	0.0786956404843949	0.08
0.534380672	0.0209079324740352	0.07
0.534888196	0.0695427745720971	0.07
0.539174229	0.0579820912060734	0.07
0.543234343	0.0589148448009697	0.07
0.55657045	0.0715816625872748	0.05
0.556645891	0.0715816625872748	0.05
0.559788571	0.0708888780160254	0.05
0.562444529	0.0715816625872748	0.05
0.568776608	0.0702093747767275	0.06
0.572491616	0.0702093747767275	0.06
0.57444178	0.0702093747767275	0.06
0.579525048	0.0619022978027587	0.07
0.583655412	0.0624299136454539	0.07
0.59079165	0.0708888780160254	0.06
0.591193432	0.0708888780160254	0.06
0.593673806	0.0708888780160254	0.06
0.593673808	0.0708888780160254	0.06
0.593754277	0.0708888780160254	0.06
0.593754278	0.0708888780160254	0.06
0.594036974	0.0708888780160254	0.06
0.594152812	0.0708888780160254	0.06
0.594318181	0.061383525333675	0.06
0.595015574	0.0626077899819991	0.06
0.596219211	0.0626077899819991	0.06
0.596894832	0.0626077899819991	0.06
0.602148457	0.0619896135896484	0.06
0.602674298	0.0619896135896484	0.06
0.604317115	0.0646334929007391	0.07
0.604813246	0.0652089101699601	0.07
0.604905308	0.0657946650907716	0.07
0.604905312	0.0657946650907716	0.07
0.604988853	0.0657946650907716	0.07
0.605724938	0.0657946650907716	0.07
0.606051871	0.0657946650907716	0.07
0.608756287	0.0585225746708644	0.06
0.61827716	0.0626077899819991	0.05
0.630942519	0.0702093747767275	0.05
0.63624959	0.0708888780160254	0.05
0.637260654	0.0708888780160254	0.05
0.637881775	0.0708888780160254	0.05
0.641599528	0.0730086643294533	0.05
0.644129804	0.0669983225984924	0.06
0.64559646	0.0669983225984924	0.06
0.648110758	0.0669983225984924	0.06
0.65703705	0.0627642653367708	0.07
0.659386285	0.061383525333675	0.07
0.667472678	0.0695427745720971	0.07
0.667879263	0.0695427745720971	0.07
0.667969788	0.0695427745720971	0.07
0.669490645	0.0695427745720971	0.07
0.678915807	0.0682468405736406	0.08
0.680410924	0.0682468405736406	0.08
0.68060848	0.0682468405736406	0.08
0.690723937	0.0847509330463707	0.09
0.692614054	0.0868615512880667	0.09
0.696262833	0.0814522985231605	0.1
0.7123899	0.0778177567471838	0.11
0.712401774	0.0778177567471838	0.11
0.713541741	0.0784008200057788	0.11
0.71365913	0.0784008200057788	0.11
0.714295462	0.0784008200057788	0.11
0.715653707	0.0470353692736805	0.11
0.715679053	0.0470353692736805	0.11
0.719314887	0.050680397686217	0.1
0.725609694	0.050680397686217	0.1
0.725869057	0.050680397686217	0.1
0.725979546	0.050680397686217	0.1
0.726772429	0.050680397686217	0.1
0.72717465	0.0516816716448455	0.09
0.735438378	0.0497171834650897	0.1
0.742183791	0.0497171834650897	0.11
0.756122282	0.0521972929952404	0.11
0.762884543	0.0470353692736805	0.12
0.763387603	0.0466162781015402	0.12
0.763491091	0.0466162781015402	0.12
0.7676628	0.0521972929952404	0.11
0.778829055	0.0516816716448455	0.11
0.779184816	0.050680397686217	0.11
0.779976345	0.040173206507737	0.11
0.786383987	0.114856591604833	0.11
0.793117932	0.122434030634527	0.1
0.794958533	0.1210776019142	0.1
0.797194853	0.11845295596174	0.1
0.8034392	0.1230600789678	0.09
0.812482547	0.135272340879759	0.08
0.817085993	0.124977236896455	0.08
0.828284953	0.124011248775746	0.07
0.856064956	0.127103207593752	0.04
0.861783488	0.141470289039603	0.03
0.864973627	0.131948873381359	0.03
0.866065884	0.130042063254403	0.03
0.867661243	0.127825397753539	0.03
0.870144812	0.122935818031366	0.03
0.874413626	0.134714320764394	0.02
0.875213305	0.131179478152981	0.02
0.87832845	0.127103207593752	0.02
0.882218863	0.14163375697105	0.01
0.88244613	0.14411461628072	0.01
0.883236842	0.136504836930133	0.01
0.884296127	0.137178654154076	0.01
0.885048106	0.134714320764394	0.01
0.886381245	0.133120038919463	0.01
0.888863234	0.128555841662781	0.01
0.889752182	0.127463279723266	0.01
0.889857915	0.127463279723266	0.01
0.890068113	0.126745164075388	0.01
0.890083013	0.126745164075388	0.01
0.890218543	0.126389132072836	0.01
0.890218544	0.126389132072836	0.01
0.890309475	0.126389132072836	0.01
0.890339212	0.126389132072836	0.01
0.890354074	0.126389132072836	0.01
0.890354075	0.126389132072836	0.01
0.890407894	0.126389132072836	0.01
0.890459913	0.126389132072836	0.01
0.890474761	0.126389132072836	0.01
0.890489605	0.126389132072836	0.01
0.890489606	0.126389132072836	0.01
0.890506418	0.126389132072836	0.01
0.890595481	0.126389132072836	0.01
0.89061031	0.126389132072836	0.01
0.890610311	0.126389132072836	0.01
0.89068659	0.126389132072836	0.01
0.890701414	0.126035094682307	0.01
0.890716233	0.126035094682307	0.01
0.890731048	0.126035094682307	0.01
0.890731049	0.126035094682307	0.01
0.890822213	0.126035094682307	0.01
0.890851819	0.126035094682307	0.01
0.890928251	0.126035094682307	0.01
0.890957836	0.126035094682307	0.01
0.890972623	0.126035094682307	0.01
0.891093459	0.126035094682307	0.01
0.891214328	0.126035094682307	0.01
0.891244043	0.126035094682307	0.01
0.891246709	0.126035094682307	0.01
0.891320486	0.126035094682307	0.01
0.891382479	0.126035094682307	0.01
0.891441435	0.126035094682307	0.01
0.891456164	0.126035094682307	0.01
0.89149835	0.126035094682307	0.01
0.891521465	0.125332937063882	0.01
0.891562417	0.125332937063882	0.01
0.891577132	0.12498478396229	0.01
0.891686849	0.12498478396229	0.01
0.891698132	0.12498478396229	0.01
0.891793338	0.12498478396229	0.01
0.891881522	0.12498478396229	0.01
0.892017347	0.124638559720194	0.01
0.89216782	0.124294248352295	0.01
0.892182462	0.124294248352295	0.01
0.892215798	0.124294248352295	0.01
0.892245091	0.12498478396229	0.01
0.89229733	0.124638559720194	0.01
0.892568748	0.12498478396229	0.01
0.89273031	0.12498478396229	0.01
0.892924751	0.12498478396229	0.01
0.893016766	0.12498478396229	0.01
0.89308003	0.12498478396229	0.01
0.893142511	0.12498478396229	0.01
0.893313967	0.124638559720194	0.01
0.893320622	0.124638559720194	0.01
0.893395592	0.124638559720194	0.01
0.894189143	0.123951834049442	0.01
0.89420355	0.123951834049442	0.01
0.89422449	0.122600837336329	0.01
0.894482721	0.123272634268544	0.01
0.894690708	0.122935818031366	0.01
0.894906463	0.122935818031366	0.01
0.894970751	0.122935818031366	0.01
0.895081202	0.123272634268544	0.01
0.895300675	0.123272634268544	0.01
0.89539422	0.122600837336329	0.01
0.896329745	0.120306130847867	0.01
0.89685771	0.119666193965338	0.01
0.89693811	0.118718952509347	0.01
0.897131294	0.120511184910789	0.01
0.897197773	0.119572234528086	0.01
0.89799116	0.10697879886259	0.01
0.898155973	0.105874266564726	0.01
0.898455429	0.105222427671087	0.01
0.898485328	0.105222427671087	0.01
0.898662437	0.104792309285302	0.01
0.898755243	0.104365692979357	0.01
0.89889623	0.104365692979357	0.01
0.899413875	0.106393938606024	0.01
0.900031532	0.104957322636938	0.01
0.900113547	0.105979479502014	0.01
0.900690942	0.0599038736827549	0.01
0.90151373	0.0467551428745359	0.01
0.901568195	0.04728333738457	0.01
0.901947653	0.0528051742146473	0.01
0.902162268	0.0530109598987704	0.01
0.902291602	0.0466919201008067	0.01
0.903166806	0.0490811699323334	0.01
0.903685884	0.0490811699323334	0.01
0.904039961	0.0480565537469932	0.01
0.904220945	0.0440642597663811	0.01
0.904508173	0.0450120263912205	0.01
0.905345526	0.0456005120753059	0.01
0.905541598	0.0460014597430921	0.01
0.906154318	0.0458001084224533	0.01
0.906197141	0.0454026478567447	0.01
0.906210372	0.0452064933166549	0.01
0.906508268	0.0454026478567447	0.01
0.906786831	0.0450120263912205	0.01
0.906922556	0.0452064933166549	0.01
0.906983581	0.0456005120753059	0.01
0.907060652	0.0456005120753059	0.01
0.90712089	0.0456005120753059	0.01
0.907185931	0.0458001084224533	0.01
0.907198748	0.0460014597430921	0.01
0.907199842	0.0460014597430921	0.01
0.907298438	0.0456005120753059	0.01
0.907311244	0.0456005120753059	0.01
0.907324045	0.0456005120753059	0.01
0.907336843	0.0456005120753059	0.01
0.907336844	0.0456005120753059	0.01
0.907449378	0.0456005120753059	0.01
0.90746216	0.0456005120753059	0.01
0.907536422	0.0456005120753059	0.01
0.907574745	0.0456005120753059	0.01
0.907587512	0.0456005120753059	0.01
0.907700146	0.0456005120753059	0.01
0.907712898	0.0456005120753059	0.01
0.907951053	0.0456005120753059	0.01
0.907963773	0.0456005120753059	0.01
0.907963774	0.0456005120753059	0.01
0.908089263	0.0458001084224533	0.01
0.908089264	0.0458001084224533	0.01
0.908289632	0.0462045892856344	0.01
0.908453284	0.0462045892856344	0.01
0.908566283	0.0466162781015402	0.01
0.908578929	0.0466162781015402	0.01
0.908691978	0.0468248859710005	0.01
0.908729307	0.0468248859710005	0.01
0.908816452	0.0470353692736805	0.01
0.908830322	0.0470353692736805	0.01
0.908943472	0.0472477534146496	0.01
0.908956071	0.0472477534146496	0.01
0.909094444	0.0472477534146496	0.01
0.909183517	0.0470353692736805	0.01
0.909195105	0.0470353692736805	0.01
0.909207673	0.0470353692736805	0.01
0.909308419	0.0470353692736805	0.01
0.909346075	0.0470353692736805	0.01
0.909409249	0.0470353692736805	0.01
0.909434338	0.0472477534146496	0.01
0.909446878	0.0472477534146496	0.01
0.909620416	0.0472477534146496	0.01
0.909838426	0.0468248859710005	0.01
0.909896599	0.0468248859710005	0.01
0.909925885	0.0468248859710005	0.01
0.910204731	0.047462064259916	0.01
0.910267	0.047462064259916	0.01
0.910467776	0.047462064259916	0.01
0.910628128	0.047462064259916	0.01
0.911049792	0.0476783281469284	0.01
0.91113001	0.0476783281469284	0.01
0.911351929	0.0476783281469284	0.01
0.911518912	0.0476783281469284	0.01
0.911632099	0.0478965718953659	0.01
0.911747931	0.0478965718953659	0.01
0.911776598	0.0478965718953659	0.01
0.912488931	0.0481168228182252	0.01
0.912630246	0.0478965718953659	0.01
0.912707801	0.0478965718953659	0.01
0.912811242	0.056673573529118	0.01
0.913244462	0.0571898288099001	0.01
0.913630289	0.0564189253795314	0.01
0.914018042	0.056673573529118	0.01
0.914696902	0.0625118846567768	0.01
0.915026039	0.0625118846567768	0.01
0.916024822	0.0639820416078241	0.01
0.916163647	0.0642844102633575	0.01
0.916208994	0.0645896503784827	0.01
0.916688985	0.0655230144267031	0.01
0.917248255	0.0634126206910284	0.01
0.918456927	0.0538503958606661	0.02
0.918837351	0.0544976290424025	0.02
0.919120121	0.0549378311577835	0.02
0.919655338	0.0551606098139606	0.02
0.919822583	0.0551606098139606	0.02
0.921364075	0.0553852026081995	0.02
0.921783065	0.0560700901536769	0.02
0.922071236	0.0563021656916045	0.02
0.922504312	0.0567721282749568	0.02
0.922763582	0.0567721282749568	0.02
0.922787758	0.0567721282749568	0.02
0.923268187	0.0570100640332088	0.02
0.923473233	0.0570100640332088	0.02
0.924160807	0.0574919693531997	0.02
0.924627878	0.0587331456180004	0.02
0.927872541	0.070717772108245	0.02
0.929379518	0.0500832856632543	0.03
0.93064775	0.0502683661329912	0.03
0.934071327	0.0516032480776105	0.03
0.934700606	0.0523983590135223	0.03
0.93534835	0.0528051742146473	0.03
0.938446291	0.0440377668304256	0.03
0.938770844	0.0456858399466375	0.03
0.941112169	0.0329083531243026	0.03
0.942896738	0.0275023911777379	0.03
0.948845214	0.0427525521991673	0.04
0.951999424	0.0246902657923731	0.04
0.953473419	0.0261288637446095	0.04
0.954119877	0.0277454759436008	0.04
0.954191796	0.0277454759436008	0.04
0.955603107	0.028501215088442	0.04
0.956018846	0.028501215088442	0.04
0.956549025	0.0295753231444494	0.04
0.956766863	0.0301433196736466	0.04
0.95679317	0.0301433196736466	0.04
0.956793172	0.0301433196736466	0.04
0.957016096	0.0301433196736466	0.04
0.957077957	0.0301433196736466	0.04
0.958321379	0.0307335602421831	0.04
0.959642592	0.0286311925124439	0.05
0.959857154	0.0288283967758094	0.05
0.960039043	0.0294366529772013	0.05
0.960819071	0.0307335602421831	0.05
0.964446178	0.0277454759436008	0.05
0.966290332	0.0295753231444494	0.05
0.966653906	0.0295753231444494	0.05
0.966980911	0.0301433196736466	0.05
0.966980912	0.0301433196736466	0.05
0.966986309	0.0301433196736466	0.05
0.967139043	0.0301433196736466	0.05
0.967144414	0.0301433196736466	0.05
0.967297223	0.0307335602421831	0.05
0.967302571	0.0307335602421831	0.05
0.967460779	0.0307335602421831	0.05
0.96746078	0.0307335602421831	0.05
0.967608447	0.0307335602421831	0.05
0.967925221	0.0307335602421831	0.05
0.968083686	0.0307335602421831	0.05
0.968088909	0.0307335602421831	0.05
0.968237002	0.0307335602421831	0.05
0.968861479	0.0313473776385355	0.05
0.970292984	0.0278686368904007	0.06
0.970442597	0.0276843027876222	0.06
0.973766743	0.0227241828556673	0.06
0.974203145	0.0232286449211444	0.06
0.97801719	0.0241210994277361	0.06
0.985118954	0	0.05
1.019804062	0.0103553060120901	0.06
1.021711423	0.00836782447098607	0.07
1.023898132	0.00850383538687359	0.07
1.027042278	0.00950841067641466	0.07
1.028094642	0.00959560671073984	0.07
1.029078227	0.00977488615880621	0.07
1.029637844	0.00977488615880621	0.07
1.029659545	0.00986706174693486	0.07
1.030397618	0.0100567283758102	0.07
1.031531241	0.0104588110810075	0.07
1.031720423	0.0104588110810075	0.07
1.032104884	0.0104588110810075	0.07
1.0327094	0.0104588110810075	0.07
1.033463082	0.0104588110810075	0.07
1.034014818	0.0104588110810075	0.07
1.034376329	0.0104588110810075	0.07
1.034854243	0.00857351247487441	0.08
1.035677928	0.025492294268081	0.08
1.036124234	0.0257010095333757	0.08
1.039046839	0.0272635288657559	0.08
1.043349328	0.0290283364641985	0.08
1.044012776	0.0290283364641985	0.08
1.054783865	0.0270287799370502	0.09
1.056246636	0.0270287799370502	0.09
1.057424783	0.0248860041967165	0.1
1.058571278	0.0252869416060023	0.1
1.067766296	0.0248860041967165	0.11
1.067971123	0.0248860041967165	0.11
1.068168044	0.0248860041967165	0.11
1.06860264	0.0252869416060023	0.11
1.070020858	0.0257010095333757	0.11
1.070326964	0.025913170676484	0.11
1.076612069	0.0272635288657559	0.11
1.091073782	0.0310374344195472	0.12
1.112743253	0.0304355785766382	0.12
1.113082372	0.0304355785766382	0.12
1.115076799	0.0310374344195472	0.11
1.116382888	0.0304355785766382	0.11
1.127882011	0.0304355785766382	0.11
1.13205703	0.0310374344195472	0.11
1.133642817	0.0310374344195472	0.11
1.133988353	0.029299277110257	0.12
1.134317617	0.029299277110257	0.12
1.136767134	0.0304355785766382	0.11
1.183360064	0.0313473776385355	0.15
1.187305519	0.0564189253795314	0.15
1.187446683	0.0564189253795314	0.15
1.18762744	0.0559164331124345	0.15
1.203309389	0.0574514996224322	0.14
1.208724051	0.0516816716448455	0.14
1.209751115	0.0516816716448455	0.14
1.209768181	0.0516816716448455	0.14
1.209825949	0.0516816716448455	0.14
1.210085375	0.0569305308219283	0.15
1.21086869	0.0559164331124345	0.15
1.212614931	0.0662409340860545	0.15
1.224141399	0.0652089101699601	0.14
1.22465873	0.0652089101699601	0.14
1.225416562	0.0629666009315709	0.14
1.245566855	0.050680397686217	0.12
1.246668032	0.050680397686217	0.12
1.268447511	0.0619896135896484	0.11
1.270060331	0.0619896135896484	0.11
1.270604589	0.0619896135896484	0.11
1.275739262	0.0809795216999138	0.11
1.278899002	0.0619896135896484	0.1
1.285172518	0.0626077899819991	0.1
1.293113698	0.0802036397278705	0.11
1.325958837	0.0884940218709252	0.13
1.33510162	0.0901890288599458	0.13
1.335508208	0.0901890288599458	0.13
1.335711503	0.0901890288599458	0.13
1.335892556	0.0901890288599458	0.13
1.33625481	0.0901890288599458	0.13
1.33638917	0.0901890288599458	0.13
1.336413828	0.0901890288599458	0.13
1.336595099	0.0901890288599458	0.13
1.336665633	0.0901890288599458	0.13
1.336979907	0.0901890288599458	0.13
1.337117106	0.0901890288599458	0.13
1.337529375	0.0901890288599458	0.13
1.337777279	0.0901890288599458	0.13
1.337887386	0.0901890288599458	0.13
1.338686534	0.0901890288599458	0.13
1.340005107	0.0884940218709252	0.14
1.342315002	0.0884940218709252	0.14
1.343443085	0.0901890288599458	0.14
1.360533959	0.0928568883038869	0.15
1.360774481	0.0928568883038869	0.15
1.360981621	0.0937815984236024	0.15
1.36116959	0.0937815984236024	0.15
1.36135761	0.0937815984236024	0.15
1.361545683	0.0937815984236024	0.15
1.362110213	0.0910611173186912	0.15
1.364721715	0.0910611173186912	0.15
1.368578346	0.0884940218709252	0.15
1.370127164	0.0876701878469439	0.15
1.373967278	0.0868615512880667	0.15
1.377139612	0.0937815984236024	0.14
1.377544294	0.0937815984236024	0.14
1.38563755	0.0928568883038869	0.14
1.385801753	0.0928568883038869	0.14
1.418305639	0.0910611173186912	0.15
1.434752614	0.0937815984236024	0.16
1.436494579	0.0910611173186912	0.17
1.448119954	0.0910611173186912	0.18
1.450674974	0.0937815984236024	0.18
1.450928234	0.0937815984236024	0.18
1.454856842	0.0937815984236024	0.18
1.484067531	0.0937815984236024	0.21
1.488337206	0.0901890288599458	0.22
1.494140559	0.0928568883038869	0.22
1.502972103	0.091950235878926	0.23
1.506038743	0.0884940218709252	0.24
1.511734415	0.0910611173186912	0.24
1.511964569	0.0910611173186912	0.24
1.512194724	0.0910611173186912	0.24
1.512403577	0.0910611173186912	0.24
1.512821455	0.0910611173186912	0.24
1.513239565	0.0910611173186912	0.24
1.515375804	0.0910611173186912	0.24
1.517647523	0.0937815984236024	0.24
1.519065464	0.0868615512880667	0.25
1.523536021	0.0884940218709252	0.25
1.558319819	0.16264429774514	0.23
1.558531046	0.16264429774514	0.23
1.561070241	0.14590888760625	0.22
1.707257935	0.213109069074916	0.08
1.718627381	0.213109069074916	0.07
1.745720251	0.191382095333641	0.04
1.758275756	0.217129234377753	0.03
1.768990518	0.213109069074916	0.02
1.77492366	0.201894774907223	0.02
1.778615293	0.223452155835049	0.01
1.77861633	0.223452155835049	0.01
1.780115455	0.213109069074916	0.01
1.780627841	0.213109069074916	0.01
1.780657571	0.213109069074916	0.01
1.780657572	0.213109069074916	0.01
1.780928629	0.21115429962316	0.01
1.78092863	0.21115429962316	0.01
1.781081012	0.21115429962316	0.01
1.781140367	0.21115429962316	0.01
1.781170031	0.21115429962316	0.01
1.781170032	0.21115429962316	0.01
1.781411498	0.21115429962316	0.01
1.781411499	0.21115429962316	0.01
1.781623424	0.21115429962316	0.01
1.781653031	0.21115429962316	0.01
1.781894629	0.21115429962316	0.01
1.782136292	0.21115429962316	0.01
1.782136293	0.21115429962316	0.01
1.782378022	0.209235064956197	0.01
1.782531315	0.209235064956197	0.01
1.782590324	0.209235064956197	0.01
1.782619816	0.209235064956197	0.01
1.783044725	0.209235064956197	0.01
1.783286774	0.209235064956197	0.01
1.783345594	0.209235064956197	0.01
1.783587651	0.209235064956197	0.01
1.783829774	0.209235064956197	0.01
1.783925287	0.209235064956197	0.01
1.784013316	0.209235064956197	0.01
1.784314217	0.209235064956197	0.01
1.78446873	0.209235064956197	0.01
1.784933025	0.209235064956197	0.01
1.785988286	0.222015442392042	0.01
1.786357195	0.222015442392042	0.01
1.788780487	0.223995728961384	0.01
1.788872102	0.223995728961384	0.01
1.78918715	0.223995728961384	0.01
1.790095821	0.222015442392042	0.01
1.790737455	0.233503979311861	0.01
1.792147241	0.219531196849322	0.02
1.794856772	0.179660062352833	0.02
1.795060195	0.173057012186038	0.02
1.795172249	0.16306826002579	0.02
1.796645824	0.151686429438444	0.02
1.799436111	0.147748400665711	0.02
1.801889818	0.0960628075540242	0.02
1.809599251	0.0585225746708644	0.02
1.812688451	0.0868615512880667	0.02
1.813215031	0.0868615512880667	0.02
1.813240824	0.0868615512880667	0.02
1.813793197	0.0868615512880667	0.02
1.814069382	0.0868615512880667	0.02
1.814069384	0.0868615512880667	0.02
1.814345569	0.0868615512880667	0.02
1.814596154	0.0868615512880667	0.02
1.814621756	0.0868615512880667	0.02
1.814621757	0.0868615512880667	0.02
1.814846808	0.0868615512880667	0.02
1.814872379	0.0876701878469439	0.02
1.815039963	0.0876701878469439	0.02
1.815123071	0.0695427745720971	0.02
1.815169565	0.0688887133366429	0.02
1.815373832	0.0695427745720971	0.02
1.815624663	0.0695427745720971	0.02
1.815875562	0.0695427745720971	0.02
1.816374833	0.0876701878469439	0.02
1.816628678	0.0876701878469439	0.02
1.816879855	0.0884940218709252	0.02
1.817382419	0.0884940218709252	0.02
1.817399416	0.0884940218709252	0.02
1.818036082	0.0876701878469439	0.02
1.818363245	0.0876701878469439	0.02
1.819217405	0.0876701878469439	0.02
1.819410514	0.0876701878469439	0.02
1.819581019	0.0884940218709252	0.02
1.81989941	0.0868615512880667	0.02
1.82134289	0.0868615512880667	0.02
1.822065256	0.0884940218709252	0.02
1.823267442	0.0868615512880667	0.02
1.823345161	0.0868615512880667	0.02
1.824985083	0.0868615512880667	0.02
1.829613575	0.077962708007184	0.02
1.830016016	0.077962708007184	0.02
1.835137623	0.0860676955106645	0.03
1.836263396	0.0860676955106645	0.03
1.837659261	0.0860676955106645	0.03
1.839735229	0.0772433018970253	0.03
1.842215909	0.0772433018970253	0.03
1.860714054	0.0751625981697855	0.05
1.876458705	0.0775613920928826	0.07
1.877534086	0.0775613920928826	0.07
1.917919203	0.0763044954401879	0.11
1.919145255	0.0763044954401879	0.11
1.932723098	0.0833999293730489	0.12
1.93486401	0.0888736322132891	0.13
1.940502926	0.0808231466958419	0.13
1.956133657	0.0940156608463918	0.15
1.95745413	0.0940156608463918	0.15
2.04617014	0.0906229750543764	0.24
2.049316864	0.0900658065157464	0.24
2.057190684	0.0900658065157464	0.25
2.058434493	0.0900658065157464	0.25
2.067556414	0.0900658065157464	0.26
2.077371996	0.0900658065157464	0.27
2.077653506	0.0900658065157464	0.27
2.080200147	0.0841740491664698	0.27
2.112854786	0.0836563823696658	0.3
2.114638141	0.0888736322132891	0.3
2.116340052	0.0889717732891153	0.31
2.117539144	0.0889717732891153	0.31
2.119081815	0.0889717732891153	0.31
2.122322709	0.0831450439111051	0.31
2.130868897	0.0831450439111051	0.32
2.175983465	0.0889717732891153	0.37
2.201956234	0.0816478590270453	0.39
2.225736601	0.107060028153104	0.41
2.22607531	0.112281957746275	0.41
2.226678687	0.0903621076745513	0.42
2.268175967	0.186010265646029	0.41
2.273953022	0.182593501603162	0.41
2.279085054	0.191382095333641	0.4
2.287430653	0.19324232394172	0.39
2.396315913	0.178422287064501	0.33
2.401471639	0.173057012186038	0.33
2.57811595	0.199445870425534	0.17
2.634889835	0.199445870425534	0.11
2.63880046	0.199445870425534	0.11
2.644514931	0.203321340394181	0.1
2.64482266	0.199445870425534	0.1
2.65353762	0.203321340394181	0.09
2.670697515	0.205316108222155	0.08
2.67074212	0.205316108222155	0.08
2.670831293	0.205316108222155	0.08
2.671148642	0.205316108222155	0.08
2.671193019	0.205316108222155	0.08
2.671193179	0.205316108222155	0.08
2.671237545	0.205316108222155	0.08
2.671237705	0.205316108222155	0.08
2.671599486	0.205316108222155	0.08
2.671599646	0.205316108222155	0.08
2.671961685	0.205316108222155	0.08
2.672323822	0.205316108222155	0.08
2.67300408	0.205316108222155	0.08
2.674201502	0.205316108222155	0.08
2.674498542	0.205316108222155	0.08
2.674640938	0.205316108222155	0.08
2.674817434	0.205316108222155	0.07
2.67498819	0.205316108222155	0.07
2.675753192	0.205316108222155	0.07
2.678640892	0.205316108222155	0.07
2.679587204	0.205316108222155	0.07
2.690797174	0.205316108222155	0.06
2.690995907	0.205316108222155	0.06
2.692790444	0.205316108222155	0.06
2.714352711	0.199445870425534	0.08
2.716197088	0.201364960312796	0.08
2.720992773	0.207350404847911	0.08
2.721223607	0.207350404847911	0.08
2.721339166	0.207350404847911	0.08
2.721714851	0.207350404847911	0.08
2.721753239	0.207350404847911	0.08
2.722090639	0.207350404847911	0.08
2.72212898	0.207350404847911	0.08
2.722504826	0.207350404847911	0.08
2.725138453	0.201364960312796	0.09
2.727362573	0.201364960312796	0.09
2.728042156	0.201364960312796	0.09
2.733911556	0.207350404847911	0.09
2.741703646	0.207350404847911	0.1
2.742221604	0.207350404847911	0.1
2.744776734	0.199445870425534	0.11
2.758261585	0.19756301462542	0.12
2.784781798	0.195139070240702	0.12
2.870516676	0.19324232394172	0.2
2.874914635	0.19324232394172	0.21
2.885327778	0.1895573398696	0.22
2.893176138	0.19800808187556	0.23
2.901070252	0.195715376312949	0.23
3.017087015	0.192796139874714	0.35
3.091199805	0.186010265646029	0.42
3.116410384	0.18503176417905	0.45
3.116832706	0.18503176417905	0.45
3.190582361	0.101400967108414	0.47
3.194633906	0.0996452586177066	0.48
3.479484296	0.0955109445881931	0.76
3.561648443	0.101400967108414	0.840000000000001
3.562131134	0.0924425669706117	0.850000000000001
3.565454716	0.0939517098488263	0.850000000000001
3.566965252	0.0955109445881931	0.850000000000001
3.567214517	0.0955109445881931	0.850000000000001
3.568359469	0.0955109445881931	0.850000000000001
3.572123566	0.0924425669706117	0.860000000000001
3.572497766	0.0924425669706117	0.860000000000001
3.575584373	0.0939517098488263	0.860000000000001
3.579984214	0.0955109445881931	0.860000000000001
3.62901857	0.103418391237851	0.910000000000001
3.62939674	0.103418391237851	0.910000000000001
3.629519691	0.103418391237851	0.910000000000001
3.6300627	0.103418391237851	0.910000000000001
3.630972932	0.103418391237851	0.910000000000001
3.631169027	0.104899508882453	0.910000000000001
3.631970124	0.123465930625892	0.910000000000001
3.633483005	0.112556458843218	0.910000000000001
3.639968026	0.111197212996545	0.900000000000001
3.707141358	0.110133226920151	0.970000000000001
3.778072999	0.11451620166604	1.02
3.82876748	0.113388074665583	1.08
4.442577106	0.133881783704492	1.55
4.452121847	0.133881783704492	1.56
4.45272527	0.133881783704492	1.56
4.453932605	0.135212580052857	1.56
4.459832487	0.135212580052857	1.56
4.480518943	0.135212580052857	1.58
4.536342962	0.135212580052857	1.64
4.536969429	0.135212580052857	1.64
4.537444354	0.135212580052857	1.64
4.550359745	0.135212580052857	1.65
4.773228095	0.14411461628072	1.66
4.895921957	0.14411461628072	1.78
5.341769851	0.135662077593342	1.98
5.342582978	0.135662077593342	1.98
5.343307119	0.135662077593342	1.98
5.443653327	0.137143810041368	1.9
5.445157132	0.137143810041368	1.9
6.2338777	0.112125700278241	2.65999999999999
6.244676548	0.112125700278241	2.66999999999999
6.35095118	0.124251343141002	2.77999999999998
6.358499262	0.117522883803679	2.77999999999998
7	0.113574549758602	3.36999999999997
