thrs	post_p	finalwindow
0	0.129209277228727	0.23
0.098963073	0.0937246774099098	0.2
0.106977596	0.0814256655277043	0.19
0.113424721	0.127485470321214	0.19
0.123778241	0.127485470321214	0.18
0.127200542	0.122579401123085	0.18
0.127695348	0.0735309535711158	0.17
0.129609166	0.123269411463304	0.17
0.129730945	0.123269411463304	0.17
0.148427326	0.122579401123085	0.16
0.148782099	0.122579401123085	0.16
0.151339737	0.119731034158455	0.15
0.155752372	0.125476659160605	0.15
0.172569069	0.112215198331205	0.13
0.178113806	0.122579401123085	0.13
0.178140913	0.122579401123085	0.13
0.178358463	0.122579401123085	0.13
0.181430774	0.119731034158455	0.12
0.181486006	0.119731034158455	0.12
0.181486035	0.119731034158455	0.12
0.181824923	0.119731034158455	0.12
0.194681585	0.126473088601779	0.11
0.206482242	0.124495807900733	0.1
0.222049977	0.114090905213749	0.09
0.22265244	0.102139842769474	0.08
0.222656148	0.102139842769474	0.08
0.222686318	0.102139842769474	0.08
0.222716495	0.102139842769474	0.08
0.226728961	0.114090905213749	0.08
0.226867021	0.114090905213749	0.08
0.226957829	0.114090905213749	0.08
0.227081991	0.114090905213749	0.08
0.227177477	0.114090905213749	0.08
0.237068117	0.108329412239881	0.07
0.241897099	0.108329412239881	0.07
0.242875367	0.110238073359611	0.07
0.243116147	0.110238073359611	0.07
0.256228734	0.0849736004590396	0.07
0.256650521	0.0849736004590396	0.07
0.259750174	0.0841875410450734	0.07
0.263775407	0.0865905939158754	0.06
0.272151172	0.0900165074408467	0.05
0.287097646	0.0721703570218334	0.07
0.296044019	0.0745346460485948	0.07
0.296839561	0.087422390097305	0.06
0.296839653	0.087422390097305	0.06
0.296874128	0.087422390097305	0.06
0.296879772	0.087422390097305	0.06
0.29691506	0.087422390097305	0.06
0.296960227	0.087422390097305	0.06
0.297161557	0.0865905939158754	0.06
0.29723727	0.0865905939158754	0.06
0.297242165	0.0865905939158754	0.06
0.29736316	0.0865905939158754	0.06
0.298062423	0.0857744771014338	0.06
0.29855614	0.0857744771014338	0.06
0.299120783	0.0857744771014338	0.06
0.29926506	0.0857744771014338	0.06
0.299931082	0.0857744771014338	0.06
0.300638986	0.0857744771014338	0.06
0.302397905	0.0849736004590396	0.06
0.30240618	0.0849736004590396	0.06
0.302452098	0.0849736004590396	0.06
0.302453753	0.0849736004590396	0.06
0.302531356	0.0849736004590396	0.06
0.302535608	0.0849736004590396	0.06
0.302844832	0.0849736004590396	0.06
0.303037639	0.0841875410450734	0.06
0.304168238	0.0826582589564306	0.06
0.305094409	0.0826582589564306	0.06
0.306464617	0.080465746443456	0.06
0.319078068	0.0834158914224521	0.05
0.320217262	0.0834158914224521	0.05
0.320290117	0.0834158914224521	0.05
0.323097253	0.0841875410450734	0.05
0.327195424	0.0849736004590396	0.04
0.333944256	0.0834158914224521	0.04
0.334029253	0.0834158914224521	0.04
0.338071632	0.0865905939158754	0.05
0.340262381	0.0851502779016888	0.05
0.343706753	0.0851502779016888	0.05
0.345554528	0.0824087639103488	0.05
0.350684009	0.0811031578254397	0.06
0.351815198	0.080465746443456	0.06
0.356206548	0.0824087639103488	0.06
0.356351443	0.0824087639103488	0.06
0.356490553	0.0824087639103488	0.06
0.357086112	0.0937246774099098	0.06
0.357959666	0.0780132389081754	0.07
0.360733393	0.0768422059075172	0.07
0.362945858	0.0768422059075172	0.07
0.363236679	0.0768422059075172	0.07
0.363936107	0.0768422059075172	0.07
0.366130409	0.0786122426018835	0.07
0.367161303	0.0888448073239712	0.07
0.37384574	0.123650056783023	0.08
0.381649088	0.0951074615608203	0.07
0.382008897	0.0951074615608203	0.07
0.386863037	0.0977514846027278	0.06
0.387745392	0.100546721096311	0.06
0.389222512	0.0984982907929557	0.06
0.389299853	0.0984982907929557	0.06
0.395214438	0.110400168849606	0.06
0.398731854	0.103784261953395	0.05
0.411578949	0.120613540961906	0.04
0.419019267	0.122815719197404	0.03
0.423143546	0.121180372764621	0.03
0.428769674	0.129823675337859	0.02
0.438307149	0.134624794556531	0.01
0.438815006	0.136646165558119	0.01
0.441698853	0.135627948951297	0.01
0.441750067	0.135627948951297	0.01
0.444499874	0.139794659167513	0.01
0.444770984	0.139051721073604	0.01
0.445049535	0.139051721073604	0.01
0.445117302	0.139051721073604	0.01
0.445185067	0.139051721073604	0.01
0.445185068	0.139051721073604	0.01
0.44525283	0.139051721073604	0.01
0.445252832	0.139051721073604	0.01
0.445252833	0.139051721073604	0.01
0.445252835	0.139051721073604	0.01
0.44531318	0.139051721073604	0.01
0.44531319	0.139051721073604	0.01
0.445373562	0.139051721073604	0.01
0.445419149	0.139051721073604	0.01
0.445479567	0.137589285779889	0.01
0.445494353	0.137589285779889	0.01
0.445554774	0.136869543337058	0.01
0.445578303	0.136869543337058	0.01
0.445615211	0.136869543337058	0.01
0.445653547	0.136869543337058	0.01
0.445691925	0.135452414795979	0.01
0.445736134	0.135452414795979	0.01
0.445849774	0.135452414795979	0.01
0.445857123	0.135452414795979	0.01
0.445978177	0.135452414795979	0.01
0.446188208	0.134754798415353	0.01
0.446319857	0.134754798415353	0.01
0.446455777	0.134754798415353	0.01
0.446465528	0.133380903336838	0.01
0.44656991	0.133380903336838	0.01
0.446633323	0.133380903336838	0.01
0.446772341	0.133380903336838	0.01
0.446888185	0.133380903336838	0.01
0.446967543	0.133380903336838	0.01
0.447533088	0.133380903336838	0.01
0.447542535	0.133380903336838	0.01
0.447649603	0.133380903336838	0.01
0.447928306	0.133380903336838	0.01
0.449051315	0.132704408193591	0.01
0.452986292	0.125118202850183	0.01
0.453102774	0.125118202850183	0.01
0.453117722	0.125118202850183	0.01
0.453312195	0.123879574453293	0.01
0.453607731	0.123879574453293	0.01
0.453670383	0.123879574453293	0.01
0.45367678	0.123879574453293	0.01
0.453739439	0.123879574453293	0.01
0.453782962	0.123879574453293	0.01
0.453802119	0.123879574453293	0.01
0.453864805	0.123879574453293	0.01
0.453864814	0.123879574453293	0.01
0.453927527	0.123879574453293	0.01
0.453977538	0.123879574453293	0.01
0.453990257	0.123879574453293	0.01
0.454053004	0.123879574453293	0.01
0.454159539	0.123879574453293	0.01
0.454172215	0.123879574453293	0.01
0.454228692	0.123879574453293	0.01
0.454266222	0.123879574453293	0.01
0.454291524	0.123879574453293	0.01
0.454297847	0.123879574453293	0.01
0.454379121	0.123879574453293	0.01
0.454423548	0.123879574453293	0.01
0.454543029	0.124495807900733	0.01
0.455439212	0.135358982236117	0.01
0.455550168	0.142123330558045	0.01
0.455665947	0.155036134723031	0.01
0.456133439	0.122743699903676	0.02
0.456455968	0.122743699903676	0.02
0.458022431	0.120482858267972	0.02
0.458664131	0.120482858267972	0.02
0.459124851	0.119383384621764	0.02
0.462114195	0.114264538135784	0.02
0.46331093	0.114264538135784	0.02
0.46499053	0.11323059633637	0.02
0.472596627	0.0765958294720743	0.02
0.474072423	0.106940733980791	0.03
0.47699163	0.068669604566431	0.03
0.477096915	0.068669604566431	0.03
0.478419311	0.0737579784347269	0.03
0.478888149	0.0737579784347269	0.03
0.479732593	0.0744475428607258	0.03
0.484225862	0.10009726668751	0.04
0.484458594	0.10009726668751	0.04
0.484927676	0.100904414764397	0.04
0.485802156	0.111482071746353	0.04
0.485999254	0.100748184602279	0.04
0.486776039	0.0688923878122071	0.04
0.489107131	0.0658311530035316	0.04
0.489424331	0.0658311530035316	0.04
0.499369323	0.0786122426018835	0.05
0.50407637	0.102523391387436	0.06
0.514645345	0.100264355887356	0.07
0.51473946	0.100264355887356	0.07
0.514839037	0.100633922938273	0.07
0.514971335	0.100633922938273	0.07
0.51502476	0.100633922938273	0.07
0.515124567	0.103299195670303	0.07
0.516063638	0.100338051986812	0.07
0.51682809	0.0732154565746666	0.07
0.518564452	0.070493286237172	0.07
0.520735072	0.0709820140789706	0.07
0.534308248	0.0224653630144201	0.06
0.534380672	0.0224653630144201	0.06
0.534453117	0.0224653630144201	0.06
0.536755919	0.032685422164521	0.06
0.544416783	0.0502523364536142	0.07
0.556645891	0.0670318128969811	0.05
0.556807604	0.0670318128969811	0.05
0.55802857	0.0651134310121149	0.05
0.572491616	0.0610374929838777	0.06
0.57444178	0.0610374929838777	0.06
0.579525048	0.0627201169334837	0.06
0.583655412	0.0638943700249662	0.06
0.59079165	0.0589295818262037	0.06
0.591193432	0.0589295818262037	0.06
0.591819223	0.0589295818262037	0.06
0.593402747	0.0589295818262037	0.06
0.593573546	0.0589295818262037	0.06
0.593673806	0.0589295818262037	0.06
0.593673808	0.0589295818262037	0.06
0.593754278	0.0589295818262037	0.06
0.594036974	0.0589295818262037	0.06
0.594152812	0.0452546086794289	0.05
0.595015574	0.0415367619274926	0.06
0.595196772	0.0415367619274926	0.06
0.595887104	0.0415367619274926	0.06
0.596894832	0.0448089716051597	0.05
0.602148457	0.042706258463871	0.05
0.602674298	0.042706258463871	0.05
0.604317115	0.042706258463871	0.05
0.604813246	0.042706258463871	0.05
0.604905308	0.042706258463871	0.05
0.604905312	0.042706258463871	0.05
0.604988853	0.042706258463871	0.05
0.605716504	0.042706258463871	0.05
0.606051871	0.042706258463871	0.05
0.606404306	0.042706258463871	0.05
0.606824709	0.0452546086794289	0.05
0.607971158	0.0448089716051597	0.05
0.608524688	0.0452546086794289	0.05
0.608756287	0.0452546086794289	0.05
0.630942519	0.0423091769899298	0.05
0.635412418	0.042706258463871	0.05
0.63624959	0.042706258463871	0.05
0.636422142	0.042706258463871	0.05
0.637031954	0.042706258463871	0.05
0.637260654	0.042706258463871	0.05
0.637881775	0.042706258463871	0.05
0.638075882	0.042706258463871	0.05
0.644129804	0.04116103489145	0.06
0.646569798	0.04116103489145	0.06
0.64801212	0.04116103489145	0.06
0.648110758	0.04116103489145	0.06
0.65703705	0.0371305906860927	0.07
0.659386285	0.0362433629204959	0.07
0.667472678	0.0356750640810521	0.08
0.667879263	0.0356750640810521	0.08
0.667969788	0.0356750640810521	0.08
0.671132308	0.0359569681543143	0.08
0.678915807	0.0323753513788643	0.09
0.680410924	0.0323753513788643	0.09
0.68060848	0.0323753513788643	0.09
0.680786967	0.0323753513788643	0.09
0.690723937	0.0627201169334837	0.09
0.697379755	0.0621490283644821	0.1
0.712401774	0.0589295818262037	0.11
0.715653707	0.0569624026666553	0.12
0.719314887	0.0584251580835472	0.12
0.725609694	0.0569624026666553	0.13
0.725869057	0.0569624026666553	0.13
0.725979546	0.0574417810666878	0.13
0.726772429	0.0564909593166989	0.13
0.72717465	0.0574417810666878	0.13
0.735438378	0.0336523246663368	0.13
0.7500464	0.0336523246663368	0.13
0.75180067	0.0333237296795079	0.13
0.756122282	0.0306318160694063	0.13
0.763284143	0.103198792299532	0.13
0.763387603	0.105562465877058	0.13
0.763491091	0.105291064493511	0.13
0.765321243	0.105203341874666	0.13
0.7676628	0.114417432645539	0.13
0.778829055	0.114698804561928	0.12
0.779184816	0.113858810056477	0.12
0.779976345	0.112757770880025	0.12
0.797194853	0.112816741807182	0.1
0.799403767	0.118186492670111	0.1
0.8034392	0.116360059441753	0.09
0.812482547	0.111186968118298	0.08
0.817085993	0.119545548430568	0.08
0.856064956	0.120238589941168	0.04
0.861362559	0.0869214057057157	0.03
0.861783488	0.0944009879697923	0.03
0.866065884	0.120613540961906	0.03
0.870144812	0.122035614336396	0.03
0.874413626	0.123699488629734	0.02
0.875954975	0.120613540961906	0.02
0.877564409	0.13130240149601	0.02
0.87832845	0.130509580800741	0.02
0.880342154	0.121350460749758	0.02
0.882218863	0.109028567702273	0.01
0.882485476	0.115758958468635	0.01
0.883236842	0.124495807900733	0.01
0.883671839	0.127023294881714	0.01
0.884296127	0.128209906410964	0.01
0.887670141	0.135841047326422	0.01
0.888863234	0.13170243502406	0.01
0.889014569	0.130509580800741	0.01
0.889752182	0.129726276947103	0.01
0.890083013	0.127057235520278	0.01
0.890218543	0.127057235520278	0.01
0.890218544	0.127057235520278	0.01
0.890228158	0.127057235520278	0.01
0.890309475	0.125580806478222	0.01
0.890354074	0.125946687544499	0.01
0.890354075	0.125946687544499	0.01
0.890419078	0.125946687544499	0.01
0.890459913	0.125946687544499	0.01
0.890474761	0.125946687544499	0.01
0.890489605	0.125946687544499	0.01
0.890489606	0.125946687544499	0.01
0.890506418	0.125946687544499	0.01
0.890580647	0.125946687544499	0.01
0.890595481	0.125946687544499	0.01
0.89061031	0.125946687544499	0.01
0.890610311	0.125946687544499	0.01
0.89068659	0.125946687544499	0.01
0.890701414	0.125946687544499	0.01
0.890716233	0.125946687544499	0.01
0.890731048	0.125946687544499	0.01
0.890731049	0.125946687544499	0.01
0.890737499	0.125946687544499	0.01
0.890822213	0.125946687544499	0.01
0.890851819	0.125946687544499	0.01
0.890928251	0.125946687544499	0.01
0.890957836	0.125946687544499	0.01
0.890972622	0.125946687544499	0.01
0.890972623	0.125946687544499	0.01
0.891093459	0.125946687544499	0.01
0.891214328	0.125946687544499	0.01
0.89133523	0.125946687544499	0.01
0.891441435	0.125946687544499	0.01
0.891456164	0.125946687544499	0.01
0.891521465	0.124855384916854	0.01
0.891562417	0.124855384916854	0.01
0.891577132	0.124855384916854	0.01
0.891686849	0.124855384916854	0.01
0.891698132	0.124855384916854	0.01
0.891881522	0.124855384916854	0.01
0.892012117	0.124855384916854	0.01
0.892017347	0.124855384916854	0.01
0.89216782	0.124138296063221	0.01
0.892182462	0.124138296063221	0.01
0.892245091	0.124495807900733	0.01
0.892307805	0.124495807900733	0.01
0.892546055	0.124855384916854	0.01
0.892924751	0.130568710093696	0.01
0.892951888	0.130195126868966	0.01
0.893016766	0.130195126868966	0.01
0.893142511	0.130195126868966	0.01
0.893172464	0.129823675337859	0.01
0.893313967	0.130944443414965	0.01
0.893352088	0.130944443414965	0.01
0.893395592	0.130944443414965	0.01
0.894085351	0.130568710093696	0.01
0.894189143	0.130568710093696	0.01
0.89420355	0.130568710093696	0.01
0.89422449	0.130568710093696	0.01
0.894232534	0.130568710093696	0.01
0.894332391	0.131322345448129	0.01
0.894482721	0.131322345448129	0.01
0.894906463	0.130195126868966	0.01
0.895086463	0.130195126868966	0.01
0.89539422	0.129823675337859	0.01
0.895524497	0.129823675337859	0.01
0.895638516	0.129823675337859	0.01
0.896396617	0.12799776347902	0.01
0.897131294	0.130049917559539	0.01
0.897197773	0.129688307451338	0.01
0.897282137	0.126866245424934	0.01
0.897316929	0.125500775477337	0.01
0.89799116	0.108564372574598	0.01
0.898455429	0.105364944554155	0.01
0.898485328	0.105364944554155	0.01
0.898662437	0.10448516953822	0.01
0.898755243	0.10255840232966	0.01
0.89889623	0.101724685758794	0.01
0.898920463	0.101724685758794	0.01
0.899310528	0.100297840689693	0.01
0.899325427	0.100297840689693	0.01
0.899974537	0.0989104693314492	0.01
0.900031532	0.0981347831412474	0.01
0.900274359	0.099302929111216	0.01
0.900307304	0.099302929111216	0.01
0.90151373	0.0871939558814497	0.01
0.902162268	0.0970564919379604	0.01
0.902860993	0.0704932862371721	0.01
0.902932441	0.0707511830987286	0.01
0.903166806	0.0661387096957911	0.01
0.903685884	0.0585683958187012	0.01
0.903876527	0.058353801626999	0.01
0.904039961	0.0581407742377715	0.01
0.904508173	0.0558509286753737	0.01
0.904513058	0.0558509286753737	0.01
0.905345526	0.054412471121202	0.01
0.906154318	0.05501977870783	0.01
0.906197141	0.0548158421462485	0.01
0.906210372	0.0548158421462485	0.01
0.906983581	0.054412471121202	0.01
0.907060652	0.054412471121202	0.01
0.90712089	0.054412471121202	0.01
0.907185931	0.0548158421462485	0.01
0.907198748	0.05501977870783	0.01
0.907298438	0.0387465628950123	0.01
0.907311244	0.0387465628950123	0.01
0.907324045	0.0390420693783321	0.01
0.907336843	0.0390420693783321	0.01
0.907336844	0.0390420693783321	0.01
0.907436592	0.0390420693783321	0.01
0.907449378	0.0390420693783321	0.01
0.90746216	0.0390420693783321	0.01
0.907536422	0.0390420693783321	0.01
0.9075492	0.0390420693783321	0.01
0.907574745	0.0390420693783321	0.01
0.907587512	0.0390420693783321	0.01
0.907674633	0.0390420693783321	0.01
0.907712898	0.0390420693783321	0.01
0.907963773	0.0390420693783321	0.01
0.907963774	0.0390420693783321	0.01
0.908076559	0.0393421179517702	0.01
0.908089263	0.0393421179517702	0.01
0.908089264	0.0393421179517702	0.01
0.908151307	0.0393421179517702	0.01
0.908202099	0.0393421179517702	0.01
0.908214789	0.0393421179517702	0.01
0.908289632	0.0393421179517702	0.01
0.908453284	0.0393421179517702	0.01
0.908566283	0.0399562667938947	0.01
0.908577365	0.0399562667938947	0.01
0.908691978	0.0402705881416829	0.01
0.908729307	0.0402705881416829	0.01
0.908816452	0.0404296106270466	0.01
0.908830322	0.0401128117269015	0.01
0.908855181	0.0401128117269015	0.01
0.908943472	0.0405898940031504	0.01
0.908956071	0.0405898940031504	0.01
0.909183517	0.0405898940031504	0.01
0.909195105	0.0405898940031504	0.01
0.909270732	0.0405898940031504	0.01
0.909308419	0.0405898940031504	0.01
0.909346075	0.0409143038926915	0.01
0.909434338	0.0409143038926915	0.01
0.909620416	0.0409143038926915	0.01
0.909642167	0.0409143038926915	0.01
0.909838426	0.0409143038926915	0.01
0.910014581	0.0410784612451846	0.01
0.910051995	0.0417484782324198	0.01
0.910204731	0.0417484782324198	0.01
0.910267	0.0417484782324198	0.01
0.910628128	0.0424407144746364	0.01
0.911049792	0.0424407144746364	0.01
0.911062134	0.0424407144746364	0.01
0.91113001	0.0424407144746364	0.01
0.911351929	0.0424407144746364	0.01
0.911383512	0.0424407144746364	0.01
0.911404622	0.0424407144746364	0.01
0.911518912	0.0429751462978088	0.01
0.911632099	0.0429751462978088	0.01
0.911776598	0.0429751462978088	0.01
0.912015459	0.04279551309754	0.01
0.912488931	0.04279551309754	0.01
0.912630246	0.0426173753555734	0.01
0.912776305	0.0424407144746364	0.01
0.912967277	0.0380623466844614	0.01
0.913006436	0.0380623466844614	0.01
0.913244462	0.0382222048498432	0.01
0.913751419	0.0375906957412291	0.01
0.914018042	0.0377466085621924	0.01
0.914696902	0.04279551309754	0.01
0.914983658	0.04279551309754	0.01
0.915026039	0.04279551309754	0.01
0.915269563	0.04279551309754	0.01
0.915559183	0.0429751462978088	0.01
0.916163647	0.0435232093645824	0.01
0.916688985	0.0435232093645824	0.01
0.916912552	0.0435232093645824	0.01
0.918456927	0.0491663907617313	0.01
0.918483627	0.0491663907617313	0.01
0.918816837	0.0559354268855307	0.01
0.920002472	0.0457509784041995	0.02
0.921783065	0.047668063589878	0.02
0.922071236	0.047668063589878	0.02
0.922455062	0.0480340182266084	0.02
0.922504312	0.0480340182266084	0.02
0.922763582	0.0480340182266084	0.02
0.922787758	0.0480340182266084	0.02
0.923268187	0.0399562667938947	0.02
0.923473233	0.0399562667938947	0.02
0.924160807	0.0404296106270466	0.02
0.924507726	0.0404296106270466	0.02
0.926193857	0.0415789332279977	0.02
0.927872541	0.0481263865387264	0.02
0.929379518	0.0426335083912103	0.03
0.93064775	0.0438280860707983	0.03
0.934071327	0.0374703178310721	0.03
0.938446291	0.0320109445672303	0.03
0.938770844	0.0347487954484513	0.03
0.947518522	0.0442760812597873	0.04
0.950306111	0.0627201169334837	0.04
0.953473419	0.0500313265212065	0.04
0.954119877	0.0509272391474442	0.04
0.955985355	0.0559354268855307	0.04
0.956018846	0.0559354268855307	0.04
0.956296714	0.0564909593166989	0.04
0.95679317	0.0438025166347998	0.05
0.957077957	0.0440854319305383	0.05
0.957486775	0.0442760812597873	0.05
0.959031973	0.0535020325866718	0.05
0.959642592	0.0575628890447563	0.05
0.960039043	0.0598336034769241	0.05
0.964446178	0.0509272391474442	0.05
0.964458654	0.0509272391474442	0.05
0.966290332	0.0564909593166989	0.05
0.966653906	0.0564909593166989	0.05
0.966980911	0.0431108639565951	0.06
0.966980912	0.0431108639565951	0.06
0.966986309	0.0432474415373501	0.06
0.967139043	0.0395354709938174	0.06
0.967297226	0.040692555891026	0.06
0.967302572	0.0409589438212672	0.06
0.96746078	0.0405898940031504	0.06
0.96761904	0.0460691326060542	0.06
0.967619041	0.0460691326060542	0.06
0.967772081	0.0469135146767733	0.06
0.967925221	0.0469135146767733	0.06
0.967935716	0.0469135146767733	0.06
0.968083686	0.0425067904029615	0.06
0.968237002	0.0448089716051597	0.06
0.968861479	0.0497034327429415	0.06
0.969035555	0.0505313599480706	0.06
0.969666194	0.052880280069872	0.06
0.970442597	0.0564909593166989	0.06
0.973457204	0.0416127319728865	0.06
0.974203145	0.0407190386550251	0.06
0.981915796	0.0448973955007899	0.06
0.985118954	0.0333237296795079	0.05
0.9860103	0.0333237296795079	0.05
1.021711423	0.0553907142707131	0.06
1.027042278	0.0518558230944351	0.07
1.027349785	0.0523329304333853	0.07
1.029078227	0.0533139770429233	0.07
1.029271857	0.0533139770429233	0.07
1.029637844	0.0533139770429233	0.07
1.030392053	0.0548565084228889	0.07
1.030397618	0.0548565084228889	0.07
1.030958443	0.0548565084228889	0.07
1.031531241	0.0548565084228889	0.07
1.031720423	0.0548565084228889	0.07
1.032104884	0.0548565084228889	0.07
1.0327094	0.0548565084228889	0.07
1.033463082	0.0548565084228889	0.07
1.034014818	0.0548565084228889	0.07
1.034376329	0.0548565084228889	0.07
1.034854243	0.046742171093834	0.08
1.036124234	0.0475232383176491	0.08
1.038905957	0.0500313265212065	0.08
1.039046839	0.0504753076419851	0.08
1.044012776	0.0518558230944351	0.08
1.048661279	0.0438588088262401	0.09
1.049025044	0.0438588088262401	0.09
1.056246636	0.046742171093834	0.09
1.058571278	0.0438588088262401	0.1
1.067766296	0.0564909593166989	0.1
1.068277144	0.0438588088262401	0.11
1.06860264	0.0438588088262401	0.11
1.068892568	0.0438588088262401	0.11
1.070020858	0.0445457774178869	0.11
1.076612069	0.046742171093834	0.11
1.088762574	0.066379914491891	0.12
1.113082372	0.0651134310121149	0.13
1.113233383	0.0651134310121149	0.13
1.11414031	0.0651134310121149	0.13
1.127882011	0.0336523246663368	0.12
1.13205703	0.0333237296795079	0.12
1.133642817	0.0333237296795079	0.12
1.134317617	0.0333237296795079	0.12
1.136767134	0.0333237296795079	0.12
1.137302108	0.0333237296795079	0.12
1.183360064	0.0333237296795079	0.15
1.187305519	0.066379914491891	0.15
1.187446683	0.066379914491891	0.15
1.18762744	0.066379914491891	0.15
1.192009701	0.0652913903237306	0.15
1.208769953	0.0564909593166989	0.13
1.209215802	0.0564909593166989	0.13
1.210085375	0.0553907142707131	0.13
1.212614931	0.0543325082539372	0.13
1.22465873	0.0548565084228889	0.12
1.225416562	0.0548565084228889	0.12
1.226767373	0.0548565084228889	0.12
1.246668032	0.0538184240710984	0.12
1.248955951	0.0542461466084824	0.12
1.268447511	0.0615882458767459	0.1
1.270060331	0.0610374929838777	0.1
1.270253663	0.0604965030017423	0.1
1.270604589	0.0604965030017423	0.1
1.275739262	0.0627201169334837	0.09
1.278899002	0.066379914491891	0.09
1.285172518	0.0548565084228889	0.09
1.289511656	0.0633017983269522	0.09
1.293113698	0.0633017983269522	0.09
1.297280078	0.0912195257397195	0.09
1.303502827	0.0676966425163648	0.08
1.325958837	0.101130937882936	0.08
1.335508208	0.100141769330443	0.09
1.335711503	0.100141769330443	0.09
1.335892556	0.100141769330443	0.09
1.33625481	0.100141769330443	0.09
1.33638917	0.100141769330443	0.09
1.336595099	0.100141769330443	0.09
1.337117106	0.0972870554948569	0.1
1.337161305	0.0972870554948569	0.1
1.337777279	0.0972870554948569	0.1
1.338686534	0.0972870554948569	0.1
1.340005107	0.0972870554948569	0.1
1.342315002	0.095472647190333	0.1
1.342368518	0.095472647190333	0.1
1.346883901	0.100141769330443	0.09
1.350085516	0.100141769330443	0.09
1.360533959	0.101130937882936	0.09
1.360774481	0.109275409018397	0.1
1.360981621	0.120887704754621	0.09
1.36116959	0.120887704754621	0.09
1.361952473	0.120887704754621	0.09
1.362279458	0.120887704754621	0.09
1.364721715	0.120887704754621	0.09
1.365659238	0.119731034158455	0.09
1.368578346	0.11859628815921	0.09
1.370127164	0.120887704754621	0.09
1.373967278	0.120887704754621	0.09
1.377139612	0.123269411463304	0.09
1.377544294	0.123269411463304	0.09
1.379222918	0.123269411463304	0.09
1.384187356	0.11859628815921	0.1
1.38563755	0.130443944365632	0.1
1.385801753	0.130443944365632	0.1
1.418305639	0.132985445451424	0.09
1.434752614	0.12564163895918	0.1
1.440102642	0.12564163895918	0.11
1.450462129	0.11906647468584	0.12
1.450674974	0.11906647468584	0.12
1.450928234	0.11906647468584	0.12
1.454856842	0.11906647468584	0.12
1.45657643	0.11906647468584	0.13
1.484067531	0.115052471543162	0.15
1.484117024	0.115052471543162	0.15
1.485393153	0.115052471543162	0.15
1.485917469	0.114090905213749	0.16
1.488337206	0.115052471543162	0.16
1.502972103	0.113145278503763	0.17
1.506038743	0.112215198331205	0.17
1.511734415	0.113145278503763	0.18
1.512194724	0.113145278503763	0.18
1.513239565	0.113145278503763	0.18
1.523536021	0.111300284433598	0.19
1.558531046	0.0900165074408467	0.22
1.55916507	0.138039842277249	0.23
1.56916589	0.140485208462527	0.22
1.595579044	0.138009449163665	0.19
1.611568792	0.132469253224118	0.18
1.652341299	0.132152425727845	0.14
1.707257935	0.166230169718682	0.08
1.718627381	0.163420781730073	0.07
1.730827961	0.151870617843383	0.06
1.758275756	0.170630157686151	0.03
1.768990518	0.169137840409242	0.02
1.77492366	0.15307270542745	0.02
1.780115455	0.163420781730073	0.01
1.780657571	0.163420781730073	0.01
1.780657572	0.163420781730073	0.01
1.780928629	0.160704776154168	0.01
1.78092863	0.160704776154168	0.01
1.781081012	0.160704776154168	0.01
1.781140367	0.160704776154168	0.01
1.781170031	0.160704776154168	0.01
1.781381862	0.160704776154168	0.01
1.781411498	0.160704776154168	0.01
1.781411499	0.160704776154168	0.01
1.781623424	0.160704776154168	0.01
1.781653031	0.160704776154168	0.01
1.7818108	0.160704776154168	0.01
1.781835463	0.160704776154168	0.01
1.781894629	0.160704776154168	0.01
1.782136293	0.158077573141596	0.01
1.782378022	0.156795922620295	0.01
1.782531315	0.156795922620295	0.01
1.782590324	0.156795922620295	0.01
1.782619816	0.156795922620295	0.01
1.783044725	0.156795922620295	0.01
1.783103602	0.156795922620295	0.01
1.783345594	0.156795922620295	0.01
1.783587651	0.156795922620295	0.01
1.78377107	0.156795922620295	0.01
1.783829774	0.156795922620295	0.01
1.783925287	0.156795922620295	0.01
1.784013316	0.156795922620295	0.01
1.784314217	0.156795922620295	0.01
1.78446873	0.156795922620295	0.01
1.784506241	0.156795922620295	0.01
1.785009515	0.160704776154168	0.01
1.785322292	0.174852385778141	0.01
1.785497332	0.174852385778141	0.01
1.785988286	0.1734492365261	0.01
1.786357195	0.1734492365261	0.01
1.787927091	0.162985851661899	0.01
1.788780487	0.162985851661899	0.01
1.78918715	0.162985851661899	0.01
1.789358594	0.162985851661899	0.01
1.790033715	0.160564327094397	0.01
1.790095821	0.160564327094397	0.01
1.790737455	0.169371731649239	0.01
1.79204453	0.168366520569784	0.02
1.792147241	0.168366520569784	0.02
1.795060195	0.148523661103761	0.02
1.795172249	0.144424525561367	0.02
1.795643534	0.140545578779292	0.02
1.796645824	0.133380903336838	0.02
1.796669094	0.133380903336838	0.02
1.796696941	0.133380903336838	0.02
1.799436111	0.135144575734267	0.02
1.801889818	0.0931344296110288	0.02
1.808733518	0.080465746443456	0.02
1.809599251	0.0811835450055498	0.02
1.813716026	0.087422390097305	0.02
1.813793197	0.087422390097305	0.02
1.814069384	0.087422390097305	0.02
1.814621757	0.087422390097305	0.02
1.814846808	0.087422390097305	0.02
1.814872379	0.087422390097305	0.02
1.815123071	0.0670318128969811	0.02
1.815288509	0.0670318128969811	0.02
1.815322808	0.0670318128969811	0.02
1.815624663	0.0670318128969811	0.02
1.815850116	0.0676966425163648	0.02
1.815875562	0.0676966425163648	0.02
1.816101116	0.0676966425163648	0.02
1.816374833	0.0676966425163648	0.02
1.816377569	0.0676966425163648	0.02
1.81637757	0.0676966425163648	0.02
1.817382419	0.0694178798147883	0.03
1.817399416	0.0694178798147883	0.03
1.818036082	0.070493286237172	0.03
1.819217405	0.0733334501651686	0.03
1.819410514	0.0739291691925408	0.03
1.819581019	0.0739291691925408	0.03
1.81989941	0.0739291691925408	0.03
1.82134289	0.0770590891353861	0.03
1.822065256	0.0783865413532969	0.03
1.823345161	0.0790675669028305	0.03
1.828541204	0.066379914491891	0.03
1.828939845	0.066379914491891	0.03
1.829051906	0.066379914491891	0.03
1.835137623	0.0676966425163648	0.03
1.83758722	0.0676966425163648	0.03
1.837659261	0.0676966425163648	0.03
1.842215909	0.065740573658553	0.04
1.846490238	0.065740573658553	0.04
1.860714054	0.0452546086794289	0.05
1.872927722	0.0435232093645824	0.06
1.876458705	0.0589295818262037	0.07
1.877534086	0.0584251580835472	0.07
1.917919203	0.0564909593166989	0.11
1.919145255	0.0569624026666553	0.11
1.933588634	0.0377466085621924	0.12
1.938309591	0.0529829000073281	0.13
1.938319698	0.0529829000073281	0.13
1.940502926	0.0362433629204959	0.13
1.945075766	0.0590023542642124	0.14
1.947078383	0.0590023542642124	0.14
1.956133657	0.0590023542642124	0.15
1.959079535	0.0594427914834398	0.15
1.961031557	0.0431927067920121	0.15
2.045755957	0.0669379017198141	0.23
2.04617014	0.0711228977703127	0.23
2.057190684	0.0704932862371721	0.24
2.058810915	0.0533139770429233	0.24
2.077371996	0.0704932862371721	0.26
2.07768814	0.0730810708467346	0.26
2.077935092	0.0730810708467346	0.26
2.079378601	0.0553907142707131	0.26
2.112854786	0.0601411394118624	0.3
2.114638141	0.0541846276164502	0.3
2.116340052	0.068669604566431	0.3
2.119081815	0.0533139770429233	0.3
2.122322709	0.0601411394118624	0.31
2.130868897	0.0601411394118624	0.32
2.175983465	0.0675053493132861	0.36
2.201956234	0.0601411394118624	0.39
2.22342495	0.0601411394118624	0.41
2.225736601	0.0637239347846346	0.41
2.22607531	0.066379914491891	0.41
2.226678687	0.0692669229996507	0.41
2.226980498	0.0692669229996507	0.41
2.268175967	0.162051399576765	0.41
2.273953022	0.146211597806535	0.4
2.279085054	0.167671400181281	0.4
2.283420782	0.148946408913606	0.39
2.287430653	0.167671400181281	0.39
2.634889835	0.157905477138325	0.37
2.644514931	0.156457651518506	0.38
2.64482266	0.156457651518506	0.38
2.65353762	0.16556604065523	0.38
2.669724846	0.16556604065523	0.4
2.670697515	0.16556604065523	0.4
2.670831293	0.16556604065523	0.4
2.671237545	0.16556604065523	0.4
2.671237705	0.16556604065523	0.4
2.672323822	0.16556604065523	0.4
2.672686057	0.16556604065523	0.4
2.67300408	0.16556604065523	0.4
2.673366554	0.16556604065523	0.4
2.674201502	0.156457651518506	0.41
2.674498542	0.156457651518506	0.41
2.674640938	0.156457651518506	0.41
2.67498819	0.156457651518506	0.41
2.675906626	0.156457651518506	0.41
2.677404052	0.156457651518506	0.41
2.679587204	0.16556604065523	0.41
2.684222358	0.167188221229607	0.41
2.697875326	0.181862258863777	0.42
2.714352711	0.188970483436664	0.41
2.716197088	0.188970483436664	0.41
2.720992773	0.188970483436664	0.4
2.721223607	0.188970483436664	0.4
2.721339166	0.188970483436664	0.4
2.721714851	0.188970483436664	0.4
2.721753239	0.188970483436664	0.4
2.72212898	0.188970483436664	0.4
2.722504826	0.188970483436664	0.4
2.725138453	0.188970483436664	0.4
2.730687704	0.188970483436664	0.39
2.741703646	0.188970483436664	0.38
2.742221604	0.188970483436664	0.38
2.744776734	0.188970483436664	0.38
2.767264537	0.188970483436664	0.35
2.784781798	0.188970483436664	0.34
2.795646082	0.188970483436664	0.33
2.870516676	0.188970483436664	0.25
2.874914635	0.188970483436664	0.25
2.885327778	0.188970483436664	0.26
3.017087015	0.187141838200943	0.39
3.091199805	0.187141838200943	0.46
3.116410384	0.221425116974243	0.45
3.116832706	0.221425116974243	0.45
3.153761559	0.209981096442233	0.49
3.557717034	0.211906736443169	0.890000000000001
3.560201153	0.213435894540337	0.890000000000001
3.561529658	0.200012924112495	0.890000000000001
3.561648443	0.200012924112495	0.890000000000001
3.562131134	0.206788708388376	0.890000000000001
3.565454716	0.193218535912415	0.890000000000001
3.568359469	0.170630157686151	0.890000000000001
3.571210711	0.172149043055228	0.890000000000001
3.572497766	0.187141838200943	0.880000000000001
3.575584373	0.175269407500878	0.880000000000001
3.62901857	0.172832817551771	0.910000000000001
3.629519691	0.172832817551771	0.910000000000001
3.630972932	0.172832817551771	0.910000000000001
3.631169027	0.178871876579083	0.910000000000001
3.631970124	0.168564520426607	0.920000000000001
3.633483005	0.168564520426607	0.920000000000001
3.639968026	0.171386235212069	0.920000000000001
3.82876748	0.169963667190375	1.11
4.078052931	0.191284639899438	1.36
4.445571488	0.219290936781081	1.72
4.452121847	0.223496651249279	1.73
4.45272527	0.217197503943584	1.73
4.453328856	0.217197503943584	1.73
4.453932605	0.217197503943584	1.73
4.459832487	0.219290936781081	1.73
4.464002998	0.217197503943584	1.74
4.475601202	0.219290936781081	1.75
4.478685952	0.219290936781081	1.75
4.480518943	0.219290936781081	1.75
4.492707945	0.194134466256956	1.76
4.536342962	0.199817745097098	1.77
4.537444354	0.199817745097098	1.78
4.537596069	0.199817745097098	1.78
4.550359745	0.199817745097098	1.79
4.895921957	0.199817745097098	2.11
5.342582978	0.219056342443768	2.23
5.346842194	0.219056342443768	2.24
5.443653327	0.206362434915617	2.17
5.445157132	0.206362434915617	2.16
6.232084175	0.113819117097853	2.65999999999999
6.244676548	0.117168553623613	2.66999999999999
6.35095118	0.122579401123085	2.72999999999999
6.358499262	0.122579401123085	2.72999999999999
7	0.156252983802801	3.17999999999998
