thrs	post_p	finalwindow
0	0.0448008151038251	0.23
0.070216248	0.0375128928059292	0.18
0.089689176	0.0355833964502375	0.17
0.093809574	0.0351316425912379	0.17
0.098963073	0.0346912155366152	0.18
0.103967892	0.0346912155366152	0.18
0.106977596	0.0346912155366152	0.18
0.115659216	0.0747549855490594	0.19
0.123778241	0.0763009059764938	0.18
0.130460633	0.063956541847285	0.17
0.148427326	0.0339464695089224	0.15
0.148447444	0.0579313968432039	0.15
0.148782099	0.0579313968432039	0.15
0.151339737	0.0628668000523954	0.15
0.155752372	0.0747549855490594	0.15
0.172569069	0.0653151602578984	0.13
0.178113806	0.0339464695089224	0.12
0.178140913	0.0339464695089224	0.12
0.178358463	0.0339464695089224	0.12
0.181486006	0.0613000816432839	0.12
0.186084933	0.0732704644124723	0.12
0.194681585	0.0773675376849478	0.11
0.206482242	0.07791211531218	0.1
0.222049977	0.0693674545145383	0.08
0.222622275	0.0725025755194433	0.08
0.222656148	0.0725025755194433	0.08
0.222697977	0.0725025755194433	0.08
0.222716495	0.0725025755194433	0.08
0.222812147	0.079178766620742	0.08
0.223196808	0.0844509155145823	0.08
0.226694446	0.0801693107367331	0.08
0.226728961	0.0801693107367331	0.08
0.226867021	0.0801693107367331	0.08
0.226923294	0.0801693107367331	0.08
0.226982815	0.0801693107367331	0.08
0.227177477	0.0801693107367331	0.08
0.227432153	0.0795928388014954	0.08
0.237068117	0.0697609198625815	0.07
0.241897099	0.0687214502901647	0.07
0.24235868	0.0687214502901647	0.07
0.242615688	0.0584558676775786	0.06
0.242875367	0.073922907668596	0.06
0.242941212	0.073922907668596	0.06
0.243116147	0.0726294373199249	0.06
0.249436037	0.067878598519688	0.06
0.256228734	0.0701737005586998	0.05
0.256259656	0.0701737005586998	0.05
0.256650521	0.0707719333302706	0.05
0.259750174	0.0695854966960843	0.05
0.272151172	0.0690070716484067	0.05
0.296834617	0.0827669770683478	0.04
0.296839561	0.0827669770683478	0.04
0.296839653	0.0827669770683478	0.04
0.296879772	0.0827669770683478	0.04
0.29691506	0.0827669770683478	0.04
0.296919994	0.0827669770683478	0.04
0.296960227	0.0827669770683478	0.04
0.297161557	0.0827669770683478	0.04
0.297207868	0.0827669770683478	0.04
0.29723727	0.0827669770683478	0.04
0.297242165	0.0827669770683478	0.04
0.297345093	0.0827669770683478	0.04
0.298033592	0.0827669770683478	0.04
0.298432807	0.0795928388014954	0.04
0.299120783	0.0795928388014954	0.04
0.29926506	0.0795928388014954	0.04
0.300128238	0.0803633282054331	0.04
0.300638986	0.0803633282054331	0.04
0.301373268	0.0803633282054331	0.04
0.302397905	0.0803633282054331	0.04
0.302406093	0.0803633282054331	0.04
0.30240618	0.0803633282054331	0.04
0.302443572	0.0803633282054331	0.04
0.302452098	0.0803633282054331	0.04
0.302453753	0.0803633282054331	0.04
0.302493847	0.0803633282054331	0.04
0.302531356	0.0803633282054331	0.04
0.302535608	0.0803633282054331	0.04
0.302757814	0.0803633282054331	0.04
0.302844832	0.0803633282054331	0.04
0.303037639	0.0803633282054331	0.04
0.303062807	0.0803633282054331	0.04
0.303998368	0.0788369833427871	0.04
0.304168238	0.0788369833427871	0.04
0.306047128	0.0788369833427871	0.04
0.306464617	0.0788369833427871	0.04
0.307314933	0.0788369833427871	0.04
0.308759935	0.0811488806955671	0.03
0.319078068	0.0795928388014954	0.03
0.322066605	0.0780953488363848	0.03
0.322435043	0.0780953488363848	0.03
0.322591403	0.0780953488363848	0.03
0.322777267	0.0780953488363848	0.03
0.323097253	0.0780953488363848	0.03
0.323165924	0.0780953488363848	0.03
0.323537089	0.0780953488363848	0.03
0.323808824	0.0780953488363848	0.03
0.324596864	0.0780953488363848	0.03
0.327195424	0.0662534342053621	0.04
0.328591896	0.065728869197781	0.04
0.330254195	0.065728869197781	0.04
0.333944256	0.0647042703531943	0.04
0.334029253	0.0647042703531943	0.04
0.338071632	0.0742535060869249	0.04
0.343625259	0.0750776508143471	0.05
0.350684009	0.055050225243292	0.05
0.356206548	0.0718861726841248	0.06
0.356490553	0.0718861726841248	0.06
0.357086112	0.083753817956832	0.06
0.360733393	0.0519498068268884	0.06
0.362945858	0.0694267849328918	0.07
0.363236679	0.0694267849328918	0.07
0.363936107	0.0694267849328918	0.07
0.366130409	0.0694267849328918	0.07
0.367161303	0.0804341130475593	0.07
0.367663989	0.0773675376849478	0.07
0.37384574	0.0699051071409933	0.08
0.381649088	0.0517290967451517	0.07
0.382008897	0.0514667075983675	0.07
0.386909127	0.0529437338991739	0.06
0.389222512	0.0526415851532535	0.06
0.389825341	0.0569558278042728	0.06
0.395214438	0.0547569475455215	0.06
0.403209246	0.060704121545773	0.05
0.415094538	0.0634489268650725	0.04
0.415772448	0.00879132798725388	0.03
0.418471182	0.0553253815952751	0.03
0.419019267	0.0549136708724447	0.03
0.428769674	0.0579313968432039	0.02
0.438307149	0.0602982765586354	0.01
0.438815006	0.0607950523452926	0.01
0.444499874	0.0610694866227415	0.01
0.445117302	0.0592853574214755	0.01
0.445156208	0.0592853574214755	0.01
0.445185067	0.0592853574214755	0.01
0.445185068	0.0592853574214755	0.01
0.445252832	0.0592853574214755	0.01
0.445252835	0.0592853574214755	0.01
0.44531318	0.0592853574214755	0.01
0.44531319	0.0592853574214755	0.01
0.445373562	0.0592853574214755	0.01
0.445419149	0.0592853574214755	0.01
0.445433949	0.0592853574214755	0.01
0.445494353	0.0589409684026918	0.01
0.445540001	0.0589409684026918	0.01
0.445554774	0.0586005573916422	0.01
0.445615211	0.0586005573916422	0.01
0.445653547	0.0586005573916422	0.01
0.445675664	0.0586005573916422	0.01
0.445691925	0.0685250935218148	0.01
0.445736134	0.0685250935218148	0.01
0.445849774	0.0677507605967754	0.01
0.445857123	0.0677507605967754	0.01
0.445917642	0.0677507605967754	0.01
0.446038729	0.0677507605967754	0.01
0.446341735	0.066621526641513	0.01
0.446351359	0.066621526641513	0.01
0.446394864	0.066621526641513	0.01
0.446395102	0.066621526641513	0.01
0.446455777	0.066621526641513	0.01
0.446465528	0.066621526641513	0.01
0.446633323	0.066621526641513	0.01
0.446772341	0.066621526641513	0.01
0.446888185	0.0662534342053621	0.01
0.446967543	0.0662534342053621	0.01
0.447542535	0.0662534342053621	0.01
0.447876705	0.0658893869345193	0.01
0.447928306	0.0655293185116448	0.01
0.448791313	0.0790245981293928	0.01
0.449552291	0.0790245981293928	0.01
0.449715173	0.0790245981293928	0.01
0.451750007	0.0786037139026485	0.01
0.452986292	0.0786037139026485	0.01
0.453117722	0.0786037139026485	0.01
0.453607731	0.0777752534439945	0.01
0.453670383	0.0777752534439945	0.01
0.45367678	0.0777752534439945	0.01
0.453739439	0.0777752534439945	0.01
0.453789353	0.0777752534439945	0.01
0.453802119	0.0777752534439945	0.01
0.453864814	0.0777752534439945	0.01
0.453952078	0.0777752534439945	0.01
0.453990257	0.0777752534439945	0.01
0.454053004	0.0777752534439945	0.01
0.454131662	0.0777752534439945	0.01
0.454159539	0.0777752534439945	0.01
0.454172215	0.0777752534439945	0.01
0.454228692	0.0777752534439945	0.01
0.454278877	0.0777752534439945	0.01
0.454291524	0.0777752534439945	0.01
0.454618511	0.0786037139026485	0.01
0.454637485	0.0786037139026485	0.01
0.455439212	0.11172919998235	0.01
0.455550168	0.114503102597312	0.01
0.455678249	0.124833950836187	0.01
0.455804735	0.131978471069196	0.01
0.456133439	0.0746289817292081	0.02
0.456159276	0.0746289817292081	0.02
0.456880284	0.0746289817292081	0.02
0.45760535	0.0742535060869249	0.02
0.457901934	0.0742535060869249	0.02
0.458619789	0.0742535060869249	0.02
0.458664131	0.0742535060869249	0.02
0.459124851	0.0742535060869249	0.02
0.460382332	0.0731494113410426	0.02
0.46331093	0.0731494113410426	0.02
0.464728436	0.0720776696741973	0.02
0.46499053	0.0720776696741973	0.02
0.473676694	0.0680873672439596	0.03
0.474072423	0.0680873672439596	0.03
0.47699163	0.0706965970204433	0.03
0.478409458	0.0727886402497955	0.03
0.478888149	0.0735137765123529	0.03
0.479732593	0.064921129120445	0.03
0.479936634	0.064921129120445	0.03
0.483511101	0.0610465225030645	0.04
0.483671852	0.0610465225030645	0.04
0.484458594	0.0610465225030645	0.04
0.485802156	0.0905290607519025	0.04
0.485999254	0.0821370538393531	0.04
0.486776039	0.0713804537063769	0.04
0.489107131	0.0602982765586354	0.04
0.489424331	0.0602982765586354	0.04
0.490830832	0.0540517434738622	0.04
0.499369323	0.0529437338991739	0.05
0.50407637	0.0440870537845125	0.05
0.508934563	0.05111023875249	0.06
0.514553924	0.0445125550610322	0.06
0.514742139	0.0553253815952751	0.07
0.514839037	0.0553253815952751	0.07
0.51502476	0.0553253815952751	0.07
0.515124567	0.0557433124877591	0.07
0.516063638	0.0697203591354089	0.07
0.51682809	0.0586683246654321	0.07
0.518492841	0.0487468259895444	0.07
0.518564452	0.0487468259895444	0.07
0.520735072	0.0437880710416659	0.07
0.534380672	0.00870833017582096	0.06
0.534453117	0.00870833017582096	0.06
0.534888196	0.00870833017582096	0.06
0.536755919	0.0166432196065926	0.06
0.539174229	0.0164944132478232	0.06
0.543234343	0.0164944132478232	0.06
0.544416783	0.0169490351784056	0.06
0.55657045	0.0745870747969952	0.05
0.556645891	0.0745870747969952	0.05
0.556807604	0.0745870747969952	0.05
0.55802857	0.0732704644124723	0.05
0.568776608	0.071999529357164	0.06
0.574371638	0.0726294373199249	0.06
0.57444178	0.0726294373199249	0.06
0.579525048	0.0819499423579343	0.06
0.586308239	0.0803633282054331	0.06
0.59079165	0.0773675376849478	0.06
0.591193432	0.0773675376849478	0.06
0.591819223	0.0773675376849478	0.06
0.593402747	0.0773675376849478	0.06
0.593673806	0.0773675376849478	0.06
0.593754277	0.0773675376849478	0.06
0.59375428	0.0773675376849478	0.06
0.593824895	0.0773675376849478	0.06
0.593915284	0.0773675376849478	0.06
0.594237558	0.0773675376849478	0.06
0.594318181	0.0773675376849478	0.06
0.595015574	0.0819499423579343	0.06
0.595196772	0.0819499423579343	0.06
0.595887104	0.0819499423579343	0.06
0.596894832	0.0836004673881405	0.06
0.597117526	0.0836004673881405	0.06
0.602148457	0.0836004673881405	0.06
0.602674298	0.0836004673881405	0.06
0.604813246	0.0752632846651736	0.07
0.604905308	0.0766531669759452	0.07
0.604988853	0.0766531669759452	0.07
0.605724938	0.0766531669759452	0.07
0.606051871	0.0766531669759452	0.07
0.607971158	0.0780953488363848	0.07
0.608756287	0.0780953488363848	0.07
0.61827716	0.0780953488363848	0.07
0.630942519	0.0811488806955671	0.06
0.635412418	0.0819499423579343	0.06
0.636422142	0.0803633282054331	0.06
0.637260654	0.0803633282054331	0.06
0.644129804	0.0803633282054331	0.06
0.64559646	0.0803633282054331	0.06
0.64801212	0.0811488806955671	0.06
0.648110758	0.0811488806955671	0.06
0.648827538	0.0811488806955671	0.06
0.659386285	0.0991087405100253	0.07
0.667472678	0.0974971022126135	0.08
0.667879261	0.0974971022126135	0.08
0.667969788	0.0974971022126135	0.08
0.678915807	0.0915426850230942	0.09
0.680410924	0.0915426850230942	0.09
0.68060848	0.0915426850230942	0.09
0.680702493	0.0915426850230942	0.09
0.689921535	0.101858846617897	0.1
0.692614054	0.105751458797241	0.1
0.696262833	0.119923387964508	0.1
0.697379755	0.0989451829861338	0.11
0.712354258	0.121134841841868	0.11
0.712401774	0.121134841841868	0.11
0.71365913	0.101858846617897	0.12
0.715679053	0.113134714150861	0.12
0.725609694	0.11207729434568	0.13
0.725869057	0.11207729434568	0.13
0.726772429	0.111039457967231	0.13
0.72717465	0.115310563856738	0.13
0.735438378	0.104280022769809	0.14
0.744518666	0.0991087405100253	0.14
0.7500464	0.0479029767546844	0.14
0.75180067	0.0960179027451825	0.14
0.756100951	0.0529437338991739	0.13
0.762884543	0.102844869443101	0.13
0.763284143	0.108017449637837	0.13
0.763387603	0.109789820321231	0.13
0.7676628	0.111297110936148	0.13
0.772093843	0.0981692542194923	0.12
0.778829055	0.11207729434568	0.12
0.779184816	0.111816020704523	0.12
0.793117932	0.116111567720971	0.1
0.797194853	0.11584527913331	0.1
0.8034392	0.122893574576121	0.09
0.812482547	0.104011113519071	0.08
0.828284953	0.117667890387515	0.07
0.849686346	0.113929199574777	0.05
0.856064956	0.116765146570623	0.04
0.861362559	0.100380876192955	0.03
0.864973627	0.119164999223261	0.03
0.866065884	0.117102047579842	0.03
0.867661243	0.117722301160869	0.03
0.875213305	0.118469319734327	0.02
0.877564409	0.118710372046506	0.02
0.87832845	0.118379177312755	0.02
0.882218863	0.0998826805953704	0.01
0.88244613	0.107512314668181	0.01
0.882485476	0.107512314668181	0.01
0.883236842	0.118621333157135	0.01
0.883671839	0.120410807473	0.01
0.885800269	0.120581160646349	0.01
0.887670141	0.121081661205524	0.01
0.888863234	0.121081661205524	0.01
0.889014569	0.1207371220149	0.01
0.889576687	0.120053892686763	0.01
0.889752182	0.120053892686763	0.01
0.889857915	0.120053892686763	0.01
0.890068113	0.119378352387849	0.01
0.890083013	0.119378352387849	0.01
0.890218543	0.119043425176296	0.01
0.890218544	0.119043425176296	0.01
0.890309475	0.117722301160869	0.01
0.890354074	0.117722301160869	0.01
0.890354075	0.117722301160869	0.01
0.890419078	0.117722301160869	0.01
0.890459913	0.117722301160869	0.01
0.890474761	0.117722301160869	0.01
0.890489605	0.117722301160869	0.01
0.890489606	0.117722301160869	0.01
0.890506418	0.117722301160869	0.01
0.890595481	0.117722301160869	0.01
0.89061031	0.117722301160869	0.01
0.890610311	0.117722301160869	0.01
0.89068659	0.117722301160869	0.01
0.890701414	0.117722301160869	0.01
0.890716233	0.117722301160869	0.01
0.890731048	0.117722301160869	0.01
0.890731049	0.117722301160869	0.01
0.890822213	0.117722301160869	0.01
0.890837018	0.117722301160869	0.01
0.890851819	0.117722301160869	0.01
0.890957836	0.117722301160869	0.01
0.890972622	0.117722301160869	0.01
0.890972623	0.117722301160869	0.01
0.891093459	0.11707267468278	0.01
0.89119957	0.11707267468278	0.01
0.891214328	0.11707267468278	0.01
0.891244043	0.11707267468278	0.01
0.891246709	0.11707267468278	0.01
0.891320486	0.11707267468278	0.01
0.89133523	0.11707267468278	0.01
0.891441435	0.11707267468278	0.01
0.891456164	0.11707267468278	0.01
0.891577132	0.116430178519614	0.01
0.891686849	0.116430178519614	0.01
0.891698132	0.116430178519614	0.01
0.891793338	0.116430178519614	0.01
0.891881522	0.116430178519614	0.01
0.892017347	0.115794695918366	0.01
0.89206133	0.115794695918366	0.01
0.892182462	0.115794695918366	0.01
0.892215798	0.115794695918366	0.01
0.892245091	0.11675054266913	0.01
0.89229733	0.116430178519614	0.01
0.892307805	0.116430178519614	0.01
0.892546055	0.11707267468278	0.01
0.89273031	0.11707267468278	0.01
0.892924751	0.11707267468278	0.01
0.892951888	0.11675054266913	0.01
0.892952212	0.11675054266913	0.01
0.893016766	0.11675054266913	0.01
0.89308003	0.11675054266913	0.01
0.893142511	0.11675054266913	0.01
0.893172464	0.116430178519614	0.01
0.893320622	0.11675054266913	0.01
0.893352088	0.11675054266913	0.01
0.893395592	0.11675054266913	0.01
0.894085351	0.116111567720971	0.01
0.89420355	0.116111567720971	0.01
0.89422449	0.116111567720971	0.01
0.894232534	0.116111567720971	0.01
0.894482721	0.116111567720971	0.01
0.894690708	0.115794695918366	0.01
0.894906463	0.115794695918366	0.01
0.894970751	0.115794695918366	0.01
0.895081202	0.115794695918366	0.01
0.895086463	0.115794695918366	0.01
0.89539422	0.115166112661172	0.01
0.895638516	0.117375860294016	0.01
0.89592425	0.118986603368163	0.01
0.896329745	0.118337030104365	0.01
0.896396617	0.118337030104365	0.01
0.89685771	0.118337030104365	0.01
0.896928207	0.117058930729507	0.01
0.89693811	0.117058930729507	0.01
0.897131294	0.117667890387515	0.01
0.897197773	0.117045762468719	0.01
0.897282137	0.116131024384094	0.01
0.898155973	0.108826051332863	0.01
0.898662437	0.107691630814292	0.01
0.898755243	0.107691630814292	0.01
0.89889623	0.106800982120985	0.01
0.899325427	0.105277289981825	0.01
0.899974537	0.110392045025751	0.01
0.900031532	0.109953410815267	0.01
0.900113547	0.110612677127755	0.01
0.900274359	0.110612677127755	0.01
0.900307304	0.110612677127755	0.01
0.901007608	0.0958603463144464	0.01
0.90151373	0.0966570182083389	0.01
0.901568195	0.0963090179067018	0.01
0.901947653	0.0953648112145309	0.01
0.902291602	0.0897073291514626	0.01
0.902932441	0.0844509155145823	0.01
0.903166806	0.0751610726013524	0.01
0.903685884	0.067878598519688	0.01
0.903876527	0.0676022236099752	0.01
0.904039961	0.0673280901534353	0.01
0.904513058	0.0618135718632965	0.01
0.905345526	0.0618135718632965	0.01
0.905424433	0.0620735565431848	0.01
0.906154318	0.0618135718632965	0.01
0.906197141	0.0618135718632965	0.01
0.906922556	0.0615557559045316	0.01
0.906983581	0.0626001424532391	0.01
0.907060652	0.0626001424532391	0.01
0.90712089	0.0626001424532391	0.01
0.907185931	0.0636805798556865	0.01
0.907198748	0.063956541847285	0.01
0.907199842	0.063956541847285	0.01
0.907311244	0.0564129714374329	0.01
0.907324045	0.0564129714374329	0.01
0.907336843	0.0564129714374329	0.01
0.907336844	0.0564129714374329	0.01
0.907436592	0.0564129714374329	0.01
0.907449378	0.0564129714374329	0.01
0.90746216	0.0564129714374329	0.01
0.9075492	0.0564129714374329	0.01
0.907574745	0.0564129714374329	0.01
0.907587512	0.0564129714374329	0.01
0.907674633	0.0564129714374329	0.01
0.907700146	0.0564129714374329	0.01
0.907712898	0.0564129714374329	0.01
0.907951053	0.0564129714374329	0.01
0.907963774	0.056167605585323	0.01
0.908076559	0.056167605585323	0.01
0.908089264	0.056167605585323	0.01
0.908566283	0.0564129714374329	0.01
0.908577365	0.0564129714374329	0.01
0.908578929	0.0564129714374329	0.01
0.908816452	0.0574162535123008	0.01
0.908830322	0.0571621022458292	0.01
0.908855181	0.0571621022458292	0.01
0.908956071	0.0574162535123008	0.01
0.909094444	0.0574162535123008	0.01
0.909183517	0.0571621022458292	0.01
0.909195105	0.0571621022458292	0.01
0.909207673	0.0571621022458292	0.01
0.909308419	0.0571621022458292	0.01
0.90938549	0.0576726748610768	0.01
0.909409249	0.0576726748610768	0.01
0.909620416	0.0576726748610768	0.01
0.909642167	0.0576726748610768	0.01
0.909838426	0.0574162535123008	0.01
0.909896599	0.0574162535123008	0.01
0.909914657	0.0574162535123008	0.01
0.909925885	0.0574162535123008	0.01
0.910014581	0.0576726748610768	0.01
0.910051995	0.0579313968432039	0.01
0.910204731	0.0581924505604121	0.01
0.910267	0.0581924505604121	0.01
0.910467776	0.0592606247961542	0.01
0.910628128	0.0592606247961542	0.01
0.91113001	0.0598095535969544	0.01
0.911351929	0.0598095535969544	0.01
0.911383512	0.0598095535969544	0.01
0.911518912	0.0600878492709913	0.01
0.911747931	0.0603687468884405	0.01
0.912015459	0.0609384952933682	0.01
0.912488931	0.0606522831112459	0.01
0.912776305	0.0600878492709913	0.01
0.912967277	0.0644030906747735	0.01
0.913006436	0.0644030906747735	0.01
0.913139907	0.0644030906747735	0.01
0.913244462	0.0647042703531943	0.01
0.913630289	0.0638090651608291	0.01
0.913751419	0.0644030906747735	0.01
0.914018042	0.0647042703531943	0.01
0.914870556	0.0653151602578984	0.01
0.914968567	0.0653151602578984	0.01
0.914983658	0.0653151602578984	0.01
0.915026039	0.0653151602578984	0.01
0.915269563	0.0653151602578984	0.01
0.916024822	0.0612274214971896	0.01
0.916208994	0.0615191005103882	0.01
0.916688985	0.0615191005103882	0.01
0.917957453	0.0500698568292977	0.01
0.918816837	0.0586217178412206	0.02
0.919120121	0.058855495415778	0.02
0.919822583	0.0593286892279053	0.02
0.922455062	0.0628668000523954	0.02
0.922504312	0.0628668000523954	0.02
0.922787758	0.0628668000523954	0.02
0.923268187	0.0631357391307712	0.02
0.923473233	0.0631357391307712	0.02
0.925553967	0.0612661521258807	0.02
0.926193857	0.0615386446195442	0.02
0.927872541	0.0510597173312306	0.02
0.929379518	0.0556033023807703	0.02
0.93064775	0.0533263326681249	0.03
0.93220206	0.0543074671935373	0.03
0.933174706	0.0549136708724447	0.03
0.934071327	0.0557433124877591	0.03
0.934700606	0.0555335607433062	0.03
0.938770844	0.0322643292665512	0.03
0.942896738	0.0147768619588624	0.03
0.947518522	0.0181139766309942	0.03
0.948845214	0.0182935989219803	0.03
0.949342587	0.0184768192424028	0.03
0.950306111	0.0367652985969496	0.04
0.951999424	0.0184768192424028	0.03
0.954119877	0.0451664332412548	0.04
0.954191796	0.0451664332412548	0.04
0.955985355	0.0479029767546844	0.04
0.956018846	0.0479029767546844	0.04
0.956296714	0.0500698568292977	0.04
0.956549025	0.0500698568292977	0.04
0.956766863	0.0509925105987007	0.04
0.956793172	0.0509925105987007	0.04
0.957486775	0.0509925105987007	0.04
0.958321379	0.0514667075983675	0.04
0.959857154	0.0529437338991739	0.04
0.960039043	0.0529437338991739	0.04
0.960819071	0.0529437338991739	0.04
0.964446178	0.0451664332412548	0.05
0.964458654	0.0451664332412548	0.05
0.966980911	0.0509925105987007	0.05
0.966980912	0.0509925105987007	0.05
0.966986309	0.0509925105987007	0.05
0.967144414	0.0509925105987007	0.05
0.967297223	0.0509925105987007	0.05
0.967302571	0.0509925105987007	0.05
0.967302572	0.0509925105987007	0.05
0.967460779	0.0509925105987007	0.05
0.96746078	0.0509925105987007	0.05
0.967608447	0.0509925105987007	0.05
0.967772081	0.0509925105987007	0.05
0.967935716	0.0509925105987007	0.05
0.968083686	0.0514667075983675	0.05
0.968088909	0.0514667075983675	0.05
0.968237002	0.0514667075983675	0.05
0.968861479	0.0519498068268884	0.05
0.969035555	0.0519498068268884	0.05
0.970292984	0.0519498068268884	0.05
0.970442597	0.0519498068268884	0.05
0.973766743	0.0462999918662432	0.05
0.974203145	0.0449463497364771	0.05
0.978183481	0.0458398084380306	0.05
0.981915796	0.0440870537845125	0.05
0.985118954	0.0359299104724746	0.05
0.9860103	0.0352435022627431	0.05
1.019804062	0.0607950523452926	0.07
1.021711423	0.0645157039083174	0.07
1.023898132	0.0650847295382087	0.07
1.027042278	0.0742535060869249	0.07
1.028094642	0.0598095535969544	0.08
1.029659545	0.0607950523452926	0.08
1.030397618	0.0645157039083174	0.08
1.030958443	0.0645157039083174	0.08
1.031531241	0.0645157039083174	0.08
1.031720423	0.0645157039083174	0.08
1.032104884	0.0650847295382087	0.08
1.034014818	0.0634069890941118	0.08
1.034376329	0.0650847295382087	0.08
1.035677928	0.0650847295382087	0.08
1.036124234	0.0680873672439596	0.08
1.041709188	0.0602982765586354	0.09
1.048661279	0.0687214502901647	0.09
1.054783865	0.0727886402497955	0.09
1.056246636	0.0727886402497955	0.09
1.058571278	0.0687214502901647	0.1
1.067971123	0.0662534342053621	0.11
1.068168044	0.0662534342053621	0.11
1.068277144	0.0662534342053621	0.11
1.06860264	0.0687214502901647	0.11
1.068892568	0.0687214502901647	0.11
1.070020858	0.0693674545145383	0.11
1.070326964	0.0706965970204433	0.11
1.076612069	0.0727886402497955	0.11
1.088407982	0.063956541847285	0.13
1.112743253	0.0556033023807703	0.12
1.113082372	0.0556033023807703	0.12
1.11414031	0.0556033023807703	0.12
1.116382888	0.0556033023807703	0.12
1.125633627	0.0556033023807703	0.11
1.13205703	0.0514667075983675	0.12
1.134317617	0.0514667075983675	0.12
1.136767134	0.055050225243292	0.11
1.137302108	0.0556033023807703	0.11
1.187305519	0.0623357374243628	0.15
1.187446683	0.0623357374243628	0.15
1.18762744	0.0613000816432839	0.15
1.192009701	0.0583897900763359	0.15
1.192075895	0.0583897900763359	0.15
1.203309389	0.0613000816432839	0.14
1.208724051	0.0359299104724746	0.13
1.208769953	0.0359299104724746	0.13
1.209215802	0.0359299104724746	0.13
1.209751115	0.0359299104724746	0.13
1.209768181	0.0359299104724746	0.13
1.209825949	0.0359299104724746	0.13
1.210085375	0.0345828288208607	0.13
1.210771389	0.0345828288208607	0.13
1.21086869	0.0345828288208607	0.13
1.212614931	0.0345828288208607	0.13
1.224141399	0.0342616945660283	0.12
1.22465873	0.0342616945660283	0.12
1.225416562	0.0342616945660283	0.12
1.226767373	0.0342616945660283	0.12
1.243346642	0.0366435869605898	0.11
1.245566855	0.0370111636810662	0.11
1.246668032	0.0370111636810662	0.11
1.248955951	0.0491176459627347	0.12
1.268447511	0.0523004678498595	0.1
1.270060331	0.0506591133864251	0.1
1.275739262	0.0531616867500533	0.09
1.278899002	0.0569101910491645	0.09
1.289511656	0.0462999918662432	0.08
1.302603198	0.0392139836774216	0.1
1.303502827	0.0395502610023148	0.1
1.335508208	0.0462999918662432	0.11
1.335711503	0.0462999918662432	0.11
1.335892556	0.0462999918662432	0.11
1.33625481	0.0462999918662432	0.11
1.336413828	0.0462999918662432	0.11
1.336595099	0.0462999918662432	0.11
1.336979907	0.0574162535123008	0.12
1.337117106	0.0574162535123008	0.12
1.337524247	0.0574162535123008	0.12
1.337529375	0.0574162535123008	0.12
1.337777279	0.0574162535123008	0.12
1.337887386	0.0564129714374329	0.12
1.338686534	0.0462999918662432	0.11
1.340005107	0.0462999918662432	0.11
1.343443085	0.0624110535305214	0.11
1.350085516	0.0584558676775786	0.11
1.360774481	0.0630201982863732	0.1
1.360981621	0.0630201982863732	0.1
1.36116959	0.0630201982863732	0.1
1.361338457	0.0630201982863732	0.1
1.36135761	0.0630201982863732	0.1
1.361545683	0.0630201982863732	0.1
1.361952473	0.0630201982863732	0.1
1.362110213	0.0630201982863732	0.1
1.362279458	0.0630201982863732	0.1
1.364721715	0.0630201982863732	0.1
1.365659238	0.0630201982863732	0.1
1.368077892	0.064921129120445	0.09
1.368578346	0.064921129120445	0.09
1.369707356	0.0636413509992909	0.1
1.373967278	0.0642748702697167	0.1
1.377139612	0.064921129120445	0.1
1.377274175	0.064921129120445	0.1
1.385801753	0.0742535060869249	0.1
1.430594094	0.0668536686623257	0.1
1.434752614	0.0668536686623257	0.1
1.436494579	0.0668536686623257	0.11
1.448119954	0.0662534342053621	0.12
1.450462129	0.0656638820480628	0.12
1.450674974	0.0656638820480628	0.12
1.450928234	0.0656638820480628	0.12
1.454003033	0.0656638820480628	0.12
1.45657643	0.0656638820480628	0.13
1.457818346	0.0656638820480628	0.13
1.485393153	0.0634069890941118	0.15
1.485917469	0.0634069890941118	0.16
1.488337206	0.0634069890941118	0.16
1.506038743	0.0634069890941118	0.18
1.511734415	0.0634069890941118	0.18
1.512821455	0.0634069890941118	0.18
1.516740221	0.0634069890941118	0.19
1.517647523	0.0634069890941118	0.19
1.519065464	0.0634069890941118	0.19
1.523536021	0.0634069890941118	0.19
1.55916507	0.151597792108336	0.23
1.56916589	0.173306409016436	0.22
1.595579044	0.199551280692515	0.19
1.611568792	0.198745105362837	0.18
1.718627381	0.252953751669977	0.07
1.730827961	0.237249279645339	0.06
1.75282717	0.233114209157895	0.04
1.758275756	0.255368588965266	0.03
1.768990518	0.250584157307853	0.02
1.777374698	0.27365588889887	0.01
1.778615293	0.265507311210748	0.01
1.77861633	0.265507311210748	0.01
1.780627841	0.255368588965266	0.01
1.780657571	0.255368588965266	0.01
1.780657572	0.255368588965266	0.01
1.780928629	0.255368588965266	0.01
1.78092863	0.255368588965266	0.01
1.781081012	0.255368588965266	0.01
1.781170031	0.255368588965266	0.01
1.781170032	0.255368588965266	0.01
1.781381862	0.255368588965266	0.01
1.781411499	0.255368588965266	0.01
1.781653031	0.255368588965266	0.01
1.781894629	0.255368588965266	0.01
1.782136292	0.252953751669977	0.01
1.782136293	0.252953751669977	0.01
1.782378022	0.250584157307853	0.01
1.782590324	0.250584157307853	0.01
1.782619816	0.250584157307853	0.01
1.783345594	0.250584157307853	0.01
1.783587651	0.250584157307853	0.01
1.783829774	0.250584157307853	0.01
1.78446873	0.250584157307853	0.01
1.785009515	0.248258546212659	0.01
1.785322292	0.248258546212659	0.01
1.785988286	0.245975705050792	0.01
1.787927091	0.222554824683256	0.01
1.788266632	0.222554824683256	0.01
1.788780487	0.226604773835489	0.01
1.788872102	0.226604773835489	0.01
1.789358594	0.226604773835489	0.01
1.790033715	0.226604773835489	0.01
1.79204453	0.231100260228023	0.02
1.792147241	0.231100260228023	0.02
1.794856772	0.195611323103853	0.02
1.795643534	0.171748596713701	0.02
1.796645824	0.162366265070162	0.02
1.796669094	0.162366265070162	0.02
1.796696941	0.162366265070162	0.02
1.801889818	0.0745870747969952	0.02
1.808733518	0.154877009123762	0.03
1.813240824	0.0440870537845125	0.03
1.813793197	0.0458398084380306	0.03
1.814069382	0.0449463497364771	0.03
1.814345569	0.0449463497364771	0.03
1.814596154	0.0453886826656658	0.03
1.814621756	0.0453886826656658	0.03
1.814621757	0.0453886826656658	0.03
1.814846808	0.0453886826656658	0.03
1.814872379	0.0453886826656658	0.03
1.815123071	0.154931204456084	0.04
1.815169565	0.154931204456084	0.04
1.815288509	0.154931204456084	0.04
1.815322808	0.154931204456084	0.04
1.815373832	0.154931204456084	0.04
1.815624663	0.154931204456084	0.04
1.815850116	0.154931204456084	0.04
1.815875562	0.154931204456084	0.04
1.816101116	0.154931204456084	0.04
1.816377569	0.154931204456084	0.04
1.81637757	0.154931204456084	0.04
1.816879855	0.154931204456084	0.04
1.817399416	0.146668221945166	0.04
1.818036082	0.146668221945166	0.04
1.819217405	0.148239620440679	0.04
1.81989941	0.148239620440679	0.04
1.82134289	0.0935908655131725	0.04
1.822065256	0.0444410687256668	0.04
1.824280416	0.0424634011871086	0.04
1.824985083	0.0428579983211893	0.04
1.829613575	0.143623294704415	0.05
1.830016016	0.143623294704415	0.05
1.835137623	0.0440870537845125	0.05
1.83758722	0.0271916815250537	0.05
1.837659261	0.0271916815250537	0.05
1.839735229	0.143623294704415	0.06
1.842215909	0.0451664332412548	0.06
1.844053766	0.0416956113056653	0.06
1.846490238	0.0271916815250537	0.06
1.860668056	0.137897607491252	0.08
1.860714054	0.137897607491252	0.08
1.876458705	0.0264130501639687	0.08
1.877534086	0.0277367840348898	0.08
1.917919203	0.0269270866374456	0.11
1.932723098	0.0432599979427774	0.12
1.934242286	0.0453886826656658	0.12
1.93486401	0.0413220350085102	0.13
1.938309591	0.0413220350085102	0.13
1.938319698	0.0413220350085102	0.13
1.939501786	0.0416956113056653	0.13
1.940502926	0.0416956113056653	0.13
1.945075766	0.0462999918662432	0.14
1.956133657	0.0462999918662432	0.15
1.959079535	0.0466905955624509	0.15
1.961031557	0.0466905955624509	0.15
2.03833515	0.0591701147850751	0.23
2.045755957	0.0827669770683478	0.23
2.049316864	0.0583384995750926	0.24
2.057190684	0.0579313968432039	0.25
2.057670659	0.0579313968432039	0.25
2.058810915	0.0583384995750926	0.25
2.060706206	0.0583384995750926	0.25
2.077371996	0.0579313968432039	0.27
2.07768814	0.0579313968432039	0.27
2.077935092	0.0579313968432039	0.27
2.079378601	0.0583384995750926	0.27
2.080200147	0.0583384995750926	0.27
2.112854786	0.0575299364956914	0.3
2.114638141	0.0652125454807572	0.3
2.122322709	0.0571340020359336	0.31
2.130868897	0.0571340020359336	0.32
2.175983465	0.0836004673881405	0.36
2.21647999	0.0563582606106175	0.41
2.22342495	0.0575299364956914	0.41
2.225736601	0.0773675376849478	0.41
2.22607531	0.0819499423579343	0.41
2.244892022	0.143210358626688	0.43
2.268175967	0.170740050731635	0.41
2.273953022	0.17946370422603	0.4
2.279085054	0.178677745265992	0.4
2.36737444	0.200339297074679	0.31
2.416816988	0.204374614302663	0.29
2.57811595	0.180073009132763	0.15
2.634889835	0.185505177047287	0.09
2.63880046	0.178332301191213	0.09
2.644514931	0.185505177047287	0.08
2.664122924	0.187389470299569	0.06
2.671148642	0.180073009132763	0.06
2.671193019	0.180073009132763	0.06
2.671193179	0.180073009132763	0.06
2.671237545	0.180073009132763	0.06
2.671237705	0.180073009132763	0.06
2.671599486	0.180073009132763	0.06
2.671599646	0.180073009132763	0.06
2.671872794	0.180073009132763	0.06
2.672323822	0.180073009132763	0.06
2.672686057	0.187389470299569	0.05
2.67300408	0.187389470299569	0.05
2.673366554	0.187389470299569	0.05
2.673410821	0.187389470299569	0.05
2.674201502	0.187389470299569	0.05
2.674498542	0.187389470299569	0.05
2.674640938	0.187389470299569	0.05
2.674817434	0.187389470299569	0.05
2.67498819	0.187389470299569	0.05
2.675753192	0.187389470299569	0.05
2.67595059	0.185505177047287	0.05
2.677404052	0.185505177047287	0.05
2.679543675	0.180073009132763	0.05
2.684222358	0.201637538749174	0.05
2.690797174	0.177879799378767	0.04
2.697875326	0.194576512239487	0.04
2.700424629	0.194576512239487	0.04
2.703341222	0.192728558574745	0.04
2.714352711	0.176624924773672	0.05
2.716197088	0.176624924773672	0.05
2.721223607	0.158905322201163	0.05
2.721339166	0.189135991873911	0.06
2.721753239	0.189135991873911	0.06
2.72212898	0.189135991873911	0.06
2.722504826	0.189135991873911	0.06
2.725892101	0.174949931598201	0.06
2.728042156	0.174949931598201	0.06
2.728457177	0.174949931598201	0.06
2.733911556	0.183991438921337	0.07
2.734951629	0.170110293351125	0.07
2.742221604	0.183991438921337	0.08
2.758261585	0.170110293351125	0.09
2.767264537	0.168556038667969	0.1
2.795646082	0.167029928498607	0.13
2.857457722	0.164059138235424	0.19
2.874914635	0.164059138235424	0.21
3.017087015	0.154444807608096	0.35
3.116832706	0.168248589714297	0.45
3.153761559	0.139162188835762	0.48
3.190582361	0.180300095022724	0.52
3.194633906	0.141676844185059	0.52
3.557717034	0.14944044544572	0.870000000000001
3.561529658	0.147942423518959	0.880000000000001
3.561648443	0.147942423518959	0.880000000000001
3.562131134	0.147942423518959	0.880000000000001
3.565454716	0.147942423518959	0.880000000000001
3.566965252	0.178332301191213	0.880000000000001
3.568359469	0.178332301191213	0.880000000000001
3.571210711	0.185505177047287	0.880000000000001
3.571812505	0.185505177047287	0.880000000000001
3.572123566	0.210559668752258	0.880000000000001
3.572497766	0.210559668752258	0.880000000000001
3.62901857	0.201000747275728	0.910000000000001
3.62939674	0.201000747275728	0.910000000000001
3.6300627	0.201000747275728	0.910000000000001
3.630972932	0.201000747275728	0.910000000000001
3.631169027	0.201000747275728	0.910000000000001
3.631970124	0.19567094260788	0.920000000000001
3.633483005	0.19567094260788	0.920000000000001
3.707141358	0.199192174564078	0.990000000000001
3.82876748	0.20396378199199	1.11
3.963711323	0.200418441149508	1.25
4.078052931	0.23909624608051	1.36
4.442577106	0.274874430924468	1.72
4.445571488	0.274874430924468	1.72
4.452121847	0.270796225204394	1.73
4.453932605	0.274874430924468	1.73
4.459832487	0.237113601797944	1.74
4.464002998	0.274874430924468	1.74
4.475601202	0.274874430924468	1.75
4.480518943	0.238971359950794	1.76
4.536342962	0.278714658225254	1.81
4.536969429	0.278714658225254	1.81
4.537444354	0.278714658225254	1.81
4.550359745	0.281458057839361	1.82
4.848628454	0.281458057839361	2.12
4.895921957	0.273385232260731	2.17
5.341769851	0.300922584078443	2.23
5.342582978	0.300922584078443	2.23
5.343129076	0.300922584078443	2.23
5.346842194	0.300922584078443	2.24
5.443653327	0.308102159460971	2.29
6.232084175	0.369061771838889	2.66999999999999
6.2338777	0.374829931171452	2.66999999999999
6.234722781	0.374829931171452	2.66999999999999
6.35095118	0.331854884787539	2.78999999999998
7	0.315632696746573	3.36999999999997
