thrs	post_p	finalwindow
0	0.0681081164227596	0.23
0.03256001	0.0681081164227596	0.2
0.089689176	0.0639684185053689	0.16
0.093809574	0.0639684185053689	0.15
0.098963073	0.0603031182982416	0.16
0.103967892	0.0589519723330815	0.16
0.113424721	0.0589519723330815	0.15
0.127695348	0.0576600467784146	0.16
0.129609166	0.0576600467784146	0.16
0.130460633	0.0576600467784146	0.16
0.14705261	0.0460535724700104	0.15
0.148447444	0.0660769448880001	0.15
0.148782099	0.0645569969595303	0.15
0.151339737	0.0621734037026116	0.15
0.155752372	0.0579422238975732	0.15
0.161204767	0.0621734037026116	0.14
0.172569069	0.0556037444408365	0.13
0.178062567	0.0592363819268487	0.12
0.178140913	0.0592363819268487	0.12
0.178189211	0.0592363819268487	0.12
0.178358463	0.0592363819268487	0.12
0.181430774	0.0631054025191871	0.12
0.181486006	0.0631054025191871	0.12
0.194681585	0.0593955762208175	0.11
0.205298456	0.0617176520838301	0.1
0.222049977	0.053371410088867	0.08
0.222656148	0.0463238505848412	0.08
0.222686318	0.0463238505848412	0.08
0.222697977	0.0453263131135192	0.08
0.222812147	0.0524842126563759	0.08
0.222924291	0.0524842126563759	0.08
0.223196808	0.0521129506752491	0.08
0.226694446	0.04965424677784	0.08
0.226728961	0.04965424677784	0.08
0.226867021	0.04965424677784	0.08
0.226923294	0.04965424677784	0.08
0.226929675	0.04965424677784	0.08
0.226957829	0.04965424677784	0.08
0.227177477	0.0499911894344181	0.08
0.227432153	0.04965424677784	0.08
0.237068117	0.0375167532788614	0.07
0.241897099	0.0369893221254785	0.07
0.242615688	0.0378541045889213	0.06
0.254481698	0.0444958953894059	0.05
0.256228734	0.0437559138794449	0.05
0.256259656	0.0437559138794449	0.05
0.256650521	0.0433950766152701	0.05
0.259750174	0.0426909664651899	0.05
0.272151172	0.041676625530257	0.05
0.287097646	0.0385473413412673	0.05
0.295749179	0.0400128839569239	0.04
0.296044019	0.0400128839569239	0.04
0.296839561	0.0415942685884547	0.04
0.296874128	0.0415942685884547	0.04
0.296879772	0.0415942685884547	0.04
0.29691506	0.0415942685884547	0.04
0.296919994	0.0415942685884547	0.04
0.296960227	0.0415942685884547	0.04
0.29723727	0.0415942685884547	0.04
0.297242165	0.0415942685884547	0.04
0.297345093	0.0415942685884547	0.04
0.29736316	0.0415942685884547	0.04
0.297631463	0.0415942685884547	0.04
0.298033592	0.0415942685884547	0.04
0.298062423	0.0415942685884547	0.04
0.298432807	0.0411873184639463	0.04
0.29855614	0.0411873184639463	0.04
0.298682719	0.0411873184639463	0.04
0.29926506	0.0411873184639463	0.04
0.299931082	0.0420093406800066	0.04
0.300638986	0.0420093406800066	0.04
0.301159527	0.0420093406800066	0.04
0.302397905	0.0420093406800066	0.04
0.30240618	0.0420093406800066	0.04
0.302452098	0.0420093406800066	0.04
0.302453753	0.0420093406800066	0.04
0.302531356	0.0420093406800066	0.04
0.302535608	0.0420093406800066	0.04
0.302694303	0.0420093406800066	0.04
0.302757814	0.0420093406800066	0.04
0.303037639	0.0420093406800066	0.04
0.304168238	0.0420093406800066	0.04
0.305094409	0.0420093406800066	0.04
0.306047128	0.0407882542250817	0.04
0.306464617	0.0407882542250817	0.04
0.307314933	0.0407882542250817	0.04
0.308759935	0.0407882542250817	0.04
0.319078068	0.0415942685884547	0.03
0.320217262	0.0415942685884547	0.03
0.322066605	0.0407882542250817	0.03
0.322591403	0.0407882542250817	0.03
0.323097253	0.0407882542250817	0.03
0.323537089	0.0407882542250817	0.03
0.327195424	0.0341673081115284	0.04
0.328591896	0.0341673081115284	0.04
0.330254195	0.0341673081115284	0.04
0.333944256	0.0333551527263345	0.04
0.334029253	0.0333551527263345	0.04
0.338071632	0.0403968488522397	0.05
0.345554528	0.0389035693429443	0.05
0.351815198	0.0377861498431736	0.06
0.356200611	0.0377861498431736	0.06
0.356206548	0.0377861498431736	0.06
0.356351443	0.0377861498431736	0.06
0.356437896	0.0377861498431736	0.06
0.356490553	0.0377861498431736	0.06
0.357959666	0.0385473413412673	0.06
0.367161303	0.0430401420310453	0.07
0.37384574	0.0781810498807948	0.08
0.381649088	0.0873214596376755	0.07
0.386863037	0.0843230252630263	0.06
0.387745392	0.0887949366036941	0.06
0.389299853	0.0882982832531419	0.06
0.389825341	0.0936336560643382	0.06
0.395214438	0.0939470934272574	0.06
0.398731854	0.0957999634759275	0.05
0.403209246	0.0991467400062138	0.05
0.412388288	0.113900820835222	0.04
0.419019267	0.10855126102303	0.03
0.423143546	0.112131063323295	0.03
0.428769674	0.116260009358791	0.02
0.438307149	0.12103517100575	0.01
0.438815006	0.122037664603876	0.01
0.440316292	0.127530378948646	0.01
0.441750067	0.125502652072814	0.01
0.444499874	0.106565409398072	0.01
0.444770984	0.104085578564152	0.01
0.445049535	0.104085578564152	0.01
0.445117302	0.114923658921167	0.01
0.445156208	0.114923658921167	0.01
0.445185067	0.113617680724575	0.01
0.445185068	0.113617680724575	0.01
0.445245414	0.113617680724575	0.01
0.445252832	0.113617680724575	0.01
0.445252833	0.113617680724575	0.01
0.445252835	0.113617680724575	0.01
0.44531318	0.113617680724575	0.01
0.445313187	0.113617680724575	0.01
0.44531319	0.113617680724575	0.01
0.445373562	0.113617680724575	0.01
0.445419149	0.113617680724575	0.01
0.445433949	0.113617680724575	0.01
0.445479567	0.112341050964273	0.01
0.445494353	0.112341050964273	0.01
0.445540001	0.112341050964273	0.01
0.445554774	0.110479006431249	0.01
0.445615211	0.110479006431249	0.01
0.445691925	0.114364967570594	0.01
0.445736134	0.114364967570594	0.01
0.445917642	0.118758865518357	0.01
0.445978177	0.118758865518357	0.01
0.446038729	0.118758865518357	0.01
0.446319857	0.116874812607601	0.01
0.446351359	0.116874812607601	0.01
0.446394864	0.116874812607601	0.01
0.446395102	0.116874812607601	0.01
0.446465528	0.116874812607601	0.01
0.44656991	0.116874812607601	0.01
0.446772341	0.116874812607601	0.01
0.446888185	0.11504960534509	0.01
0.447158639	0.11504960534509	0.01
0.447533088	0.11504960534509	0.01
0.447649603	0.114453805694975	0.01
0.447876705	0.114453805694975	0.01
0.449051315	0.115651640432402	0.01
0.449552291	0.114453805694975	0.01
0.451750007	0.113280529186091	0.01
0.453117722	0.107915222089818	0.01
0.453607731	0.107364771067101	0.01
0.45367678	0.107364771067101	0.01
0.453739439	0.107364771067101	0.01
0.453782962	0.107364771067101	0.01
0.453789353	0.107364771067101	0.01
0.453802119	0.107364771067101	0.01
0.453864805	0.107364771067101	0.01
0.453864814	0.107364771067101	0.01
0.453952078	0.107364771067101	0.01
0.453977538	0.107364771067101	0.01
0.453990257	0.107364771067101	0.01
0.454053004	0.107364771067101	0.01
0.454159539	0.107364771067101	0.01
0.454172215	0.107364771067101	0.01
0.454228692	0.107364771067101	0.01
0.454266222	0.107364771067101	0.01
0.454278877	0.107364771067101	0.01
0.454379121	0.107364771067101	0.01
0.454618511	0.108471346440386	0.01
0.454637485	0.108471346440386	0.01
0.455078808	0.110754368239045	0.01
0.455180191	0.113135558806271	0.01
0.455439212	0.11431718875645	0.01
0.455550168	0.120350730650274	0.01
0.455665947	0.125887576379391	0.01
0.455678249	0.125887576379391	0.01
0.455755613	0.134553966442594	0.01
0.455804735	0.134553966442594	0.01
0.456159276	0.107234537970025	0.02
0.456880284	0.107234537970025	0.02
0.45760535	0.106716749772109	0.02
0.457901934	0.106716749772109	0.02
0.458664131	0.106716749772109	0.02
0.459124851	0.107757375268497	0.02
0.460382332	0.105696030917684	0.02
0.462114195	0.10117210037155	0.02
0.46331093	0.10117210037155	0.02
0.464728436	0.0992636314650427	0.02
0.472596627	0.0629481338085558	0.02
0.474072423	0.0943682888083565	0.03
0.47699163	0.0649840853054882	0.03
0.478419311	0.0679824174880709	0.03
0.478888149	0.0679824174880709	0.03
0.479732593	0.0593955762208175	0.03
0.479936634	0.0593955762208175	0.03
0.483671852	0.0617176520838301	0.03
0.483988273	0.0880520342017774	0.04
0.484225862	0.0880520342017774	0.04
0.484458594	0.0880520342017774	0.04
0.484927676	0.0891711086672416	0.04
0.485802156	0.0952221122185722	0.04
0.48628356	0.0972526989462718	0.04
0.486776039	0.0645569969595303	0.04
0.489424331	0.0597165456322145	0.04
0.499369323	0.068403229452097	0.05
0.508934563	0.0642286785554362	0.06
0.511690912	0.058298853039415	0.06
0.51473946	0.0876520304111276	0.07
0.514742139	0.0876520304111276	0.07
0.514839037	0.0879851135634665	0.07
0.514971335	0.0879851135634665	0.07
0.516063638	0.0940870735034787	0.07
0.51682809	0.0659733918264024	0.07
0.518492841	0.0617176520838301	0.07
0.520735072	0.055973402283687	0.07
0.529143364	0.0529240934818575	0.07
0.534226929	0.0519659124203548	0.06
0.534308248	0.0519659124203548	0.06
0.534380672	0.0509594275372535	0.06
0.534888196	0.0509594275372535	0.06
0.536755919	0.0588421047802101	0.06
0.539174229	0.0588421047802101	0.06
0.543234343	0.0599595584803623	0.06
0.544416783	0.062326820368765	0.06
0.55657045	0.117340199218786	0.05
0.556645891	0.117340199218786	0.05
0.556807604	0.117340199218786	0.05
0.55802857	0.116260009358791	0.05
0.568776608	0.112131063323295	0.06
0.57444178	0.115199525735919	0.06
0.583655412	0.120704656526676	0.06
0.586308239	0.119561936375463	0.06
0.591193432	0.114158213964201	0.06
0.591819223	0.114158213964201	0.06
0.593573546	0.114158213964201	0.06
0.593673806	0.114158213964201	0.06
0.593673808	0.114158213964201	0.06
0.59375428	0.114158213964201	0.06
0.593824895	0.114158213964201	0.06
0.593834769	0.114158213964201	0.06
0.593915284	0.114158213964201	0.06
0.594152812	0.114158213964201	0.06
0.594318181	0.100688136168609	0.06
0.595015574	0.103663426026187	0.06
0.595887104	0.103663426026187	0.06
0.596894832	0.10469465291084	0.06
0.597117526	0.101660739456687	0.06
0.602148457	0.101660739456687	0.06
0.602674298	0.101660739456687	0.06
0.604317115	0.102652315860158	0.06
0.604813246	0.0968147641793032	0.07
0.604905308	0.0984615986646592	0.07
0.60490531	0.0984615986646592	0.07
0.604905312	0.0984615986646592	0.07
0.604988853	0.0984615986646592	0.07
0.606404306	0.0984615986646592	0.07
0.607971158	0.0960915271078758	0.06
0.608524688	0.0960915271078758	0.06
0.608756287	0.0960915271078758	0.06
0.61827716	0.101660739456687	0.05
0.624510489	0.112859825016611	0.05
0.635412418	0.10965287542031	0.05
0.636066531	0.10965287542031	0.05
0.63624959	0.10965287542031	0.05
0.636422142	0.111770200454097	0.05
0.637031954	0.111770200454097	0.05
0.641599528	0.110701414635283	0.05
0.644129804	0.106623143218867	0.06
0.64801212	0.10862401289329	0.06
0.648110758	0.10862401289329	0.06
0.648827538	0.10862401289329	0.06
0.65703705	0.099306205815923	0.07
0.659386285	0.0968147641793032	0.07
0.667472678	0.093681012069026	0.08
0.667879261	0.093681012069026	0.08
0.667879263	0.093681012069026	0.08
0.667969788	0.093681012069026	0.08
0.669490645	0.093681012069026	0.08
0.671132308	0.0929290180193766	0.08
0.678915807	0.0873214596376755	0.09
0.680589305	0.0873214596376755	0.09
0.68060848	0.0873214596376755	0.09
0.690723937	0.0866677423764471	0.1
0.692614054	0.0886589324485385	0.1
0.712401774	0.0835406770022715	0.12
0.71365913	0.0860237402706226	0.12
0.714295462	0.0776566151595043	0.12
0.715653707	0.0705879300389387	0.12
0.717816093	0.0817704573645349	0.13
0.719314887	0.0817704573645349	0.13
0.725609694	0.0705879300389387	0.13
0.725869057	0.0705879300389387	0.13
0.72717465	0.0734011213001784	0.13
0.742183791	0.0661511106110745	0.14
0.744518666	0.0649840853054882	0.14
0.7500464	0.00983103578788206	0.14
0.75180067	0.0792305989494295	0.14
0.756122282	0.0934807729420002	0.14
0.762884543	0.0946866721732599	0.13
0.763284143	0.0941572200847268	0.13
0.763491091	0.0989069458837809	0.13
0.765321243	0.0952221122185722	0.13
0.766651587	0.0949693880939735	0.13
0.772093843	0.0828280288806876	0.12
0.793117932	0.102394578027168	0.1
0.799403767	0.094702809142072	0.1
0.812482547	0.105393611905567	0.08
0.828284953	0.105011208792106	0.07
0.856064956	0.111770200454097	0.04
0.861362559	0.0838431922590261	0.03
0.861783488	0.098061269606994	0.03
0.864973627	0.115486825073115	0.03
0.867661243	0.112131063323295	0.03
0.874413626	0.119459124683949	0.02
0.875213305	0.115104076680964	0.02
0.877564409	0.112494263914145	0.02
0.880342154	0.103140076115464	0.02
0.882485476	0.117998001910526	0.01
0.883236842	0.11923422041457	0.01
0.884296127	0.12371442176319	0.01
0.885048106	0.119871436008905	0.01
0.886381245	0.11783785826424	0.01
0.888469193	0.1139709037806	0.01
0.889014569	0.109307762469922	0.01
0.889209764	0.109307762469922	0.01
0.889576687	0.10862401289329	0.01
0.889752182	0.10862401289329	0.01
0.890068113	0.107948764217771	0.01
0.890083013	0.107948764217771	0.01
0.890218544	0.107614278329368	0.01
0.890228158	0.107614278329368	0.01
0.890309475	0.106951486803432	0.01
0.890354074	0.107281858888167	0.01
0.890354075	0.107281858888167	0.01
0.890407894	0.107281858888167	0.01
0.890474761	0.107281858888167	0.01
0.890489605	0.107281858888167	0.01
0.890489606	0.107281858888167	0.01
0.890506418	0.107281858888167	0.01
0.890580647	0.107281858888167	0.01
0.890595481	0.107281858888167	0.01
0.89061031	0.107281858888167	0.01
0.890610311	0.107281858888167	0.01
0.89068659	0.107281858888167	0.01
0.890716233	0.107281858888167	0.01
0.890731048	0.107281858888167	0.01
0.890731049	0.107281858888167	0.01
0.890822213	0.107281858888167	0.01
0.890851819	0.107281858888167	0.01
0.890928251	0.107281858888167	0.01
0.890957836	0.107281858888167	0.01
0.890972622	0.107281858888167	0.01
0.890972623	0.107281858888167	0.01
0.891093459	0.106951486803432	0.01
0.89119957	0.106951486803432	0.01
0.891246709	0.106951486803432	0.01
0.891320486	0.106951486803432	0.01
0.891382479	0.106951486803432	0.01
0.891456164	0.106951486803432	0.01
0.89149835	0.106951486803432	0.01
0.891562417	0.106623143218867	0.01
0.891577132	0.105650098344867	0.01
0.891686849	0.105650098344867	0.01
0.891698132	0.105650098344867	0.01
0.891793338	0.105650098344867	0.01
0.891881522	0.105650098344867	0.01
0.892012117	0.105011208792106	0.01
0.89216782	0.103756333715188	0.01
0.892182462	0.103756333715188	0.01
0.892245091	0.103756333715188	0.01
0.892546055	0.1040672323748	0.01
0.89273031	0.1040672323748	0.01
0.892793389	0.1040672323748	0.01
0.892924751	0.109682557958333	0.01
0.892952212	0.108711443964575	0.01
0.893320622	0.10903323228299	0.01
0.893352088	0.10903323228299	0.01
0.894085351	0.106819906997743	0.01
0.894232534	0.105898609627652	0.01
0.894482721	0.106511031889403	0.01
0.894511483	0.106203937886583	0.01
0.894906463	0.105898609627652	0.01
0.894913415	0.105898609627652	0.01
0.895081202	0.106203937886583	0.01
0.89539422	0.105898609627652	0.01
0.895524497	0.108595708914568	0.01
0.895638516	0.108285335882199	0.01
0.89693811	0.107061384516378	0.01
0.897131294	0.115939819811058	0.01
0.89799116	0.108895090033743	0.01
0.898155973	0.107308918168712	0.01
0.898455429	0.105551805709449	0.01
0.898485328	0.105985666983839	0.01
0.898662437	0.105336204387235	0.01
0.898755243	0.104907633330503	0.01
0.89889623	0.10469465291084	0.01
0.898920463	0.10469465291084	0.01
0.899325427	0.10469465291084	0.01
0.899413875	0.103851309305188	0.01
0.900031532	0.101600652652753	0.01
0.900113547	0.10220473599561	0.01
0.900274359	0.102407696580572	0.01
0.900307304	0.102407696580572	0.01
0.901007608	0.111635474971005	0.01
0.90151373	0.0893983456795643	0.01
0.901568195	0.0893983456795643	0.01
0.901947653	0.0882365919553155	0.01
0.902162268	0.0882365919553155	0.01
0.902860993	0.068403229452097	0.01
0.902932441	0.0686511176672649	0.01
0.903685884	0.0612685334632731	0.01
0.903876527	0.0610464164398954	0.01
0.904220945	0.0606069790639813	0.01
0.904508173	0.0619446896182675	0.01
0.904513058	0.0621734037026116	0.01
0.905345526	0.0624038129763106	0.01
0.905424433	0.0631054025191871	0.01
0.905541598	0.0633427845697984	0.01
0.906154318	0.0626359363561453	0.01
0.906508268	0.0621734037026116	0.01
0.906983581	0.0621734037026116	0.01
0.907060652	0.0621734037026116	0.01
0.90712089	0.0621734037026116	0.01
0.907185931	0.0626359363561453	0.01
0.907198748	0.0626359363561453	0.01
0.907199842	0.0626359363561453	0.01
0.907298438	0.0624038129763106	0.01
0.907311244	0.0624038129763106	0.01
0.907324045	0.0624038129763106	0.01
0.907336843	0.0624038129763106	0.01
0.907336844	0.0624038129763106	0.01
0.907436592	0.0624038129763106	0.01
0.907449378	0.0624038129763106	0.01
0.90746216	0.0624038129763106	0.01
0.907536422	0.0624038129763106	0.01
0.907574745	0.0624038129763106	0.01
0.907587512	0.0624038129763106	0.01
0.907674633	0.0624038129763106	0.01
0.907700146	0.0624038129763106	0.01
0.907712898	0.0624038129763106	0.01
0.907951053	0.0624038129763106	0.01
0.907963773	0.0624038129763106	0.01
0.907963774	0.0624038129763106	0.01
0.908076559	0.0628697930414062	0.01
0.908089263	0.0628697930414062	0.01
0.908089264	0.0628697930414062	0.01
0.908151307	0.0628697930414062	0.01
0.90817671	0.0638229470101767	0.01
0.908189407	0.0638229470101767	0.01
0.908214789	0.0638229470101767	0.01
0.908289632	0.0633427845697984	0.01
0.908453284	0.0633427845697984	0.01
0.908566283	0.0643104446828868	0.01
0.908578929	0.0643104446828868	0.01
0.908691978	0.0645569969595303	0.01
0.908729307	0.0645569969595303	0.01
0.908816452	0.0653081284986168	0.01
0.908943472	0.0660769448880001	0.01
0.909094444	0.0660769448880001	0.01
0.909346075	0.0660769448880001	0.01
0.90938549	0.0660769448880001	0.01
0.909434338	0.0663372553593993	0.01
0.909620416	0.0663372553593993	0.01
0.909642167	0.0663372553593993	0.01
0.909896599	0.0663372553593993	0.01
0.909914657	0.0663372553593993	0.01
0.909925885	0.0663372553593993	0.01
0.910014581	0.0660769448880001	0.01
0.910204731	0.0668640781333048	0.01
0.910267	0.0668640781333048	0.01
0.910628128	0.0673993355041033	0.01
0.911049792	0.0676701907179665	0.01
0.91113001	0.0676701907179665	0.01
0.911351929	0.0676701907179665	0.01
0.911383512	0.0671306398845139	0.01
0.911404622	0.0671306398845139	0.01
0.911518912	0.0673993355041033	0.01
0.911747931	0.0682184849165159	0.01
0.912015459	0.0676701907179665	0.01
0.912707801	0.0684959774628527	0.01
0.912967277	0.0652912468395017	0.01
0.913006436	0.0652912468395017	0.01
0.913244462	0.0652912468395017	0.01
0.913630289	0.0650223223534196	0.01
0.913751419	0.0661115348524862	0.01
0.914018042	0.0669526965250684	0.01
0.914870556	0.0710988589383545	0.01
0.914983658	0.0710988589383545	0.01
0.915026039	0.0710988589383545	0.01
0.915269563	0.0710988589383545	0.01
0.916024822	0.0669526965250684	0.01
0.916208994	0.0669526965250684	0.01
0.916688985	0.0681081164227596	0.01
0.917248255	0.0467814335324862	0.01
0.918238351	0.0208187064583716	0.01
0.918456927	0.0666551253053129	0.02
0.918483627	0.0666551253053129	0.02
0.918816837	0.0684813163225118	0.02
0.919120121	0.0696743860351123	0.02
0.920002472	0.0701633354593749	0.02
0.921364075	0.0711621149860204	0.02
0.921783065	0.0721897405170792	0.02
0.922455062	0.0737880592342354	0.02
0.922787758	0.0737880592342354	0.02
0.923473233	0.0672884360642384	0.02
0.924160807	0.0691078051909262	0.02
0.924412009	0.0699180059294701	0.02
0.924507726	0.0699180059294701	0.02
0.924627878	0.0704687768580401	0.02
0.925553967	0.0671306398845139	0.02
0.926193857	0.0673993355041033	0.02
0.927872541	0.0466661923899669	0.02
0.929379518	0.0312118721777701	0.02
0.93064775	0.0628821496700357	0.03
0.93220206	0.0651352832360589	0.03
0.933174706	0.0592644129995468	0.03
0.934071327	0.0606712050123252	0.03
0.941112169	0.0233602534831606	0.03
0.947518522	0.0294642430629928	0.03
0.948845214	0.0306067406077273	0.03
0.950306111	0.0312118721777701	0.03
0.951999424	0.0313669124450313	0.04
0.953473419	0.0325807106908471	0.04
0.954119877	0.0338922305963105	0.04
0.954191796	0.0338922305963105	0.04
0.955603107	0.0353137683448471	0.04
0.955985355	0.0353137683448471	0.04
0.956296714	0.0371853617262248	0.04
0.956549025	0.0371853617262248	0.04
0.956766863	0.0375167532788614	0.04
0.956780018	0.0375167532788614	0.04
0.95679317	0.0375167532788614	0.04
0.957016096	0.0375167532788614	0.04
0.957077957	0.0375167532788614	0.04
0.957486775	0.0378541045889213	0.04
0.959031973	0.0400128839569239	0.04
0.959642592	0.0403968488522397	0.04
0.959857154	0.0403968488522397	0.04
0.960039043	0.0407882542250817	0.04
0.964458654	0.0338922305963105	0.05
0.966653906	0.0371853617262248	0.05
0.966980912	0.0375167532788614	0.05
0.966986309	0.0375167532788614	0.05
0.967139043	0.0375167532788614	0.05
0.967144414	0.0375167532788614	0.05
0.967302571	0.0378541045889213	0.05
0.967460779	0.0378541045889213	0.05
0.96746078	0.0378541045889213	0.05
0.96761904	0.0378541045889213	0.05
0.967772081	0.0378541045889213	0.05
0.967925221	0.0378541045889213	0.05
0.967935716	0.0378541045889213	0.05
0.968088909	0.0378541045889213	0.05
0.968237002	0.0378541045889213	0.05
0.968861479	0.0400128839569239	0.05
0.969035555	0.0400128839569239	0.05
0.970292984	0.0403968488522397	0.05
0.970442597	0.0403968488522397	0.05
0.973457204	0.0357334218764276	0.06
0.97801719	0.038336718825615	0.06
0.978183481	0.038336718825615	0.06
0.985118954	0.0264969813840559	0.06
0.9860103	0.0269493130671682	0.06
1.019804062	0.0448753518753595	0.07
1.021711423	0.0452613359609249	0.07
1.022530753	0.0456540175439695	0.07
1.023898132	0.0464601827947762	0.07
1.029078227	0.0444958953894059	0.08
1.029271857	0.0444958953894059	0.08
1.029637844	0.0444958953894059	0.08
1.029659545	0.0444958953894059	0.08
1.030020301	0.0444958953894059	0.08
1.030392053	0.0452613359609249	0.08
1.030397618	0.0452613359609249	0.08
1.030958443	0.0452613359609249	0.08
1.031720423	0.0452613359609249	0.08
1.032104884	0.0456540175439695	0.08
1.0327094	0.0456540175439695	0.08
1.034014818	0.0448753518753595	0.08
1.034376329	0.0460535724700104	0.08
1.034854243	0.0460535724700104	0.08
1.035677928	0.0468740370608005	0.08
1.036124234	0.0472953305889323	0.08
1.039046839	0.0420093406800066	0.09
1.043349328	0.0420093406800066	0.09
1.044012776	0.0423474108805899	0.09
1.048661279	0.0514577488786148	0.09
1.057424783	0.0504706652005747	0.1
1.058571278	0.0514577488786148	0.1
1.067766296	0.0514577488786148	0.11
1.068168044	0.0514577488786148	0.11
1.068277144	0.0514577488786148	0.11
1.06860264	0.0514577488786148	0.11
1.068892568	0.0514577488786148	0.11
1.076612069	0.0737276011691032	0.12
1.088407982	0.0725974331265636	0.13
1.088762574	0.0725974331265636	0.13
1.091073782	0.0760968936818517	0.13
1.113082372	0.0906648060140444	0.14
1.113233383	0.0906648060140444	0.14
1.11414031	0.0924343600504109	0.14
1.127882011	0.0898051952285278	0.15
1.13205703	0.0830164952236571	0.14
1.133642817	0.0830164952236571	0.14
1.183360064	0.0669526965250684	0.16
1.187305519	0.0776566151595043	0.15
1.18762744	0.0748935136829858	0.15
1.192009701	0.0735844095565895	0.15
1.192725439	0.0729468707047504	0.15
1.203309389	0.0769469005127849	0.14
1.208724051	0.0504706652005747	0.14
1.208769953	0.0504706652005747	0.14
1.209215802	0.0514577488786148	0.14
1.209751115	0.0514577488786148	0.14
1.210085375	0.0514577488786148	0.14
1.212614931	0.0514577488786148	0.14
1.226416878	0.0638575230354668	0.14
1.226767373	0.0638575230354668	0.14
1.243346642	0.0692606782788146	0.12
1.245566855	0.0692606782788146	0.12
1.246668032	0.0692606782788146	0.12
1.248955951	0.0692606782788146	0.12
1.265568721	0.0734011213001784	0.1
1.268447511	0.0726770090944347	0.1
1.270060331	0.0705879300389387	0.1
1.278899002	0.0762500407459867	0.1
1.285172518	0.0857405791006373	0.1
1.289511656	0.0915410321426881	0.1
1.293113698	0.0834737476109997	0.11
1.297280078	0.0849714116392678	0.11
1.302603198	0.0820279633449299	0.12
1.325958837	0.049520738059793	0.12
1.33510162	0.0577655405318304	0.13
1.335485912	0.0577655405318304	0.13
1.335508208	0.0577655405318304	0.13
1.335711503	0.0577655405318304	0.13
1.335892556	0.0577655405318304	0.13
1.336051433	0.0577655405318304	0.13
1.33625481	0.0577655405318304	0.13
1.33638917	0.0577655405318304	0.13
1.336413828	0.0577655405318304	0.13
1.336665633	0.0577655405318304	0.13
1.337117106	0.0577655405318304	0.13
1.337161305	0.0577655405318304	0.13
1.337524247	0.0577655405318304	0.13
1.337529375	0.0577655405318304	0.13
1.337777279	0.0577655405318304	0.13
1.337887386	0.0577655405318304	0.13
1.338686534	0.0577655405318304	0.13
1.340005107	0.0605343538410883	0.13
1.342368518	0.0567276617415786	0.14
1.346883901	0.0661511106110745	0.14
1.360533959	0.0734011213001784	0.13
1.360774481	0.0734011213001784	0.13
1.360981621	0.0734011213001784	0.13
1.36116959	0.0734011213001784	0.13
1.361338457	0.0734011213001784	0.13
1.36135761	0.0734011213001784	0.13
1.361952473	0.0734011213001784	0.13
1.362279458	0.0734011213001784	0.13
1.368077892	0.0726770090944347	0.13
1.368578346	0.0726770090944347	0.13
1.369020462	0.0726770090944347	0.13
1.370127164	0.0726770090944347	0.13
1.373967278	0.0686155951226134	0.14
1.377139612	0.0673608188000114	0.14
1.377544294	0.0673608188000114	0.14
1.379222918	0.0661511106110745	0.14
1.384187356	0.0734011213001784	0.13
1.385801753	0.0726770090944347	0.13
1.418305639	0.0726770090944347	0.14
1.430594094	0.0712708161915616	0.13
1.434752614	0.0705879300389387	0.13
1.436494579	0.0705879300389387	0.13
1.440102642	0.0726770090944347	0.12
1.448119954	0.0712708161915616	0.12
1.450928234	0.0692606782788146	0.12
1.457818346	0.0692606782788146	0.13
1.484117024	0.0661511106110745	0.15
1.485393153	0.0673608188000114	0.15
1.488337206	0.0661511106110745	0.16
1.494140559	0.0661511106110745	0.16
1.506038743	0.0661511106110745	0.18
1.511734415	0.0661511106110745	0.18
1.511964569	0.0661511106110745	0.18
1.512403577	0.0661511106110745	0.18
1.512821455	0.0661511106110745	0.18
1.515375804	0.0673608188000114	0.18
1.516740221	0.0661511106110745	0.19
1.519065464	0.0661511106110745	0.19
1.558319819	0.140591599756716	0.23
1.558531046	0.140591599756716	0.23
1.55916507	0.139968335697305	0.23
1.561070241	0.150352241209735	0.22
1.56916589	0.161895543322679	0.22
1.595407686	0.155960659337161	0.19
1.611568792	0.172212662609985	0.17
1.730827961	0.19807561487596	0.06
1.745720251	0.202574953215879	0.04
1.75282717	0.19807561487596	0.04
1.77861633	0.22578985880844	0.01
1.780115455	0.208302740193253	0.01
1.780627841	0.208302740193253	0.01
1.780657571	0.208302740193253	0.01
1.780657572	0.208302740193253	0.01
1.780839524	0.208302740193253	0.01
1.780928629	0.208302740193253	0.01
1.78092863	0.208302740193253	0.01
1.781140367	0.208302740193253	0.01
1.781170032	0.208302740193253	0.01
1.781381862	0.208302740193253	0.01
1.781411498	0.208302740193253	0.01
1.781411499	0.208302740193253	0.01
1.781623424	0.208302740193253	0.01
1.781653031	0.208302740193253	0.01
1.7818108	0.208302740193253	0.01
1.781894629	0.208302740193253	0.01
1.782136292	0.208302740193253	0.01
1.782136293	0.208302740193253	0.01
1.782378022	0.208302740193253	0.01
1.782531315	0.208302740193253	0.01
1.782590324	0.208302740193253	0.01
1.782619816	0.208302740193253	0.01
1.783044725	0.208302740193253	0.01
1.783103602	0.208302740193253	0.01
1.783286774	0.208302740193253	0.01
1.783345594	0.208302740193253	0.01
1.78377107	0.208302740193253	0.01
1.784013316	0.208302740193253	0.01
1.784314217	0.208302740193253	0.01
1.78446873	0.208302740193253	0.01
1.784506241	0.208302740193253	0.01
1.785322292	0.201371216694935	0.01
1.785497332	0.201371216694935	0.01
1.785988286	0.196467937022963	0.01
1.786357195	0.196467937022963	0.01
1.788266632	0.185905634344314	0.01
1.788872102	0.190289993153762	0.01
1.789358594	0.190289993153762	0.01
1.789747139	0.190289993153762	0.01
1.790033715	0.190289993153762	0.01
1.790095821	0.190289993153762	0.01
1.794856772	0.155399959638653	0.02
1.795172249	0.143531601913029	0.02
1.795643534	0.139720574628573	0.02
1.796645824	0.136106692312168	0.02
1.796669094	0.136106692312168	0.02
1.796696941	0.136106692312168	0.02
1.808733518	0.0279019448787844	0.02
1.809599251	0.0284039711536237	0.02
1.812688451	0.039636149375439	0.02
1.813240824	0.039636149375439	0.02
1.813716026	0.039636149375439	0.02
1.813793197	0.039636149375439	0.02
1.814345569	0.039636149375439	0.02
1.814596154	0.039636149375439	0.02
1.814621756	0.039636149375439	0.02
1.814621757	0.039636149375439	0.02
1.814846808	0.039636149375439	0.02
1.814872379	0.0403968488522397	0.02
1.815039963	0.0403968488522397	0.02
1.815123071	0.0403968488522397	0.02
1.815288509	0.0411873184639463	0.02
1.815373832	0.0411873184639463	0.02
1.815875562	0.0693421675237233	0.03
1.816374833	0.062326820368765	0.02
1.81637757	0.062326820368765	0.02
1.816879855	0.0529240934818575	0.03
1.817382419	0.0529240934818575	0.03
1.817399416	0.0529240934818575	0.03
1.817633804	0.0529240934818575	0.03
1.818036082	0.0529240934818575	0.03
1.819217405	0.0538263526271482	0.03
1.819410514	0.0542891177855973	0.03
1.81989941	0.0557264200175271	0.03
1.820606159	0.0577655405318304	0.03
1.82134289	0.0577655405318304	0.03
1.822065256	0.0577655405318304	0.03
1.823267442	0.0577655405318304	0.03
1.823345161	0.0577655405318304	0.03
1.824280416	0.0577655405318304	0.03
1.824759677	0.0577655405318304	0.03
1.824985083	0.0588421047802101	0.03
1.829613575	0.0538263526271482	0.04
1.830016016	0.0552389371304375	0.04
1.836263396	0.0605343538410883	0.04
1.846490238	0.0593955762208175	0.05
1.860714054	0.0557264200175271	0.07
1.872927722	0.0588421047802101	0.07
1.876458705	0.058298853039415	0.07
1.877534086	0.0577655405318304	0.07
1.932723098	0.0481610524676047	0.12
1.93486401	0.0520515837323179	0.13
1.937910579	0.051626028842928	0.13
1.938309591	0.051626028842928	0.13
1.939501786	0.053371410088867	0.13
1.945075766	0.0715013905947847	0.14
1.947078383	0.0715013905947847	0.14
1.956133657	0.0715013905947847	0.15
1.959079535	0.0737276011691032	0.15
2.03833515	0.0971047893514916	0.23
2.045755957	0.0964690126398963	0.24
2.057190684	0.0946106719050874	0.25
2.057670659	0.0946106719050874	0.25
2.058810915	0.0971047893514916	0.25
2.060706206	0.090798516599803	0.25
2.067556414	0.0946106719050874	0.26
2.077371996	0.0946106719050874	0.27
2.077653506	0.0946106719050874	0.27
2.077935092	0.0946106719050874	0.27
2.079378601	0.0971047893514916	0.27
2.080200147	0.090798516599803	0.27
2.116340052	0.125502652072814	0.3
2.117539144	0.0916675917867923	0.31
2.119081815	0.0940070338539018	0.31
2.130868897	0.0878823571301872	0.32
2.201956234	0.0873214596376755	0.39
2.21647999	0.0911008121968407	0.41
2.22342495	0.090798516599803	0.41
2.225736601	0.121869430688811	0.41
2.22607531	0.123056903532289	0.41
2.226980498	0.0899880225289687	0.42
2.230993963	0.0862208730562801	0.42
2.268175967	0.208302740193253	0.41
2.279085054	0.214844739879662	0.4
2.287430653	0.214844739879662	0.39
2.36737444	0.250205813831279	0.31
2.396315913	0.274772193509987	0.3
2.416816988	0.267026006122156	0.3
2.57811595	0.236835677059995	0.15
2.63880046	0.232290150007279	0.09
2.64482266	0.232290150007279	0.09
2.65353762	0.232290150007279	0.08
2.669724846	0.234540891919184	0.06
2.670697515	0.234540891919184	0.06
2.67074212	0.234540891919184	0.06
2.670831293	0.234540891919184	0.06
2.671148642	0.234540891919184	0.06
2.671193179	0.234540891919184	0.06
2.671237545	0.234540891919184	0.06
2.671237705	0.234540891919184	0.06
2.671599486	0.234540891919184	0.06
2.671599646	0.234540891919184	0.06
2.671961685	0.234540891919184	0.06
2.672323822	0.234540891919184	0.06
2.672686057	0.234540891919184	0.06
2.673366554	0.234540891919184	0.06
2.673410821	0.234540891919184	0.06
2.674201502	0.234540891919184	0.06
2.674498542	0.234540891919184	0.06
2.674640938	0.234540891919184	0.06
2.674817434	0.234540891919184	0.06
2.67498819	0.232290150007279	0.06
2.675753192	0.232290150007279	0.06
2.675906626	0.232290150007279	0.06
2.67595059	0.232290150007279	0.06
2.679543675	0.234540891919184	0.05
2.68050645	0.234540891919184	0.05
2.684222358	0.234540891919184	0.05
2.690797174	0.239175810981163	0.04
2.690995907	0.239175810981163	0.04
2.692790444	0.239175810981163	0.04
2.703341222	0.234540891919184	0.04
2.714352711	0.230082195410719	0.05
2.716197088	0.230082195410719	0.05
2.720992773	0.230082195410719	0.06
2.721223607	0.230082195410719	0.06
2.721339166	0.230082195410719	0.06
2.721714851	0.230082195410719	0.06
2.721753239	0.230082195410719	0.06
2.722090639	0.230082195410719	0.06
2.72212898	0.230082195410719	0.06
2.722504826	0.230082195410719	0.06
2.725138453	0.230082195410719	0.06
2.725892101	0.230082195410719	0.06
2.728042156	0.230082195410719	0.06
2.728457177	0.230082195410719	0.06
2.734951629	0.22791581951697	0.07
2.741703646	0.22791581951697	0.08
2.744776734	0.22791581951697	0.08
2.795646082	0.208302740193253	0.13
2.857457722	0.204778339107617	0.19
2.870516676	0.21572846338113	0.2
2.874914635	0.204778339107617	0.21
2.884109016	0.203060487004032	0.22
2.893176138	0.203060487004032	0.23
3.017087015	0.201371216694935	0.35
3.091199805	0.177138314013049	0.42
3.190582361	0.186954901290495	0.52
3.479484296	0.180514182294583	0.81
3.560201153	0.197518279461435	0.890000000000001
3.561529658	0.166988808327283	0.890000000000001
3.561648443	0.14051338836662	0.890000000000001
3.562131134	0.176666327156487	0.890000000000001
3.563861522	0.150485358906691	0.890000000000001
3.567214517	0.153306058753081	0.890000000000001
3.571812505	0.143793075852161	0.890000000000001
3.575584373	0.125502652072814	0.880000000000001
3.579984214	0.123056903532289	0.880000000000001
3.62901857	0.115199525735919	0.910000000000001
3.62939674	0.115199525735919	0.910000000000001
3.629519691	0.115199525735919	0.910000000000001
3.6300627	0.115199525735919	0.910000000000001
3.631169027	0.117340199218786	0.910000000000001
3.633483005	0.112131063323295	0.920000000000001
3.639968026	0.114158213964201	0.920000000000001
3.707141358	0.114158213964201	0.990000000000001
3.778072999	0.114158213964201	1.06
3.82876748	0.112131063323295	1.11
3.963711323	0.110174650330541	1.25
4.078052931	0.157939347116711	1.36
4.442577106	0.177333395372271	1.72
4.445571488	0.155348985373184	1.73
4.452121847	0.172212662609985	1.73
4.453328856	0.177333395372271	1.73
4.453932605	0.177333395372271	1.73
4.459832487	0.156633457301673	1.74
4.464002998	0.177333395372271	1.74
4.475601202	0.159975070227891	1.76
4.480518943	0.161265230359389	1.76
4.492707945	0.180514182294583	1.77
4.536342962	0.18402122376036	1.81
4.537596069	0.18402122376036	1.81
4.550359745	0.185826347037127	1.81
4.895921957	0.185826347037127	2.16
5.341769851	0.217886062332052	2.32999999999999
5.342582978	0.217886062332052	2.32999999999999
5.343129076	0.217886062332052	2.32999999999999
5.343307119	0.217886062332052	2.32999999999999
5.346842194	0.217886062332052	2.32999999999999
5.443653327	0.22301618186626	2.35999999999999
6.232084175	0.255988764526687	2.66999999999999
6.2338777	0.267469554147823	2.66999999999999
6.244676548	0.267469554147823	2.67999999999999
6.358499262	0.280028496989733	2.78999999999998
7	0.310841089783716	3.22999999999998
