thrs	post_p	finalwindow
0	0.100456850728296	0.23
0.03256001	0.0961330589963607	0.2
0.070216248	0.0934515428019336	0.17
0.089689176	0.0781853398866107	0.16
0.093809574	0.0791084196456969	0.15
0.098963073	0.0791084196456969	0.15
0.103967892	0.0781853398866107	0.15
0.115659216	0.0707548841252039	0.15
0.123778241	0.0707548841252039	0.14
0.127200542	0.0707548841252039	0.15
0.127695348	0.0707548841252039	0.15
0.128068503	0.0707548841252039	0.15
0.129730945	0.0707548841252039	0.15
0.130460633	0.0707548841252039	0.15
0.148447444	0.0893993028005142	0.15
0.172569069	0.0840712740305966	0.13
0.178140913	0.0832169931949743	0.12
0.178189211	0.0832169931949743	0.12
0.181486035	0.0925578462874001	0.12
0.186084933	0.0955684760804703	0.12
0.191788381	0.0932514553156664	0.11
0.194681585	0.0972824761748367	0.11
0.206482242	0.100279975894326	0.1
0.222049977	0.0835471423344542	0.08
0.222622275	0.0754636383929535	0.08
0.222656148	0.0754636383929535	0.08
0.222686318	0.0754636383929535	0.08
0.222697977	0.0738752578782662	0.08
0.222716495	0.0738752578782662	0.08
0.222812147	0.0800535561305435	0.08
0.223196808	0.0909155624069995	0.08
0.226728961	0.0891020997450205	0.08
0.226867021	0.0891020997450205	0.08
0.226957829	0.0891020997450205	0.08
0.227081991	0.0891020997450205	0.08
0.227432153	0.0189708796575165	0.07
0.230426372	0.0599865100829317	0.07
0.237068117	0.0713715108304375	0.07
0.241897099	0.0570093142788727	0.06
0.242615688	0.0533054628596818	0.06
0.242875367	0.0727522961858679	0.06
0.242941212	0.0727522961858679	0.06
0.243116147	0.0716629631041169	0.06
0.249436037	0.0700887853151074	0.06
0.254481698	0.0733094768752151	0.05
0.256228734	0.072203521192157	0.05
0.256650521	0.0727522961858679	0.05
0.259750174	0.072203521192157	0.05
0.295749179	0.095177197635471	0.04
0.296044019	0.095177197635471	0.04
0.296834617	0.0842827726952979	0.05
0.296839561	0.0842827726952979	0.05
0.296879772	0.0842827726952979	0.05
0.29691506	0.0842827726952979	0.05
0.296919994	0.0842827726952979	0.05
0.296960227	0.0842827726952979	0.05
0.297156652	0.0842827726952979	0.05
0.29723727	0.0842827726952979	0.05
0.297242165	0.0842827726952979	0.05
0.297345093	0.0842827726952979	0.05
0.29736316	0.0842827726952979	0.05
0.298062423	0.0842827726952979	0.05
0.298432807	0.0842827726952979	0.05
0.298682719	0.0842827726952979	0.05
0.299120783	0.0842827726952979	0.05
0.29926506	0.0842827726952979	0.05
0.299931082	0.0850314725440641	0.05
0.300128238	0.0850314725440641	0.05
0.302397905	0.0835471423344542	0.05
0.302406093	0.0835471423344542	0.05
0.30240618	0.0835471423344542	0.05
0.302452098	0.0835471423344542	0.05
0.302453753	0.0835471423344542	0.05
0.302493847	0.0835471423344542	0.05
0.302531356	0.0835471423344542	0.05
0.302535608	0.0835471423344542	0.05
0.302694303	0.0835471423344542	0.05
0.302757814	0.0835471423344542	0.05
0.302844832	0.0835471423344542	0.05
0.303037639	0.0835471423344542	0.05
0.303998368	0.0942401575970944	0.04
0.305094409	0.0942401575970944	0.04
0.308759935	0.0924203608262934	0.04
0.319078068	0.0924203608262934	0.03
0.320217262	0.0924203608262934	0.03
0.322066605	0.0906695139172493	0.03
0.322591403	0.0906695139172493	0.03
0.322777267	0.0906695139172493	0.03
0.323097253	0.0906695139172493	0.03
0.323165924	0.0906695139172493	0.03
0.327195424	0.0821137446967222	0.04
0.328591896	0.0821137446967222	0.04
0.334029253	0.0821137446967222	0.04
0.340262381	0.0832169931949743	0.05
0.343625259	0.0832169931949743	0.05
0.343706753	0.0832169931949743	0.05
0.345554528	0.0825644613404661	0.05
0.350684009	0.0825644613404661	0.06
0.351815198	0.0819220833009675	0.06
0.356206548	0.0812896239063473	0.06
0.356437896	0.0794495123589585	0.06
0.357959666	0.0906695139172493	0.06
0.360733393	0.0760083865882085	0.07
0.362945858	0.0760083865882085	0.07
0.363936107	0.0760083865882085	0.07
0.366130409	0.0776908640927494	0.07
0.367161303	0.0903582808134097	0.07
0.381649088	0.0558995716390532	0.07
0.382008897	0.0550952096133328	0.07
0.386863037	0.0518614352869062	0.06
0.387745392	0.0570608050038856	0.06
0.389222512	0.0552638915751202	0.06
0.389299853	0.0552638915751202	0.06
0.389825341	0.0599865100829317	0.06
0.395214438	0.0691652815173106	0.06
0.411578949	0.0689942177832883	0.04
0.412388288	0.0677729847380773	0.04
0.415094538	0.0773885649753735	0.04
0.416416237	0.0529369691865811	0.03
0.418471182	0.062738686632391	0.03
0.419019267	0.0615288555286953	0.03
0.423143546	0.0660028568261721	0.03
0.438815006	0.0680943996186471	0.01
0.440316292	0.0728529709250725	0.01
0.441698853	0.0728529709250725	0.01
0.444236336	0.0764023325397252	0.01
0.445049535	0.0718936365795337	0.01
0.445117302	0.0813288663818835	0.01
0.445185067	0.0808992720123548	0.01
0.445185068	0.0808992720123548	0.01
0.445245414	0.0808992720123548	0.01
0.44525283	0.0808992720123548	0.01
0.445252832	0.0808992720123548	0.01
0.445252833	0.0808992720123548	0.01
0.445252835	0.0808992720123548	0.01
0.445305777	0.0808992720123548	0.01
0.445313187	0.0808992720123548	0.01
0.44531319	0.0808992720123548	0.01
0.445373562	0.0808992720123548	0.01
0.445419149	0.0808992720123548	0.01
0.445433949	0.0808992720123548	0.01
0.445554774	0.0800535561305435	0.01
0.445578303	0.0800535561305435	0.01
0.445615211	0.0800535561305435	0.01
0.445653547	0.0800535561305435	0.01
0.445675664	0.0800535561305435	0.01
0.445736134	0.102505928636399	0.01
0.445978177	0.109523662350877	0.01
0.446038729	0.109523662350877	0.01
0.446188208	0.107913146647896	0.01
0.446319857	0.107913146647896	0.01
0.446395102	0.107913146647896	0.01
0.446455777	0.107913146647896	0.01
0.446465528	0.107913146647896	0.01
0.446633323	0.107913146647896	0.01
0.446772341	0.107913146647896	0.01
0.446888185	0.107386782161139	0.01
0.446967543	0.107386782161139	0.01
0.447542535	0.107386782161139	0.01
0.447876705	0.10686552761208	0.01
0.447928306	0.10686552761208	0.01
0.448701687	0.112386207394556	0.01
0.449051315	0.112916504999053	0.01
0.449552291	0.112386207394556	0.01
0.451750007	0.113451830778634	0.01
0.453312195	0.112386207394556	0.01
0.453607731	0.112386207394556	0.01
0.45367678	0.112386207394556	0.01
0.453739439	0.112386207394556	0.01
0.453782962	0.112386207394556	0.01
0.453802119	0.112386207394556	0.01
0.453864814	0.112386207394556	0.01
0.453927527	0.112386207394556	0.01
0.453952078	0.112386207394556	0.01
0.453977538	0.112386207394556	0.01
0.454053004	0.112386207394556	0.01
0.454131662	0.112386207394556	0.01
0.454159539	0.112386207394556	0.01
0.454228692	0.112386207394556	0.01
0.454266222	0.112916504999053	0.01
0.454278877	0.112916504999053	0.01
0.454291524	0.112916504999053	0.01
0.454379121	0.112916504999053	0.01
0.454543029	0.112916504999053	0.01
0.454618511	0.112916504999053	0.01
0.454637485	0.112916504999053	0.01
0.455078808	0.113451830778634	0.01
0.455180191	0.11508870262804	0.01
0.455550168	0.159344614702155	0.01
0.455678249	0.167720567053777	0.01
0.455755613	0.173811503455262	0.01
0.455804735	0.173811503455262	0.01
0.456133439	0.19309577350851	0.01
0.456159276	0.19309577350851	0.01
0.456880284	0.107828581847648	0.02
0.45760535	0.10686552761208	0.02
0.458022431	0.10686552761208	0.02
0.458619789	0.105919523831749	0.02
0.458664131	0.105919523831749	0.02
0.459124851	0.106390422841223	0.02
0.460382332	0.106390422841223	0.02
0.462114195	0.10686552761208	0.02
0.46331093	0.10686552761208	0.02
0.464728436	0.104076887920656	0.02
0.46499053	0.103179404299274	0.02
0.472596627	0.0993251191422791	0.03
0.474072423	0.0993251191422791	0.03
0.477096915	0.125555130090197	0.03
0.478419311	0.130105949286117	0.03
0.479732593	0.128361251026582	0.03
0.479936634	0.128361251026582	0.03
0.483511101	0.120295539232454	0.03
0.483671852	0.12266720712919	0.03
0.483988273	0.0935037062731115	0.04
0.484225862	0.0935037062731115	0.04
0.484458594	0.0938704875189143	0.04
0.484927676	0.0938704875189143	0.04
0.485999254	0.133741606403084	0.04
0.486776039	0.119358041008316	0.04
0.489107131	0.123397051713539	0.04
0.490830832	0.116125887744321	0.04
0.499369323	0.112739183954149	0.05
0.50407637	0.088983771087735	0.06
0.508934563	0.10686552761208	0.06
0.511690912	0.102767955997859	0.06
0.514553924	0.0873595673408319	0.07
0.514645345	0.0873595673408319	0.07
0.514839037	0.0873595673408319	0.07
0.516063638	0.120295539232454	0.07
0.518492841	0.100156533649299	0.07
0.520735072	0.0982474061988	0.07
0.534226929	0.0361798362116036	0.07
0.534308248	0.0361798362116036	0.07
0.534380672	0.0358411652531267	0.07
0.536755919	0.0524706117420911	0.07
0.539174229	0.0512662414027208	0.07
0.544416783	0.0524706117420911	0.07
0.546060858	0.0627974854872601	0.06
0.55802857	0.0672065134232964	0.05
0.566766402	0.0646141827228925	0.06
0.568776608	0.0646141827228925	0.06
0.572491616	0.0672065134232964	0.06
0.57444178	0.0672065134232964	0.06
0.579525048	0.0672065134232964	0.06
0.586308239	0.0633915930917053	0.07
0.593402747	0.0646141827228925	0.06
0.593673806	0.0646141827228925	0.06
0.593673808	0.0646141827228925	0.06
0.593754277	0.0646141827228925	0.06
0.593754278	0.0646141827228925	0.06
0.59375428	0.0646141827228925	0.06
0.593824895	0.0646141827228925	0.06
0.593834769	0.0646141827228925	0.06
0.594036974	0.0646141827228925	0.06
0.594318181	0.0672065134232964	0.06
0.595015574	0.0627974854872601	0.07
0.595196772	0.0627974854872601	0.07
0.596219211	0.0627974854872601	0.07
0.602148457	0.0673754580157486	0.07
0.602674298	0.0673754580157486	0.07
0.604317115	0.0698331215243125	0.07
0.604813246	0.0711304387433419	0.07
0.604905308	0.0711304387433419	0.07
0.604905312	0.0711304387433419	0.07
0.604988853	0.0711304387433419	0.07
0.605716504	0.0711304387433419	0.07
0.605724938	0.0711304387433419	0.07
0.60631275	0.0711304387433419	0.07
0.607971158	0.0658848582272026	0.06
0.608524688	0.0658848582272026	0.06
0.61827716	0.0760770336009238	0.06
0.624510489	0.0711304387433419	0.06
0.635412418	0.0753286692189915	0.05
0.636066531	0.0753286692189915	0.05
0.63624959	0.0753286692189915	0.05
0.637260654	0.0768404166730953	0.05
0.638075882	0.0768404166730953	0.05
0.646569798	0.0698331215243125	0.06
0.64801212	0.0698331215243125	0.06
0.648110758	0.0698331215243125	0.06
0.648827538	0.0698331215243125	0.06
0.65703705	0.061430139068222	0.07
0.659386285	0.061430139068222	0.07
0.667472678	0.0586091747113914	0.08
0.667879261	0.0586091747113914	0.08
0.667879263	0.0586091747113914	0.08
0.667969788	0.0586091747113914	0.08
0.669490645	0.0586091747113914	0.08
0.678915807	0.0544423813526704	0.09
0.680410924	0.0544423813526704	0.09
0.680589305	0.0544423813526704	0.09
0.68060848	0.0544423813526704	0.09
0.680702493	0.0544423813526704	0.09
0.680786967	0.0544423813526704	0.09
0.690723937	0.0345475974361428	0.09
0.692614054	0.0348621558673644	0.09
0.696262833	0.0342386647154873	0.1
0.697379755	0.033637083335539	0.1
0.712354258	0.0327733306608244	0.11
0.7123899	0.0327733306608244	0.11
0.712401774	0.0327733306608244	0.11
0.713541741	0.0339352081237213	0.11
0.71365913	0.0339352081237213	0.11
0.715653707	0.0322217251406796	0.12
0.717816093	0.0324951871946313	0.12
0.719314887	0.0324951871946313	0.12
0.725609694	0.0319528272965238	0.13
0.725869057	0.0319528272965238	0.13
0.726772429	0.0319528272965238	0.13
0.735438378	0.0301892714995593	0.14
0.742183791	0.0294916777082677	0.14
0.744518666	0.0301892714995593	0.14
0.75180067	0.0620141316594671	0.14
0.756100951	0.00948142022592529	0.13
0.756122282	0.00948142022592529	0.13
0.763387603	0.0770465798282576	0.13
0.763491091	0.0766353538865387	0.13
0.765321243	0.0769400350892722	0.13
0.7676628	0.0780146554251994	0.13
0.772093843	0.0639970493996348	0.12
0.778829055	0.0780146554251994	0.12
0.786383987	0.0778824151942432	0.11
0.797194853	0.0800535561305435	0.1
0.799403767	0.0798381695026286	0.1
0.812482547	0.0772123085824099	0.08
0.849686346	0.0900094467081592	0.05
0.856064956	0.0939318976665615	0.04
0.861362559	0.0825644613404661	0.03
0.861783488	0.0782683651183589	0.03
0.866065884	0.0939318976665615	0.03
0.870144812	0.0900094467081592	0.03
0.875954975	0.0942401575970944	0.02
0.880342154	0.0902833032183214	0.02
0.883671839	0.0981729505950656	0.01
0.884296127	0.10050707875838	0.01
0.885048106	0.0987784691518969	0.01
0.885800269	0.0974378118397035	0.01
0.886381245	0.097108314498267	0.01
0.887670141	0.0977158935080554	0.01
0.888469193	0.0967599992438738	0.01
0.889014569	0.0943000546536453	0.01
0.889576687	0.093704488686752	0.01
0.889752182	0.093704488686752	0.01
0.889857915	0.093704488686752	0.01
0.890068113	0.0934095178618317	0.01
0.890218543	0.0931163982770783	0.01
0.890218544	0.0931163982770783	0.01
0.890228158	0.0931163982770783	0.01
0.890309475	0.0928251125594028	0.01
0.890339212	0.0928251125594028	0.01
0.890354074	0.0934095178618317	0.01
0.890354075	0.0934095178618317	0.01
0.890459913	0.0934095178618317	0.01
0.890474761	0.0934095178618317	0.01
0.890489605	0.0934095178618317	0.01
0.890489606	0.0934095178618317	0.01
0.890580647	0.0934095178618317	0.01
0.890595481	0.0934095178618317	0.01
0.89061031	0.0934095178618317	0.01
0.890610311	0.0934095178618317	0.01
0.890701414	0.0934095178618317	0.01
0.890716233	0.0934095178618317	0.01
0.890731048	0.0934095178618317	0.01
0.890731049	0.0934095178618317	0.01
0.890737499	0.0934095178618317	0.01
0.890822213	0.0934095178618317	0.01
0.890837018	0.0934095178618317	0.01
0.890851819	0.0934095178618317	0.01
0.890928251	0.0934095178618317	0.01
0.890957836	0.0934095178618317	0.01
0.890972622	0.0934095178618317	0.01
0.890972623	0.0934095178618317	0.01
0.891093459	0.0934095178618317	0.01
0.891214328	0.0934095178618317	0.01
0.891246709	0.0934095178618317	0.01
0.89133523	0.0934095178618317	0.01
0.891382479	0.0934095178618317	0.01
0.891441435	0.0934095178618317	0.01
0.891456164	0.0934095178618317	0.01
0.891521465	0.0928251125594028	0.01
0.891562417	0.0928251125594028	0.01
0.891577132	0.0928251125594028	0.01
0.891686849	0.0928251125594028	0.01
0.891698132	0.0928251125594028	0.01
0.891881522	0.0928251125594028	0.01
0.89216782	0.0925356435524238	0.01
0.892182462	0.0925356435524238	0.01
0.892245091	0.0925356435524238	0.01
0.892307805	0.0919620881084178	0.01
0.892546055	0.0919620881084178	0.01
0.89273031	0.0919620881084178	0.01
0.892951888	0.0913955989017093	0.01
0.892952212	0.0913955989017093	0.01
0.89308003	0.0913955989017093	0.01
0.893172464	0.0908360461470815	0.01
0.893313967	0.0908360461470815	0.01
0.893320622	0.0908360461470815	0.01
0.893395592	0.0908360461470815	0.01
0.894085351	0.0900094467081592	0.01
0.894189143	0.0900094467081592	0.01
0.89420355	0.0900094467081592	0.01
0.894332391	0.0894666877701251	0.01
0.894482721	0.0894666877701251	0.01
0.894511483	0.0889304352945832	0.01
0.894690708	0.0889304352945832	0.01
0.895086463	0.0891977555588256	0.01
0.895300675	0.0891977555588256	0.01
0.895638516	0.0941278292600768	0.01
0.895840307	0.0944091536843721	0.01
0.89592425	0.0944091536843721	0.01
0.896329745	0.0930191001264996	0.01
0.896396617	0.093570180428097	0.01
0.89685771	0.0932938264859114	0.01
0.896928207	0.0927459870136383	0.01
0.897131294	0.0978171288832456	0.01
0.897282137	0.0937129438007708	0.01
0.897316929	0.0924203608262934	0.01
0.89799116	0.084017214473019	0.01
0.898455429	0.081450860170904	0.01
0.898485328	0.0816289604354958	0.01
0.898662437	0.081450860170904	0.01
0.89889623	0.0800535561305435	0.01
0.898920463	0.0800535561305435	0.01
0.899325427	0.0792043283888144	0.01
0.899413875	0.0840712740305966	0.01
0.900031532	0.0840712740305966	0.01
0.900113547	0.0838958342940234	0.01
0.900307304	0.0846020235073467	0.01
0.90151373	0.0750334298088027	0.01
0.901947653	0.0771500768155591	0.01
0.902291602	0.0668907877251207	0.01
0.902919093	0.0582820591809251	0.01
0.902932441	0.0582820591809251	0.01
0.903166806	0.0539492459235303	0.01
0.903685884	0.0504935806835762	0.01
0.903876527	0.0504935806835762	0.01
0.904039961	0.0502895199059053	0.01
0.904220945	0.0469825873465919	0.01
0.904508173	0.047370093993933	0.01
0.905424433	0.0466013691810721	0.01
0.905541598	0.0466013691810721	0.01
0.906154318	0.0471755449249821	0.01
0.906197141	0.0469825873465919	0.01
0.906210372	0.0469825873465919	0.01
0.906508268	0.047370093993933	0.01
0.906922556	0.0471755449249821	0.01
0.90712089	0.0475662543246097	0.01
0.907198748	0.0479634895069293	0.01
0.907298438	0.0441429696196984	0.01
0.907311244	0.0441429696196984	0.01
0.907324045	0.0443288117528668	0.01
0.907336843	0.0443288117528668	0.01
0.907336844	0.0443288117528668	0.01
0.90746216	0.0443288117528668	0.01
0.907536422	0.0443288117528668	0.01
0.907574745	0.0443288117528668	0.01
0.907587512	0.0443288117528668	0.01
0.907674633	0.0443288117528668	0.01
0.907700146	0.0443288117528668	0.01
0.907712898	0.0443288117528668	0.01
0.907951053	0.0443288117528668	0.01
0.907963773	0.0439586792136781	0.01
0.907963774	0.0439586792136781	0.01
0.908089263	0.0441429696196984	0.01
0.908089264	0.0441429696196984	0.01
0.908151307	0.0441429696196984	0.01
0.90817671	0.0441429696196984	0.01
0.908453284	0.0441429696196984	0.01
0.908566283	0.0448958470055784	0.01
0.908691978	0.0450880962375745	0.01
0.908729307	0.0450880962375745	0.01
0.908816452	0.0450880962375745	0.01
0.908830322	0.0450880962375745	0.01
0.908943472	0.0456748512941216	0.01
0.908956071	0.0456748512941216	0.01
0.909094444	0.0456748512941216	0.01
0.909308419	0.0450880962375745	0.01
0.909346075	0.0452819990173405	0.01
0.90938549	0.0452819990173405	0.01
0.909409249	0.0452819990173405	0.01
0.909434338	0.0454775767704206	0.01
0.909446878	0.0454775767704206	0.01
0.909620416	0.0454775767704206	0.01
0.909925885	0.0452819990173405	0.01
0.910051995	0.0454775767704206	0.01
0.910204731	0.0456748512941216	0.01
0.91113001	0.0458738447656109	0.01
0.911383512	0.0456748512941216	0.01
0.911518912	0.0460745797502279	0.01
0.911747931	0.0460745797502279	0.01
0.911776598	0.0460745797502279	0.01
0.912015459	0.0462770792100139	0.01
0.912488931	0.0466874654395372	0.01
0.912630246	0.0462770792100139	0.01
0.912707801	0.0462770792100139	0.01
0.912776305	0.0458738447656109	0.01
0.912967277	0.0462770792100139	0.01
0.913006436	0.0462770792100139	0.01
0.913139907	0.0462770792100139	0.01
0.913244462	0.0466874654395372	0.01
0.913630289	0.0458738447656109	0.01
0.914018042	0.0464813665124682	0.01
0.914870556	0.051628336160498	0.01
0.914968567	0.051628336160498	0.01
0.914983658	0.051628336160498	0.01
0.915026039	0.051628336160498	0.01
0.915269563	0.051628336160498	0.01
0.915559183	0.043397032900911	0.01
0.916163647	0.0435946764880113	0.01
0.916912552	0.0439954140903554	0.01
0.917957453	0.0594542453905512	0.01
0.918456927	0.0503040409621037	0.02
0.918837351	0.0506845541340145	0.02
0.919120121	0.0514631155763898	0.02
0.919822583	0.0518614352869062	0.02
0.921364075	0.0522659690080378	0.02
0.922504312	0.0533054628596818	0.02
0.922763582	0.0533054628596818	0.02
0.923473233	0.0541673098568767	0.02
0.924160807	0.054832208514385	0.02
0.924507726	0.055513633164455	0.02
0.925553967	0.0485719403037005	0.02
0.926193857	0.0487782023053666	0.02
0.927872541	0.0675074477485306	0.02
0.929379518	0.0464667147669764	0.03
0.933174706	0.0481357715066853	0.03
0.934700606	0.0495599012319799	0.03
0.93534835	0.0495599012319799	0.03
0.938770844	0.0340357608767726	0.03
0.941112169	0.0192894574260444	0.03
0.944027825	0.0226343185666659	0.03
0.947518522	0.0254417591447933	0.03
0.948845214	0.0249987993999442	0.03
0.950306111	0.0259006998813994	0.03
0.951999424	0.0261364358430878	0.03
0.953473419	0.0281889350391244	0.03
0.954119877	0.0281889350391244	0.03
0.954191796	0.0189708796575165	0.03
0.955603107	0.0187847344903155	0.03
0.956018846	0.0187847344903155	0.03
0.956296714	0.0231824904350872	0.04
0.956549025	0.0231824904350872	0.04
0.957077957	0.0235629314939293	0.04
0.957486775	0.0235629314939293	0.04
0.958321379	0.0239560674993409	0.04
0.959031973	0.0243625446599498	0.04
0.959665139	0.0249987993999442	0.04
0.959857154	0.0252183342767024	0.04
0.960819071	0.0252183342767024	0.04
0.964458654	0.0184231921429146	0.04
0.966290332	0.0231824904350872	0.05
0.966653906	0.0231824904350872	0.05
0.966980911	0.0235629314939293	0.05
0.966980912	0.0235629314939293	0.05
0.966986309	0.0235629314939293	0.05
0.967139043	0.0235629314939293	0.05
0.967302571	0.0235629314939293	0.05
0.967302572	0.0235629314939293	0.05
0.967460779	0.0235629314939293	0.05
0.96746078	0.0235629314939293	0.05
0.967608447	0.0235629314939293	0.05
0.967619041	0.0235629314939293	0.05
0.967772081	0.0235629314939293	0.05
0.967935716	0.0235629314939293	0.05
0.968083686	0.0239560674993409	0.05
0.968088909	0.0239560674993409	0.05
0.969035555	0.0243625446599498	0.05
0.970292984	0.0252183342767024	0.05
0.970442597	0.0252183342767024	0.05
0.973457204	0.0261364358430878	0.05
0.973766743	0.027123912093761	0.05
0.97801719	0.0347356476105741	0.06
0.978183481	0.0347356476105741	0.06
0.985118954	0.0180753039247286	0.05
1.022530753	0.030672962030487	0.07
1.029271857	0.0368767490410292	0.07
1.030020301	0.0376010377146933	0.07
1.030397618	0.0376010377146933	0.07
1.030958443	0.0379739570705975	0.07
1.031720423	0.0379739570705975	0.07
1.032104884	0.0379739570705975	0.07
1.033463082	0.0379739570705975	0.07
1.036124234	0.0383543475989455	0.07
1.038905957	0.0345475974361428	0.08
1.039046839	0.0355087759324826	0.08
1.041709188	0.0365249685762657	0.08
1.043349328	0.0365249685762657	0.08
1.048661279	0.0314282746683235	0.09
1.049025044	0.0314282746683235	0.09
1.056246636	0.0333441510531263	0.09
1.057424783	0.0304291947477381	0.1
1.058571278	0.0314282746683235	0.1
1.068277144	0.030672962030487	0.11
1.06860264	0.0311724042499581	0.11
1.068892568	0.0311724042499581	0.11
1.070020858	0.0324951871946313	0.11
1.076612069	0.0327733306608244	0.11
1.088407982	0.0504935806835762	0.13
1.112743253	0.0685822790840313	0.14
1.113082372	0.0673754580157486	0.14
1.113233383	0.0673754580157486	0.14
1.11414031	0.0698331215243125	0.14
1.125633627	0.0760770336009238	0.13
1.127882011	0.0760770336009238	0.13
1.13205703	0.0760770336009238	0.13
1.133642817	0.0760770336009238	0.12
1.133988353	0.0760770336009238	0.12
1.134317617	0.0760770336009238	0.12
1.136767134	0.0760770336009238	0.12
1.162829766	0.0685822790840313	0.14
1.183360064	0.0570093142788727	0.15
1.187305519	0.0667878356138665	0.15
1.187446683	0.0667878356138665	0.15
1.18762744	0.0667878356138665	0.15
1.192009701	0.0704758103925565	0.15
1.192075895	0.0704758103925565	0.15
1.192725439	0.0685822790840313	0.15
1.208769953	0.0553607458261782	0.14
1.209215802	0.0558995716390532	0.14
1.209751115	0.0558995716390532	0.14
1.210085375	0.0570093142788727	0.14
1.21086869	0.0564489893194349	0.14
1.22465873	0.057416405524112	0.14
1.225416562	0.057416405524112	0.14
1.226767373	0.0569285877705736	0.14
1.243346642	0.0605283910746762	0.12
1.245566855	0.0605283910746762	0.12
1.248955951	0.0610801513444549	0.12
1.252855937	0.0672065134232964	0.11
1.265568721	0.0633915930917053	0.11
1.268447511	0.066539123519836	0.1
1.270060331	0.0652433341604758	0.1
1.270253663	0.0646141827228925	0.1
1.278899002	0.0793165162611039	0.1
1.285172518	0.088983771087735	0.1
1.293113698	0.103031326389805	0.11
1.297280078	0.104913407183512	0.11
1.302603198	0.103031326389805	0.12
1.303502827	0.104913407183512	0.12
1.325958837	0.0731693831274318	0.13
1.335508208	0.0711304387433419	0.13
1.335711503	0.0711304387433419	0.13
1.335892556	0.0711304387433419	0.13
1.336051433	0.0711304387433419	0.13
1.33625481	0.0711304387433419	0.13
1.33638917	0.0711304387433419	0.13
1.336595099	0.0711304387433419	0.13
1.336665633	0.0711304387433419	0.13
1.337117106	0.0711304387433419	0.13
1.340005107	0.0753286692189915	0.13
1.342315002	0.0711304387433419	0.14
1.343443085	0.0711304387433419	0.14
1.346883901	0.085793593298682	0.14
1.350085516	0.0915365658960051	0.14
1.360533959	0.0915365658960051	0.14
1.360981621	0.0915365658960051	0.14
1.36116959	0.0915365658960051	0.14
1.361338457	0.0915365658960051	0.14
1.36135761	0.0915365658960051	0.14
1.361952473	0.0915365658960051	0.14
1.362279458	0.0915365658960051	0.14
1.365659238	0.095177197635471	0.13
1.368077892	0.095177197635471	0.13
1.368578346	0.095177197635471	0.13
1.369020462	0.095177197635471	0.13
1.370127164	0.095177197635471	0.13
1.373967278	0.088983771087735	0.14
1.377274175	0.088983771087735	0.14
1.377544294	0.088983771087735	0.14
1.384187356	0.095177197635471	0.13
1.38563755	0.095177197635471	0.13
1.430594094	0.0942401575970944	0.13
1.440102642	0.0961330589963607	0.12
1.450462129	0.0942401575970944	0.12
1.450674974	0.0942401575970944	0.12
1.450928234	0.0942401575970944	0.12
1.454003033	0.0942401575970944	0.12
1.45657643	0.0942401575970944	0.13
1.457818346	0.0942401575970944	0.13
1.484067531	0.0924203608262934	0.15
1.485393153	0.0924203608262934	0.15
1.485917469	0.0915365658960051	0.16
1.488337206	0.0924203608262934	0.16
1.494140559	0.0915365658960051	0.16
1.511734415	0.0915365658960051	0.18
1.511964569	0.0915365658960051	0.18
1.512194724	0.0915365658960051	0.18
1.512821455	0.0915365658960051	0.18
1.517647523	0.0898187335770106	0.19
1.519065464	0.0898187335770106	0.19
1.558319819	0.169122129056176	0.23
1.558531046	0.169122129056176	0.23
1.55916507	0.168318381822101	0.23
1.561070241	0.165740532086393	0.22
1.595407686	0.186381832077933	0.19
1.595579044	0.182572993501404	0.19
1.652341299	0.196024909207343	0.14
1.707257935	0.251299632884394	0.08
1.745720251	0.249156524804188	0.04
1.768990518	0.251299632884394	0.02
1.77492366	0.23744691159492	0.02
1.778615293	0.253767107252731	0.01
1.780115455	0.251299632884394	0.01
1.780627841	0.251299632884394	0.01
1.780657572	0.251299632884394	0.01
1.780839524	0.248879680827213	0.01
1.780928629	0.248879680827213	0.01
1.78092863	0.248879680827213	0.01
1.781081012	0.248879680827213	0.01
1.781140367	0.248879680827213	0.01
1.781170031	0.248879680827213	0.01
1.781170032	0.248879680827213	0.01
1.781411498	0.248879680827213	0.01
1.781411499	0.248879680827213	0.01
1.781623424	0.248879680827213	0.01
1.781653031	0.248879680827213	0.01
1.7818108	0.248879680827213	0.01
1.781894629	0.248879680827213	0.01
1.782136293	0.246505891292018	0.01
1.782378022	0.246505891292018	0.01
1.782531315	0.246505891292018	0.01
1.782619816	0.246505891292018	0.01
1.783044725	0.246505891292018	0.01
1.783103602	0.246505891292018	0.01
1.783286774	0.246505891292018	0.01
1.783345594	0.246505891292018	0.01
1.783587651	0.246505891292018	0.01
1.78377107	0.246505891292018	0.01
1.783925287	0.246505891292018	0.01
1.784013316	0.246505891292018	0.01
1.784314217	0.246505891292018	0.01
1.78446873	0.246505891292018	0.01
1.784506241	0.246505891292018	0.01
1.785009515	0.248879680827213	0.01
1.785322292	0.246505891292018	0.01
1.785497332	0.246505891292018	0.01
1.785988286	0.246505891292018	0.01
1.786357195	0.246505891292018	0.01
1.787927091	0.235285254994293	0.01
1.788266632	0.235285254994293	0.01
1.788872102	0.241891615166106	0.01
1.78918715	0.241891615166106	0.01
1.790033715	0.239648656451659	0.01
1.790095821	0.239648656451659	0.01
1.790737455	0.251299632884394	0.01
1.79204453	0.225041644073841	0.02
1.795172249	0.169092223780125	0.02
1.796645824	0.153980750943819	0.02
1.796669094	0.153980750943819	0.02
1.796696941	0.153980750943819	0.02
1.799436111	0.156919023906491	0.02
1.801889818	0.0634666478845929	0.02
1.808733518	0.146725131438245	0.03
1.812688451	0.0493772936062522	0.03
1.813215031	0.0512662414027208	0.03
1.813240824	0.0512662414027208	0.03
1.813793197	0.0467912018097521	0.03
1.814069382	0.0471755449249821	0.03
1.814069384	0.0471755449249821	0.03
1.814345569	0.0479634895069293	0.03
1.814621756	0.0330562767891386	0.03
1.814621757	0.0330562767891386	0.03
1.814846808	0.0330562767891386	0.03
1.814872379	0.0330562767891386	0.03
1.815039963	0.033637083335539	0.03
1.815123071	0.033637083335539	0.03
1.815169565	0.033637083335539	0.03
1.815288509	0.033637083335539	0.03
1.815373832	0.0339352081237213	0.03
1.815850116	0.0348621558673644	0.03
1.815875562	0.0348621558673644	0.03
1.816101116	0.026376502334428	0.03
1.816377569	0.0266210197910352	0.03
1.816628678	0.026376502334428	0.03
1.817382419	0.026376502334428	0.03
1.817633804	0.026376502334428	0.03
1.818036082	0.0268701131561979	0.03
1.818363245	0.027123912093761	0.03
1.819217405	0.0279149146058776	0.03
1.819395454	0.0279149146058776	0.03
1.81989941	0.0279149146058776	0.03
1.820606159	0.0284683885236587	0.03
1.82134289	0.028753438260482	0.03
1.822065256	0.0529369691865811	0.04
1.823267442	0.0501159188844435	0.04
1.823345161	0.0432662631199448	0.04
1.824985083	0.0324951871946313	0.04
1.828541204	0.0268701131561979	0.04
1.828939845	0.027123912093761	0.04
1.829051906	0.027123912093761	0.04
1.829613575	0.0276461703076344	0.04
1.835137623	0.0284683885236587	0.04
1.836263396	0.028753438260482	0.04
1.83758722	0.0259006998813994	0.05
1.837659261	0.0259006998813994	0.05
1.839735229	0.0273825512131899	0.05
1.842215909	0.0284683885236587	0.05
1.844053766	0.0284683885236587	0.05
1.846490238	0.028753438260482	0.05
1.860668056	0.0266210197910352	0.07
1.872927722	0.0273825512131899	0.07
1.917919203	0.0254417591447933	0.11
1.919145255	0.0256691783199541	0.11
1.932723098	0.0243625446599498	0.12
1.934242286	0.0261364358430878	0.12
1.937910579	0.0228141391851417	0.13
1.938309591	0.0228141391851417	0.13
1.940502926	0.0229968398907078	0.13
1.956133657	0.0216122351658513	0.15
1.95745413	0.0216122351658513	0.15
1.959079535	0.021776123572535	0.15
2.039242563	0.0560815186692896	0.23
2.045755957	0.078592924188711	0.23
2.04617014	0.0831439807537165	0.23
2.057190684	0.0839542327924211	0.24
2.058434493	0.0546582649736725	0.25
2.058810915	0.055007262699575	0.25
2.077653506	0.0856230548557399	0.26
2.077935092	0.0856230548557399	0.26
2.079378601	0.055007262699575	0.27
2.080200147	0.055007262699575	0.27
2.112854786	0.0543136678128281	0.3
2.114638141	0.0639970493996348	0.3
2.116340052	0.078592924188711	0.3
2.119081815	0.0738752578782662	0.3
2.122322709	0.0533054628596818	0.31
2.130868897	0.0533054628596818	0.32
2.175983465	0.0758259320951484	0.36
2.201956234	0.0529776611446744	0.39
2.22342495	0.0546582649736725	0.41
2.225736601	0.0702602703896011	0.41
2.22607531	0.0726296265057107	0.41
2.226678687	0.0764992523353623	0.41
2.226980498	0.0764992523353623	0.41
2.244892022	0.0942401575970944	0.42
2.268175967	0.212293220579493	0.41
2.279085054	0.212293220579493	0.4
2.287430653	0.215590740735959	0.39
2.36737444	0.264141369256659	0.32
2.401471639	0.285122342943967	0.3
2.416816988	0.282319235807358	0.3
2.57811595	0.217687148763084	0.15
2.634889835	0.232491418178221	0.09
2.63880046	0.213797462656159	0.09
2.644514931	0.232491418178221	0.08
2.65353762	0.234772301164523	0.07
2.67074212	0.229030157199248	0.06
2.670831293	0.229030157199248	0.06
2.671148642	0.229030157199248	0.06
2.671193179	0.229030157199248	0.06
2.671237545	0.229030157199248	0.06
2.671237705	0.229030157199248	0.06
2.671599486	0.229030157199248	0.06
2.671599646	0.229030157199248	0.06
2.671872794	0.229030157199248	0.06
2.672323822	0.23211557283197	0.05
2.672686057	0.234772301164523	0.05
2.67300408	0.234772301164523	0.05
2.673410821	0.234772301164523	0.05
2.674201502	0.234772301164523	0.05
2.674498542	0.234772301164523	0.05
2.674817434	0.234772301164523	0.05
2.67498819	0.234772301164523	0.05
2.675753192	0.232491418178221	0.05
2.677404052	0.223794496817613	0.05
2.678640892	0.215724773615069	0.05
2.679543675	0.215724773615069	0.05
2.68050645	0.215724773615069	0.05
2.681604422	0.229030157199248	0.05
2.684222358	0.241891615166106	0.05
2.690797174	0.225907151932533	0.04
2.697875326	0.241891615166106	0.04
2.700424629	0.215809358289396	0.03
2.703341222	0.235285254994293	0.04
2.714352711	0.233162601667164	0.05
2.716197088	0.233162601667164	0.05
2.721223607	0.214756794113225	0.05
2.721339166	0.231077905434044	0.06
2.721714851	0.231077905434044	0.06
2.721753239	0.231077905434044	0.06
2.722090639	0.231077905434044	0.06
2.72212898	0.231077905434044	0.06
2.722504826	0.231077905434044	0.06
2.725138453	0.231077905434044	0.06
2.725892101	0.231077905434044	0.06
2.727362573	0.231077905434044	0.06
2.728042156	0.231077905434044	0.06
2.728457177	0.231077905434044	0.06
2.730687704	0.231077905434044	0.06
2.733911556	0.227018383322205	0.07
2.734951629	0.227018383322205	0.07
2.741703646	0.223099032172926	0.08
2.742221604	0.223099032172926	0.08
2.758261585	0.223099032172926	0.09
2.767264537	0.223099032172926	0.1
2.795646082	0.217467345792363	0.13
2.814579483	0.217467345792363	0.15
2.870516676	0.215652772283948	0.2
2.884109016	0.215652772283948	0.22
2.885327778	0.215652772283948	0.22
3.017087015	0.203751863105426	0.35
3.116410384	0.228316060658094	0.45
3.153761559	0.163425339201985	0.48
3.190582361	0.160682022699211	0.5
3.194633906	0.162284473000697	0.5
3.479484296	0.162284473000697	0.78
3.557717034	0.160682022699211	0.860000000000001
3.560201153	0.162284473000697	0.860000000000001
3.561648443	0.160682022699211	0.870000000000001
3.562131134	0.160682022699211	0.870000000000001
3.563861522	0.160682022699211	0.870000000000001
3.565454716	0.160682022699211	0.870000000000001
3.567214517	0.160682022699211	0.870000000000001
3.568359469	0.162284473000697	0.870000000000001
3.571210711	0.174562221613071	0.880000000000001
3.571812505	0.174562221613071	0.880000000000001
3.572123566	0.207015943487795	0.880000000000001
3.572497766	0.207015943487795	0.880000000000001
3.579984214	0.198090782560929	0.880000000000001
3.62901857	0.205167144910138	0.910000000000001
3.62939674	0.205167144910138	0.910000000000001
3.629519691	0.205167144910138	0.910000000000001
3.631023885	0.205167144910138	0.910000000000001
3.631169027	0.205167144910138	0.910000000000001
3.631970124	0.198090782560929	0.920000000000001
4.078052931	0.253540790891707	1.36
4.442577106	0.310561377179282	1.72
4.445571488	0.249535033393392	1.73
4.452121847	0.304940054945997	1.73
4.45272527	0.310561377179282	1.73
4.453328856	0.310561377179282	1.73
4.459832487	0.251521964155824	1.74
4.536969429	0.249535033393392	1.82
4.537596069	0.249535033393392	1.82
4.550359745	0.24565388321935	1.83
4.773228095	0.301394052168114	2.05
5.341769851	0.323688638910651	2.54999999999999
5.342582978	0.323688638910651	2.54999999999999
5.343129076	0.323688638910651	2.54999999999999
5.343307119	0.323688638910651	2.54999999999999
5.346842194	0.323688638910651	2.55999999999999
5.443653327	0.340119096712817	2.59999999999999
6.234722781	0.407313735665947	2.67999999999999
6.358499262	0.413599237902976	2.79999999999998
7	0.389553504045121	3.42999999999997
