thrs	post_p	finalwindow
0	0.119997955477283	0.23
0.03256001	0.119997955477283	0.2
0.070216248	0.107396711993389	0.18
0.082355146	0.107396711993389	0.17
0.089689176	0.0995557864908743	0.17
0.098963073	0.0995557864908743	0.16
0.103967892	0.0949350452913179	0.16
0.106977596	0.0949350452913179	0.16
0.123778241	0.0917415059851875	0.17
0.127695348	0.0792084451197898	0.17
0.128068503	0.0943379684442042	0.17
0.129609166	0.091276284544449	0.17
0.129730945	0.091276284544449	0.17
0.130460633	0.088407084048411	0.17
0.14705261	0.0735882140143871	0.15
0.151339737	0.088407084048411	0.15
0.155752372	0.096535240587101	0.15
0.161204767	0.088407084048411	0.14
0.178062567	0.0951357540020102	0.12
0.178113806	0.0951357540020102	0.12
0.178140913	0.0951357540020102	0.12
0.178189211	0.0951357540020102	0.12
0.178358463	0.0951357540020102	0.12
0.181486006	0.0877177488890106	0.12
0.181486035	0.0877177488890106	0.12
0.181824923	0.0877177488890106	0.12
0.194681585	0.0985281520769121	0.11
0.205298456	0.101316989127752	0.1
0.206482242	0.101316989127752	0.1
0.222049977	0.0729322403537844	0.08
0.22265244	0.088407084048411	0.08
0.222656148	0.088407084048411	0.08
0.222686318	0.088407084048411	0.08
0.222697977	0.0877177488890106	0.08
0.222716495	0.0877177488890106	0.08
0.222812147	0.0877177488890106	0.08
0.226694446	0.0857127684442597	0.08
0.226867021	0.0857127684442597	0.08
0.226923294	0.0857127684442597	0.08
0.226929675	0.0857127684442597	0.08
0.226982815	0.0857127684442597	0.08
0.227081991	0.0863708330260476	0.08
0.227177477	0.0863708330260476	0.08
0.227432153	0.0857127684442597	0.08
0.241897099	0.0797575296787905	0.07
0.24235868	0.0797575296787905	0.07
0.242615688	0.0742560948047599	0.06
0.242875367	0.0735882140143871	0.06
0.242941212	0.0735882140143871	0.06
0.254481698	0.0729322403537844	0.05
0.256259656	0.0742560948047599	0.05
0.256650521	0.0749362098988015	0.05
0.263775407	0.0742560948047599	0.05
0.272151172	0.0704212677787426	0.05
0.287097646	0.0594964926299838	0.05
0.295749179	0.0572751531486851	0.06
0.296044019	0.0572751531486851	0.06
0.296834617	0.0528366044502079	0.06
0.296839561	0.0528366044502079	0.06
0.296839653	0.0528366044502079	0.06
0.296874128	0.0528366044502079	0.06
0.296879772	0.0528366044502079	0.06
0.29691506	0.0528366044502079	0.06
0.296960227	0.0528366044502079	0.06
0.297156652	0.0528366044502079	0.06
0.297161557	0.0528366044502079	0.06
0.29723727	0.0528366044502079	0.06
0.29736316	0.0528366044502079	0.06
0.298033592	0.0528366044502079	0.06
0.298062423	0.0528366044502079	0.06
0.29855614	0.0528366044502079	0.06
0.29926506	0.0528366044502079	0.06
0.299931082	0.0528366044502079	0.06
0.300128238	0.0528366044502079	0.06
0.301373268	0.0523855348045428	0.06
0.302406093	0.0537624559100786	0.06
0.30240618	0.0537624559100786	0.06
0.302452098	0.0537624559100786	0.06
0.302453753	0.0537624559100786	0.06
0.302531356	0.0537624559100786	0.06
0.302694303	0.0542376569032763	0.06
0.303037639	0.0547213333183844	0.06
0.303062807	0.0547213333183844	0.06
0.307314933	0.0600790134846398	0.05
0.319078068	0.0562255448679957	0.05
0.320217262	0.0562255448679957	0.05
0.320290117	0.0562255448679957	0.05
0.322066605	0.0562255448679957	0.05
0.322591403	0.0567454958331523	0.05
0.322777267	0.0567454958331523	0.05
0.323097253	0.0606730538663582	0.04
0.323537089	0.0589251594430913	0.04
0.323808824	0.0589251594430913	0.04
0.328591896	0.0578147911699867	0.04
0.334029253	0.0578147911699867	0.04
0.340262381	0.0552137139400427	0.05
0.345554528	0.0547213333183844	0.05
0.351815198	0.0528366044502079	0.06
0.356200611	0.0537624559100786	0.06
0.356206548	0.0537624559100786	0.06
0.356351443	0.0537624559100786	0.06
0.356437896	0.0532955095024616	0.06
0.356490553	0.0532955095024616	0.06
0.360733393	0.0510773816769381	0.07
0.362945858	0.0510773816769381	0.07
0.363236679	0.0510773816769381	0.07
0.366130409	0.0528366044502079	0.07
0.367161303	0.0871353894076899	0.08
0.386909127	0.0916729769646116	0.06
0.387745392	0.0895328427406508	0.06
0.389299853	0.0874903531729334	0.06
0.395214438	0.0879921889307128	0.06
0.398731854	0.090590271807937	0.05
0.403209246	0.0938461116149288	0.05
0.411578949	0.108106241305473	0.04
0.412388288	0.108106241305473	0.04
0.415094538	0.0990735690747389	0.04
0.416416237	0.0712388245217533	0.03
0.419019267	0.105549384008814	0.03
0.438307149	0.115048310017815	0.01
0.440249622	0.11912437469988	0.01
0.440316292	0.11912437469988	0.01
0.441698853	0.11912437469988	0.01
0.441750067	0.11912437469988	0.01
0.444236336	0.103182921754379	0.01
0.444499874	0.0987546776794025	0.01
0.445049535	0.0966800947472018	0.01
0.445117302	0.106280636166406	0.01
0.445156208	0.106280636166406	0.01
0.445185067	0.105187518467706	0.01
0.445185068	0.105187518467706	0.01
0.445245414	0.105187518467706	0.01
0.44525283	0.105187518467706	0.01
0.445252832	0.105187518467706	0.01
0.445252833	0.105187518467706	0.01
0.445252835	0.105187518467706	0.01
0.445305777	0.105187518467706	0.01
0.44531318	0.105187518467706	0.01
0.445313187	0.105187518467706	0.01
0.445313188	0.105187518467706	0.01
0.44531319	0.105187518467706	0.01
0.445373562	0.105187518467706	0.01
0.445419149	0.105187518467706	0.01
0.445479567	0.105187518467706	0.01
0.445494353	0.105187518467706	0.01
0.445540001	0.105187518467706	0.01
0.445554774	0.104649348678158	0.01
0.445615211	0.104649348678158	0.01
0.445691925	0.103589362357509	0.01
0.445736134	0.103589362357509	0.01
0.445849774	0.10820836867972	0.01
0.445917642	0.10820836867972	0.01
0.445978177	0.10820836867972	0.01
0.446319857	0.107665907913304	0.01
0.446341735	0.107665907913304	0.01
0.446351359	0.107665907913304	0.01
0.446394864	0.107665907913304	0.01
0.446465528	0.106597140913795	0.01
0.44656991	0.106597140913795	0.01
0.446772341	0.106597140913795	0.01
0.446888185	0.106597140913795	0.01
0.446967543	0.106597140913795	0.01
0.447158639	0.106597140913795	0.01
0.447533088	0.106597140913795	0.01
0.447649603	0.106070675111518	0.01
0.447876705	0.106070675111518	0.01
0.447928306	0.105549384008814	0.01
0.448701687	0.110022554065961	0.01
0.449051315	0.110022554065961	0.01
0.449552291	0.110022554065961	0.01
0.449715173	0.110022554065961	0.01
0.453102774	0.107128858851509	0.01
0.453117722	0.107128858851509	0.01
0.453312195	0.106597140913795	0.01
0.453607731	0.106597140913795	0.01
0.453670383	0.106597140913795	0.01
0.45367678	0.106597140913795	0.01
0.453782962	0.106597140913795	0.01
0.453802119	0.106597140913795	0.01
0.453864805	0.106597140913795	0.01
0.453864814	0.106597140913795	0.01
0.453927527	0.106597140913795	0.01
0.453990257	0.106597140913795	0.01
0.454053004	0.106597140913795	0.01
0.454115767	0.106597140913795	0.01
0.454131662	0.106597140913795	0.01
0.454228692	0.106597140913795	0.01
0.454266222	0.107128858851509	0.01
0.454379121	0.107128858851509	0.01
0.454423548	0.107128858851509	0.01
0.454543029	0.10820836867972	0.01
0.454618511	0.10820836867972	0.01
0.454637485	0.10820836867972	0.01
0.455078808	0.107128858851509	0.01
0.455180191	0.108756323363498	0.01
0.455550168	0.131859475400232	0.01
0.455665947	0.140301135916631	0.01
0.455755613	0.145628659011533	0.01
0.456159276	0.141316627700378	0.01
0.456455968	0.105384591503942	0.02
0.45760535	0.10392429399517	0.02
0.457901934	0.10392429399517	0.02
0.458022431	0.10392429399517	0.02
0.458619789	0.102973039979714	0.02
0.460382332	0.101578368523785	0.02
0.46331093	0.0978547679661751	0.02
0.464728436	0.0983026633146881	0.02
0.46499053	0.0978547679661751	0.02
0.473676694	0.0940001416218716	0.03
0.47699163	0.0649874763018835	0.03
0.477096915	0.0649874763018835	0.03
0.478409458	0.0700766025967308	0.03
0.478419311	0.0700766025967308	0.03
0.478888149	0.0707693401251642	0.03
0.479732593	0.088407084048411	0.04
0.479936634	0.088407084048411	0.04
0.483511101	0.0857438773856398	0.04
0.484225862	0.0857438773856398	0.04
0.484927676	0.0867832943047502	0.04
0.48628356	0.0978547679661751	0.04
0.486776039	0.0756288985676147	0.04
0.489107131	0.0590872747423833	0.04
0.490830832	0.0510773816769381	0.04
0.50407637	0.0802942622958931	0.06
0.508934563	0.0493180213045027	0.06
0.511690912	0.0431715699099735	0.06
0.514553924	0.0782465128338587	0.07
0.514645345	0.0782465128338587	0.07
0.51473946	0.0782465128338587	0.07
0.514839037	0.0782465128338587	0.07
0.514971335	0.0782465128338587	0.07
0.51502476	0.0782465128338587	0.07
0.515124567	0.0794036767217975	0.07
0.516063638	0.0826106491250319	0.07
0.51682809	0.0630417255270926	0.07
0.518492841	0.0476758274642961	0.07
0.518564452	0.0476758274642961	0.07
0.520735072	0.0419898898973232	0.07
0.529143364	0.0259860354552712	0.07
0.534226929	0.0100243122054276	0.06
0.534380672	0.00973796521114186	0.06
0.534888196	0.00973796521114186	0.06
0.536755919	0.0286557973186524	0.06
0.539174229	0.0297679082855413	0.06
0.543234343	0.0306603375897114	0.06
0.544416783	0.038414855920471	0.07
0.55657045	0.0477394126344141	0.05
0.556645891	0.0477394126344141	0.05
0.562444529	0.0468643715755311	0.05
0.566766402	0.0460208313069094	0.06
0.568776608	0.0460208313069094	0.06
0.572491616	0.0460208313069094	0.06
0.579525048	0.038705627454475	0.07
0.583655412	0.0510773816769381	0.06
0.593573546	0.0460208313069094	0.06
0.593673806	0.0460208313069094	0.06
0.593673808	0.0460208313069094	0.06
0.593754277	0.0460208313069094	0.06
0.593754278	0.0460208313069094	0.06
0.593824895	0.0460208313069094	0.06
0.593834769	0.0460208313069094	0.06
0.594036974	0.0460208313069094	0.06
0.594152812	0.0460208313069094	0.06
0.594318181	0.0464387711207671	0.06
0.595015574	0.0481893025713883	0.06
0.596894832	0.0486477525844151	0.06
0.597117526	0.0481893025713883	0.06
0.602148457	0.0481893025713883	0.06
0.602674298	0.0481893025713883	0.06
0.604317115	0.0486477525844151	0.06
0.604813246	0.0510773816769381	0.06
0.604905308	0.0510773816769381	0.06
0.604905312	0.0510773816769381	0.06
0.604988853	0.0510773816769381	0.06
0.605716504	0.0510773816769381	0.06
0.606404306	0.0510773816769381	0.06
0.606824709	0.0510773816769381	0.06
0.607971158	0.0486477525844151	0.06
0.608524688	0.0486477525844151	0.06
0.608756287	0.0486477525844151	0.06
0.630942519	0.0500769779499079	0.05
0.636066531	0.0510773816769381	0.05
0.637031954	0.0510773816769381	0.05
0.637881775	0.0510773816769381	0.05
0.638075882	0.0510773816769381	0.05
0.641599528	0.0495913290309332	0.05
0.644129804	0.0486477525844151	0.06
0.64559646	0.0486477525844151	0.06
0.646569798	0.0486477525844151	0.06
0.64801212	0.0486477525844151	0.06
0.648110758	0.0486477525844151	0.06
0.648827538	0.0486477525844151	0.06
0.65703705	0.0490365108746318	0.07
0.659386285	0.0490365108746318	0.07
0.667879261	0.0475176031213819	0.08
0.667879263	0.0475176031213819	0.08
0.667969788	0.0475176031213819	0.08
0.678915807	0.0441024180142022	0.09
0.680410924	0.0441024180142022	0.09
0.68060848	0.0441024180142022	0.09
0.680702493	0.0441024180142022	0.09
0.680786967	0.0441024180142022	0.09
0.689921535	0.0300595557419768	0.09
0.690723937	0.0300595557419768	0.09
0.692614054	0.0303569745029436	0.09
0.697379755	0.0289259614043942	0.1
0.7123899	0.0286557973186524	0.11
0.712401774	0.0286557973186524	0.11
0.713541741	0.0289259614043942	0.11
0.71365913	0.0289259614043942	0.11
0.714295462	0.0289259614043942	0.11
0.715679053	0.0268972816441295	0.12
0.717816093	0.0276237893330839	0.12
0.719314887	0.0276237893330839	0.12
0.725609694	0.0264338075896788	0.13
0.725869057	0.0264338075896788	0.13
0.726772429	0.0262080090798511	0.13
0.735438378	0.00983157905227157	0.13
0.742183791	0.0253421161079599	0.14
0.744518666	0.0251345097681019	0.14
0.7500464	0.00929542178374788	0.14
0.75180067	0.0822765904967968	0.14
0.756100951	0.00983157905227157	0.13
0.763284143	0.0938135034557652	0.13
0.763387603	0.096115920649271	0.13
0.763491091	0.0958509721242149	0.13
0.765321243	0.0937828341169401	0.13
0.766651587	0.0930301066208353	0.13
0.772093843	0.0869394290914364	0.12
0.772264397	0.0884815845277654	0.12
0.778829055	0.0955874802724909	0.12
0.786383987	0.100273518682174	0.11
0.797194853	0.102339358478094	0.1
0.799403767	0.0991300579357721	0.1
0.817085993	0.107226105265902	0.08
0.828284953	0.107567862488472	0.07
0.849686346	0.10930985585112	0.05
0.856064956	0.11567925331964	0.04
0.861362559	0.102894554274592	0.03
0.861783488	0.107396711993389	0.03
0.866065884	0.117287309145999	0.03
0.870144812	0.108956958074054	0.03
0.874413626	0.121074172847431	0.02
0.875954975	0.118108219573651	0.02
0.882218863	0.106964689218291	0.01
0.883236842	0.123159044975873	0.01
0.883671839	0.125579269302319	0.01
0.885048106	0.122836858354932	0.01
0.888469193	0.118108219573651	0.01
0.888863234	0.117287309145999	0.01
0.889014569	0.116881118411577	0.01
0.890068113	0.112968771162804	0.01
0.890083013	0.112968771162804	0.01
0.890218543	0.112968771162804	0.01
0.890218544	0.112968771162804	0.01
0.890228158	0.112968771162804	0.01
0.890309475	0.112591893706835	0.01
0.890354074	0.112591893706835	0.01
0.890354075	0.112591893706835	0.01
0.890407894	0.112591893706835	0.01
0.890419078	0.112591893706835	0.01
0.890459913	0.112591893706835	0.01
0.890474761	0.112591893706835	0.01
0.890489605	0.112591893706835	0.01
0.890489606	0.112591893706835	0.01
0.890506418	0.112591893706835	0.01
0.890580647	0.112591893706835	0.01
0.890595481	0.112591893706835	0.01
0.89061031	0.112591893706835	0.01
0.890610311	0.112591893706835	0.01
0.890701414	0.111845632646205	0.01
0.890716233	0.111845632646205	0.01
0.890731048	0.111845632646205	0.01
0.890731049	0.111845632646205	0.01
0.890822213	0.111845632646205	0.01
0.890851819	0.111845632646205	0.01
0.890957836	0.111845632646205	0.01
0.890972623	0.111845632646205	0.01
0.891093459	0.111476199536227	0.01
0.891214328	0.111476199536227	0.01
0.891320486	0.111476199536227	0.01
0.89133523	0.111476199536227	0.01
0.891382479	0.111476199536227	0.01
0.89149835	0.111476199536227	0.01
0.891521465	0.111476199536227	0.01
0.891562417	0.111476199536227	0.01
0.891577132	0.110022554065961	0.01
0.891698132	0.110022554065961	0.01
0.891881522	0.110022554065961	0.01
0.892017347	0.110022554065961	0.01
0.89206133	0.110022554065961	0.01
0.892182462	0.10930985585112	0.01
0.892215798	0.10930985585112	0.01
0.892245091	0.109665047038592	0.01
0.89229733	0.10930985585112	0.01
0.892307805	0.10930985585112	0.01
0.892546055	0.10930985585112	0.01
0.892568748	0.10930985585112	0.01
0.892793389	0.10930985585112	0.01
0.892924751	0.117696332952156	0.01
0.892951888	0.117321285848074	0.01
0.893016766	0.117321285848074	0.01
0.893142511	0.117321285848074	0.01
0.893172464	0.117321285848074	0.01
0.893313967	0.117696332952156	0.01
0.893352088	0.117696332952156	0.01
0.893395592	0.117696332952156	0.01
0.894085351	0.117321285848074	0.01
0.894189143	0.117321285848074	0.01
0.894232534	0.116578316903221	0.01
0.894482721	0.116578316903221	0.01
0.894690708	0.116210350082207	0.01
0.894906463	0.116210350082207	0.01
0.89539422	0.115844698847068	0.01
0.895840307	0.115844698847068	0.01
0.896396617	0.113698217388652	0.01
0.89685771	0.113000291536219	0.01
0.89693811	0.112310881713815	0.01
0.897131294	0.115367070046916	0.01
0.897197773	0.114348714626217	0.01
0.897316929	0.110448943896768	0.01
0.898155973	0.0917666031838652	0.01
0.898455429	0.0905772259082864	0.01
0.898485328	0.0911680355601219	0.01
0.898755243	0.0894182849380787	0.01
0.89889623	0.08903853383342	0.01
0.899310528	0.087734434018668	0.01
0.899325427	0.087734434018668	0.01
0.899974537	0.0880282547240206	0.01
0.900031532	0.0878482208021233	0.01
0.900307304	0.0891241473651736	0.01
0.900690942	0.0630008466042915	0.01
0.901007608	0.064050713433942	0.01
0.901568195	0.0626780923552017	0.01
0.902162268	0.0603004104427281	0.01
0.902291602	0.0578147911699867	0.01
0.902860993	0.0510773816769381	0.01
0.902919093	0.0510773816769381	0.01
0.902932441	0.0512743671292016	0.01
0.904039961	0.0351037907657505	0.01
0.904220945	0.0355100777948477	0.01
0.904508173	0.0359258795804683	0.01
0.905345526	0.0351037907657505	0.01
0.906154318	0.0352381828172155	0.01
0.906197141	0.0352381828172155	0.01
0.906210372	0.0352381828172155	0.01
0.906508268	0.0353736078417461	0.01
0.906786831	0.0349704199135375	0.01
0.906922556	0.0349704199135375	0.01
0.906983581	0.0351037907657505	0.01
0.907060652	0.0351037907657505	0.01
0.90712089	0.0351037907657505	0.01
0.907185931	0.0353736078417461	0.01
0.907198748	0.0355100777948477	0.01
0.907298438	0.0351037907657505	0.01
0.907324045	0.0352381828172155	0.01
0.907336843	0.0352381828172155	0.01
0.907336844	0.0352381828172155	0.01
0.907436592	0.0352381828172155	0.01
0.907449378	0.0352381828172155	0.01
0.90746216	0.0352381828172155	0.01
0.907536422	0.0352381828172155	0.01
0.9075492	0.0352381828172155	0.01
0.907574745	0.0352381828172155	0.01
0.907587512	0.0352381828172155	0.01
0.907674633	0.0352381828172155	0.01
0.907712898	0.0352381828172155	0.01
0.907951053	0.0352381828172155	0.01
0.907963774	0.0352381828172155	0.01
0.908089263	0.0352381828172155	0.01
0.908089264	0.0352381828172155	0.01
0.908189407	0.0353736078417461	0.01
0.908214789	0.0353736078417461	0.01
0.908289632	0.0353736078417461	0.01
0.908566283	0.0349704199135375	0.01
0.908577365	0.0349704199135375	0.01
0.908578929	0.0349704199135375	0.01
0.908691978	0.0349704199135375	0.01
0.908729307	0.0349704199135375	0.01
0.908816452	0.0351037907657505	0.01
0.908855181	0.0348380586650157	0.01
0.908956071	0.0349704199135375	0.01
0.909094444	0.0349704199135375	0.01
0.909183517	0.034706695599517	0.01
0.909195105	0.034706695599517	0.01
0.909207673	0.034706695599517	0.01
0.909308419	0.034706695599517	0.01
0.909346075	0.0353736078417461	0.01
0.90938549	0.0353736078417461	0.01
0.909409249	0.0353736078417461	0.01
0.909434338	0.0353736078417461	0.01
0.909838426	0.0349704199135375	0.01
0.909896599	0.0349704199135375	0.01
0.909914657	0.0349704199135375	0.01
0.910014581	0.0349704199135375	0.01
0.910051995	0.0353736078417461	0.01
0.910204731	0.0353736078417461	0.01
0.910267	0.0353736078417461	0.01
0.910628128	0.0355100777948477	0.01
0.91113001	0.0359258795804683	0.01
0.911351929	0.0359258795804683	0.01
0.911518912	0.0357862012384355	0.01
0.912015459	0.0360666525616214	0.01
0.912630246	0.0360666525616214	0.01
0.912707801	0.0360666525616214	0.01
0.912776305	0.0360666525616214	0.01
0.912811242	0.0360666525616214	0.01
0.912967277	0.0245316101015189	0.01
0.913006436	0.0245316101015189	0.01
0.913139907	0.0245316101015189	0.01
0.913244462	0.0245316101015189	0.01
0.913751419	0.0244339276259444	0.01
0.914018042	0.0244339276259444	0.01
0.914696902	0.0323153730061797	0.01
0.914968567	0.0323153730061797	0.01
0.914983658	0.0323153730061797	0.01
0.915026039	0.0323153730061797	0.01
0.915269563	0.0323153730061797	0.01
0.915559183	0.0324435162384637	0.01
0.916024822	0.0324435162384637	0.01
0.916688985	0.0333697870446841	0.01
0.916912552	0.0335064467228745	0.01
0.917248255	0.028001962136325	0.01
0.918456927	0.0286557973186524	0.01
0.918483627	0.0286557973186524	0.01
0.918837351	0.0387589685831574	0.02
0.919120121	0.0388929668468373	0.02
0.919655338	0.0395771004730323	0.02
0.919822583	0.0395771004730323	0.02
0.920002472	0.0398575407282281	0.02
0.921364075	0.0408711756269684	0.02
0.921783065	0.0414738846916116	0.02
0.922455062	0.0419377122968363	0.02
0.922504312	0.0419377122968363	0.02
0.923268187	0.0309698250095013	0.02
0.924160807	0.0310874997176709	0.02
0.924412009	0.0313255524181904	0.02
0.924507726	0.0313255524181904	0.02
0.924627878	0.0314459511905151	0.02
0.925553967	0.0318127652691492	0.02
0.93064775	0.0368543496033242	0.03
0.93534835	0.0285890429889229	0.03
0.938770844	0.0191676041982952	0.03
0.942896738	0.0162276029191276	0.03
0.944027825	0.017625986726625	0.03
0.947518522	0.0204448644111778	0.03
0.951999424	0.0285890429889229	0.04
0.953473419	0.0312060720836575	0.04
0.954191796	0.0324435162384637	0.04
0.956296714	0.0352381828172155	0.04
0.956549025	0.0352381828172155	0.04
0.956780018	0.0361729584180074	0.04
0.95679317	0.0361729584180074	0.04
0.956793172	0.0361729584180074	0.04
0.957016096	0.036495669548387	0.04
0.957077957	0.036495669548387	0.04
0.957486775	0.0374993011896406	0.04
0.958321379	0.0374993011896406	0.04
0.959642592	0.0408711756269684	0.04
0.959665139	0.0258764527321668	0.05
0.959857154	0.0260411756046018	0.05
0.960819071	0.0278115902269555	0.05
0.960911853	0.0278115902269555	0.05
0.964446178	0.0324435162384637	0.05
0.966290332	0.0352381828172155	0.05
0.966653906	0.0352381828172155	0.05
0.966980912	0.036495669548387	0.05
0.966986309	0.036495669548387	0.05
0.967144414	0.036495669548387	0.05
0.967297223	0.0374993011896406	0.05
0.967297226	0.0374993011896406	0.05
0.967302572	0.0374993011896406	0.05
0.967460779	0.0374993011896406	0.05
0.96746078	0.0374993011896406	0.05
0.967608447	0.0374993011896406	0.05
0.967925221	0.0374993011896406	0.05
0.968083686	0.0374993011896406	0.05
0.968088909	0.0374993011896406	0.05
0.969035555	0.040070493025559	0.05
0.969666194	0.0237713415040537	0.06
0.970292984	0.0247792678113012	0.06
0.973766743	0.028001962136325	0.06
0.974203145	0.028001962136325	0.06
0.97801719	0.0307371280984083	0.06
0.978183481	0.0307371280984083	0.06
0.985118954	0.0182552310999183	0.06
0.9860103	0.0204448644111778	0.05
1.021711423	0.0306603375897114	0.06
1.023898132	0.0306603375897114	0.06
1.027349785	0.0273772982815899	0.07
1.028094642	0.0276237893330839	0.07
1.029078227	0.027874759266312	0.07
1.029637844	0.027874759266312	0.07
1.029659545	0.0281303312762545	0.07
1.030397618	0.0289259614043942	0.07
1.031531241	0.0297679082855413	0.07
1.031720423	0.0297679082855413	0.07
1.0327094	0.0297679082855413	0.07
1.033463082	0.0297679082855413	0.07
1.034014818	0.0297679082855413	0.07
1.034854243	0.0300595557419768	0.07
1.035677928	0.0300595557419768	0.07
1.036124234	0.0300595557419768	0.07
1.038905957	0.0343505028123655	0.08
1.039046839	0.0343505028123655	0.08
1.041709188	0.036495669548387	0.08
1.043349328	0.036495669548387	0.08
1.048661279	0.0327028759074961	0.09
1.049025044	0.0327028759074961	0.09
1.057424783	0.0404668741124525	0.09
1.067971123	0.0321882380546064	0.11
1.068277144	0.0321882380546064	0.11
1.06860264	0.0324435162384637	0.11
1.070020858	0.0335064467228745	0.11
1.070326964	0.0335064467228745	0.11
1.076612069	0.0346413848634548	0.11
1.088762574	0.0281949582213163	0.13
1.091073782	0.0396818018774763	0.12
1.112743253	0.040070493025559	0.13
1.113082372	0.040070493025559	0.13
1.11414031	0.0396818018774763	0.13
1.115076799	0.0396818018774763	0.13
1.116382888	0.0204448644111778	0.13
1.127882011	0.0194717203466711	0.12
1.13205703	0.0194717203466711	0.12
1.133988353	0.0192881035410124	0.12
1.134317617	0.0192881035410124	0.12
1.137302108	0.0200441631269016	0.11
1.162829766	0.0170386761080587	0.14
1.183360064	0.0192881035410124	0.15
1.187305519	0.0402281099633698	0.15
1.187446683	0.0402281099633698	0.15
1.192075895	0.0390008344043766	0.15
1.208769953	0.0389266113071828	0.13
1.209215802	0.0389266113071828	0.13
1.209768181	0.0389266113071828	0.13
1.209825949	0.0389266113071828	0.13
1.210085375	0.0381996282153855	0.13
1.210771389	0.0381996282153855	0.13
1.21086869	0.0381996282153855	0.13
1.224141399	0.0385596935316441	0.12
1.22465873	0.0385596935316441	0.12
1.225416562	0.0385596935316441	0.12
1.226416878	0.0385596935316441	0.12
1.226767373	0.0385596935316441	0.12
1.243346642	0.0306603375897114	0.11
1.245566855	0.0692295216497162	0.12
1.246668032	0.0692295216497162	0.12
1.252855937	0.0735882140143871	0.11
1.265568721	0.0735882140143871	0.1
1.268447511	0.0722878582118413	0.1
1.270060331	0.0710326608418133	0.1
1.278899002	0.0756288985676147	0.09
1.289511656	0.079293740688459	0.08
1.293113698	0.107832238739325	0.09
1.302603198	0.118395064723163	0.08
1.325958837	0.152885374712106	0.07
1.335485912	0.152885374712106	0.07
1.335508208	0.152885374712106	0.07
1.335711503	0.152885374712106	0.08
1.335892556	0.152885374712106	0.08
1.336051433	0.152885374712106	0.08
1.33625481	0.152885374712106	0.08
1.33638917	0.152885374712106	0.08
1.336595099	0.152885374712106	0.08
1.336665633	0.152885374712106	0.08
1.336979907	0.152885374712106	0.08
1.337161305	0.152885374712106	0.08
1.337524247	0.152885374712106	0.08
1.337529375	0.152885374712106	0.08
1.337777279	0.152885374712106	0.08
1.337887386	0.152885374712106	0.08
1.338686534	0.152885374712106	0.08
1.340005107	0.152885374712106	0.08
1.342368518	0.152885374712106	0.08
1.343443085	0.152885374712106	0.08
1.346883901	0.149897599446536	0.09
1.350085516	0.149897599446536	0.09
1.360774481	0.1406226602285	0.1
1.360981621	0.158308765811869	0.09
1.36116959	0.158308765811869	0.09
1.361545683	0.158308765811869	0.09
1.361952473	0.158308765811869	0.09
1.364721715	0.156791865367366	0.09
1.368077892	0.148267736190584	0.09
1.368578346	0.148267736190584	0.09
1.369707356	0.153843633476261	0.09
1.370127164	0.153843633476261	0.09
1.373967278	0.153843633476261	0.09
1.377139612	0.161432356604239	0.08
1.377274175	0.161432356604239	0.08
1.377544294	0.161432356604239	0.08
1.379222918	0.158308765811869	0.08
1.384187356	0.163040836249308	0.08
1.38563755	0.163040836249308	0.08
1.434752614	0.153334828607883	0.1
1.440102642	0.153334828607883	0.11
1.448119954	0.148109851410817	0.12
1.450462129	0.146858775966023	0.12
1.450928234	0.146858775966023	0.12
1.454003033	0.146858775966023	0.12
1.454856842	0.146858775966023	0.12
1.45657643	0.146858775966023	0.13
1.457818346	0.146858775966023	0.13
1.484067531	0.144418978265213	0.15
1.484117024	0.144418978265213	0.15
1.485393153	0.144418978265213	0.15
1.488337206	0.144418978265213	0.16
1.506038743	0.145628659011533	0.17
1.511734415	0.144418978265213	0.18
1.511964569	0.144418978265213	0.18
1.512194724	0.144418978265213	0.18
1.512403577	0.144418978265213	0.18
1.512821455	0.144418978265213	0.18
1.517647523	0.144418978265213	0.19
1.523536021	0.144418978265213	0.19
1.558319819	0.18907266170112	0.23
1.55916507	0.18907266170112	0.23
1.56916589	0.214009038815844	0.22
1.595579044	0.193015768479205	0.19
1.718627381	0.234779130293885	0.07
1.730827961	0.227056964608097	0.06
1.745720251	0.238840592650081	0.04
1.75282717	0.223383293105359	0.04
1.77492366	0.254233617265098	0.01
1.777374698	0.249636808871285	0.01
1.778615293	0.247400182480778	0.01
1.77861633	0.247400182480778	0.01
1.780115455	0.240924478253301	0.01
1.780657571	0.240924478253301	0.01
1.780657572	0.240924478253301	0.01
1.780928629	0.238840592650081	0.01
1.78092863	0.238840592650081	0.01
1.781081012	0.238840592650081	0.01
1.781170032	0.238840592650081	0.01
1.781381862	0.238840592650081	0.01
1.781411498	0.238840592650081	0.01
1.781411499	0.238840592650081	0.01
1.781623424	0.238840592650081	0.01
1.781653031	0.238840592650081	0.01
1.7818108	0.238840592650081	0.01
1.781894629	0.238840592650081	0.01
1.782378022	0.234779130293885	0.01
1.782531315	0.234779130293885	0.01
1.782619816	0.234779130293885	0.01
1.783103602	0.234779130293885	0.01
1.783345594	0.234779130293885	0.01
1.783587651	0.234779130293885	0.01
1.78377107	0.234779130293885	0.01
1.783829774	0.234779130293885	0.01
1.783925287	0.234779130293885	0.01
1.784013316	0.234779130293885	0.01
1.784314217	0.234779130293885	0.01
1.785497332	0.232799761009584	0.01
1.786357195	0.228939487827699	0.01
1.788266632	0.220501760751761	0.01
1.789358594	0.230039826702371	0.01
1.789747139	0.230039826702371	0.01
1.790737455	0.224063023916965	0.01
1.792147241	0.214698979839895	0.02
1.794856772	0.181658021438505	0.02
1.795172249	0.169808591325175	0.02
1.795643534	0.16684052902906	0.02
1.796696941	0.160302737371404	0.02
1.801889818	0.0698203096773246	0.02
1.808733518	0.147732296347157	0.03
1.812688451	0.0402281099633698	0.03
1.813215031	0.0408711756269684	0.03
1.813240824	0.0408711756269684	0.03
1.813793197	0.0429299429106848	0.03
1.814069384	0.045207120899092	0.03
1.814345569	0.0374993011896406	0.03
1.814621756	0.0374993011896406	0.03
1.814621757	0.0374993011896406	0.03
1.814846808	0.0374993011896406	0.03
1.814872379	0.0374993011896406	0.03
1.815123071	0.0374993011896406	0.03
1.815169565	0.0374993011896406	0.03
1.815288509	0.0374993011896406	0.03
1.815624663	0.0378462251722657	0.03
1.815875562	0.0378462251722657	0.03
1.816374833	0.0381996282153855	0.03
1.816377569	0.0381996282153855	0.03
1.81637757	0.0381996282153855	0.03
1.818036082	0.0378462251722657	0.03
1.818363245	0.0381996282153855	0.03
1.819217405	0.0381996282153855	0.03
1.819395454	0.0385596935316441	0.03
1.81989941	0.0393005790366116	0.03
1.820606159	0.0393005790366116	0.03
1.82134289	0.0396818018774763	0.03
1.822065256	0.0396818018774763	0.03
1.823267442	0.0404668741124525	0.03
1.823345161	0.0404668741124525	0.03
1.824280416	0.0404668741124525	0.03
1.824759677	0.0404668741124525	0.03
1.824985083	0.0408711756269684	0.03
1.828541204	0.0378462251722657	0.04
1.828939845	0.0378462251722657	0.04
1.829051906	0.0378462251722657	0.04
1.829613575	0.0381996282153855	0.04
1.830016016	0.0389266113071828	0.04
1.835137623	0.040070493025559	0.04
1.836263396	0.036495669548387	0.05
1.837659261	0.0368241905395933	0.05
1.839735229	0.0374993011896406	0.05
1.846490238	0.0368241905395933	0.06
1.860714054	0.0381996282153855	0.07
1.872927722	0.0361729584180074	0.07
1.876458705	0.0355443599718317	0.07
1.932723098	0.0425725315492786	0.12
1.933588634	0.0440391144307479	0.12
1.934242286	0.0460208313069094	0.12
1.93486401	0.0393005790366116	0.13
1.937910579	0.038705627454475	0.13
1.938309591	0.038705627454475	0.13
1.938319698	0.038705627454475	0.13
1.940502926	0.0396049667858793	0.13
1.945075766	0.0372941830340302	0.14
1.956133657	0.0372941830340302	0.15
1.95745413	0.0372941830340302	0.15
1.961031557	0.0381284205860743	0.15
2.03833515	0.102039042307019	0.22
2.039242563	0.079038403310725	0.23
2.045755957	0.102039042307019	0.23
2.04617014	0.10392429399517	0.23
2.049316864	0.0770534176178659	0.24
2.057190684	0.104893287049272	0.24
2.057670659	0.104893287049272	0.24
2.067556414	0.104893287049272	0.25
2.077653506	0.104893287049272	0.26
2.077935092	0.104893287049272	0.26
2.079378601	0.102039042307019	0.26
2.080200147	0.0770534176178659	0.27
2.114638141	0.0837973962094615	0.3
2.117539144	0.102039042307019	0.3
2.119081815	0.0971905257735578	0.3
2.122322709	0.0756288985676147	0.31
2.130868897	0.0756288985676147	0.32
2.175983465	0.0976121774414719	0.36
2.22342495	0.0775402578627054	0.41
2.22607531	0.0959471478675318	0.41
2.226678687	0.100220971210274	0.41
2.226980498	0.100220971210274	0.41
2.268175967	0.199044208316654	0.41
2.279085054	0.203616769938125	0.4
2.283420782	0.206912401267348	0.39
2.287430653	0.203616769938125	0.39
2.36737444	0.261190293713241	0.32
2.401471639	0.281749212523195	0.31
2.57811595	0.261741225216732	0.16
2.634889835	0.261741225216732	0.1
2.63880046	0.261741225216732	0.1
2.644514931	0.261741225216732	0.09
2.64482266	0.261741225216732	0.09
2.65353762	0.261741225216732	0.08
2.669724846	0.264343275115519	0.07
2.671148642	0.264343275115519	0.06
2.671193179	0.264343275115519	0.06
2.671237545	0.264343275115519	0.06
2.671237705	0.264343275115519	0.06
2.671599486	0.264343275115519	0.06
2.671599646	0.264343275115519	0.06
2.671961685	0.264343275115519	0.06
2.672323822	0.264343275115519	0.06
2.672686057	0.264343275115519	0.06
2.673366554	0.264343275115519	0.06
2.673410821	0.264343275115519	0.06
2.674201502	0.264343275115519	0.06
2.674640938	0.264343275115519	0.06
2.674817434	0.264343275115519	0.06
2.67498819	0.264343275115519	0.06
2.675753192	0.264343275115519	0.06
2.67595059	0.264343275115519	0.06
2.679587204	0.264343275115519	0.06
2.68050645	0.264343275115519	0.06
2.681604422	0.264343275115519	0.05
2.684222358	0.264343275115519	0.05
2.690797174	0.251825882934393	0.06
2.692790444	0.261741225216732	0.05
2.697875326	0.254233617265098	0.06
2.703341222	0.251825882934393	0.06
2.714352711	0.244119393005266	0.05
2.720992773	0.244119393005266	0.05
2.721223607	0.23935817710528	0.06
2.721339166	0.23935817710528	0.06
2.721714851	0.23935817710528	0.06
2.721753239	0.23935817710528	0.06
2.72212898	0.23935817710528	0.06
2.722504826	0.23935817710528	0.06
2.725138453	0.23935817710528	0.06
2.725892101	0.23935817710528	0.06
2.728457177	0.23935817710528	0.06
2.730687704	0.244119393005266	0.06
2.741703646	0.234779130293885	0.08
2.742221604	0.234779130293885	0.08
2.744776734	0.234779130293885	0.08
2.758261585	0.234779130293885	0.09
2.767264537	0.234779130293885	0.1
2.814579483	0.222036129296407	0.15
2.884109016	0.218090397898445	0.22
2.893176138	0.228066766844807	0.23
2.901070252	0.23204732330082	0.23
3.091199805	0.22513170352747	0.42
3.116410384	0.223570392784457	0.45
3.116832706	0.223570392784457	0.45
3.153761559	0.168166119936918	0.48
3.190582361	0.221535122548052	0.52
3.194633906	0.168166119936918	0.52
3.560201153	0.222401923506265	0.890000000000001
3.561529658	0.227927128332824	0.890000000000001
3.561648443	0.200151609390548	0.890000000000001
3.562131134	0.235422523967238	0.890000000000001
3.563861522	0.198462883666122	0.890000000000001
3.567214517	0.199996902233509	0.890000000000001
3.571210711	0.186874134424477	0.890000000000001
3.572123566	0.188597204822413	0.890000000000001
3.572497766	0.188597204822413	0.890000000000001
3.62901857	0.182572382790792	0.910000000000001
3.62939674	0.182572382790792	0.910000000000001
3.6300627	0.182572382790792	0.910000000000001
3.630972932	0.182572382790792	0.910000000000001
3.631023885	0.186068884981299	0.910000000000001
3.631169027	0.186068884981299	0.910000000000001
3.639968026	0.180872951232817	0.920000000000001
3.82876748	0.192657538995212	1.11
4.442577106	0.227219432395123	1.72
4.445571488	0.229435725775039	1.72
4.452121847	0.228229894845391	1.73
4.45272527	0.227219432395123	1.73
4.453328856	0.227219432395123	1.73
4.453932605	0.227219432395123	1.73
4.459832487	0.234000599241436	1.73
4.464002998	0.227219432395123	1.74
4.475601202	0.229435725775039	1.75
4.492707945	0.234000599241436	1.75
4.536342962	0.231695680380015	1.78
4.536969429	0.231695680380015	1.78
4.550359745	0.231695680380015	1.8
4.773228095	0.231695680380015	1.96
4.848628454	0.231695680380015	2.04
4.895921957	0.231695680380015	2.09
5.341769851	0.257011450596003	2.23
5.342582978	0.257011450596003	2.23
5.343129076	0.257011450596003	2.23
5.346842194	0.257011450596003	2.24
5.443653327	0.251259319584229	2.25
5.445157132	0.248353810196257	2.26
6.232084175	0.234779130293885	2.60999999999999
6.2338777	0.234779130293885	2.60999999999999
6.234722781	0.234779130293885	2.60999999999999
6.244676548	0.234779130293885	2.61999999999999
6.35095118	0.234779130293885	2.72999999999999
6.358499262	0.234779130293885	2.72999999999999
7	0.284548903952504	2.54999999999999
