thrs	post_p	finalwindow
0	0.113184729560738	0.23
0.03256001	0.111480206297015	0.2
0.070216248	0.0944174692812119	0.18
0.089689176	0.0944174692812119	0.16
0.098963073	0.0932283709140689	0.16
0.103967892	0.0887571241338556	0.17
0.106977596	0.0887571241338556	0.17
0.113424721	0.0887571241338556	0.17
0.127695348	0.0652769361114982	0.17
0.129609166	0.107728511541221	0.17
0.129730945	0.107728511541221	0.17
0.130460633	0.105993195823714	0.17
0.14705261	0.0702314213447518	0.15
0.148447444	0.0908519674562993	0.15
0.148782099	0.0900865282977888	0.15
0.151339737	0.104312899571812	0.15
0.161204767	0.104312899571812	0.14
0.172569069	0.118816481953611	0.13
0.178113806	0.0720076579806048	0.12
0.178140913	0.0720076579806048	0.12
0.178358463	0.0720076579806048	0.12
0.181486006	0.104312899571812	0.12
0.181824923	0.104312899571812	0.12
0.186084933	0.127034510338148	0.12
0.191788381	0.105146335111785	0.11
0.205298456	0.132367699585089	0.1
0.206482242	0.128763839385844	0.1
0.22265244	0.105993195823714	0.08
0.222656148	0.105993195823714	0.08
0.222686318	0.105993195823714	0.08
0.222697977	0.105993195823714	0.08
0.222716495	0.105993195823714	0.08
0.223196808	0.11872621484086	0.08
0.226728961	0.113550239857171	0.08
0.226923294	0.113550239857171	0.08
0.226929675	0.113550239857171	0.08
0.226957829	0.113550239857171	0.08
0.227177477	0.114381332519274	0.08
0.227432153	0.11112788044009	0.08
0.230426372	0.0869562544212785	0.07
0.241897099	0.112326001856311	0.07
0.24235868	0.112326001856311	0.07
0.242941212	0.113881223408566	0.06
0.243116147	0.108857241847671	0.06
0.249436037	0.100848951591235	0.06
0.254481698	0.111816991416153	0.05
0.263775407	0.106969614183863	0.05
0.272151172	0.106969614183863	0.05
0.287097646	0.104194914690626	0.05
0.295749179	0.11808541692004	0.04
0.296044019	0.11808541692004	0.04
0.296834617	0.11808541692004	0.04
0.296839561	0.11808541692004	0.04
0.296839653	0.11808541692004	0.04
0.29691506	0.11808541692004	0.04
0.296960227	0.11808541692004	0.04
0.297156652	0.11808541692004	0.04
0.297161557	0.11808541692004	0.04
0.29723727	0.11808541692004	0.04
0.297345093	0.11808541692004	0.04
0.29736316	0.11808541692004	0.04
0.297631463	0.11808541692004	0.04
0.298033592	0.11808541692004	0.04
0.298062423	0.11808541692004	0.04
0.298432807	0.11808541692004	0.04
0.29855614	0.11808541692004	0.04
0.299120783	0.11808541692004	0.04
0.29926506	0.11808541692004	0.04
0.300128238	0.11808541692004	0.04
0.300638986	0.116886764107995	0.04
0.301373268	0.116886764107995	0.04
0.302406093	0.116886764107995	0.04
0.302443572	0.116886764107995	0.04
0.302452098	0.116886764107995	0.04
0.302531356	0.116886764107995	0.04
0.302535608	0.116886764107995	0.04
0.302757814	0.116886764107995	0.04
0.302844832	0.116886764107995	0.04
0.303037639	0.116886764107995	0.04
0.303062807	0.116886764107995	0.04
0.303998368	0.115712201160876	0.04
0.305094409	0.115712201160876	0.04
0.306047128	0.114561009086356	0.04
0.306464617	0.114561009086356	0.04
0.307314933	0.114561009086356	0.04
0.322435043	0.110176532771759	0.04
0.322591403	0.110176532771759	0.04
0.322777267	0.110176532771759	0.04
0.323097253	0.109132355024078	0.04
0.323165924	0.109132355024078	0.04
0.323537089	0.109132355024078	0.04
0.323808824	0.109132355024078	0.04
0.327195424	0.109132355024078	0.04
0.328591896	0.108107783465994	0.04
0.330254195	0.108107783465994	0.04
0.333944256	0.108107783465994	0.04
0.340262381	0.0988293490277829	0.05
0.343706753	0.0988293490277829	0.05
0.345554528	0.0971615558368689	0.05
0.356437896	0.0947628034436283	0.06
0.356490553	0.0947628034436283	0.06
0.357086112	0.111240884921418	0.06
0.357959666	0.0924796395443642	0.07
0.362945858	0.0917428387120002	0.07
0.363936107	0.0917428387120002	0.07
0.367663989	0.11808541692004	0.07
0.382008897	0.0637631260540297	0.07
0.386863037	0.0672029015028526	0.06
0.386909127	0.0672029015028526	0.06
0.387745392	0.0672029015028526	0.06
0.389299853	0.0658576784795071	0.06
0.395214438	0.0702706382904208	0.06
0.403209246	0.071430413769009	0.05
0.411578949	0.081193660922154	0.04
0.415772448	0.0759997635605765	0.03
0.419019267	0.0830326290398707	0.03
0.428769674	0.0866785655715562	0.02
0.438815006	0.0906593908049397	0.01
0.440249622	0.0948829314980484	0.01
0.440316292	0.0948829314980484	0.01
0.441698853	0.0948829314980484	0.01
0.441750067	0.0940483747407666	0.01
0.444236336	0.0837370708907569	0.01
0.444499874	0.0806577498036545	0.01
0.444770984	0.0806577498036545	0.01
0.445049535	0.0806577498036545	0.01
0.445117302	0.0852690087679323	0.01
0.445185068	0.0847521725094746	0.01
0.445252832	0.0847521725094746	0.01
0.445252833	0.0847521725094746	0.01
0.445252835	0.0847521725094746	0.01
0.445305777	0.0847521725094746	0.01
0.44531318	0.0847521725094746	0.01
0.445313187	0.0847521725094746	0.01
0.44531319	0.0847521725094746	0.01
0.445373562	0.0847521725094746	0.01
0.445419149	0.0847521725094746	0.01
0.445433949	0.0847521725094746	0.01
0.445479567	0.0847521725094746	0.01
0.445494353	0.0847521725094746	0.01
0.445540001	0.0847521725094746	0.01
0.445554774	0.0837370708907569	0.01
0.445615211	0.0837370708907569	0.01
0.445736134	0.0926755056559112	0.01
0.445849774	0.101441230740404	0.01
0.445857123	0.101441230740404	0.01
0.445978177	0.101441230740404	0.01
0.446038729	0.101441230740404	0.01
0.446319857	0.0991128970721456	0.01
0.446341735	0.0991128970721456	0.01
0.446395102	0.0991128970721456	0.01
0.446455777	0.0991128970721456	0.01
0.446772341	0.0979883563527155	0.01
0.447649603	0.0968890475597496	0.01
0.447928306	0.0947628034436283	0.01
0.448701687	0.0977614730243243	0.01
0.448791313	0.0977614730243243	0.01
0.449051315	0.0988293490277829	0.01
0.449552291	0.0982925106893368	0.01
0.449715173	0.0982925106893368	0.01
0.451750007	0.0999208120978912	0.01
0.452986292	0.0916698038384825	0.01
0.453102774	0.0916698038384825	0.01
0.453117722	0.0916698038384825	0.01
0.453607731	0.089671009107378	0.01
0.453670383	0.089671009107378	0.01
0.45367678	0.089671009107378	0.01
0.453739439	0.089671009107378	0.01
0.453782962	0.089671009107378	0.01
0.453802119	0.089671009107378	0.01
0.453864805	0.089671009107378	0.01
0.453864814	0.089671009107378	0.01
0.453927527	0.089671009107378	0.01
0.453977538	0.089671009107378	0.01
0.453990257	0.089671009107378	0.01
0.454053004	0.089671009107378	0.01
0.454131662	0.089671009107378	0.01
0.454159539	0.089671009107378	0.01
0.454172215	0.089671009107378	0.01
0.454228692	0.089671009107378	0.01
0.454278877	0.0906593908049397	0.01
0.454291524	0.0906593908049397	0.01
0.454297847	0.0906593908049397	0.01
0.454379121	0.0906593908049397	0.01
0.454423548	0.0906593908049397	0.01
0.455078808	0.0911617976205981	0.01
0.455180191	0.0927029931383861	0.01
0.455550168	0.0830326290398707	0.01
0.455678249	0.0932283709140689	0.01
0.455755613	0.0950234664022132	0.01
0.456133439	0.0904328501354262	0.02
0.456159276	0.0904328501354262	0.02
0.456455968	0.0904328501354262	0.02
0.456880284	0.0904328501354262	0.02
0.457901934	0.0886604839014083	0.02
0.458022431	0.0886604839014083	0.02
0.458619789	0.0869562544212785	0.02
0.458664131	0.0869562544212785	0.02
0.459124851	0.0878001000232513	0.02
0.46331093	0.0800688642847568	0.02
0.464728436	0.0785397393821411	0.02
0.46499053	0.0796810279959775	0.02
0.472596627	0.0670507245653181	0.02
0.473676694	0.0730018213307916	0.02
0.474072423	0.0749608065164038	0.03
0.47699163	0.0678496602819992	0.03
0.477096915	0.0678496602819992	0.03
0.478409458	0.0689878379201169	0.03
0.478419311	0.0689878379201169	0.03
0.479732593	0.0647063463537921	0.03
0.479936634	0.0647063463537921	0.03
0.483511101	0.0676636052594943	0.03
0.483671852	0.0695713675536755	0.03
0.484225862	0.0695713675536755	0.04
0.484458594	0.0701648529003103	0.04
0.485802156	0.0649903888690126	0.04
0.485999254	0.0558673868747743	0.04
0.486776039	0.059504979126041	0.04
0.490830832	0.0563350651279704	0.04
0.499369323	0.0623766908031948	0.05
0.508934563	0.0587324259212469	0.06
0.511690912	0.0547517132467018	0.06
0.514553924	0.0571426757408251	0.06
0.51473946	0.0571426757408251	0.06
0.514742139	0.0571426757408251	0.06
0.514971335	0.0571426757408251	0.06
0.515124567	0.0493825579919338	0.06
0.516063638	0.0544879251906954	0.07
0.51682809	0.0561795967540348	0.07
0.518492841	0.0568860469084053	0.07
0.520735072	0.0536797272560918	0.07
0.529143364	0.0280503990887167	0.07
0.534226929	0.0280503990887167	0.07
0.534308248	0.0280503990887167	0.07
0.534380672	0.0278132666899506	0.07
0.534453117	0.0278132666899506	0.07
0.539174229	0.0368465788528047	0.07
0.544416783	0.0382754602676405	0.07
0.55657045	0.0470295520714623	0.06
0.556807604	0.0470295520714623	0.06
0.562444529	0.0493825579919338	0.05
0.566766402	0.0465856050226081	0.06
0.568776608	0.0465856050226081	0.06
0.57444178	0.0474820418988312	0.06
0.586308239	0.0470295520714623	0.06
0.591193432	0.0444859257179833	0.06
0.591819223	0.0444859257179833	0.06
0.593402747	0.0444859257179833	0.06
0.593573546	0.0444859257179833	0.06
0.593673806	0.0444859257179833	0.06
0.593673808	0.0444859257179833	0.06
0.593754278	0.0444859257179833	0.06
0.59375428	0.0444859257179833	0.06
0.593824895	0.0444859257179833	0.06
0.593834769	0.0444859257179833	0.06
0.594036974	0.0444859257179833	0.06
0.594152812	0.0444859257179833	0.06
0.594318181	0.0383945731812565	0.06
0.595015574	0.0395009117572784	0.06
0.595196772	0.0395009117572784	0.06
0.595887104	0.0395009117572784	0.06
0.596219211	0.0395009117572784	0.06
0.596894832	0.0395009117572784	0.06
0.602148457	0.0414936420238682	0.05
0.602674298	0.0414936420238682	0.05
0.604317115	0.0414936420238682	0.05
0.604813246	0.0414936420238682	0.05
0.604905308	0.0414936420238682	0.05
0.60490531	0.0414936420238682	0.05
0.604988853	0.0414936420238682	0.05
0.60631275	0.0414936420238682	0.05
0.606824709	0.0398839971866106	0.06
0.607971158	0.0410791720492409	0.05
0.608756287	0.0410791720492409	0.05
0.61827716	0.0380394379389725	0.05
0.624510489	0.0387564019819341	0.05
0.630942519	0.0395009117572784	0.04
0.635412418	0.0363579516135146	0.05
0.636066531	0.0363579516135146	0.05
0.637031954	0.0370123863249615	0.05
0.637260654	0.0370123863249615	0.05
0.637881775	0.0370123863249615	0.05
0.638075882	0.0370123863249615	0.05
0.641599528	0.0366822503184346	0.05
0.644129804	0.0336782795355348	0.06
0.646569798	0.0342390582762223	0.06
0.648110758	0.0342390582762223	0.06
0.648827538	0.0342390582762223	0.06
0.65703705	0.0371237561609618	0.07
0.667472678	0.035778059160331	0.08
0.667879261	0.035778059160331	0.08
0.667879263	0.035778059160331	0.08
0.667969788	0.035778059160331	0.08
0.680589305	0.0231763082592565	0.08
0.68060848	0.0231763082592565	0.08
0.680702493	0.0231763082592565	0.08
0.680786967	0.0231763082592565	0.08
0.689921535	0.0266853058081671	0.09
0.690723937	0.0266853058081671	0.09
0.692614054	0.0269035190617359	0.09
0.696262833	0.015425156902849	0.09
0.697379755	0.0160262638045954	0.09
0.712354258	0.0165087645185545	0.09
0.7123899	0.0165087645185545	0.09
0.713541741	0.0165087645185545	0.09
0.71365913	0.0165087645185545	0.09
0.714295462	0.0165087645185545	0.09
0.715653707	0.0161839327628828	0.1
0.715679053	0.0161839327628828	0.1
0.717816093	0.0160262638045954	0.1
0.725979546	0.0165087645185545	0.1
0.72717465	0.0165087645185545	0.1
0.742183791	0.0160262638045954	0.11
0.744518666	0.0160262638045954	0.11
0.7500464	0.0155711662222789	0.12
0.75180067	0.0155711662222789	0.12
0.756100951	0.0161839327628828	0.12
0.762884543	0.0621142251576848	0.13
0.763387603	0.0165087645185545	0.12
0.763491091	0.0165087645185545	0.12
0.765321243	0.0676636052594943	0.13
0.766651587	0.0675093370929341	0.13
0.7676628	0.0722346693691001	0.13
0.772093843	0.0612456763520034	0.12
0.772264397	0.0671881445199796	0.12
0.778829055	0.0745860702971981	0.12
0.779184816	0.0742408266032718	0.12
0.793117932	0.0691937730222567	0.1
0.797194853	0.0746584006195417	0.1
0.799403767	0.0791892642827624	0.1
0.817085993	0.0757996524269635	0.08
0.828284953	0.0830694093092389	0.07
0.849686346	0.0839681125386441	0.05
0.861783488	0.0738987643084656	0.03
0.867661243	0.086350640868099	0.03
0.870144812	0.0839681125386441	0.03
0.875954975	0.0822592069321326	0.02
0.877564409	0.0868434636938673	0.02
0.87832845	0.0868434636938673	0.02
0.880342154	0.0844340419047404	0.02
0.882485476	0.0790210950291547	0.01
0.883236842	0.0815933864390135	0.01
0.885800269	0.0837370708907569	0.01
0.886381245	0.0829915602040519	0.01
0.889014569	0.0870919906329497	0.01
0.889209764	0.0870919906329497	0.01
0.889576687	0.0865963511187288	0.01
0.889752182	0.0865963511187288	0.01
0.889857915	0.0865963511187288	0.01
0.890068113	0.086350640868099	0.01
0.890083013	0.086350640868099	0.01
0.890218543	0.0858633798619884	0.01
0.890218544	0.0858633798619884	0.01
0.890228158	0.0858633798619884	0.01
0.890309475	0.0858633798619884	0.01
0.890339212	0.0858633798619884	0.01
0.890354074	0.086350640868099	0.01
0.890354075	0.086350640868099	0.01
0.890407894	0.086350640868099	0.01
0.890419078	0.086350640868099	0.01
0.890459913	0.086350640868099	0.01
0.890474761	0.086350640868099	0.01
0.890489605	0.086350640868099	0.01
0.890489606	0.086350640868099	0.01
0.890506418	0.086350640868099	0.01
0.890580647	0.086350640868099	0.01
0.890595481	0.086350640868099	0.01
0.89061031	0.086350640868099	0.01
0.890610311	0.086350640868099	0.01
0.89068659	0.086350640868099	0.01
0.890701414	0.0861063210387999	0.01
0.890716233	0.0861063210387999	0.01
0.890731048	0.0861063210387999	0.01
0.890731049	0.0861063210387999	0.01
0.890737499	0.0861063210387999	0.01
0.890822213	0.0861063210387999	0.01
0.890837018	0.0861063210387999	0.01
0.890851819	0.0861063210387999	0.01
0.890957836	0.0861063210387999	0.01
0.890972622	0.0861063210387999	0.01
0.890972623	0.0861063210387999	0.01
0.891093459	0.0858633798619884	0.01
0.891214328	0.0858633798619884	0.01
0.891244043	0.0858633798619884	0.01
0.891320486	0.0858633798619884	0.01
0.89133523	0.0858633798619884	0.01
0.891441435	0.0858633798619884	0.01
0.891686849	0.0849051708995397	0.01
0.891698132	0.0849051708995397	0.01
0.891881522	0.0849051708995397	0.01
0.892012117	0.0849051708995397	0.01
0.892017347	0.0849051708995397	0.01
0.89206133	0.0849051708995397	0.01
0.89216782	0.0844340419047404	0.01
0.892182462	0.0844340419047404	0.01
0.892245091	0.0844340419047404	0.01
0.89229733	0.0844340419047404	0.01
0.892307805	0.0844340419047404	0.01
0.892568748	0.0846689510237251	0.01
0.89273031	0.0846689510237251	0.01
0.892924751	0.0846689510237251	0.01
0.892952212	0.0844340419047404	0.01
0.893016766	0.0844340419047404	0.01
0.893172464	0.0837370708907569	0.01
0.893313967	0.084200432662913	0.01
0.893320622	0.084200432662913	0.01
0.894085351	0.0839681125386441	0.01
0.894189143	0.0839681125386441	0.01
0.89420355	0.0839681125386441	0.01
0.894482721	0.0839681125386441	0.01
0.894690708	0.0837370708907569	0.01
0.894906463	0.0837370708907569	0.01
0.894913415	0.0837370708907569	0.01
0.894970751	0.0837370708907569	0.01
0.895524497	0.0855711210909429	0.01
0.895840307	0.085806041817358	0.01
0.89592425	0.085806041817358	0.01
0.896329745	0.0848740140592835	0.01
0.89685771	0.0846441622124029	0.01
0.89693811	0.0844155519512236	0.01
0.897131294	0.0832907770233697	0.01
0.897197773	0.0817655256272983	0.01
0.897282137	0.0790762465285391	0.01
0.897316929	0.0788766876953145	0.01
0.898455429	0.072188224340097	0.01
0.898485328	0.072188224340097	0.01
0.89889623	0.0701363621818104	0.01
0.899413875	0.0695713675536755	0.01
0.900031532	0.0692922700986668	0.01
0.900113547	0.0697117611003118	0.01
0.900690942	0.0636940667211797	0.01
0.901007608	0.0641456452795954	0.01
0.90151373	0.0604772622720748	0.01
0.901568195	0.0604772622720748	0.01
0.902162268	0.0592528208320804	0.01
0.902932441	0.0499538299564658	0.01
0.903166806	0.0501714793711781	0.01
0.904039961	0.0433145760839336	0.01
0.904508173	0.0337396795075681	0.01
0.905345526	0.0343662213193828	0.01
0.905424433	0.0343662213193828	0.01
0.906154318	0.034851614046764	0.01
0.906210372	0.0342074144210832	0.01
0.906508268	0.0343662213193828	0.01
0.906786831	0.0342074144210832	0.01
0.906922556	0.0342074144210832	0.01
0.907060652	0.0343662213193828	0.01
0.907185931	0.0345265096075414	0.01
0.907198748	0.0346883001108447	0.01
0.907298438	0.0230679748728321	0.01
0.907324045	0.0232856639719764	0.01
0.907336843	0.0232856639719764	0.01
0.907336844	0.0232856639719764	0.01
0.907436592	0.0232856639719764	0.01
0.907449378	0.0232856639719764	0.01
0.90746216	0.0232856639719764	0.01
0.907536422	0.0232856639719764	0.01
0.9075492	0.0232856639719764	0.01
0.907574745	0.0232856639719764	0.01
0.907587512	0.0232856639719764	0.01
0.907700146	0.0232856639719764	0.01
0.907712898	0.0232856639719764	0.01
0.907951053	0.0232856639719764	0.01
0.907963773	0.0232856639719764	0.01
0.907963774	0.0232856639719764	0.01
0.908089263	0.0232856639719764	0.01
0.908089264	0.0232856639719764	0.01
0.90817671	0.0232856639719764	0.01
0.908214789	0.0232856639719764	0.01
0.908289632	0.0228543182658811	0.01
0.908453284	0.0228543182658811	0.01
0.908566283	0.0229606495433745	0.01
0.908577365	0.0229606495433745	0.01
0.908578929	0.0229606495433745	0.01
0.908691978	0.0229606495433745	0.01
0.908729307	0.0229606495433745	0.01
0.908855181	0.0228543182658811	0.01
0.908943472	0.0230679748728321	0.01
0.908956071	0.0230679748728321	0.01
0.909207673	0.0227489672935833	0.01
0.909270732	0.0227489672935833	0.01
0.909346075	0.0227489672935833	0.01
0.909446878	0.0229606495433745	0.01
0.909914657	0.0228543182658811	0.01
0.909925885	0.0228543182658811	0.01
0.910014581	0.0228543182658811	0.01
0.910467776	0.0231763082592565	0.01
0.910628128	0.0231763082592565	0.01
0.911351929	0.0233960565509126	0.01
0.911404622	0.0233960565509126	0.01
0.911632099	0.0238482961640852	0.01
0.911747931	0.0238482961640852	0.01
0.911776598	0.0238482961640852	0.01
0.912015459	0.0238482961640852	0.01
0.912630246	0.0237336050797448	0.01
0.912707801	0.0237336050797448	0.01
0.912776305	0.0237336050797448	0.01
0.912811242	0.031396423335539	0.01
0.912967277	0.0315469478999168	0.01
0.913006436	0.0315469478999168	0.01
0.913244462	0.03200730792541	0.01
0.913751419	0.031396423335539	0.01
0.914018042	0.031396423335539	0.01
0.914870556	0.0355205427194242	0.01
0.914968567	0.0355205427194242	0.01
0.915559183	0.0318523689286852	0.01
0.916163647	0.03200730792541	0.01
0.916208994	0.0315469478999168	0.01
0.916688985	0.0321637616249203	0.01
0.916912552	0.032321752348205	0.01
0.917248255	0.0370540716193607	0.01
0.918238351	0.0307924012719239	0.02
0.918456927	0.0309210231198562	0.02
0.918816837	0.0310507239984934	0.02
0.919120121	0.0313134176204193	0.02
0.919822583	0.0315805940194606	0.02
0.922071236	0.0325527209207825	0.02
0.922455062	0.0328415616430763	0.02
0.922787758	0.0328415616430763	0.02
0.923268187	0.0334348982294658	0.02
0.923473233	0.0334348982294658	0.02
0.924160807	0.0335865974490052	0.02
0.926193857	0.0303816717519532	0.02
0.93220206	0.0288708978502218	0.03
0.934700606	0.0293284351497305	0.03
0.93534835	0.0294450943981247	0.03
0.938770844	0.021603726553157	0.03
0.941112169	0.0241399327542904	0.03
0.947518522	0.0238482961640852	0.03
0.950306111	0.0224897907460371	0.04
0.953473419	0.0201483958825427	0.04
0.954191796	0.0206543508529238	0.04
0.955603107	0.0215565434619008	0.04
0.956018846	0.0215565434619008	0.04
0.956296714	0.0223371002318985	0.04
0.956549025	0.0223371002318985	0.04
0.956766863	0.0225411525332857	0.04
0.956780018	0.0225411525332857	0.04
0.95679317	0.0225411525332857	0.04
0.957016096	0.0229606495433745	0.04
0.957077957	0.0229606495433745	0.04
0.957486775	0.0236200118589296	0.04
0.958321379	0.0245604157180483	0.04
0.959031973	0.0206543508529238	0.05
0.959642592	0.0218912203574378	0.05
0.959665139	0.0218912203574378	0.05
0.960819071	0.0231220146733581	0.05
0.960911853	0.0231220146733581	0.05
0.964446178	0.0206543508529238	0.05
0.966290332	0.0223371002318985	0.05
0.966980911	0.0229606495433745	0.05
0.966980912	0.0229606495433745	0.05
0.966986309	0.0229606495433745	0.05
0.967144414	0.0229606495433745	0.05
0.967297223	0.0236200118589296	0.05
0.967302571	0.0236200118589296	0.05
0.967302572	0.0236200118589296	0.05
0.96746078	0.0236200118589296	0.05
0.967772081	0.0236200118589296	0.05
0.967925221	0.0236200118589296	0.05
0.967935716	0.0236200118589296	0.05
0.968083686	0.0236200118589296	0.05
0.968237002	0.0236200118589296	0.05
0.968861479	0.0196666362554796	0.06
0.969035555	0.0199046014369513	0.06
0.969666194	0.0202725464271439	0.06
0.970292984	0.030856578160387	0.06
0.973457204	0.0287364074331156	0.06
0.973766743	0.0287364074331156	0.06
0.974203145	0.0291436909726079	0.06
0.985118954	0.0160262638045954	0.05
1.019804062	0.0402745858163985	0.06
1.022530753	0.0410791720492409	0.06
1.023898132	0.0410791720492409	0.06
1.027042278	0.035116139198517	0.07
1.029078227	0.0370123863249615	0.07
1.029271857	0.0370123863249615	0.07
1.029637844	0.0370123863249615	0.07
1.030020301	0.0387564019819341	0.07
1.030392053	0.0387564019819341	0.07
1.030958443	0.0395009117572784	0.07
1.031531241	0.0395009117572784	0.07
1.031720423	0.0395009117572784	0.07
1.032104884	0.0395009117572784	0.07
1.0327094	0.0395009117572784	0.07
1.033463082	0.0395009117572784	0.07
1.034376329	0.0395009117572784	0.07
1.034854243	0.0402745858163985	0.07
1.036124234	0.0402745858163985	0.07
1.038905957	0.0404727630576673	0.08
1.039046839	0.0408074283480047	0.08
1.043349328	0.0433145760839336	0.08
1.044012776	0.0433145760839336	0.08
1.049025044	0.0385746391148019	0.09
1.054783865	0.0418454767211468	0.09
1.056246636	0.0418454767211468	0.09
1.057424783	0.0484136555622734	0.09
1.058571278	0.0385746391148019	0.1
1.067766296	0.0488933071438454	0.1
1.067971123	0.0382754602676405	0.11
1.068168044	0.0382754602676405	0.11
1.06860264	0.0385746391148019	0.11
1.068892568	0.0385746391148019	0.11
1.076612069	0.0422033290273859	0.11
1.088407982	0.0384458488218469	0.13
1.091073782	0.0544410874240665	0.12
1.112743253	0.0577154912529415	0.1
1.113082372	0.0577154912529415	0.1
1.113233383	0.0577154912529415	0.1
1.11414031	0.0577154912529415	0.1
1.115076799	0.0577154912529415	0.1
1.116382888	0.0577154912529415	0.1
1.125633627	0.0560304913378828	0.1
1.133988353	0.0534306508615294	0.11
1.134317617	0.0534306508615294	0.11
1.137302108	0.0534306508615294	0.11
1.187305519	0.0465228672978876	0.15
1.18762744	0.0457829854388573	0.15
1.192009701	0.0461499610896328	0.15
1.192075895	0.0461499610896328	0.15
1.192725439	0.0454217999857044	0.15
1.208724051	0.0324813028569872	0.13
1.209215802	0.0324813028569872	0.13
1.209751115	0.0324813028569872	0.13
1.209825949	0.0324813028569872	0.13
1.210085375	0.0318523689286852	0.13
1.210771389	0.0318523689286852	0.13
1.21086869	0.0318523689286852	0.13
1.224141399	0.0324813028569872	0.12
1.22465873	0.0324813028569872	0.12
1.225416562	0.0324813028569872	0.12
1.226416878	0.0324813028569872	0.12
1.226767373	0.0324813028569872	0.12
1.243346642	0.0292994146307011	0.12
1.245566855	0.0292994146307011	0.12
1.248955951	0.0292994146307011	0.12
1.265568721	0.0309533466516495	0.1
1.270253663	0.0295626854200806	0.1
1.270604589	0.0295626854200806	0.1
1.275739262	0.0309533466516495	0.09
1.285172518	0.0233960565509126	0.09
1.293113698	0.0303816717519532	0.09
1.335485912	0.0746207713531053	0.12
1.335508208	0.0746207713531053	0.12
1.335711503	0.0746207713531053	0.12
1.335892556	0.0746207713531053	0.12
1.336051433	0.0746207713531053	0.12
1.336595099	0.0739498725684394	0.12
1.336979907	0.0739498725684394	0.12
1.337161305	0.0739498725684394	0.12
1.337524247	0.0739498725684394	0.12
1.337529375	0.0739498725684394	0.12
1.337887386	0.0739498725684394	0.12
1.338686534	0.0739498725684394	0.12
1.340005107	0.0739498725684394	0.12
1.342315002	0.0828931605563735	0.11
1.342368518	0.0828931605563735	0.11
1.346883901	0.0812553617001822	0.11
1.350085516	0.0812553617001822	0.11
1.360774481	0.0812553617001822	0.12
1.360981621	0.0812553617001822	0.12
1.36116959	0.0812553617001822	0.12
1.361338457	0.0812553617001822	0.12
1.36135761	0.0812553617001822	0.12
1.361545683	0.0812553617001822	0.12
1.361952473	0.0812553617001822	0.12
1.368578346	0.0828931605563735	0.12
1.369020462	0.0789165188433871	0.13
1.369707356	0.0789165188433871	0.13
1.370127164	0.0789165188433871	0.13
1.373967278	0.0789165188433871	0.13
1.377139612	0.0789165188433871	0.13
1.377544294	0.0789165188433871	0.13
1.379222918	0.0820660905244355	0.13
1.384187356	0.0837370708907569	0.12
1.38563755	0.0767085507508839	0.13
1.385801753	0.0767085507508839	0.13
1.434752614	0.0812553617001822	0.1
1.436494579	0.0812553617001822	0.11
1.448119954	0.0759997635605765	0.12
1.450462129	0.0753039548398084	0.12
1.450674974	0.0753039548398084	0.12
1.450928234	0.0753039548398084	0.12
1.454003033	0.0753039548398084	0.12
1.45657643	0.0753039548398084	0.13
1.484117024	0.0746207713531053	0.15
1.494140559	0.0739498725684394	0.16
1.502972103	0.0739498725684394	0.17
1.506038743	0.0739498725684394	0.18
1.511734415	0.0739498725684394	0.18
1.512194724	0.0739498725684394	0.18
1.512821455	0.0739498725684394	0.18
1.513239565	0.0739498725684394	0.18
1.515375804	0.0739498725684394	0.18
1.517647523	0.0739498725684394	0.19
1.523536021	0.0739498725684394	0.19
1.558319819	0.171345641101253	0.23
1.558531046	0.171345641101253	0.23
1.55916507	0.170556076652345	0.23
1.561070241	0.170556076652345	0.22
1.56916589	0.196087312759136	0.22
1.611568792	0.208625586068627	0.17
1.652341299	0.221806563362729	0.14
1.718627381	0.272127663087613	0.07
1.730827961	0.259846179583013	0.06
1.745720251	0.288490046819108	0.04
1.75282717	0.257521720010983	0.04
1.778615293	0.285627695435914	0.01
1.780115455	0.269579359729822	0.01
1.780657572	0.269579359729822	0.01
1.780928629	0.269579359729822	0.01
1.78092863	0.269579359729822	0.01
1.781081012	0.269579359729822	0.01
1.781170031	0.269579359729822	0.01
1.781170032	0.269579359729822	0.01
1.781411498	0.269579359729822	0.01
1.781411499	0.269579359729822	0.01
1.781653031	0.269579359729822	0.01
1.7818108	0.269579359729822	0.01
1.781835463	0.269579359729822	0.01
1.781894629	0.269579359729822	0.01
1.782136292	0.269579359729822	0.01
1.782136293	0.269579359729822	0.01
1.782378022	0.267078340086638	0.01
1.782531315	0.267078340086638	0.01
1.782590324	0.267078340086638	0.01
1.782619816	0.267078340086638	0.01
1.783103602	0.267078340086638	0.01
1.783286774	0.267078340086638	0.01
1.783345594	0.267078340086638	0.01
1.783587651	0.267078340086638	0.01
1.783925287	0.267078340086638	0.01
1.784314217	0.267078340086638	0.01
1.78446873	0.267078340086638	0.01
1.784506241	0.267078340086638	0.01
1.784933025	0.267078340086638	0.01
1.785009515	0.267078340086638	0.01
1.786357195	0.262212983749908	0.01
1.787927091	0.255238478725786	0.01
1.788266632	0.255238478725786	0.01
1.788872102	0.257521720010983	0.01
1.78918715	0.257521720010983	0.01
1.789358594	0.257521720010983	0.01
1.789747139	0.257521720010983	0.01
1.792147241	0.266557711384996	0.02
1.795643534	0.204476421750032	0.02
1.796645824	0.195951512839089	0.02
1.796696941	0.195951512839089	0.02
1.808733518	0.205113815799616	0.03
1.809599251	0.205113815799616	0.03
1.813215031	0.149841842381283	0.03
1.813240824	0.149841842381283	0.03
1.813716026	0.134831067914952	0.03
1.813793197	0.134831067914952	0.03
1.814069384	0.136070265454444	0.03
1.814345569	0.123964891463879	0.03
1.814621756	0.105146335111785	0.03
1.814621757	0.105146335111785	0.03
1.814872379	0.105146335111785	0.03
1.815039963	0.107255746044269	0.03
1.815123071	0.107255746044269	0.03
1.815169565	0.107255746044269	0.03
1.815288509	0.107255746044269	0.03
1.815322808	0.107255746044269	0.03
1.815373832	0.107255746044269	0.03
1.815624663	0.107255746044269	0.03
1.815850116	0.107255746044269	0.03
1.815875562	0.107255746044269	0.03
1.816374833	0.108342511829606	0.03
1.816377569	0.108342511829606	0.03
1.817382419	0.107255746044269	0.03
1.817633804	0.107255746044269	0.03
1.818036082	0.109451526295666	0.03
1.819217405	0.201965973408614	0.04
1.819395454	0.201965973408614	0.04
1.820606159	0.203004463597722	0.04
1.82134289	0.165967388587745	0.04
1.823267442	0.146041086631867	0.04
1.823345161	0.127845312594761	0.04
1.824759677	0.103118295881314	0.04
1.824985083	0.104122441176794	0.04
1.829051906	0.195951512839089	0.05
1.830016016	0.195951512839089	0.05
1.835137623	0.100218798877383	0.05
1.836263396	0.100218798877383	0.05
1.83758722	0.101167009011575	0.05
1.842215909	0.131578562642755	0.06
1.844053766	0.127845312594761	0.06
1.846490238	0.101167009011575	0.06
1.860714054	0.109451526295666	0.07
1.872927722	0.100218798877383	0.08
1.876458705	0.107255746044269	0.07
1.877534086	0.105146335111785	0.07
1.919145255	0.100218798877383	0.11
1.932723098	0.0914998405090789	0.12
1.934242286	0.0978495804707806	0.12
1.938309591	0.101680094899702	0.13
1.938319698	0.101680094899702	0.13
1.945075766	0.105146335111785	0.14
1.947078383	0.105146335111785	0.14
1.956133657	0.105146335111785	0.15
1.95745413	0.105146335111785	0.15
1.959079535	0.106853808725087	0.15
1.961031557	0.0885937023118348	0.15
2.045755957	0.12546185984098	0.23
2.04617014	0.111564212238407	0.24
2.049316864	0.113098266397202	0.24
2.058434493	0.111564212238407	0.25
2.058810915	0.113098266397202	0.25
2.060706206	0.0977925516462851	0.25
2.067556414	0.111564212238407	0.26
2.077371996	0.111564212238407	0.27
2.07768814	0.111564212238407	0.27
2.080200147	0.0977925516462851	0.27
2.112854786	0.0964435273253787	0.3
2.119081815	0.110812685857842	0.31
2.122322709	0.0957828766523207	0.31
2.130868897	0.0957828766523207	0.32
2.175983465	0.124198875496946	0.36
2.201956234	0.0957828766523207	0.39
2.21647999	0.109339604206423	0.41
2.22342495	0.0971133548087419	0.41
2.22607531	0.124198875496946	0.41
2.226678687	0.118195605533334	0.42
2.226980498	0.118195605533334	0.42
2.244892022	0.202558091538317	0.43
2.268175967	0.223528827386206	0.41
2.273953022	0.224654230831668	0.4
2.283420782	0.228683984464187	0.39
2.401471639	0.309697731706567	0.29
2.416816988	0.325718576661215	0.29
2.63880046	0.285461089638146	0.09
2.644514931	0.294478946740804	0.08
2.65353762	0.294478946740804	0.07
2.664122924	0.294478946740804	0.06
2.669724846	0.285461089638146	0.06
2.670697515	0.285461089638146	0.06
2.670831293	0.285461089638146	0.06
2.671193179	0.285461089638146	0.06
2.671237545	0.285461089638146	0.06
2.671237705	0.285461089638146	0.06
2.671599486	0.285461089638146	0.06
2.671599646	0.285461089638146	0.06
2.672323822	0.285461089638146	0.06
2.67300408	0.294478946740804	0.05
2.673366554	0.294478946740804	0.05
2.673410821	0.294478946740804	0.05
2.674640938	0.294478946740804	0.05
2.674817434	0.294478946740804	0.05
2.675753192	0.294478946740804	0.05
2.675906626	0.294478946740804	0.05
2.67595059	0.294478946740804	0.05
2.677404052	0.288405041410032	0.05
2.679587204	0.285461089638146	0.05
2.68050645	0.285461089638146	0.05
2.684222358	0.297612859247065	0.04
2.690797174	0.276124491647555	0.04
2.690995907	0.276124491647555	0.04
2.692790444	0.276124491647555	0.04
2.697875326	0.27941108680456	0.04
2.700424629	0.27941108680456	0.04
2.720992773	0.273774546716586	0.06
2.721339166	0.273774546716586	0.06
2.721753239	0.273774546716586	0.06
2.722090639	0.273774546716586	0.06
2.72212898	0.273774546716586	0.06
2.722504826	0.273774546716586	0.06
2.727362573	0.253714632791212	0.06
2.728042156	0.253714632791212	0.06
2.733911556	0.260630352555209	0.07
2.734951629	0.248763994681369	0.07
2.758261585	0.248763994681369	0.09
2.767264537	0.248763994681369	0.1
2.784781798	0.237193334109634	0.12
2.795646082	0.237193334109634	0.13
2.870516676	0.239420548627243	0.2
2.884109016	0.246432578378978	0.22
2.885327778	0.235007175089024	0.22
3.017087015	0.229745474310967	0.35
3.116410384	0.235124315052539	0.45
3.116832706	0.235124315052539	0.45
3.153761559	0.20486819453654	0.48
3.190582361	0.254209535896023	0.52
3.560201153	0.206185015933962	0.880000000000001
3.561648443	0.254811060992852	0.890000000000001
3.562131134	0.26553863268601	0.890000000000001
3.563861522	0.220584988740038	0.890000000000001
3.565454716	0.205888396525238	0.890000000000001
3.566965252	0.219128475380218	0.890000000000001
3.567214517	0.219128475380218	0.890000000000001
3.568359469	0.213183165957903	0.890000000000001
3.571210711	0.206849795151948	0.890000000000001
3.571812505	0.206849795151948	0.890000000000001
3.572123566	0.206185015933962	0.880000000000001
3.575584373	0.1912467440008	0.880000000000001
3.579984214	0.195193324927919	0.880000000000001
3.62901857	0.180309784597188	0.910000000000001
3.6300627	0.180309784597188	0.910000000000001
3.631169027	0.182044905854077	0.910000000000001
3.633483005	0.180309784597188	0.920000000000001
3.639968026	0.180309784597188	0.920000000000001
3.778072999	0.180309784597188	1.06
3.82876748	0.184936832792626	1.11
3.963711323	0.184936832792626	1.25
4.445571488	0.250065175380397	1.72
4.452121847	0.257906237640947	1.72
4.45272527	0.257906237640947	1.72
4.453328856	0.257906237640947	1.72
4.464002998	0.251471229676946	1.73
4.475601202	0.250065175380397	1.75
4.480518943	0.257906237640947	1.75
4.536342962	0.269823881978749	1.76
4.537444354	0.269823881978749	1.76
4.848628454	0.269823881978749	2.07
4.895921957	0.269823881978749	2.12
5.341769851	0.305370501070462	2.23
5.342582978	0.305370501070462	2.23
5.343129076	0.305370501070462	2.23
5.346842194	0.305370501070462	2.24
5.443653327	0.305370501070462	2.32999999999999
5.445157132	0.305370501070462	2.32999999999999
6.232084175	0.325589512017131	2.66999999999999
6.2338777	0.345873024655203	2.66999999999999
6.244676548	0.345873024655203	2.67999999999999
7	0.267699234286482	3.36999999999997
