thrs	post_p	finalwindow
0	0.113603252604019	0.23
0.03256001	0.11197611709615	0.2
0.082355146	0.100464518188323	0.17
0.098963073	0.0943991345470789	0.16
0.103967892	0.0932728943623082	0.16
0.106977596	0.0890244279473728	0.17
0.113424721	0.0890244279473728	0.16
0.115659216	0.0890244279473728	0.16
0.127200542	0.0860836733145437	0.16
0.127695348	0.0860836733145437	0.16
0.129609166	0.106873626105082	0.17
0.129730945	0.106873626105082	0.17
0.14705261	0.0705476199069011	0.15
0.148427326	0.098847842879761	0.15
0.148447444	0.106873626105082	0.15
0.148782099	0.106873626105082	0.15
0.151339737	0.101993633052482	0.15
0.172569069	0.11112722565168	0.13
0.178062567	0.101292850122312	0.12
0.178113806	0.101292850122312	0.12
0.178140913	0.101292850122312	0.12
0.178189211	0.101292850122312	0.12
0.178358463	0.101292850122312	0.12
0.181430774	0.102775779701123	0.12
0.181486035	0.102775779701123	0.12
0.191788381	0.102775779701123	0.11
0.206482242	0.10421429648431	0.1
0.222622275	0.0997170264927312	0.08
0.222656148	0.0997170264927312	0.08
0.222686318	0.0997170264927312	0.08
0.222716495	0.0968350770351122	0.08
0.223196808	0.0928115197969828	0.08
0.226867021	0.0891089863951398	0.08
0.226957829	0.0891089863951398	0.08
0.226982815	0.0891089863951398	0.08
0.227081991	0.0897054233587097	0.08
0.227432153	0.0897054233587097	0.08
0.230426372	0.0851461259094514	0.07
0.237068117	0.0851461259094514	0.07
0.241897099	0.0845600645259295	0.07
0.242875367	0.0777379142419544	0.06
0.242941212	0.0777379142419544	0.06
0.249436037	0.0698386330700508	0.06
0.254481698	0.0744970733797796	0.05
0.256650521	0.0720926775575316	0.05
0.259750174	0.071515635109814	0.05
0.272151172	0.0885204282737166	0.04
0.287097646	0.0868004961208927	0.04
0.295749179	0.0843423661137315	0.04
0.296834617	0.0859653523220492	0.04
0.296839561	0.0859653523220492	0.04
0.296839653	0.0859653523220492	0.04
0.296874128	0.0859653523220492	0.04
0.296879772	0.0859653523220492	0.04
0.29691506	0.0859653523220492	0.04
0.297161557	0.0859653523220492	0.04
0.297207868	0.0859653523220492	0.04
0.29723727	0.0859653523220492	0.04
0.297242165	0.0859653523220492	0.04
0.297345093	0.0859653523220492	0.04
0.298062423	0.0859653523220492	0.04
0.298432807	0.0851461259094514	0.04
0.299931082	0.0859653523220492	0.04
0.300128238	0.0859653523220492	0.04
0.300638986	0.0843423661137315	0.04
0.301373268	0.0843423661137315	0.04
0.302406093	0.0843423661137315	0.04
0.30240618	0.0843423661137315	0.04
0.302443572	0.0843423661137315	0.04
0.302452098	0.0843423661137315	0.04
0.302493847	0.0843423661137315	0.04
0.302535608	0.0843423661137315	0.04
0.302694303	0.0843423661137315	0.04
0.303037639	0.0843423661137315	0.04
0.303062807	0.0843423661137315	0.04
0.304168238	0.0835536390269888	0.04
0.305094409	0.0835536390269888	0.04
0.306047128	0.0805409272046975	0.04
0.306464617	0.0805409272046975	0.04
0.308759935	0.0805409272046975	0.04
0.320217262	0.0859653523220492	0.03
0.320290117	0.0859653523220492	0.03
0.322066605	0.0851461259094514	0.03
0.323808824	0.0851461259094514	0.03
0.327195424	0.078420216053493	0.04
0.328591896	0.0777379142419544	0.04
0.333944256	0.0751234424413768	0.04
0.338071632	0.0803799118686667	0.05
0.340262381	0.0778885088302361	0.05
0.343706753	0.0778885088302361	0.05
0.345554528	0.0772896043569128	0.05
0.351815198	0.0744281209835903	0.06
0.356206548	0.0728107235857861	0.06
0.356351443	0.0728107235857861	0.06
0.356437896	0.0722870999615096	0.06
0.357086112	0.08372763423267	0.06
0.363236679	0.0702658131011792	0.07
0.363936107	0.0702658131011792	0.07
0.367663989	0.060533216040288	0.07
0.37384574	0.109647478648528	0.08
0.381649088	0.0946133393520805	0.07
0.382008897	0.0946133393520805	0.07
0.387745392	0.0851461259094514	0.06
0.389222512	0.0841590333745486	0.06
0.389825341	0.101607007038723	0.06
0.395214438	0.108445962950101	0.06
0.398731854	0.0898905520510702	0.05
0.403209246	0.107732723756137	0.05
0.411578949	0.116134596755433	0.04
0.412388288	0.116134596755433	0.04
0.415094538	0.120698499556793	0.04
0.415772448	0.0675019942182049	0.03
0.416416237	0.0858002483225835	0.03
0.418471182	0.0968350770351122	0.03
0.423143546	0.118182786485503	0.03
0.428769674	0.101993633052482	0.02
0.440249622	0.133219633312087	0.01
0.441698853	0.133219633312087	0.01
0.444499874	0.125251518995525	0.01
0.445049535	0.125251518995525	0.01
0.445117302	0.130695603800201	0.01
0.445156208	0.130695603800201	0.01
0.445185067	0.130695603800201	0.01
0.445185068	0.130695603800201	0.01
0.44525283	0.130695603800201	0.01
0.445252832	0.130695603800201	0.01
0.445252833	0.130695603800201	0.01
0.445252835	0.130695603800201	0.01
0.445305777	0.130695603800201	0.01
0.445313187	0.130695603800201	0.01
0.44531319	0.130695603800201	0.01
0.445373562	0.130695603800201	0.01
0.445419149	0.130695603800201	0.01
0.445433949	0.130695603800201	0.01
0.445494353	0.12997134315925	0.01
0.445554774	0.12997134315925	0.01
0.445578303	0.12997134315925	0.01
0.445615211	0.12997134315925	0.01
0.445653547	0.12997134315925	0.01
0.445675664	0.128546639212052	0.01
0.445691925	0.133848584616637	0.01
0.445849774	0.133848584616637	0.01
0.445857123	0.133848584616637	0.01
0.445917642	0.133848584616637	0.01
0.445970843	0.133848584616637	0.01
0.445978177	0.133848584616637	0.01
0.446038729	0.133848584616637	0.01
0.446188208	0.132406022804593	0.01
0.446319857	0.132406022804593	0.01
0.446341735	0.132406022804593	0.01
0.446351359	0.132406022804593	0.01
0.446395102	0.132406022804593	0.01
0.446455777	0.132406022804593	0.01
0.446465528	0.131696339877288	0.01
0.446888185	0.130299554933325	0.01
0.447158639	0.130299554933325	0.01
0.447533088	0.130299554933325	0.01
0.447649603	0.129612214684562	0.01
0.447876705	0.129612214684562	0.01
0.447928306	0.129612214684562	0.01
0.448701687	0.139748496732222	0.01
0.449552291	0.139748496732222	0.01
0.452986292	0.139023676570045	0.01
0.453117722	0.139023676570045	0.01
0.453312195	0.139023676570045	0.01
0.453607731	0.139023676570045	0.01
0.453670383	0.139023676570045	0.01
0.45367678	0.139023676570045	0.01
0.453739439	0.139023676570045	0.01
0.453782962	0.139023676570045	0.01
0.453802119	0.139023676570045	0.01
0.453864805	0.139023676570045	0.01
0.453864814	0.139023676570045	0.01
0.453977538	0.139023676570045	0.01
0.453990257	0.139023676570045	0.01
0.454115767	0.139023676570045	0.01
0.454131662	0.139023676570045	0.01
0.454172215	0.139023676570045	0.01
0.454228692	0.139023676570045	0.01
0.454278877	0.139023676570045	0.01
0.454291524	0.139023676570045	0.01
0.454297847	0.139023676570045	0.01
0.454379121	0.139023676570045	0.01
0.454423548	0.139023676570045	0.01
0.455078808	0.139748496732222	0.01
0.455439212	0.160920460017867	0.01
0.455665947	0.177465783088594	0.01
0.455678249	0.180846520616236	0.01
0.456133439	0.135509505608343	0.02
0.456159276	0.135509505608343	0.02
0.456455968	0.135509505608343	0.02
0.456880284	0.135509505608343	0.02
0.45760535	0.135509505608343	0.02
0.458619789	0.134827883249	0.02
0.460382332	0.134153083786973	0.02
0.462114195	0.134827883249	0.02
0.464728436	0.132168613502215	0.02
0.46499053	0.131520106251304	0.02
0.473676694	0.127758885133138	0.03
0.478419311	0.121394211649099	0.04
0.478888149	0.120304518389085	0.04
0.483511101	0.120846908590378	0.04
0.483671852	0.120846908590378	0.04
0.483988273	0.120846908590378	0.04
0.484927676	0.121394211649099	0.04
0.485802156	0.146064713077647	0.04
0.48628356	0.137596360800892	0.04
0.489424331	0.132168613502215	0.04
0.499369323	0.123633912077717	0.05
0.508934563	0.11714973991336	0.06
0.514645345	0.114156190725079	0.07
0.514742139	0.114156190725079	0.07
0.514971335	0.114156190725079	0.07
0.515124567	0.11714973991336	0.07
0.51682809	0.113857787718014	0.07
0.518492841	0.114156190725079	0.07
0.518564452	0.114156190725079	0.07
0.520735072	0.0897054233587097	0.07
0.534226929	0.082626422485676	0.08
0.534380672	0.0878243405147641	0.08
0.543234343	0.0622193609320632	0.07
0.544416783	0.0628024792401512	0.07
0.546060858	0.0628024792401512	0.07
0.556645891	0.0569331431709721	0.08
0.55802857	0.0555180820062475	0.08
0.559788571	0.0564535086398911	0.08
0.566766402	0.0640021320293767	0.07
0.568776608	0.0616469714637869	0.07
0.574371638	0.0616469714637869	0.07
0.591193432	0.0622193609320632	0.06
0.591819223	0.0622193609320632	0.06
0.593673806	0.0622193609320632	0.06
0.593673808	0.0622193609320632	0.06
0.593754278	0.0622193609320632	0.06
0.593824895	0.0622193609320632	0.06
0.594152812	0.0622193609320632	0.06
0.595196772	0.0633966308931268	0.06
0.595887104	0.0633966308931268	0.06
0.596894832	0.0633966308931268	0.06
0.602148457	0.0665443936871977	0.05
0.604813246	0.0665443936871977	0.05
0.604905308	0.0665443936871977	0.05
0.60490531	0.0665443936871977	0.05
0.604905312	0.0665443936871977	0.05
0.604988853	0.0665443936871977	0.05
0.605716504	0.0665443936871977	0.05
0.606051871	0.0665443936871977	0.05
0.60631275	0.0665443936871977	0.05
0.606404306	0.0665443936871977	0.05
0.606824709	0.0658900802319539	0.06
0.607971158	0.0622193609320632	0.06
0.624510489	0.0665443936871977	0.05
0.630942519	0.0665443936871977	0.04
0.635412418	0.0633966308931268	0.05
0.636066531	0.0633966308931268	0.05
0.63624959	0.0633966308931268	0.05
0.636422142	0.0633966308931268	0.05
0.637260654	0.0633966308931268	0.05
0.637881775	0.0633966308931268	0.05
0.638075882	0.0633966308931268	0.05
0.641599528	0.0640021320293767	0.05
0.64559646	0.0628024792401512	0.06
0.646569798	0.0628024792401512	0.06
0.64801212	0.0628024792401512	0.06
0.648110758	0.0628024792401512	0.06
0.648827538	0.0628024792401512	0.06
0.659386285	0.0621369411013196	0.07
0.667472678	0.0606898536822051	0.08
0.667879263	0.0606898536822051	0.08
0.667969788	0.0606898536822051	0.08
0.678915807	0.0571412048561424	0.09
0.680410924	0.0571412048561424	0.09
0.68060848	0.0571412048561424	0.09
0.690723937	0.0628024792401512	0.09
0.712401774	0.0616469714637869	0.11
0.71365913	0.0616469714637869	0.11
0.714295462	0.0616469714637869	0.11
0.715653707	0.0584222260102267	0.12
0.715679053	0.0584222260102267	0.12
0.717816093	0.060533216040288	0.12
0.719314887	0.060533216040288	0.12
0.725609694	0.0584222260102267	0.13
0.725869057	0.0584222260102267	0.13
0.725979546	0.0594589901507795	0.13
0.735438378	0.0537372449474521	0.14
0.742183791	0.0533097447278141	0.14
0.744518666	0.0516656646844875	0.14
0.7500464	0.00970187141157622	0.14
0.75180067	0.0759751715948871	0.14
0.756100951	0.0106248320516956	0.13
0.762884543	0.0810278671234946	0.13
0.763387603	0.0849228729802993	0.13
0.766651587	0.0821236102710857	0.13
0.772093843	0.0802996453828364	0.12
0.772264397	0.0818993358400409	0.12
0.778829055	0.0815036357166543	0.12
0.779976345	0.0806914190044955	0.12
0.794958533	0.0906257657253232	0.1
0.797194853	0.0869753144936998	0.1
0.817085993	0.0892785861069065	0.08
0.828284953	0.0887717127542216	0.07
0.856064956	0.0958457680554289	0.04
0.861783488	0.0952492111013517	0.03
0.867661243	0.0929955208115755	0.03
0.870144812	0.0895341996268939	0.03
0.874413626	0.101114202566348	0.02
0.875954975	0.0964369127522466	0.02
0.877564409	0.0941150323645407	0.02
0.87832845	0.0935519274821527	0.02
0.880342154	0.0900498430383112	0.02
0.88244613	0.0951169511578102	0.01
0.883236842	0.103570014965428	0.01
0.883671839	0.105908426018401	0.01
0.885048106	0.101772344400543	0.01
0.885800269	0.100142796763549	0.01
0.887670141	0.0967352280467844	0.01
0.888863234	0.0952618264720561	0.01
0.889014569	0.0946849571441961	0.01
0.889209764	0.0946849571441961	0.01
0.889576687	0.09383263510999	0.01
0.890083013	0.09383263510999	0.01
0.890218543	0.0935519274821527	0.01
0.890218544	0.0935519274821527	0.01
0.890228158	0.0935519274821527	0.01
0.890309475	0.0929955208115755	0.01
0.890339212	0.0929955208115755	0.01
0.890354074	0.0932728943623082	0.01
0.890354075	0.0932728943623082	0.01
0.890407894	0.0932728943623082	0.01
0.890419078	0.0932728943623082	0.01
0.890459913	0.0932728943623082	0.01
0.890474761	0.0932728943623082	0.01
0.890489605	0.0932728943623082	0.01
0.890489606	0.0932728943623082	0.01
0.890580647	0.0932728943623082	0.01
0.890595481	0.0932728943623082	0.01
0.89061031	0.0932728943623082	0.01
0.890610311	0.0932728943623082	0.01
0.89068659	0.0932728943623082	0.01
0.890716233	0.0927197920682465	0.01
0.890731048	0.0927197920682465	0.01
0.890731049	0.0927197920682465	0.01
0.890737499	0.0927197920682465	0.01
0.890851819	0.0927197920682465	0.01
0.890928251	0.0927197920682465	0.01
0.890957836	0.0927197920682465	0.01
0.890972622	0.0927197920682465	0.01
0.890972623	0.0927197920682465	0.01
0.891093459	0.0927197920682465	0.01
0.89119957	0.0927197920682465	0.01
0.891214328	0.0927197920682465	0.01
0.891244043	0.0927197920682465	0.01
0.891382479	0.0927197920682465	0.01
0.891441435	0.0927197920682465	0.01
0.891456164	0.0927197920682465	0.01
0.89149835	0.0927197920682465	0.01
0.891521465	0.092173210827168	0.01
0.891562417	0.092173210827168	0.01
0.891577132	0.0913653158788944	0.01
0.891698132	0.0913653158788944	0.01
0.891793338	0.0913653158788944	0.01
0.891881522	0.0913653158788944	0.01
0.892012117	0.0910991555816095	0.01
0.892017347	0.0910991555816095	0.01
0.89206133	0.0910991555816095	0.01
0.892182462	0.0903098984378642	0.01
0.892215798	0.0903098984378642	0.01
0.892245091	0.0903098984378642	0.01
0.89229733	0.0903098984378642	0.01
0.892307805	0.0903098984378642	0.01
0.892546055	0.0905714602183233	0.01
0.892568748	0.0905714602183233	0.01
0.892793389	0.0905714602183233	0.01
0.892924751	0.0905714602183233	0.01
0.892951888	0.0897912810437557	0.01
0.892952212	0.0897912810437557	0.01
0.893320622	0.0903098984378642	0.01
0.893352088	0.0903098984378642	0.01
0.894085351	0.0897912810437557	0.01
0.894189143	0.0897912810437557	0.01
0.89422449	0.0897912810437557	0.01
0.894232534	0.0897912810437557	0.01
0.894482721	0.0897912810437557	0.01
0.894511483	0.0895341996268939	0.01
0.894690708	0.0895341996268939	0.01
0.894906463	0.0895341996268939	0.01
0.894913415	0.0895341996268939	0.01
0.894970751	0.0895341996268939	0.01
0.895081202	0.0905714602183233	0.01
0.895086463	0.0905714602183233	0.01
0.895300675	0.0905714602183233	0.01
0.895638516	0.0955918500700857	0.01
0.895840307	0.0958653560932613	0.01
0.89592425	0.0958653560932613	0.01
0.89685771	0.0950494933732185	0.01
0.89693811	0.0947806163613233	0.01
0.897131294	0.0960071337587468	0.01
0.897197773	0.0957416436885117	0.01
0.897316929	0.0934167032875886	0.01
0.898155973	0.0868004961208927	0.01
0.898485328	0.0862419422282937	0.01
0.898662437	0.085326824000889	0.01
0.898920463	0.0846085946552727	0.01
0.899310528	0.0840778077408849	0.01
0.899413875	0.0832078091227933	0.01
0.900113547	0.0825246671776626	0.01
0.900307304	0.0833803654838499	0.01
0.900690942	0.0704472458236587	0.01
0.90151373	0.0536710299583063	0.01
0.901568195	0.0536710299583063	0.01
0.901947653	0.0590845197071687	0.01
0.902162268	0.0602223539458704	0.01
0.902932441	0.0498825372183975	0.01
0.903685884	0.0416991139073511	0.01
0.903876527	0.0413559842420318	0.01
0.904508173	0.0424027431072196	0.01
0.905345526	0.0429462480766295	0.01
0.905424433	0.0429462480766295	0.01
0.905541598	0.0429462480766295	0.01
0.906154318	0.0427635382341629	0.01
0.906210372	0.0422246189693413	0.01
0.906922556	0.0420479850880287	0.01
0.906983581	0.0427635382341629	0.01
0.907060652	0.0427635382341629	0.01
0.90712089	0.0427635382341629	0.01
0.907185931	0.0431305258964134	0.01
0.907198748	0.0435038669030954	0.01
0.907298438	0.0433163919645713	0.01
0.907324045	0.0438837276798524	0.01
0.907336843	0.0438837276798524	0.01
0.907336844	0.0438837276798524	0.01
0.907449378	0.0438837276798524	0.01
0.90746216	0.0438837276798524	0.01
0.907536422	0.0438837276798524	0.01
0.9075492	0.0438837276798524	0.01
0.907574745	0.0438837276798524	0.01
0.907587512	0.0438837276798524	0.01
0.907700146	0.0438837276798524	0.01
0.907712898	0.0438837276798524	0.01
0.907951053	0.0438837276798524	0.01
0.907963773	0.0438837276798524	0.01
0.908089263	0.0438837276798524	0.01
0.908089264	0.0438837276798524	0.01
0.908151307	0.0438837276798524	0.01
0.908202099	0.0442702805162153	0.01
0.908214789	0.0442702805162153	0.01
0.908453284	0.0442702805162153	0.01
0.908566283	0.0438837276798524	0.01
0.908577365	0.0438837276798524	0.01
0.908578929	0.0438837276798524	0.01
0.908691978	0.0442702805162153	0.01
0.908729307	0.0442702805162153	0.01
0.908830322	0.0442702805162153	0.01
0.909094444	0.0444661219644717	0.01
0.909270732	0.0444661219644717	0.01
0.909308419	0.0444661219644717	0.01
0.909346075	0.0446637038261589	0.01
0.90938549	0.0446637038261589	0.01
0.909620416	0.0450641824226778	0.01
0.909642167	0.0450641824226778	0.01
0.909896599	0.0444661219644717	0.01
0.909914657	0.0444661219644717	0.01
0.910014581	0.0440761565863985	0.01
0.910051995	0.0440761565863985	0.01
0.910628128	0.0446637038261589	0.01
0.911049792	0.0450641824226778	0.01
0.911062134	0.0450641824226778	0.01
0.91113001	0.0450641824226778	0.01
0.911351929	0.0450641824226778	0.01
0.911404622	0.0448630494050131	0.01
0.911518912	0.0452671270281143	0.01
0.911632099	0.0458870784752601	0.01
0.911747931	0.0458870784752601	0.01
0.912015459	0.0460975198116358	0.01
0.912488931	0.046309900238051	0.01
0.912776305	0.0454719078072668	0.01
0.912967277	0.050958459944389	0.01
0.913630289	0.0507270078403352	0.01
0.913751419	0.050958459944389	0.01
0.914018042	0.0514277587847611	0.01
0.914696902	0.0507270078403352	0.01
0.914870556	0.0507270078403352	0.01
0.914968567	0.0507270078403352	0.01
0.914983658	0.0507270078403352	0.01
0.915026039	0.0507270078403352	0.01
0.915269563	0.0507270078403352	0.01
0.915559183	0.0408102836575617	0.01
0.916024822	0.0408102836575617	0.01
0.916163647	0.041186528366716	0.01
0.916208994	0.041186528366716	0.01
0.916688985	0.0413772643208031	0.01
0.916912552	0.0413772643208031	0.01
0.917248255	0.0389304958260086	0.01
0.918456927	0.0220647647974472	0.01
0.918837351	0.0510749798422925	0.02
0.919655338	0.0520671038906661	0.02
0.919822583	0.0520671038906661	0.02
0.920002472	0.0520671038906661	0.02
0.921364075	0.0526810974804803	0.02
0.922071236	0.0539535765576146	0.02
0.922455062	0.0546131498566978	0.02
0.922504312	0.0546131498566978	0.02
0.922763582	0.0546131498566978	0.02
0.922787758	0.0546131498566978	0.02
0.923268187	0.0548366059176506	0.02
0.924412009	0.0555180820062475	0.02
0.924507726	0.0555180820062475	0.02
0.924627878	0.0557490203468769	0.02
0.925553967	0.0474914335422085	0.02
0.93064775	0.0471240624079611	0.03
0.93220206	0.0488413979375955	0.03
0.933174706	0.0493812763953455	0.03
0.934071327	0.0499332235727665	0.03
0.934700606	0.0493812763953455	0.03
0.93534835	0.0497478753235792	0.03
0.938446291	0.0251730491023272	0.03
0.941112169	0.0294941062821442	0.03
0.942896738	0.0251258557278996	0.03
0.947518522	0.0298222545107914	0.03
0.948845214	0.0298222545107914	0.03
0.950306111	0.0312112672106198	0.03
0.953473419	0.0237038106727846	0.04
0.954119877	0.0243941264017109	0.04
0.954191796	0.0243941264017109	0.04
0.955603107	0.0263096365470496	0.04
0.956018846	0.0263096365470496	0.04
0.956549025	0.0271628029828153	0.04
0.956766863	0.0273848110059812	0.04
0.95679317	0.0273848110059812	0.04
0.956793172	0.0273848110059812	0.04
0.957016096	0.0276104779829696	0.04
0.958321379	0.0278398951211891	0.04
0.959642592	0.0293006609478604	0.04
0.960039043	0.0306404192691601	0.04
0.960819071	0.0306404192691601	0.04
0.964446178	0.0243941264017109	0.05
0.964458654	0.0243941264017109	0.05
0.966290332	0.0271628029828153	0.05
0.966653906	0.0271628029828153	0.05
0.966980911	0.0276104779829696	0.05
0.966980912	0.0276104779829696	0.05
0.966986309	0.0276104779829696	0.05
0.967139043	0.0276104779829696	0.05
0.967144414	0.0276104779829696	0.05
0.967297223	0.0278398951211891	0.05
0.967297226	0.0278398951211891	0.05
0.967302571	0.0278398951211891	0.05
0.967302572	0.0278398951211891	0.05
0.967460779	0.0278398951211891	0.05
0.96746078	0.0278398951211891	0.05
0.967608447	0.0278398951211891	0.05
0.967619041	0.0278398951211891	0.05
0.967772081	0.0278398951211891	0.05
0.967925221	0.0278398951211891	0.05
0.967935716	0.0278398951211891	0.05
0.968083686	0.0278398951211891	0.05
0.968088909	0.0278398951211891	0.05
0.968861479	0.0293006609478604	0.05
0.969666194	0.0298222545107914	0.05
0.970292984	0.0303627548604679	0.05
0.970442597	0.0303627548604679	0.05
0.973766743	0.0216372926583564	0.05
0.97801719	0.0222848979991264	0.05
0.978183481	0.0220647647974472	0.05
0.981915796	0.0293006609478604	0.05
0.985118954	0.00987340856999115	0.05
1.019804062	0.00945545767370216	0.07
1.021711423	0.00922125101057533	0.07
1.022530753	0.00922125101057533	0.07
1.023898132	0.00937607799094696	0.07
1.027042278	0.0104264536982567	0.07
1.027349785	0.0104264536982567	0.07
1.028094642	0.0104264536982567	0.07
1.029078227	0.0105247081584087	0.07
1.029271857	0.0105247081584087	0.07
1.029637844	0.0105247081584087	0.07
1.030020301	0.0106248320516956	0.07
1.030392053	0.0109369695344848	0.07
1.030397618	0.0109369695344848	0.07
1.030958443	0.0110451312271923	0.07
1.031531241	0.0110451312271923	0.07
1.031720423	0.0110451312271923	0.07
1.032104884	0.0110451312271923	0.07
1.033463082	0.0110451312271923	0.07
1.034854243	0.00929802001590397	0.08
1.036124234	0.0190533760619979	0.08
1.044012776	0.021026263584135	0.08
1.048661279	0.01889222592944	0.09
1.049025044	0.01889222592944	0.09
1.057424783	0.0187337788940036	0.1
1.067971123	0.0187337788940036	0.11
1.068277144	0.0187337788940036	0.11
1.068892568	0.01889222592944	0.11
1.070020858	0.0190533760619979	0.11
1.070326964	0.0195537549284958	0.11
1.088407982	0.0228939807396453	0.13
1.091073782	0.0333884239664881	0.12
1.113082372	0.0327359912227996	0.12
1.113233383	0.0327359912227996	0.12
1.11414031	0.0327359912227996	0.12
1.115076799	0.0327359912227996	0.12
1.116382888	0.0333884239664881	0.11
1.125633627	0.0327359912227996	0.11
1.136767134	0.0318037893800702	0.11
1.137302108	0.0327359912227996	0.11
1.187305519	0.0402949437157912	0.15
1.18762744	0.0394411422795953	0.15
1.192009701	0.0386227721494943	0.15
1.192725439	0.0383574771491419	0.15
1.203309389	0.040884981665116	0.14
1.208724051	0.0434286825286083	0.13
1.208769953	0.0434286825286083	0.13
1.209768181	0.0434286825286083	0.13
1.209825949	0.0434286825286083	0.13
1.210085375	0.0430935439262663	0.13
1.210771389	0.0430935439262663	0.13
1.21086869	0.0430935439262663	0.13
1.212614931	0.0427635382341629	0.13
1.224141399	0.044823038059323	0.12
1.22465873	0.044823038059323	0.12
1.225416562	0.044823038059323	0.12
1.226416878	0.0315047425918934	0.11
1.243346642	0.0400780465134326	0.1
1.245566855	0.0397216939336514	0.1
1.246668032	0.0444661219644717	0.09
1.248955951	0.0408102836575617	0.09
1.252855937	0.0400780465134326	0.09
1.270604589	0.0423580713308829	0.08
1.275739262	0.0327359912227996	0.08
1.278899002	0.0327359912227996	0.08
1.285172518	0.055981887979332	0.08
1.293113698	0.0652485088700008	0.07
1.302603198	0.0646193109815034	0.07
1.325958837	0.0956828451752223	0.06
1.33510162	0.0956828451752223	0.07
1.335485912	0.0956828451752223	0.07
1.335508208	0.0956828451752223	0.07
1.335711503	0.0956828451752223	0.07
1.335892556	0.0956828451752223	0.07
1.336051433	0.0956828451752223	0.07
1.33625481	0.0956828451752223	0.07
1.336595099	0.0956828451752223	0.07
1.336979907	0.0956828451752223	0.07
1.337117106	0.0956828451752223	0.07
1.337161305	0.0956828451752223	0.07
1.337524247	0.0956828451752223	0.07
1.337887386	0.0956828451752223	0.07
1.338686534	0.0956828451752223	0.07
1.340005107	0.0956828451752223	0.07
1.342315002	0.0947806163613233	0.08
1.343443085	0.0947806163613233	0.08
1.346883901	0.0947806163613233	0.08
1.350085516	0.0947806163613233	0.08
1.360774481	0.0975398334846737	0.08
1.360981621	0.0975398334846737	0.08
1.36116959	0.0975398334846737	0.08
1.361338457	0.0975398334846737	0.08
1.36135761	0.0975398334846737	0.08
1.362110213	0.0975398334846737	0.08
1.362279458	0.0975398334846737	0.08
1.364721715	0.0975398334846737	0.08
1.365659238	0.0994703283028133	0.08
1.368077892	0.0994703283028133	0.08
1.368578346	0.0966024159323289	0.08
1.370127164	0.0966024159323289	0.08
1.373967278	0.106196150513442	0.08
1.377139612	0.105195889966609	0.08
1.377274175	0.105195889966609	0.08
1.377544294	0.105195889966609	0.08
1.38563755	0.106196150513442	0.07
1.385801753	0.106196150513442	0.07
1.418305639	0.10749705764599	0.09
1.430594094	0.0980588611454221	0.1
1.434752614	0.0980588611454221	0.1
1.440102642	0.0980588611454221	0.11
1.448119954	0.0950249869867506	0.12
1.450674974	0.0950249869867506	0.12
1.450928234	0.0950249869867506	0.12
1.454856842	0.0950249869867506	0.12
1.484067531	0.092173210827168	0.15
1.484117024	0.092173210827168	0.15
1.485393153	0.0935773769369849	0.15
1.488337206	0.092173210827168	0.16
1.494140559	0.0901442351682774	0.16
1.506038743	0.0956828451752223	0.17
1.512194724	0.0901442351682774	0.18
1.512821455	0.0901442351682774	0.18
1.513239565	0.0901442351682774	0.18
1.515375804	0.0914868126504727	0.18
1.516740221	0.0885204282737166	0.18
1.517647523	0.0894876156282739	0.19
1.558319819	0.144049819967975	0.23
1.595407686	0.166689327533934	0.19
1.595579044	0.16565913703481	0.19
1.611568792	0.155473856786641	0.17
1.652341299	0.163183667902097	0.14
1.707257935	0.203786493057137	0.08
1.75282717	0.191106370283585	0.04
1.777374698	0.212603024283785	0.01
1.778615293	0.208986424749424	0.01
1.77861633	0.208986424749424	0.01
1.780115455	0.200461285082105	0.01
1.780627841	0.200461285082105	0.01
1.780657572	0.200461285082105	0.01
1.780928629	0.197242850486097	0.01
1.78092863	0.197242850486097	0.01
1.781081012	0.197242850486097	0.01
1.781170031	0.197242850486097	0.01
1.781170032	0.197242850486097	0.01
1.781411498	0.197242850486097	0.01
1.781411499	0.197242850486097	0.01
1.781623424	0.197242850486097	0.01
1.781653031	0.197242850486097	0.01
1.7818108	0.197242850486097	0.01
1.781835463	0.197242850486097	0.01
1.781894629	0.197242850486097	0.01
1.782136293	0.194126127746971	0.01
1.782378022	0.192604413389799	0.01
1.782531315	0.192604413389799	0.01
1.782590324	0.192604413389799	0.01
1.782619816	0.192604413389799	0.01
1.783286774	0.192604413389799	0.01
1.783345594	0.192604413389799	0.01
1.783587651	0.192604413389799	0.01
1.78377107	0.192604413389799	0.01
1.783925287	0.192604413389799	0.01
1.784013316	0.192604413389799	0.01
1.784314217	0.192604413389799	0.01
1.78446873	0.192604413389799	0.01
1.785009515	0.189631450358691	0.01
1.785322292	0.189631450358691	0.01
1.785497332	0.189631450358691	0.01
1.786357195	0.189631450358691	0.01
1.787927091	0.178418741006883	0.01
1.788780487	0.1825856563803	0.01
1.78918715	0.1825856563803	0.01
1.789747139	0.1825856563803	0.01
1.790033715	0.1825856563803	0.01
1.790737455	0.189980553000857	0.01
1.79204453	0.183952615530124	0.02
1.792147241	0.183952615530124	0.02
1.794856772	0.169858238343287	0.02
1.796645824	0.145830985179428	0.02
1.796696941	0.145830985179428	0.02
1.801889818	0.0652485088700008	0.02
1.812688451	0.0626347616876738	0.03
1.813215031	0.0626347616876738	0.03
1.813240824	0.0626347616876738	0.03
1.813716026	0.0380309399257792	0.03
1.813793197	0.0383574771491419	0.03
1.814069382	0.039027667590621	0.03
1.814596154	0.0300900776640918	0.03
1.814621756	0.0300900776640918	0.03
1.814621757	0.0300900776640918	0.03
1.814846808	0.0300900776640918	0.03
1.814872379	0.0300900776640918	0.03
1.815039963	0.0312112672106198	0.03
1.815123071	0.0312112672106198	0.03
1.815169565	0.0312112672106198	0.03
1.815624663	0.0324192440714654	0.03
1.815875562	0.0324192440714654	0.03
1.816374833	0.129312076945183	0.04
1.81637757	0.129312076945183	0.04
1.816879855	0.0333884239664881	0.03
1.817382419	0.0333884239664881	0.03
1.818363245	0.124785042387489	0.04
1.819217405	0.126552499415333	0.04
1.819410514	0.126552499415333	0.04
1.81989941	0.126552499415333	0.04
1.820606159	0.128370744374611	0.04
1.82134289	0.0805409272046975	0.04
1.824280416	0.0383574771491419	0.04
1.824985083	0.0295591569307034	0.04
1.828541204	0.122503825777171	0.05
1.828939845	0.124206810163592	0.05
1.829613575	0.124206810163592	0.05
1.835137623	0.0298222545107914	0.05
1.836263396	0.0309232089756458	0.05
1.83758722	0.0321085677489225	0.05
1.837659261	0.0321085677489225	0.05
1.839735229	0.124206810163592	0.06
1.842215909	0.0563179509739674	0.06
1.844053766	0.0373942651279509	0.06
1.846490238	0.0321085677489225	0.06
1.860668056	0.121946494618382	0.08
1.872927722	0.0321085677489225	0.08
1.876458705	0.0327359912227996	0.08
1.877534086	0.0330589889008844	0.08
1.917919203	0.0327359912227996	0.11
1.919145255	0.0327359912227996	0.11
1.932723098	0.0599912946113066	0.12
1.933588634	0.0616469714637869	0.12
1.93486401	0.0564535086398911	0.13
1.937910579	0.0555180820062475	0.13
1.939501786	0.0555180820062475	0.13
1.945075766	0.0533097447278141	0.14
1.95745413	0.0533097447278141	0.15
1.961031557	0.0533097447278141	0.15
2.03833515	0.0665443936871977	0.23
2.039242563	0.0665443936871977	0.23
2.04617014	0.0753043443186303	0.23
2.049316864	0.0656748258239497	0.24
2.057190684	0.0767835402795541	0.24
2.058434493	0.0656748258239497	0.25
2.058810915	0.0656748258239497	0.25
2.060706206	0.0656748258239497	0.25
2.067556414	0.0775451461873368	0.25
2.077653506	0.0775451461873368	0.26
2.079378601	0.0656748258239497	0.27
2.112854786	0.0656748258239497	0.3
2.114638141	0.0597620015431352	0.3
2.116340052	0.0738810631083509	0.3
2.117539144	0.0767835402795541	0.3
2.119081815	0.0775451461873368	0.3
2.122322709	0.0652485088700008	0.31
2.130868897	0.0652485088700008	0.32
2.175983465	0.0738810631083509	0.36
2.22607531	0.0725105850283539	0.41
2.230993963	0.077127861902433	0.42
2.244892022	0.135216539660421	0.43
2.268175967	0.18123886323097	0.41
2.273953022	0.177991155633389	0.4
2.279085054	0.18534019702572	0.4
2.396315913	0.218268878847437	0.3
2.634889835	0.2055813023743	0.09
2.63880046	0.196083009157156	0.09
2.644514931	0.2055813023743	0.08
2.65353762	0.2055813023743	0.07
2.669724846	0.196083009157156	0.06
2.670697515	0.196083009157156	0.06
2.67074212	0.196083009157156	0.06
2.671148642	0.196083009157156	0.06
2.671193179	0.196083009157156	0.06
2.671237545	0.196083009157156	0.06
2.671237705	0.196083009157156	0.06
2.671599646	0.196083009157156	0.06
2.671872794	0.196083009157156	0.06
2.671961685	0.196083009157156	0.06
2.672323822	0.196083009157156	0.06
2.672686057	0.2055813023743	0.05
2.67300408	0.2055813023743	0.05
2.673366554	0.2055813023743	0.05
2.674498542	0.2055813023743	0.05
2.674817434	0.2055813023743	0.05
2.67498819	0.2055813023743	0.05
2.675753192	0.2055813023743	0.05
2.675906626	0.203608734258509	0.05
2.67595059	0.203608734258509	0.05
2.677404052	0.20167366026376	0.05
2.678640892	0.196083009157156	0.05
2.679543675	0.196083009157156	0.05
2.679587204	0.196083009157156	0.05
2.68050645	0.196083009157156	0.05
2.681604422	0.196083009157156	0.05
2.684222358	0.242959666022319	0.05
2.690797174	0.184358566220272	0.04
2.700424629	0.232072441328276	0.04
2.703341222	0.227953574690567	0.04
2.714352711	0.223978363317104	0.05
2.716197088	0.223978363317104	0.05
2.720992773	0.2202252072356	0.05
2.721339166	0.220139420543429	0.06
2.721753239	0.220139420543429	0.06
2.72212898	0.220139420543429	0.06
2.722504826	0.220139420543429	0.06
2.725892101	0.218268878847437	0.06
2.727362573	0.218268878847437	0.06
2.728042156	0.218268878847437	0.06
2.728457177	0.218268878847437	0.06
2.733911556	0.218268878847437	0.07
2.734951629	0.218268878847437	0.07
2.741703646	0.216429857594952	0.08
2.742221604	0.216429857594952	0.08
2.744776734	0.216429857594952	0.08
2.758261585	0.216429857594952	0.09
2.767264537	0.214621566717575	0.1
2.784781798	0.199611610491855	0.12
2.814579483	0.199611610491855	0.15
2.857457722	0.199611610491855	0.19
2.870516676	0.204376083630625	0.2
2.874914635	0.199611610491855	0.21
2.884109016	0.198072436911413	0.22
2.885327778	0.198072436911413	0.22
2.893176138	0.21664046926164	0.23
2.901070252	0.216575838119956	0.23
3.091199805	0.204919546604659	0.42
3.116410384	0.244312519753609	0.45
3.116832706	0.244312519753609	0.45
3.153761559	0.205490811386077	0.48
3.190582361	0.226310419670035	0.52
3.194633906	0.203786493057137	0.52
3.557717034	0.196891614594331	0.860000000000001
3.560201153	0.196891614594331	0.860000000000001
3.561648443	0.196891614594331	0.870000000000001
3.562131134	0.196891614594331	0.870000000000001
3.565454716	0.196891614594331	0.870000000000001
3.566965252	0.196891614594331	0.870000000000001
3.575584373	0.220139420543429	0.880000000000001
3.62901857	0.232829696416841	0.910000000000001
3.62939674	0.232829696416841	0.910000000000001
3.629519691	0.232829696416841	0.910000000000001
3.6300627	0.232829696416841	0.910000000000001
3.631970124	0.240773456511906	0.910000000000001
3.633483005	0.223510635436311	0.920000000000001
3.639968026	0.232829696416841	0.920000000000001
3.707141358	0.232829696416841	0.990000000000001
3.778072999	0.230904230454057	1.06
3.82876748	0.240940743762086	1.11
4.078052931	0.304436865261651	1.35
4.442577106	0.304436865261651	1.71
4.452121847	0.304436865261651	1.72
4.45272527	0.304436865261651	1.72
4.453328856	0.304436865261651	1.72
4.459832487	0.304436865261651	1.73
4.478685952	0.304436865261651	1.75
4.480518943	0.304436865261651	1.75
4.492707945	0.29340540664567	1.76
4.536342962	0.283145455467902	1.81
4.536969429	0.283145455467902	1.81
4.537444354	0.28564257963034	1.81
4.773228095	0.290771336717122	2.04
4.848628454	0.250152335167444	2.11
4.895921957	0.250152335167444	2.16
5.342582978	0.296323193243093	2.44999999999999
5.346842194	0.296323193243093	2.45999999999999
5.445157132	0.303321229780587	2.42999999999999
6.232084175	0.250966997579066	2.66999999999999
6.244676548	0.30048272220932	2.68999999999999
6.358499262	0.304580010279711	2.79999999999998
7	0.261514545072183	3.36999999999997
