thrs	post_p	finalwindow
0	0.100889365349081	0.23
0.03256001	0.0979053734027794	0.2
0.070216248	0.0887210537179433	0.18
0.082355146	0.0821181800214264	0.18
0.093809574	0.0821181800214264	0.17
0.103967892	0.0801303373225844	0.17
0.106977596	0.0801303373225844	0.17
0.113424721	0.0791720743056761	0.18
0.115659216	0.0791720743056761	0.18
0.123778241	0.0619272393939761	0.18
0.127200542	0.0645134937164963	0.17
0.127695348	0.0609498817220847	0.17
0.128068503	0.0609498817220847	0.17
0.129730945	0.0598479171403334	0.17
0.130460633	0.0587850916337834	0.17
0.148782099	0.0598479171403334	0.15
0.151339737	0.0587850916337834	0.15
0.155752372	0.059540351287164	0.15
0.178062567	0.0615162230607237	0.12
0.178140913	0.0615162230607237	0.12
0.178358463	0.0615162230607237	0.12
0.181430774	0.0587850916337834	0.12
0.181486006	0.0587850916337834	0.12
0.181824923	0.0587850916337834	0.12
0.191788381	0.0593117434943311	0.11
0.194681585	0.0614346736342071	0.11
0.206482242	0.0609498817220847	0.1
0.222049977	0.0382415968625598	0.09
0.22265244	0.0317341954534452	0.08
0.222656148	0.0317341954534452	0.08
0.222686318	0.0317341954534452	0.08
0.222697977	0.0317341954534452	0.08
0.222716495	0.0317341954534452	0.08
0.222924291	0.0418693637470403	0.08
0.226923294	0.0389159709541161	0.08
0.226929675	0.0389159709541161	0.08
0.226982815	0.0389159709541161	0.08
0.227081991	0.0389159709541161	0.08
0.227177477	0.0389159709541161	0.08
0.227432153	0.0382415968625598	0.08
0.230426372	0.0389159709541161	0.08
0.237068117	0.0302826293886537	0.07
0.241897099	0.0297385170016217	0.07
0.24235868	0.0297385170016217	0.07
0.242615688	0.0297385170016217	0.07
0.242941212	0.0297385170016217	0.07
0.249436037	0.0311371841531412	0.07
0.256228734	0.0302826293886537	0.07
0.256259656	0.0302826293886537	0.07
0.256650521	0.0302826293886537	0.07
0.259750174	0.0302826293886537	0.07
0.272151172	0.0314328552663789	0.06
0.287097646	0.0272870729406852	0.07
0.295749179	0.0305622210550836	0.07
0.296834617	0.0302826293886537	0.07
0.296839561	0.0302826293886537	0.07
0.296874128	0.0302826293886537	0.07
0.296879772	0.0302826293886537	0.07
0.296919994	0.0302826293886537	0.07
0.296960227	0.0104982340584295	0.07
0.297156652	0.0108066929554508	0.07
0.297161557	0.010701878827638	0.07
0.297207868	0.0108066929554508	0.07
0.29723727	0.0108066929554508	0.07
0.29736316	0.0108066929554508	0.07
0.297631463	0.0109135804878716	0.07
0.29855614	0.0108066929554508	0.07
0.298682719	0.0108066929554508	0.07
0.299931082	0.0108066929554508	0.07
0.300128238	0.0108066929554508	0.07
0.301373268	0.0110226035627878	0.07
0.302397905	0.0110226035627878	0.07
0.30240618	0.0110226035627878	0.07
0.302452098	0.0110226035627878	0.07
0.302453753	0.0110226035627878	0.07
0.302531356	0.0110226035627878	0.07
0.302757814	0.0110226035627878	0.07
0.303062807	0.0110226035627878	0.07
0.303998368	0.0110226035627878	0.07
0.304168238	0.0110226035627878	0.07
0.305094409	0.0110226035627878	0.07
0.306464617	0.0110226035627878	0.07
0.307314933	0.0202075345604656	0.08
0.319078068	0.0211771226547072	0.07
0.320217262	0.0211771226547072	0.07
0.322066605	0.0211771226547072	0.07
0.322591403	0.0211771226547072	0.07
0.322777267	0.0211771226547072	0.07
0.323165924	0.0211771226547072	0.07
0.323808824	0.0211771226547072	0.07
0.324596864	0.0211771226547072	0.07
0.330254195	0.0215915201823773	0.07
0.333944256	0.0211771226547072	0.07
0.338071632	0.0211771226547072	0.07
0.340262381	0.0220224594029021	0.06
0.343625259	0.0215915201823773	0.06
0.343706753	0.0215915201823773	0.06
0.345554528	0.0215915201823773	0.06
0.351815198	0.0215915201823773	0.06
0.356200611	0.0213823138108705	0.06
0.356206548	0.0213823138108705	0.06
0.356437896	0.0213823138108705	0.06
0.357086112	0.0202075345604656	0.07
0.360733393	0.0202075345604656	0.07
0.362945858	0.0202075345604656	0.07
0.366130409	0.0203942837714686	0.07
0.367161303	0.0566194180064128	0.08
0.367663989	0.0563968085750484	0.08
0.381649088	0.0638908991949216	0.07
0.382008897	0.0638908991949216	0.07
0.387745392	0.0688761233630942	0.06
0.389299853	0.0681669405038714	0.06
0.395214438	0.0563968085750484	0.06
0.398731854	0.0718668234876717	0.05
0.403209246	0.069600217489616	0.05
0.411578949	0.0764300386955679	0.04
0.412388288	0.0764300386955679	0.04
0.415094538	0.0614722849478867	0.04
0.418471182	0.0757936681937423	0.03
0.419019267	0.0748587368613334	0.03
0.423143546	0.0721873953371378	0.03
0.428769674	0.0782364597993039	0.02
0.438307149	0.0830547207864544	0.01
0.440249622	0.0819334007119362	0.01
0.440316292	0.0819334007119362	0.01
0.444499874	0.0645134937164963	0.01
0.444770984	0.0635840866065773	0.01
0.445049535	0.0635840866065773	0.01
0.445117302	0.0635840866065773	0.01
0.445156208	0.0635840866065773	0.01
0.445185067	0.0632802066450121	0.01
0.445185068	0.0632802066450121	0.01
0.445245414	0.0632802066450121	0.01
0.44525283	0.0632802066450121	0.01
0.445252832	0.0632802066450121	0.01
0.445252833	0.0632802066450121	0.01
0.445252835	0.0632802066450121	0.01
0.445305777	0.0632802066450121	0.01
0.44531318	0.0632802066450121	0.01
0.445313188	0.0632802066450121	0.01
0.44531319	0.0632802066450121	0.01
0.445373562	0.0632802066450121	0.01
0.445419149	0.0632802066450121	0.01
0.445479567	0.0632802066450121	0.01
0.445494353	0.0632802066450121	0.01
0.445540001	0.0632802066450121	0.01
0.445554774	0.0632802066450121	0.01
0.445578303	0.0632802066450121	0.01
0.445615211	0.0632802066450121	0.01
0.445653547	0.0632802066450121	0.01
0.445675664	0.0632802066450121	0.01
0.445736134	0.0730564036987148	0.01
0.445849774	0.0720343861534329	0.01
0.445917642	0.0720343861534329	0.01
0.445970843	0.0720343861534329	0.01
0.445978177	0.0720343861534329	0.01
0.446188208	0.0717000385639914	0.01
0.446394864	0.0717000385639914	0.01
0.446395102	0.0717000385639914	0.01
0.446455777	0.0717000385639914	0.01
0.446465528	0.0717000385639914	0.01
0.44656991	0.0717000385639914	0.01
0.446633323	0.0717000385639914	0.01
0.446888185	0.0713687803836022	0.01
0.446967543	0.0713687803836022	0.01
0.447158639	0.0713687803836022	0.01
0.447542535	0.0713687803836022	0.01
0.448701687	0.0703931199532325	0.01
0.449715173	0.0703931199532325	0.01
0.452986292	0.0710405689894583	0.01
0.453102774	0.0710405689894583	0.01
0.453312195	0.0710405689894583	0.01
0.453607731	0.0710405689894583	0.01
0.453670383	0.0710405689894583	0.01
0.45367678	0.0710405689894583	0.01
0.453739439	0.0710405689894583	0.01
0.453782962	0.0710405689894583	0.01
0.453789353	0.0710405689894583	0.01
0.453864805	0.0710405689894583	0.01
0.453864814	0.0710405689894583	0.01
0.453952078	0.0710405689894583	0.01
0.453977538	0.0710405689894583	0.01
0.453990257	0.0710405689894583	0.01
0.454115767	0.0710405689894583	0.01
0.454159539	0.0710405689894583	0.01
0.454172215	0.0710405689894583	0.01
0.454228692	0.0710405689894583	0.01
0.454266222	0.0710405689894583	0.01
0.454278877	0.0710405689894583	0.01
0.454291524	0.0710405689894583	0.01
0.454297847	0.0710405689894583	0.01
0.454423548	0.0710405689894583	0.01
0.454543029	0.0720343861534329	0.01
0.454618511	0.0720343861534329	0.01
0.455180191	0.0744650756377038	0.01
0.455678249	0.102134521065076	0.01
0.455804735	0.109210769068386	0.01
0.456133439	0.0691329923969496	0.02
0.456880284	0.0691329923969496	0.02
0.45760535	0.0685196969616367	0.02
0.457901934	0.0685196969616367	0.02
0.464728436	0.0673251811494612	0.02
0.46499053	0.0679171872269729	0.02
0.473676694	0.063715216150156	0.03
0.47699163	0.0314328552663789	0.03
0.477096915	0.0314328552663789	0.03
0.478409458	0.0323545479767612	0.03
0.478419311	0.0323545479767612	0.03
0.479732593	0.059540351287164	0.04
0.483511101	0.0593117434943311	0.04
0.483671852	0.0593117434943311	0.04
0.483988273	0.0593117434943311	0.04
0.484225862	0.0593117434943311	0.04
0.484458594	0.0593117434943311	0.04
0.485802156	0.0776856307071245	0.04
0.485999254	0.0645134937164963	0.04
0.48628356	0.0569082255584318	0.04
0.486776039	0.0357626741671424	0.04
0.489107131	0.0284601030306581	0.04
0.489424331	0.0284601030306581	0.04
0.490830832	0.0287069164345085	0.04
0.499369323	0.0244637896969316	0.05
0.50407637	0.0544989664801657	0.06
0.514645345	0.053740581769641	0.07
0.51473946	0.053740581769641	0.07
0.514742139	0.053740581769641	0.07
0.514839037	0.0541171172985471	0.07
0.514971335	0.0541171172985471	0.07
0.51682809	0.0287692901231596	0.07
0.518564452	0.0223194377545029	0.07
0.520735072	0.0227802334394089	0.07
0.534226929	0.0435207936771851	0.06
0.534308248	0.0426791095366454	0.06
0.534380672	0.0426791095366454	0.06
0.534453117	0.0426791095366454	0.06
0.534888196	0.0426791095366454	0.06
0.539174229	0.0422703590541212	0.06
0.543234343	0.0422703590541212	0.06
0.544416783	0.0430958423668464	0.06
0.546060858	0.0807821712578945	0.06
0.556645891	0.087163595878602	0.05
0.556807604	0.087163595878602	0.05
0.55802857	0.0864051938931135	0.05
0.566766402	0.0928695880482501	0.05
0.568776608	0.0964786056690799	0.05
0.572491616	0.0842071589487536	0.06
0.579525048	0.0856598756315068	0.06
0.583655412	0.0974251183440158	0.05
0.591193432	0.0955503073153773	0.05
0.591819223	0.0946397025295411	0.05
0.593402747	0.0955503073153773	0.05
0.593573546	0.0955503073153773	0.05
0.593673806	0.0955503073153773	0.05
0.593673808	0.0955503073153773	0.05
0.593754277	0.0955503073153773	0.05
0.593824895	0.0955503073153773	0.05
0.593915284	0.0955503073153773	0.05
0.594036974	0.0955503073153773	0.05
0.594237558	0.0955503073153773	0.05
0.595015574	0.087163595878602	0.06
0.595887104	0.087163595878602	0.06
0.596219211	0.087163595878602	0.06
0.596894832	0.087163595878602	0.06
0.602148457	0.0964786056690799	0.05
0.604317115	0.0964786056690799	0.05
0.604813246	0.0964786056690799	0.05
0.604905308	0.0964786056690799	0.05
0.60490531	0.0964786056690799	0.05
0.604905312	0.0964786056690799	0.05
0.604988853	0.0964786056690799	0.05
0.605724938	0.0964786056690799	0.05
0.606051871	0.0964786056690799	0.05
0.60631275	0.0964786056690799	0.05
0.607971158	0.0955503073153773	0.05
0.608524688	0.0974251183440158	0.05
0.630942519	0.106061488023456	0.04
0.635412418	0.0950928249944055	0.05
0.636066531	0.0950928249944055	0.05
0.63624959	0.0950928249944055	0.05
0.636422142	0.0950928249944055	0.05
0.637031954	0.0950928249944055	0.05
0.637260654	0.0950928249944055	0.05
0.638075882	0.0950928249944055	0.05
0.641599528	0.0934815464774893	0.05
0.64559646	0.0875478114043281	0.06
0.646569798	0.0875478114043281	0.06
0.648110758	0.0875478114043281	0.06
0.648827538	0.0875478114043281	0.06
0.65703705	0.0829412095170232	0.07
0.667879261	0.0787951559678856	0.08
0.667879263	0.0787951559678856	0.08
0.667969788	0.0787951559678856	0.08
0.669490645	0.0787951559678856	0.08
0.671132308	0.0782364597993039	0.08
0.680410924	0.0626810780078814	0.08
0.680589305	0.0626810780078814	0.08
0.68060848	0.0626810780078814	0.08
0.680786967	0.0626810780078814	0.08
0.689921535	0.0782364597993039	0.09
0.690723937	0.0775491332263975	0.09
0.692614054	0.0782364597993039	0.09
0.696262833	0.0762100844931107	0.1
0.697379755	0.0768737781474992	0.1
0.712401774	0.0742860279469302	0.11
0.71365913	0.0742860279469302	0.11
0.715653707	0.069600217489616	0.12
0.717816093	0.0724567313493115	0.12
0.719314887	0.0724567313493115	0.12
0.725609694	0.069600217489616	0.13
0.735438378	0.0329996378656318	0.13
0.742183791	0.066960389855776	0.14
0.744518666	0.065959690603645	0.14
0.7500464	0.0326739091850719	0.13
0.75180067	0.0323545479767612	0.13
0.756100951	0.0305622210550836	0.13
0.756122282	0.0305622210550836	0.13
0.763387603	0.10455399062347	0.13
0.763491091	0.104306897514661	0.13
0.766651587	0.105149373739754	0.13
0.7676628	0.104662840708304	0.13
0.778829055	0.106636496898694	0.12
0.779184816	0.106636496898694	0.12
0.779976345	0.105887714160505	0.12
0.786383987	0.110027530226987	0.11
0.799403767	0.11226650155841	0.1
0.8034392	0.116926063766015	0.09
0.817085993	0.117029409387217	0.08
0.828284953	0.119565697545261	0.07
0.861362559	0.107739910039955	0.03
0.864973627	0.122267812577371	0.03
0.874413626	0.124076886952679	0.02
0.875213305	0.121912309725911	0.02
0.875954975	0.121207470073982	0.02
0.877564409	0.119141018034706	0.02
0.87832845	0.118803440365241	0.02
0.880342154	0.115212528091319	0.02
0.88244613	0.113420509416511	0.01
0.883236842	0.121207470073982	0.01
0.883671839	0.123405741226822	0.01
0.885048106	0.12371080198379	0.01
0.885800269	0.124076886952679	0.01
0.886381245	0.12371080198379	0.01
0.887670141	0.122267812577371	0.01
0.889014569	0.120510733675758	0.01
0.889576687	0.120165360653279	0.01
0.889752182	0.120165360653279	0.01
0.890218543	0.118803440365241	0.01
0.890218544	0.118803440365241	0.01
0.890228158	0.118803440365241	0.01
0.890309475	0.118467770295748	0.01
0.890354074	0.118803440365241	0.01
0.890354075	0.118803440365241	0.01
0.890419078	0.118803440365241	0.01
0.890459913	0.118803440365241	0.01
0.890474761	0.118803440365241	0.01
0.890489605	0.118803440365241	0.01
0.890489606	0.118803440365241	0.01
0.890506418	0.118803440365241	0.01
0.890580647	0.118803440365241	0.01
0.890595481	0.118803440365241	0.01
0.89061031	0.118803440365241	0.01
0.890610311	0.118803440365241	0.01
0.89068659	0.118803440365241	0.01
0.890701414	0.118803440365241	0.01
0.890716233	0.118803440365241	0.01
0.890731048	0.118803440365241	0.01
0.890731049	0.118803440365241	0.01
0.890822213	0.118803440365241	0.01
0.890837018	0.118803440365241	0.01
0.890851819	0.118803440365241	0.01
0.890957836	0.118803440365241	0.01
0.890972623	0.118803440365241	0.01
0.891093459	0.118803440365241	0.01
0.89119957	0.118803440365241	0.01
0.891214328	0.118803440365241	0.01
0.891244043	0.118803440365241	0.01
0.891246709	0.118803440365241	0.01
0.891320486	0.118803440365241	0.01
0.891382479	0.118803440365241	0.01
0.891456164	0.118803440365241	0.01
0.89149835	0.118803440365241	0.01
0.891521465	0.118803440365241	0.01
0.891562417	0.118803440365241	0.01
0.891698132	0.118467770295748	0.01
0.891881522	0.118467770295748	0.01
0.89206133	0.117802088642767	0.01
0.892182462	0.117802088642767	0.01
0.892307805	0.116492919089787	0.01
0.892546055	0.11681747590468	0.01
0.892568748	0.11681747590468	0.01
0.89273031	0.11681747590468	0.01
0.892793389	0.11681747590468	0.01
0.892924751	0.116492919089787	0.01
0.892952212	0.11617016072629	0.01
0.893016766	0.11617016072629	0.01
0.893142511	0.11617016072629	0.01
0.893172464	0.11617016072629	0.01
0.893313967	0.11681747590468	0.01
0.893352088	0.11681747590468	0.01
0.893395592	0.11681747590468	0.01
0.894085351	0.116492919089787	0.01
0.89420355	0.116492919089787	0.01
0.89422449	0.116492919089787	0.01
0.894232534	0.116492919089787	0.01
0.894511483	0.11617016072629	0.01
0.894906463	0.115529979888945	0.01
0.894970751	0.115529979888945	0.01
0.895086463	0.115849185906979	0.01
0.89592425	0.114896816093054	0.01
0.896329745	0.113959977035664	0.01
0.896396617	0.114270554596458	0.01
0.89685771	0.113651083145113	0.01
0.896928207	0.113038291906006	0.01
0.897131294	0.115050408072684	0.01
0.898155973	0.109441239701354	0.01
0.898455429	0.107848075392691	0.01
0.898485328	0.107848075392691	0.01
0.899413875	0.103956670753994	0.01
0.899974537	0.10292506761918	0.01
0.900031532	0.10292506761918	0.01
0.900113547	0.10292506761918	0.01
0.900307304	0.103748699099082	0.01
0.901568195	0.0705646163004239	0.01
0.901947653	0.0721016302072365	0.01
0.902291602	0.0724171030328199	0.01
0.902919093	0.0676198884729762	0.01
0.902932441	0.0682171117429759	0.01
0.903685884	0.0501467995759198	0.01
0.903876527	0.0496950957885501	0.01
0.904508173	0.0451533384274284	0.01
0.904513058	0.0455677211552432	0.01
0.905345526	0.0451533384274284	0.01
0.905541598	0.0451533384274284	0.01
0.906154318	0.0449489604994567	0.01
0.906197141	0.0449489604994567	0.01
0.906210372	0.0449489604994567	0.01
0.906508268	0.0453595834121494	0.01
0.906922556	0.0455677211552432	0.01
0.907060652	0.0457777778322475	0.01
0.90712089	0.0457777778322475	0.01
0.907185931	0.0459897801035878	0.01
0.907198748	0.0459897801035878	0.01
0.907199842	0.0459897801035878	0.01
0.907298438	0.0455677211552432	0.01
0.907324045	0.0455677211552432	0.01
0.907336843	0.0455677211552432	0.01
0.907336844	0.0455677211552432	0.01
0.907449378	0.0455677211552432	0.01
0.90746216	0.0455677211552432	0.01
0.9075492	0.0455677211552432	0.01
0.907574745	0.0455677211552432	0.01
0.907587512	0.0455677211552432	0.01
0.907712898	0.0455677211552432	0.01
0.907951053	0.0455677211552432	0.01
0.907963773	0.0455677211552432	0.01
0.907963774	0.0455677211552432	0.01
0.908089263	0.0455677211552432	0.01
0.908089264	0.0455677211552432	0.01
0.908151307	0.0455677211552432	0.01
0.908189407	0.0457777778322475	0.01
0.908214789	0.0457777778322475	0.01
0.908289632	0.0455677211552432	0.01
0.908453284	0.0455677211552432	0.01
0.908566283	0.0464197305634163	0.01
0.908577365	0.0464197305634163	0.01
0.908578929	0.0464197305634163	0.01
0.908691978	0.0464197305634163	0.01
0.908816452	0.0464197305634163	0.01
0.908855181	0.046203755125858	0.01
0.909094444	0.046203755125858	0.01
0.909183517	0.046203755125858	0.01
0.909308419	0.046203755125858	0.01
0.909346075	0.046203755125858	0.01
0.90938549	0.046203755125858	0.01
0.909434338	0.0464197305634163	0.01
0.909446878	0.0464197305634163	0.01
0.909620416	0.0464197305634163	0.01
0.909642167	0.0464197305634163	0.01
0.909896599	0.0453595834121494	0.01
0.909914657	0.0453595834121494	0.01
0.910204731	0.0459897801035878	0.01
0.910267	0.0459897801035878	0.01
0.910467776	0.046203755125858	0.01
0.910628128	0.046203755125858	0.01
0.911049792	0.046203755125858	0.01
0.911062134	0.046203755125858	0.01
0.91113001	0.046203755125858	0.01
0.911351929	0.046203755125858	0.01
0.912015459	0.0464197305634163	0.01
0.912630246	0.0470799438806333	0.01
0.912707801	0.0470799438806333	0.01
0.912776305	0.0470799438806333	0.01
0.912811242	0.0470799438806333	0.01
0.913006436	0.0475306193076787	0.01
0.913139907	0.0475306193076787	0.01
0.913630289	0.0470799438806333	0.01
0.913751419	0.0473042082026989	0.01
0.914018042	0.0475306193076787	0.01
0.914696902	0.0572148097427765	0.01
0.914870556	0.0572148097427765	0.01
0.914983658	0.0572148097427765	0.01
0.915026039	0.0572148097427765	0.01
0.915269563	0.0572148097427765	0.01
0.915559183	0.0574857935166649	0.01
0.916024822	0.0574857935166649	0.01
0.916912552	0.0585958932519728	0.01
0.917248255	0.0517405812660577	0.01
0.918238351	0.0483297230502751	0.02
0.918456927	0.0485229357519717	0.02
0.918837351	0.04871769950703	0.02
0.919655338	0.0489140330678027	0.02
0.919822583	0.0489140330678027	0.02
0.920002472	0.049311486139633	0.02
0.921364075	0.0495126446977741	0.02
0.922455062	0.0509680587208173	0.02
0.923473233	0.0511829892146885	0.02
0.924160807	0.051618334582872	0.02
0.924507726	0.051618334582872	0.02
0.924627878	0.0522854179699305	0.02
0.925553967	0.0532021535465018	0.02
0.926193857	0.0534363824903171	0.02
0.927872541	0.0325934792797206	0.02
0.929379518	0.0447647613102179	0.03
0.93064775	0.0454350495010287	0.03
0.93220206	0.0457777778322475	0.03
0.934071327	0.0472020055843249	0.03
0.93534835	0.0483297230502751	0.03
0.938446291	0.0128148260500486	0.03
0.938770844	0.0132774362213101	0.03
0.941112169	0.0157396088212737	0.03
0.942896738	0.0173481306485066	0.03
0.947518522	0.0202075345604656	0.03
0.950306111	0.0218048607893527	0.03
0.953473419	0.0173481306485066	0.04
0.954119877	0.0180579164632758	0.04
0.955603107	0.0191551209254733	0.04
0.956780018	0.01949353029476	0.04
0.95679317	0.01949353029476	0.04
0.957016096	0.0196672588946481	0.04
0.957486775	0.0200241744182076	0.04
0.958321379	0.0202075345604656	0.04
0.959031973	0.0205845168885423	0.04
0.959642592	0.0205845168885423	0.04
0.960039043	0.0218048607893527	0.04
0.960819071	0.0218048607893527	0.04
0.966290332	0.01949353029476	0.05
0.966980911	0.0196672588946481	0.05
0.966980912	0.0196672588946481	0.05
0.966986309	0.0196672588946481	0.05
0.967139043	0.0196672588946481	0.05
0.967144414	0.0196672588946481	0.05
0.967297226	0.0200241744182076	0.05
0.967302572	0.0200241744182076	0.05
0.967460779	0.0200241744182076	0.05
0.96746078	0.0200241744182076	0.05
0.967619041	0.0200241744182076	0.05
0.967772081	0.0200241744182076	0.05
0.967925221	0.0200241744182076	0.05
0.967935716	0.0200241744182076	0.05
0.968083686	0.0200241744182076	0.05
0.968237002	0.0200241744182076	0.05
0.969666194	0.0209758322189497	0.05
0.970292984	0.0211771226547072	0.05
0.970442597	0.0211771226547072	0.05
0.973766743	0.0218048607893527	0.05
0.978183481	0.0162018356351897	0.06
1.019804062	0.0282174975030752	0.07
1.021711423	0.0282174975030752	0.07
1.022530753	0.0282174975030752	0.07
1.027042278	0.0311371841531412	0.07
1.027349785	0.0311371841531412	0.07
1.029637844	0.0323545479767612	0.07
1.029659545	0.0326739091850719	0.07
1.030392053	0.0329996378656318	0.07
1.030397618	0.0329996378656318	0.07
1.0327094	0.0282174975030752	0.08
1.033463082	0.026844496854069	0.08
1.034376329	0.0279789931523477	0.08
1.034854243	0.0279789931523477	0.08
1.035677928	0.0465502877278689	0.08
1.036124234	0.0465502877278689	0.08
1.038905957	0.049472281797957	0.08
1.039046839	0.0499199258851688	0.08
1.041709188	0.0513128198181948	0.08
1.043349328	0.0513128198181948	0.08
1.044012776	0.0513128198181948	0.08
1.048661279	0.0454010587093742	0.09
1.049025044	0.0454010587093742	0.09
1.056246636	0.0469464030774834	0.09
1.067971123	0.043954209006516	0.11
1.068168044	0.043954209006516	0.11
1.068277144	0.043954209006516	0.11
1.06860264	0.0443072066601671	0.11
1.068892568	0.0443072066601671	0.11
1.070020858	0.0450304892493464	0.11
1.070326964	0.0454010587093742	0.11
1.076612069	0.0457777778322475	0.11
1.091073782	0.0818643226785497	0.12
1.112743253	0.0842071589487536	0.1
1.113082372	0.0842071589487536	0.1
1.113233383	0.0842071589487536	0.1
1.115076799	0.0842071589487536	0.1
1.125633627	0.0875478114043281	0.1
1.127882011	0.0826306473795531	0.11
1.13205703	0.0858449971536149	0.11
1.133642817	0.0858449971536149	0.11
1.133988353	0.0858449971536149	0.11
1.134317617	0.0858449971536149	0.11
1.162829766	0.0768737781474992	0.14
1.183360064	0.0866880429853384	0.15
1.187305519	0.0969925932532202	0.15
1.18762744	0.0954668015906576	0.15
1.192009701	0.0954668015906576	0.15
1.192075895	0.0954668015906576	0.15
1.192725439	0.094721766957397	0.15
1.203309389	0.0985679487899487	0.14
1.208724051	0.0811120813077372	0.13
1.208769953	0.0811120813077372	0.13
1.209215802	0.0811120813077372	0.13
1.209751115	0.0811120813077372	0.13
1.209825949	0.0811120813077372	0.13
1.210085375	0.0796483236606205	0.13
1.21086869	0.0796483236606205	0.13
1.212614931	0.078936079026739	0.13
1.22465873	0.078936079026739	0.12
1.226767373	0.078936079026739	0.12
1.243346642	0.0645134937164963	0.12
1.246668032	0.0645134937164963	0.12
1.270060331	0.0691329923969496	0.1
1.270253663	0.0691329923969496	0.1
1.278899002	0.0661716001185524	0.1
1.289511656	0.0826306473795531	0.1
1.293113698	0.0651483415753556	0.1
1.297280078	0.0651483415753556	0.1
1.303502827	0.0651483415753556	0.11
1.325958837	0.0632802066450121	0.12
1.335508208	0.0626810780078814	0.13
1.335711503	0.0626810780078814	0.13
1.335892556	0.0626810780078814	0.13
1.33625481	0.0626810780078814	0.13
1.336595099	0.0626810780078814	0.13
1.336979907	0.0626810780078814	0.13
1.337117106	0.0626810780078814	0.13
1.337161305	0.0626810780078814	0.13
1.337524247	0.0626810780078814	0.13
1.337529375	0.0626810780078814	0.13
1.337777279	0.0626810780078814	0.13
1.337887386	0.0626810780078814	0.13
1.338686534	0.0626810780078814	0.13
1.340005107	0.0615162230607237	0.14
1.342315002	0.0615162230607237	0.14
1.343443085	0.0626810780078814	0.14
1.346883901	0.0679171872269729	0.14
1.350085516	0.0730564036987148	0.14
1.360533959	0.0766829747384676	0.13
1.360981621	0.0766829747384676	0.13
1.36116959	0.0766829747384676	0.13
1.36135761	0.0766829747384676	0.13
1.364721715	0.0766829747384676	0.13
1.368077892	0.0766829747384676	0.13
1.369020462	0.0766829747384676	0.13
1.373967278	0.0730564036987148	0.14
1.377139612	0.0723718665734835	0.14
1.377274175	0.0723718665734835	0.14
1.384187356	0.0759291396060831	0.13
1.38563755	0.0751899814059681	0.13
1.418305639	0.0766829747384676	0.14
1.430594094	0.0737540140149667	0.14
1.434752614	0.0744650756377038	0.14
1.436494579	0.0744650756377038	0.14
1.440102642	0.0766829747384676	0.14
1.450674974	0.0737540140149667	0.15
1.484117024	0.0744650756377038	0.15
1.485393153	0.0744650756377038	0.15
1.485917469	0.0737540140149667	0.16
1.488337206	0.0744650756377038	0.16
1.506038743	0.0737540140149667	0.18
1.511964569	0.0737540140149667	0.18
1.512821455	0.0737540140149667	0.18
1.513239565	0.0737540140149667	0.18
1.515375804	0.0737540140149667	0.18
1.558319819	0.137421259482822	0.23
1.558531046	0.137421259482822	0.23
1.55916507	0.13616507659224	0.23
1.561070241	0.0928695880482501	0.22
1.56916589	0.150053047616714	0.22
1.595407686	0.142006514028885	0.19
1.595579044	0.140004465373924	0.19
1.611568792	0.151277599374353	0.18
1.652341299	0.162183625716267	0.14
1.718627381	0.195174598662653	0.07
1.768990518	0.195174598662653	0.02
1.778615293	0.198689105007242	0.01
1.77861633	0.198689105007242	0.01
1.780115455	0.188505838779143	0.01
1.780627841	0.188505838779143	0.01
1.780657572	0.188505838779143	0.01
1.780928629	0.186909251763519	0.01
1.78092863	0.186909251763519	0.01
1.781170032	0.186909251763519	0.01
1.781381862	0.186909251763519	0.01
1.781411498	0.186909251763519	0.01
1.781411499	0.186909251763519	0.01
1.781623424	0.186909251763519	0.01
1.781653031	0.186909251763519	0.01
1.7818108	0.186909251763519	0.01
1.781835463	0.186909251763519	0.01
1.781894629	0.186909251763519	0.01
1.782136292	0.186909251763519	0.01
1.782136293	0.186909251763519	0.01
1.782378022	0.186909251763519	0.01
1.782531315	0.186909251763519	0.01
1.782590324	0.186909251763519	0.01
1.782619816	0.186909251763519	0.01
1.783044725	0.186909251763519	0.01
1.783103602	0.186909251763519	0.01
1.783286774	0.186909251763519	0.01
1.783345594	0.186909251763519	0.01
1.783587651	0.186909251763519	0.01
1.783829774	0.186909251763519	0.01
1.784013316	0.186909251763519	0.01
1.784314217	0.186909251763519	0.01
1.78446873	0.186909251763519	0.01
1.784506241	0.186909251763519	0.01
1.785322292	0.186909251763519	0.01
1.785497332	0.186909251763519	0.01
1.785988286	0.185339482818078	0.01
1.787927091	0.175048398956429	0.01
1.788872102	0.177870212740628	0.01
1.789358594	0.177870212740628	0.01
1.789747139	0.177870212740628	0.01
1.790033715	0.177870212740628	0.01
1.790095821	0.177870212740628	0.01
1.790737455	0.179238859228611	0.01
1.795643534	0.14470556693794	0.02
1.796645824	0.138392687207534	0.02
1.796669094	0.138392687207534	0.02
1.801889818	0.0964786056690799	0.02
1.808733518	0.127633496074529	0.03
1.809599251	0.127633496074529	0.03
1.812688451	0.0911644732811796	0.03
1.813215031	0.094721766957397	0.03
1.813716026	0.0919239620307275	0.03
1.814069384	0.0942803019307972	0.03
1.814345569	0.0864051938931135	0.03
1.814596154	0.0691329923969496	0.03
1.814621756	0.0691329923969496	0.03
1.814621757	0.0691329923969496	0.03
1.814846808	0.0691329923969496	0.03
1.814872379	0.0691329923969496	0.03
1.815039963	0.0691329923969496	0.03
1.815123071	0.0691329923969496	0.03
1.815288509	0.0691329923969496	0.03
1.815322808	0.0697573657654919	0.03
1.815624663	0.0710405689894583	0.03
1.815850116	0.0710405689894583	0.03
1.815875562	0.0710405689894583	0.03
1.816101116	0.0418693637470403	0.03
1.816377569	0.0418693637470403	0.03
1.81637757	0.0418693637470403	0.03
1.816628678	0.0414759049823874	0.03
1.816879855	0.0414759049823874	0.03
1.817382419	0.0414759049823874	0.03
1.817399416	0.0414759049823874	0.03
1.817633804	0.0414759049823874	0.03
1.818036082	0.0422703590541212	0.03
1.818363245	0.0422703590541212	0.03
1.819217405	0.0430958423668464	0.03
1.819410514	0.0435207936771851	0.03
1.820606159	0.12521941381479	0.04
1.82134289	0.122625394823324	0.04
1.822065256	0.0819334007119362	0.04
1.823267442	0.0932660475992332	0.04
1.824280416	0.0934815464774893	0.04
1.824759677	0.0685196969616367	0.04
1.824985083	0.0685196969616367	0.04
1.828541204	0.0422703590541212	0.04
1.828939845	0.0430958423668464	0.04
1.829051906	0.0430958423668464	0.04
1.83758722	0.0407107628814383	0.05
1.839735229	0.0426791095366454	0.05
1.842215909	0.0819334007119362	0.06
1.844053766	0.0919239620307275	0.06
1.846490238	0.0407107628814383	0.06
1.877534086	0.0407107628814383	0.07
1.917919203	0.0382415968625598	0.11
1.932723098	0.0289580481477177	0.12
1.934242286	0.0300081069119398	0.12
1.93486401	0.043954209006516	0.13
1.938309591	0.0432648231388498	0.13
1.938319698	0.0432648231388498	0.13
1.945075766	0.0649884611262442	0.14
1.947078383	0.0649884611262442	0.14
1.956133657	0.0649884611262442	0.15
1.95745413	0.0649884611262442	0.15
1.959079535	0.066960389855776	0.15
1.961031557	0.0510752978559404	0.15
2.03833515	0.0657958081050864	0.23
2.039242563	0.0675870158650524	0.23
2.045755957	0.0638908991949216	0.23
2.04617014	0.0632802066450121	0.24
2.049316864	0.0640970911894149	0.24
2.058810915	0.0640970911894149	0.25
2.060706206	0.0505736540620329	0.25
2.067556414	0.062483881628857	0.26
2.077371996	0.0657958081050864	0.26
2.077653506	0.062483881628857	0.27
2.07768814	0.062483881628857	0.27
2.079378601	0.0640970911894149	0.27
2.080200147	0.0505736540620329	0.27
2.114638141	0.0510752978559404	0.3
2.119081815	0.062483881628857	0.31
2.175983465	0.0593117434943311	0.36
2.201956234	0.048661893361324	0.39
2.21647999	0.0598479171403334	0.4
2.22607531	0.057259796149282	0.41
2.226980498	0.0609498817220847	0.41
2.244892022	0.162982158588675	0.43
2.268175967	0.216208816493141	0.41
2.273953022	0.2061120176048	0.4
2.279085054	0.219393232819154	0.4
2.283420782	0.209371179631653	0.39
2.287430653	0.219393232819154	0.39
2.36737444	0.26889897867874	0.31
2.396315913	0.290900083672767	0.32
2.401471639	0.261544537206708	0.32
2.416816988	0.233127649483597	0.31
2.57811595	0.284295162662381	0.16
2.634889835	0.287034253377365	0.1
2.63880046	0.279373344712016	0.09
2.64482266	0.287034253377365	0.09
2.65353762	0.279373344712016	0.08
2.664122924	0.281607854612007	0.08
2.669724846	0.289826638044726	0.07
2.670697515	0.289826638044726	0.07
2.67074212	0.289826638044726	0.07
2.670831293	0.289826638044726	0.07
2.671148642	0.289826638044726	0.07
2.671193019	0.289826638044726	0.07
2.671193179	0.289826638044726	0.07
2.671237545	0.289826638044726	0.07
2.671237705	0.289826638044726	0.07
2.671599486	0.289826638044726	0.07
2.671599646	0.289826638044726	0.07
2.671961685	0.284295162662381	0.07
2.672323822	0.281607854612007	0.07
2.67300408	0.281607854612007	0.07
2.673366554	0.281607854612007	0.07
2.674201502	0.281607854612007	0.07
2.674817434	0.281607854612007	0.07
2.67498819	0.289826638044726	0.06
2.675753192	0.289826638044726	0.06
2.675906626	0.289826638044726	0.06
2.67595059	0.289826638044726	0.06
2.677404052	0.289826638044726	0.06
2.679543675	0.289826638044726	0.06
2.68050645	0.289826638044726	0.06
2.684222358	0.281607854612007	0.06
2.692790444	0.289826638044726	0.05
2.700424629	0.287034253377365	0.06
2.703341222	0.287034253377365	0.06
2.716197088	0.289826638044726	0.07
2.720992773	0.289826638044726	0.07
2.721223607	0.289826638044726	0.07
2.721339166	0.289826638044726	0.07
2.721714851	0.289826638044726	0.07
2.721753239	0.289826638044726	0.07
2.72212898	0.289826638044726	0.07
2.722504826	0.289826638044726	0.07
2.725892101	0.287034253377365	0.07
2.728042156	0.287034253377365	0.07
2.728457177	0.287034253377365	0.07
2.733911556	0.287034253377365	0.07
2.734951629	0.281607854612007	0.08
2.741703646	0.281607854612007	0.08
2.742221604	0.281607854612007	0.08
2.758261585	0.258403476160202	0.09
2.767264537	0.255906380343215	0.1
2.795646082	0.246382652563145	0.13
2.814579483	0.246382652563145	0.15
2.857457722	0.246382652563145	0.19
2.870516676	0.248696504414674	0.2
2.885327778	0.244111459592075	0.22
3.091199805	0.229920416117348	0.42
3.116410384	0.257489822775062	0.45
3.116832706	0.257489822775062	0.45
3.153761559	0.183650190301015	0.48
3.190582361	0.15533407661761	0.47
3.479484296	0.161000390946085	0.76
3.557717034	0.161000390946085	0.840000000000001
3.561648443	0.17367080273746	0.840000000000001
3.563861522	0.159545406880874	0.850000000000001
3.565454716	0.159545406880874	0.850000000000001
3.571210711	0.162482156881979	0.850000000000001
3.571812505	0.159545406880874	0.860000000000001
3.572123566	0.159545406880874	0.860000000000001
3.572497766	0.159545406880874	0.860000000000001
3.575584373	0.159545406880874	0.860000000000001
3.62901857	0.212053671538586	0.890000000000001
3.62939674	0.212053671538586	0.890000000000001
3.629519691	0.212053671538586	0.890000000000001
3.6300627	0.212053671538586	0.890000000000001
3.630972932	0.212053671538586	0.890000000000001
3.631023885	0.212053671538586	0.890000000000001
3.631169027	0.212053671538586	0.890000000000001
3.631970124	0.216208816493141	0.890000000000001
3.633483005	0.218245229429682	0.900000000000001
3.639968026	0.2061120176048	0.900000000000001
3.82876748	0.224591326077506	1.02
3.963711323	0.226789507972967	1.11
4.442577106	0.279373344712016	1.33
4.452121847	0.279373344712016	1.34
4.45272527	0.279373344712016	1.34
4.453328856	0.279373344712016	1.34
4.453932605	0.279373344712016	1.34
4.464002998	0.279373344712016	1.35
4.475601202	0.279373344712016	1.36
4.478685952	0.279373344712016	1.37
4.492707945	0.279373344712016	1.38
4.536342962	0.279373344712016	1.42
4.536969429	0.279373344712016	1.43
4.537444354	0.279373344712016	1.43
4.550359745	0.279373344712016	1.44
4.773228095	0.26889897867874	1.59
4.848628454	0.26889897867874	1.66
4.895921957	0.26889897867874	1.71
5.342582978	0.279809318881928	1.81
5.343129076	0.279809318881928	1.81
5.445157132	0.279809318881928	1.89
6.2338777	0.237969275503034	2.60999999999999
6.234722781	0.237969275503034	2.60999999999999
6.244676548	0.237969275503034	2.61999999999999
6.35095118	0.237969275503034	2.72999999999999
6.358499262	0.237969275503034	2.72999999999999
7	0.256401931099056	3.36999999999997
