thrs	post_p	finalwindow
0	0.095659918922282	0.23
0.03256001	0.095659918922282	0.2
0.070216248	0.0850509551098932	0.18
0.089689176	0.0775276664632043	0.17
0.103967892	0.0746959560699861	0.17
0.113424721	0.0746959560699861	0.18
0.115659216	0.0746959560699861	0.18
0.123778241	0.106302677731961	0.18
0.127200542	0.054228627054095	0.17
0.128068503	0.0779755511996549	0.17
0.129730945	0.0880557678151438	0.17
0.130460633	0.0854152937646671	0.17
0.14705261	0.055204531075556	0.15
0.148427326	0.0779755511996549	0.15
0.148782099	0.0831302494943298	0.15
0.151339737	0.0829285659569856	0.15
0.155752372	0.106302677731961	0.15
0.161204767	0.0829285659569856	0.14
0.178062567	0.0799145827553418	0.12
0.178140913	0.0799145827553418	0.12
0.181824923	0.0847797343512544	0.12
0.186084933	0.108378191289409	0.12
0.194681585	0.109807486911156	0.11
0.222049977	0.0750615072076848	0.08
0.22265244	0.108687661190589	0.08
0.222656148	0.108687661190589	0.08
0.222686318	0.108687661190589	0.08
0.222924291	0.105419430270575	0.08
0.226694446	0.102342012592189	0.08
0.226728961	0.102342012592189	0.08
0.226867021	0.102342012592189	0.08
0.226923294	0.102342012592189	0.08
0.226929675	0.102342012592189	0.08
0.226957829	0.102342012592189	0.08
0.226982815	0.102342012592189	0.08
0.227177477	0.103857929667336	0.08
0.227432153	0.103857929667336	0.08
0.237068117	0.0964115467325313	0.07
0.241897099	0.0612688327017665	0.06
0.24235868	0.0612688327017665	0.06
0.242615688	0.101374536506478	0.06
0.249436037	0.0954310009405104	0.06
0.254481698	0.0978906922033899	0.05
0.256228734	0.0978906922033899	0.05
0.256259656	0.0978906922033899	0.05
0.256650521	0.0970568268048579	0.05
0.263775407	0.107091474689386	0.04
0.272151172	0.0930918888104595	0.05
0.295749179	0.0978206565488126	0.04
0.296834617	0.103602165867304	0.04
0.296839561	0.103602165867304	0.04
0.296839653	0.103602165867304	0.04
0.296874128	0.103602165867304	0.04
0.296879772	0.103602165867304	0.04
0.29691506	0.103602165867304	0.04
0.296919994	0.103602165867304	0.04
0.297156652	0.103602165867304	0.04
0.29723727	0.103602165867304	0.04
0.297242165	0.103602165867304	0.04
0.297345093	0.103602165867304	0.04
0.297631463	0.103602165867304	0.04
0.298033592	0.103602165867304	0.04
0.298062423	0.103602165867304	0.04
0.298432807	0.102591584829487	0.04
0.29855614	0.102591584829487	0.04
0.298682719	0.102591584829487	0.04
0.299120783	0.102591584829487	0.04
0.29926506	0.102591584829487	0.04
0.299931082	0.102591584829487	0.04
0.300128238	0.102591584829487	0.04
0.300638986	0.100628436871787	0.04
0.301159527	0.100628436871787	0.04
0.302443572	0.100628436871787	0.04
0.302452098	0.100628436871787	0.04
0.302453753	0.100628436871787	0.04
0.302493847	0.100628436871787	0.04
0.302694303	0.100628436871787	0.04
0.303037639	0.100628436871787	0.04
0.303062807	0.100628436871787	0.04
0.306464617	0.106757003676336	0.03
0.319078068	0.103602165867304	0.03
0.320217262	0.103602165867304	0.03
0.320290117	0.103602165867304	0.03
0.322066605	0.10160052864049	0.03
0.322435043	0.10160052864049	0.03
0.322591403	0.10160052864049	0.03
0.323097253	0.10160052864049	0.03
0.323537089	0.10160052864049	0.03
0.323808824	0.10160052864049	0.03
0.324596864	0.10160052864049	0.03
0.327195424	0.0865507568584184	0.04
0.328591896	0.0851493229023965	0.04
0.330254195	0.0851493229023965	0.04
0.333944256	0.0844654883079724	0.04
0.334029253	0.0844654883079724	0.04
0.338071632	0.101015032820584	0.05
0.340262381	0.0987390101087396	0.05
0.350684009	0.0958592047176069	0.06
0.351815198	0.0944813905309292	0.06
0.356200611	0.0944813905309292	0.06
0.356206548	0.0944813905309292	0.06
0.356351443	0.0944813905309292	0.06
0.356437896	0.0918412643720079	0.06
0.357086112	0.11319109523501	0.06
0.357959666	0.107091474689386	0.06
0.360733393	0.0881465980769551	0.07
0.362945858	0.0881465980769551	0.07
0.363236679	0.0881465980769551	0.07
0.366130409	0.0893446752247104	0.07
0.367663989	0.10321113359085	0.07
0.37384574	0.0993977106905772	0.08
0.381649088	0.0865507568584184	0.07
0.382008897	0.0865507568584184	0.07
0.387745392	0.0897513045950338	0.06
0.389222512	0.0863139897454888	0.06
0.389299853	0.0863139897454888	0.06
0.395214438	0.0863569419119086	0.06
0.398731854	0.0929231745347776	0.05
0.411578949	0.113435258821508	0.04
0.412388288	0.113435258821508	0.04
0.415772448	0.0609644220471284	0.03
0.416416237	0.081204711303147	0.03
0.418471182	0.0944813905309292	0.03
0.423143546	0.100741834044198	0.03
0.428769674	0.098002958083617	0.02
0.440249622	0.115591326021071	0.01
0.440316292	0.115591326021071	0.01
0.441750067	0.115591326021071	0.01
0.445049535	0.0975818168866001	0.01
0.445117302	0.0975818168866001	0.01
0.445156208	0.0975818168866001	0.01
0.445185067	0.0964514334151561	0.01
0.445185068	0.0964514334151561	0.01
0.445245414	0.0964514334151561	0.01
0.44525283	0.0964514334151561	0.01
0.445252832	0.0964514334151561	0.01
0.445252833	0.0964514334151561	0.01
0.445252835	0.0964514334151561	0.01
0.445305777	0.0964514334151561	0.01
0.44531318	0.0964514334151561	0.01
0.445313187	0.0964514334151561	0.01
0.445313188	0.0964514334151561	0.01
0.44531319	0.0964514334151561	0.01
0.445373562	0.0964514334151561	0.01
0.445419149	0.0964514334151561	0.01
0.445479567	0.0964514334151561	0.01
0.445494353	0.0964514334151561	0.01
0.445540001	0.0964514334151561	0.01
0.445554774	0.0964514334151561	0.01
0.445615211	0.0964514334151561	0.01
0.445653547	0.0964514334151561	0.01
0.445691925	0.105532764677237	0.01
0.445736134	0.105532764677237	0.01
0.445857123	0.114433364237045	0.01
0.445917642	0.114433364237045	0.01
0.445970843	0.114433364237045	0.01
0.445978177	0.114433364237045	0.01
0.446188208	0.111274985563643	0.01
0.446319857	0.111274985563643	0.01
0.446341735	0.111274985563643	0.01
0.446351359	0.111274985563643	0.01
0.446394864	0.111274985563643	0.01
0.446395102	0.111274985563643	0.01
0.446455777	0.111274985563643	0.01
0.446465528	0.110664116195547	0.01
0.446633323	0.110664116195547	0.01
0.446772341	0.110664116195547	0.01
0.446888185	0.110664116195547	0.01
0.446967543	0.110664116195547	0.01
0.447158639	0.110664116195547	0.01
0.447876705	0.110059917221757	0.01
0.447928306	0.109462279979389	0.01
0.448701687	0.112464870608345	0.01
0.448791313	0.112464870608345	0.01
0.449051315	0.112464870608345	0.01
0.449552291	0.111274985563643	0.01
0.449715173	0.111274985563643	0.01
0.453102774	0.10770768684755	0.01
0.453117722	0.10770768684755	0.01
0.453312195	0.107135255917473	0.01
0.453607731	0.107135255917473	0.01
0.453670383	0.107135255917473	0.01
0.45367678	0.107135255917473	0.01
0.453739439	0.107135255917473	0.01
0.453782962	0.107135255917473	0.01
0.453789353	0.107135255917473	0.01
0.453864814	0.107135255917473	0.01
0.453927527	0.107135255917473	0.01
0.453952078	0.107135255917473	0.01
0.453990257	0.107135255917473	0.01
0.454131662	0.107135255917473	0.01
0.454159539	0.107135255917473	0.01
0.454172215	0.107135255917473	0.01
0.454266222	0.107135255917473	0.01
0.454379121	0.107135255917473	0.01
0.454423548	0.107135255917473	0.01
0.454543029	0.107135255917473	0.01
0.454618511	0.107135255917473	0.01
0.454637485	0.107135255917473	0.01
0.455180191	0.10770768684755	0.01
0.455678249	0.136117194270751	0.01
0.455755613	0.138811964366154	0.01
0.456133439	0.10785175165138	0.02
0.456159276	0.10785175165138	0.02
0.456455968	0.10785175165138	0.02
0.45760535	0.106757003676336	0.02
0.457901934	0.106757003676336	0.02
0.458022431	0.106757003676336	0.02
0.458619789	0.105684256832728	0.02
0.458664131	0.105684256832728	0.02
0.459124851	0.104114959406385	0.02
0.462114195	0.0997158580756649	0.02
0.46331093	0.0997158580756649	0.02
0.464728436	0.097781115489837	0.02
0.46499053	0.097781115489837	0.02
0.47699163	0.0752046340819621	0.03
0.477096915	0.0752046340819621	0.03
0.478409458	0.0781863398455608	0.03
0.478419311	0.0781863398455608	0.03
0.478888149	0.0894967287182874	0.04
0.479732593	0.0894967287182874	0.04
0.479936634	0.0894967287182874	0.04
0.483671852	0.0864579543285183	0.04
0.484458594	0.0864579543285183	0.04
0.485999254	0.103094398857157	0.04
0.48628356	0.097277798689714	0.04
0.486776039	0.0786113546287869	0.04
0.489424331	0.0698751331093874	0.04
0.499369323	0.0851493229023965	0.05
0.50407637	0.0908647013859267	0.06
0.508934563	0.079969822295367	0.06
0.511690912	0.0696899321412261	0.06
0.514553924	0.0890885275891536	0.07
0.514645345	0.0890885275891536	0.07
0.51473946	0.0890885275891536	0.07
0.514742139	0.0890885275891536	0.07
0.514971335	0.0890885275891536	0.07
0.51502476	0.0890885275891536	0.07
0.516063638	0.104962609121812	0.07
0.51682809	0.0838880267769047	0.07
0.518564452	0.0753843120780257	0.07
0.520735072	0.0670252211154088	0.07
0.529143364	0.0426640230819065	0.07
0.534226929	0.0519334329341007	0.06
0.534308248	0.0504390705448066	0.06
0.539174229	0.0476943040202498	0.06
0.543234343	0.0481308303429914	0.06
0.544416783	0.0476943040202498	0.06
0.546060858	0.0594146316859053	0.06
0.556645891	0.0643199041802257	0.05
0.556807604	0.0643199041802257	0.05
0.559788571	0.0637352395231267	0.05
0.566766402	0.0694139641510564	0.05
0.572491616	0.0620433274517916	0.06
0.574371638	0.0620433274517916	0.06
0.57444178	0.0620433274517916	0.06
0.579525048	0.0649153947961378	0.06
0.586308239	0.0631611082619777	0.06
0.59079165	0.0625972282815054	0.06
0.591193432	0.0625972282815054	0.06
0.591819223	0.0440949968755	0.05
0.593573546	0.0625972282815054	0.06
0.593673806	0.0625972282815054	0.06
0.593673808	0.0625972282815054	0.06
0.593754277	0.0625972282815054	0.06
0.59375428	0.0625972282815054	0.06
0.593915284	0.0625972282815054	0.06
0.594036974	0.0625972282815054	0.06
0.594237558	0.0631611082619777	0.06
0.594318181	0.0411935264914315	0.06
0.595015574	0.0411935264914315	0.06
0.595196772	0.0411935264914315	0.06
0.595887104	0.0440949968755	0.05
0.596219211	0.0411935264914315	0.06
0.596894832	0.0440949968755	0.05
0.597117526	0.0440949968755	0.05
0.602674298	0.0432251208898315	0.05
0.604317115	0.0432251208898315	0.05
0.604813246	0.0432251208898315	0.05
0.604905308	0.0432251208898315	0.05
0.60490531	0.0432251208898315	0.05
0.604988853	0.0432251208898315	0.05
0.605716504	0.0432251208898315	0.05
0.605724938	0.0432251208898315	0.05
0.606051871	0.0432251208898315	0.05
0.606404306	0.0432251208898315	0.05
0.607971158	0.0400637219056668	0.06
0.608524688	0.0400637219056668	0.06
0.61827716	0.0423889015869154	0.05
0.624510489	0.0423889015869154	0.05
0.630942519	0.0411935264914315	0.05
0.636066531	0.0411935264914315	0.05
0.63624959	0.0411935264914315	0.05
0.637260654	0.0415844227040369	0.05
0.637881775	0.0415844227040369	0.05
0.641599528	0.0419828086224766	0.05
0.644129804	0.0389942366931426	0.06
0.64559646	0.0389942366931426	0.06
0.646569798	0.0393443304740595	0.06
0.648827538	0.0393443304740595	0.06
0.659386285	0.0346746485508131	0.07
0.667472678	0.0346746485508131	0.08
0.667879261	0.0346746485508131	0.08
0.667879263	0.0346746485508131	0.08
0.671132308	0.0346746485508131	0.08
0.680410924	0.0314405897139295	0.09
0.68060848	0.0314405897139295	0.09
0.680702493	0.0314405897139295	0.09
0.689921535	0.0305634773121013	0.1
0.690723937	0.0305634773121013	0.1
0.692614054	0.0316677907266052	0.1
0.696262833	0.0299371006483906	0.11
0.697379755	0.0301430205491591	0.11
0.712354258	0.0301430205491591	0.12
0.7123899	0.0301430205491591	0.12
0.71365913	0.0305634773121013	0.12
0.714295462	0.0158271622649834	0.12
0.715653707	0.0167337048981252	0.12
0.717816093	0.0291408072410196	0.13
0.725609694	0.0164202013915791	0.13
0.725979546	0.0170594125757954	0.13
0.72717465	0.0173980512029128	0.13
0.7500464	0	0.14
0.75180067	0.092977939557019	0.14
0.756100951	0.101427620631464	0.14
0.762884543	0.0989868238945435	0.13
0.763284143	0.101663215104942	0.13
0.763387603	0.107192225059494	0.13
0.763491091	0.106930667439577	0.13
0.765321243	0.104755461802922	0.13
0.766651587	0.102122808014688	0.13
0.7676628	0.102977927885764	0.13
0.772093843	0.0960342621655277	0.12
0.772264397	0.101868912738296	0.12
0.778829055	0.104393187227652	0.12
0.799403767	0.108882406807982	0.1
0.8034392	0.117228343342464	0.09
0.817085993	0.114115814093838	0.08
0.828284953	0.115505163935314	0.07
0.849686346	0.117895489474231	0.05
0.856064956	0.121234529686353	0.04
0.861362559	0.112464870608345	0.03
0.861783488	0.118017605441482	0.03
0.864973627	0.127821496450052	0.03
0.866065884	0.12290121712257	0.03
0.867661243	0.121998117529145	0.03
0.870144812	0.119128140145823	0.03
0.874413626	0.131972781884636	0.02
0.877564409	0.122985755254423	0.02
0.87832845	0.122654770697231	0.02
0.880342154	0.119754182218321	0.02
0.88244613	0.124574903839221	0.01
0.882485476	0.124574903839221	0.01
0.883671839	0.134498355920443	0.01
0.884296127	0.135575324908894	0.01
0.886381245	0.126734267885012	0.01
0.888469193	0.126748089658652	0.01
0.888863234	0.126047001855067	0.01
0.889209764	0.125699358402091	0.01
0.889576687	0.124667839424219	0.01
0.889752182	0.124667839424219	0.01
0.890068113	0.1243277516758	0.01
0.890083013	0.1243277516758	0.01
0.890218544	0.123989514364858	0.01
0.890228158	0.123989514364858	0.01
0.890354074	0.123989514364858	0.01
0.890354075	0.123989514364858	0.01
0.890419078	0.123989514364858	0.01
0.890459913	0.123989514364858	0.01
0.890474761	0.123989514364858	0.01
0.890489605	0.123989514364858	0.01
0.890489606	0.123989514364858	0.01
0.890506418	0.123989514364858	0.01
0.890580647	0.123989514364858	0.01
0.890595481	0.123989514364858	0.01
0.89061031	0.123989514364858	0.01
0.890610311	0.123989514364858	0.01
0.89068659	0.123989514364858	0.01
0.890701414	0.123653112429858	0.01
0.890716233	0.123653112429858	0.01
0.890731048	0.123653112429858	0.01
0.890731049	0.123653112429858	0.01
0.890737499	0.123653112429858	0.01
0.890822213	0.123653112429858	0.01
0.890851819	0.123653112429858	0.01
0.890928251	0.123653112429858	0.01
0.890957836	0.123653112429858	0.01
0.890972622	0.123653112429858	0.01
0.890972623	0.123653112429858	0.01
0.891093459	0.122654770697231	0.01
0.89119957	0.122654770697231	0.01
0.891214328	0.122654770697231	0.01
0.891244043	0.122654770697231	0.01
0.89133523	0.122654770697231	0.01
0.891382479	0.122654770697231	0.01
0.891456164	0.122654770697231	0.01
0.89149835	0.122654770697231	0.01
0.891562417	0.122325562878173	0.01
0.891577132	0.122325562878173	0.01
0.891686849	0.122325562878173	0.01
0.891698132	0.122325562878173	0.01
0.891793338	0.122325562878173	0.01
0.891881522	0.122325562878173	0.01
0.892017347	0.122325562878173	0.01
0.89206133	0.122325562878173	0.01
0.89216782	0.121998117529145	0.01
0.892182462	0.121998117529145	0.01
0.892215798	0.121998117529145	0.01
0.892245091	0.121998117529145	0.01
0.892307805	0.121998117529145	0.01
0.892546055	0.122985755254423	0.01
0.892568748	0.122985755254423	0.01
0.89273031	0.122985755254423	0.01
0.892793389	0.122985755254423	0.01
0.892924751	0.124719335105853	0.01
0.892951888	0.124385371575987	0.01
0.892952212	0.124385371575987	0.01
0.893016766	0.124385371575987	0.01
0.89308003	0.124385371575987	0.01
0.893313967	0.12405319179178	0.01
0.893352088	0.12405319179178	0.01
0.893395592	0.12405319179178	0.01
0.89420355	0.12306721314045	0.01
0.89422449	0.122418555466681	0.01
0.894232534	0.122418555466681	0.01
0.894482721	0.122742027315439	0.01
0.894511483	0.122742027315439	0.01
0.894906463	0.122418555466681	0.01
0.894913415	0.122418555466681	0.01
0.895081202	0.122418555466681	0.01
0.895086463	0.122418555466681	0.01
0.895300675	0.122418555466681	0.01
0.89539422	0.122096784078859	0.01
0.895524497	0.124114572643044	0.01
0.895638516	0.124114572643044	0.01
0.895840307	0.124114572643044	0.01
0.89592425	0.124114572643044	0.01
0.896329745	0.123467010039137	0.01
0.896396617	0.123789944474128	0.01
0.896928207	0.122826169624219	0.01
0.897131294	0.124173778959566	0.01
0.897197773	0.12353732467587	0.01
0.897282137	0.122985755254423	0.01
0.897316929	0.12206813672808	0.01
0.89799116	0.107192225059494	0.01
0.898662437	0.104841458033127	0.01
0.898920463	0.103602165867304	0.01
0.899310528	0.102792120729826	0.01
0.899413875	0.103518582879117	0.01
0.900031532	0.102722995350455	0.01
0.900113547	0.103119254604817	0.01
0.900307304	0.103719409062312	0.01
0.900690942	0.0776291460184401	0.01
0.901007608	0.0805825360554246	0.01
0.90151373	0.0673194005196922	0.01
0.902162268	0.0709525988491442	0.01
0.902860993	0.057703262711697	0.01
0.902919093	0.057703262711697	0.01
0.902932441	0.0579416830562248	0.01
0.903166806	0.0510688495611112	0.01
0.903685884	0.0403994875656729	0.01
0.903876527	0.0400637219056668	0.01
0.904039961	0.0400637219056668	0.01
0.904220945	0.0365547033204402	0.01
0.904513058	0.0376540243089716	0.01
0.905345526	0.0386503183717639	0.01
0.905424433	0.0388215158575896	0.01
0.906154318	0.0402476991749423	0.01
0.906197141	0.0400637219056668	0.01
0.906508268	0.0402476991749423	0.01
0.906786831	0.0400637219056668	0.01
0.906983581	0.0402476991749423	0.01
0.907060652	0.0402476991749423	0.01
0.90712089	0.0402476991749423	0.01
0.907185931	0.0404333739292904	0.01
0.907198748	0.040809910740439	0.01
0.907199842	0.040809910740439	0.01
0.907298438	0.0367078027138432	0.01
0.907311244	0.0367078027138432	0.01
0.907324045	0.0370526581387102	0.01
0.907336843	0.0370526581387102	0.01
0.907336844	0.0370526581387102	0.01
0.907436592	0.0370526581387102	0.01
0.907449378	0.0370526581387102	0.01
0.90746216	0.0370526581387102	0.01
0.907536422	0.0370526581387102	0.01
0.9075492	0.0370526581387102	0.01
0.907574745	0.0370526581387102	0.01
0.907587512	0.0370526581387102	0.01
0.907700146	0.0370526581387102	0.01
0.907712898	0.0370526581387102	0.01
0.907951053	0.0370526581387102	0.01
0.907963773	0.0368794242676472	0.01
0.908076559	0.0370526581387102	0.01
0.908089263	0.0370526581387102	0.01
0.908089264	0.0370526581387102	0.01
0.908151307	0.0370526581387102	0.01
0.90817671	0.0370526581387102	0.01
0.908214789	0.0370526581387102	0.01
0.908453284	0.0367078027138432	0.01
0.908566283	0.0365377710723926	0.01
0.908578929	0.0365377710723926	0.01
0.908691978	0.0368794242676472	0.01
0.908729307	0.0368794242676472	0.01
0.908830322	0.0367078027138432	0.01
0.908855181	0.0363693073515969	0.01
0.909183517	0.0365377710723926	0.01
0.909195105	0.0365377710723926	0.01
0.909207673	0.0365377710723926	0.01
0.909270732	0.0365377710723926	0.01
0.909346075	0.0368794242676472	0.01
0.90938549	0.0368794242676472	0.01
0.909409249	0.0368794242676472	0.01
0.909446878	0.0370526581387102	0.01
0.909620416	0.0370526581387102	0.01
0.909642167	0.0370526581387102	0.01
0.909914657	0.0367078027138432	0.01
0.909925885	0.0367078027138432	0.01
0.910267	0.0368794242676472	0.01
0.910467776	0.0370526581387102	0.01
0.910628128	0.0370526581387102	0.01
0.91113001	0.0377621799097737	0.01
0.911351929	0.0377621799097737	0.01
0.911383512	0.0375822641093229	0.01
0.911518912	0.0377621799097737	0.01
0.911747931	0.0377621799097737	0.01
0.912015459	0.0374040545770497	0.01
0.912707801	0.0374040545770497	0.01
0.912776305	0.0372275271548949	0.01
0.912811242	0.0372275271548949	0.01
0.912967277	0.033546540870392	0.01
0.913006436	0.033546540870392	0.01
0.913139907	0.033546540870392	0.01
0.913244462	0.0337078133098624	0.01
0.913630289	0.033228581685129	0.01
0.913751419	0.0333868042739571	0.01
0.914870556	0.0343687131909166	0.01
0.914968567	0.0343687131909166	0.01
0.914983658	0.0343687131909166	0.01
0.916024822	0.0303517928765361	0.01
0.916163647	0.0305026953451783	0.01
0.916208994	0.0305026953451783	0.01
0.916688985	0.0306551058193618	0.01
0.917248255	0.0237672564249175	0.01
0.917957453	0.0365547033204402	0.02
0.918238351	0.0367078027138432	0.02
0.918456927	0.0367078027138432	0.02
0.918816837	0.0365547033204402	0.02
0.918837351	0.0365547033204402	0.02
0.919655338	0.0371748933842606	0.02
0.920002472	0.0371748933842606	0.02
0.921364075	0.0381456671112198	0.02
0.921783065	0.0383124135409383	0.02
0.922071236	0.0383124135409383	0.02
0.922763582	0.038480624170867	0.02
0.923268187	0.0352321982917693	0.02
0.923473233	0.0352321982917693	0.02
0.924412009	0.0365377710723926	0.02
0.924627878	0.0367078027138432	0.02
0.926193857	0.0330718516804457	0.02
0.927872541	0.0159713694946908	0.02
0.929379518	0.0342679308978936	0.03
0.933174706	0.0313157700277127	0.03
0.934071327	0.0320799169871623	0.03
0.93534835	0.0323429878060032	0.03
0.938770844	0.0117053101266888	0.03
0.941112169	0.00669678982672596	0.03
0.950306111	0.0129124617729569	0.04
0.951999424	0.0141645498939981	0.04
0.953473419	0.0154097532578484	0.04
0.956018846	0.0164202013915791	0.04
0.956296714	0.0170594125757954	0.04
0.956549025	0.0170594125757954	0.04
0.956766863	0.0172270678649716	0.04
0.95679317	0.0172270678649716	0.04
0.956793172	0.0172270678649716	0.04
0.957486775	0.0173980512029128	0.04
0.958321379	0.0160689764880685	0.05
0.959642592	0.012633279253887	0.05
0.959665139	0.012633279253887	0.05
0.959857154	0.012633279253887	0.05
0.960039043	0.0128180399261242	0.05
0.960819071	0.0131055411210511	0.05
0.960911853	0.0131055411210511	0.05
0.964446178	0.0159713694946908	0.05
0.966290332	0.0170594125757954	0.05
0.966653906	0.0170594125757954	0.05
0.966980911	0.0172270678649716	0.05
0.966980912	0.0172270678649716	0.05
0.966986309	0.0172270678649716	0.05
0.967139043	0.0172270678649716	0.05
0.967144414	0.0172270678649716	0.05
0.967297226	0.0173980512029128	0.05
0.967302571	0.0173980512029128	0.05
0.967302572	0.0173980512029128	0.05
0.967608447	0.0173980512029128	0.05
0.96761904	0.0173980512029128	0.05
0.967619041	0.0173980512029128	0.05
0.967772081	0.0173980512029128	0.05
0.967925221	0.0173980512029128	0.05
0.967935716	0.0173980512029128	0.05
0.968083686	0.0175724626783972	0.05
0.968861479	0.0159713694946908	0.06
0.969035555	0.0159713694946908	0.06
0.970292984	0.0114007874852813	0.06
0.973457204	0.0127249889664956	0.06
0.974203145	0.0129124617729569	0.06
0.9860103	0.00877536270630057	0.05
1.019804062	0.0253726972087705	0.06
1.021711423	0.0209294734661114	0.07
1.022530753	0.0212680576680531	0.07
1.023898132	0.0214414913246704	0.07
1.029078227	0.0242048408355978	0.07
1.029637844	0.0242048408355978	0.07
1.029659545	0.0244297315315237	0.07
1.030397618	0.0253726972087705	0.07
1.031531241	0.0209294734661114	0.08
1.032104884	0.0212680576680531	0.08
1.033463082	0.0204413390136444	0.08
1.034014818	0.0206015007476658	0.08
1.039046839	0.0370178812895501	0.08
1.041709188	0.0404333739292904	0.08
1.043349328	0.0404333739292904	0.08
1.044012776	0.0404333739292904	0.08
1.048661279	0.0346746485508131	0.09
1.049025044	0.0346746485508131	0.09
1.054783865	0.0383124135409383	0.09
1.056246636	0.0383124135409383	0.09
1.057424783	0.033355039327004	0.1
1.068168044	0.0341344703606907	0.11
1.068277144	0.0341344703606907	0.11
1.06860264	0.0346746485508131	0.11
1.068892568	0.0346746485508131	0.11
1.070020858	0.0358079712536021	0.11
1.070326964	0.0361029729376746	0.11
1.076612069	0.0393443304740595	0.11
1.088407982	0.0480209513451955	0.13
1.113233383	0.0708161019291092	0.13
1.11414031	0.0694139641510564	0.13
1.115076799	0.0694139641510564	0.13
1.116382888	0.0606630213312756	0.13
1.127882011	0.0589153978017546	0.12
1.13205703	0.0578052021753429	0.12
1.133988353	0.0562162037339943	0.12
1.134317617	0.0562162037339943	0.12
1.136767134	0.0562162037339943	0.12
1.137302108	0.0562162037339943	0.12
1.183360064	0.0606630213312756	0.15
1.187305519	0.0490283020577883	0.15
1.187446683	0.0490283020577883	0.15
1.18762744	0.0475096358698304	0.15
1.192725439	0.047880413368727	0.15
1.208724051	0.0428029274288389	0.13
1.208769953	0.0428029274288389	0.13
1.209751115	0.0428029274288389	0.13
1.209768181	0.0428029274288389	0.13
1.209825949	0.0428029274288389	0.13
1.210085375	0.0428029274288389	0.13
1.224141399	0.0436557260653849	0.12
1.225416562	0.0436557260653849	0.12
1.226416878	0.0436557260653849	0.12
1.226767373	0.0436557260653849	0.12
1.243346642	0.0393443304740595	0.12
1.245566855	0.0393443304740595	0.12
1.246668032	0.0393443304740595	0.12
1.248955951	0.0393443304740595	0.12
1.252855937	0.0423889015869154	0.11
1.268447511	0.0423889015869154	0.1
1.270060331	0.0400637219056668	0.1
1.270604589	0.0400637219056668	0.1
1.285172518	0.0175724626783972	0.09
1.289511656	0.025872015479353	0.09
1.297280078	0.0494897070652244	0.09
1.302603198	0.0494897070652244	0.1
1.325958837	0.0481308303429914	0.12
1.33510162	0.0572656482169027	0.12
1.335485912	0.0572656482169027	0.12
1.335508208	0.0572656482169027	0.12
1.335711503	0.0572656482169027	0.12
1.335892556	0.0572656482169027	0.12
1.33625481	0.0572656482169027	0.12
1.33638917	0.0572656482169027	0.12
1.336413828	0.0572656482169027	0.12
1.336595099	0.0567360735091564	0.12
1.336979907	0.0567360735091564	0.12
1.337161305	0.0567360735091564	0.12
1.337524247	0.0567360735091564	0.12
1.337529375	0.0567360735091564	0.12
1.337777279	0.0567360735091564	0.12
1.342315002	0.0606630213312756	0.11
1.346883901	0.0589153978017546	0.11
1.350085516	0.0589153978017546	0.11
1.360533959	0.0589153978017546	0.12
1.360774481	0.0589153978017546	0.12
1.360981621	0.0589153978017546	0.12
1.36116959	0.0589153978017546	0.12
1.361338457	0.0589153978017546	0.12
1.36135761	0.0589153978017546	0.12
1.361545683	0.0589153978017546	0.12
1.368578346	0.0759285346696262	0.12
1.369020462	0.0774189650121924	0.12
1.369707356	0.0774189650121924	0.12
1.377274175	0.0797676497197562	0.11
1.377544294	0.0797676497197562	0.11
1.384187356	0.0766665068711489	0.12
1.38563755	0.0766665068711489	0.12
1.385801753	0.0766665068711489	0.12
1.418305639	0.0797676497197562	0.13
1.436494579	0.0781863398455608	0.14
1.448119954	0.0759285346696262	0.15
1.450462129	0.0759285346696262	0.15
1.450674974	0.0759285346696262	0.15
1.450928234	0.0759285346696262	0.15
1.454003033	0.0774189650121924	0.15
1.454856842	0.0774189650121924	0.15
1.45657643	0.0774189650121924	0.14
1.484067531	0.0781863398455608	0.15
1.484117024	0.0781863398455608	0.15
1.485393153	0.0797676497197562	0.15
1.494140559	0.0781863398455608	0.16
1.502972103	0.0781863398455608	0.17
1.506038743	0.0781863398455608	0.18
1.512821455	0.0781863398455608	0.18
1.513239565	0.0781863398455608	0.18
1.515375804	0.0797676497197562	0.18
1.516740221	0.0781863398455608	0.19
1.558319819	0.140035052722891	0.23
1.558531046	0.140035052722891	0.23
1.595407686	0.148096401666853	0.19
1.595579044	0.147061014826315	0.19
1.718627381	0.195791683846549	0.07
1.745720251	0.171364548259559	0.04
1.75282717	0.185828685559432	0.04
1.768990518	0.201184834410444	0.02
1.777374698	0.206883513304871	0.01
1.778615293	0.206883513304871	0.01
1.780627841	0.199354405417631	0.01
1.780657571	0.199354405417631	0.01
1.780657572	0.199354405417631	0.01
1.780839524	0.199354405417631	0.01
1.780928629	0.199354405417631	0.01
1.78092863	0.199354405417631	0.01
1.781081012	0.199354405417631	0.01
1.781170031	0.199354405417631	0.01
1.781170032	0.199354405417631	0.01
1.781381862	0.199354405417631	0.01
1.781411498	0.199354405417631	0.01
1.781411499	0.199354405417631	0.01
1.781623424	0.199354405417631	0.01
1.781653031	0.199354405417631	0.01
1.781894629	0.199354405417631	0.01
1.782136292	0.199354405417631	0.01
1.782136293	0.199354405417631	0.01
1.782378022	0.197556983502627	0.01
1.782531315	0.197556983502627	0.01
1.782619816	0.197556983502627	0.01
1.783044725	0.197556983502627	0.01
1.783103602	0.197556983502627	0.01
1.783345594	0.197556983502627	0.01
1.783587651	0.197556983502627	0.01
1.78377107	0.197556983502627	0.01
1.783925287	0.197556983502627	0.01
1.784013316	0.197556983502627	0.01
1.784314217	0.197556983502627	0.01
1.78446873	0.197556983502627	0.01
1.784933025	0.197556983502627	0.01
1.785009515	0.197556983502627	0.01
1.785497332	0.203848395875492	0.01
1.785988286	0.202041033037828	0.01
1.786357195	0.202041033037828	0.01
1.78918715	0.194704303153584	0.01
1.789358594	0.194704303153584	0.01
1.789747139	0.194704303153584	0.01
1.790033715	0.194704303153584	0.01
1.792147241	0.210575938874072	0.02
1.795060195	0.175997917232598	0.02
1.795643534	0.160444225901875	0.02
1.801889818	0.104632854484214	0.02
1.809599251	0.13209381745349	0.03
1.813716026	0.0871374569376986	0.03
1.814069382	0.0904058988683438	0.03
1.814069384	0.0904058988683438	0.03
1.814345569	0.0836592469625369	0.03
1.814621757	0.0844654883079724	0.03
1.814846808	0.0844654883079724	0.03
1.814872379	0.0844654883079724	0.03
1.815123071	0.0878520825609653	0.03
1.815169565	0.0878520825609653	0.03
1.815288509	0.0878520825609653	0.03
1.815322808	0.0878520825609653	0.03
1.815373832	0.0878520825609653	0.03
1.815624663	0.088741593103155	0.03
1.815850116	0.088741593103155	0.03
1.815875562	0.088741593103155	0.03
1.816377569	0.136416191449262	0.04
1.816628678	0.136416191449262	0.04
1.816879855	0.136416191449262	0.04
1.817382419	0.128748266072751	0.04
1.817399416	0.128748266072751	0.04
1.818363245	0.128748266072751	0.04
1.819217405	0.130734947167009	0.04
1.819410514	0.130734947167009	0.04
1.819581019	0.130734947167009	0.04
1.81989941	0.130734947167009	0.04
1.820606159	0.130734947167009	0.04
1.822065256	0.0873804618138154	0.04
1.824280416	0.0879322096157873	0.04
1.824985083	0.0828682515868908	0.04
1.828939845	0.128099389241405	0.05
1.829051906	0.128099389241405	0.05
1.829613575	0.128099389241405	0.05
1.830016016	0.128099389241405	0.05
1.835137623	0.0844654883079724	0.05
1.836263396	0.0529798586149488	0.05
1.837659261	0.126191417439019	0.06
1.839735229	0.128099389241405	0.06
1.844053766	0.0871374569376986	0.06
1.860668056	0.127457020144817	0.08
1.860714054	0.127457020144817	0.08
1.877534086	0.0436557260653849	0.08
1.917919203	0.0440949968755	0.11
1.93486401	0.0472656247471946	0.13
1.938319698	0.0464309759386422	0.13
1.947078383	0.0579416830562248	0.14
1.956133657	0.0579416830562248	0.15
1.959079535	0.0579416830562248	0.15
2.03833515	0.0705569699119596	0.23
2.039242563	0.0705569699119596	0.23
2.045755957	0.06904114754869	0.24
2.049316864	0.0680662721849373	0.24
2.057190684	0.0680662721849373	0.25
2.057670659	0.0680662721849373	0.25
2.058434493	0.0680662721849373	0.25
2.058810915	0.0680662721849373	0.25
2.067556414	0.0680662721849373	0.26
2.077371996	0.0680662721849373	0.27
2.07768814	0.0680662721849373	0.27
2.079378601	0.0680662721849373	0.27
2.080200147	0.0563884318513995	0.27
2.114638141	0.0584244836769354	0.3
2.116340052	0.0666545088907056	0.31
2.117539144	0.0666545088907056	0.31
2.122322709	0.055204531075556	0.31
2.22342495	0.0544425010268583	0.41
2.225736601	0.0674118618958173	0.41
2.22607531	0.0701080231655117	0.41
2.226678687	0.0703424708331046	0.42
2.226980498	0.0703424708331046	0.42
2.230993963	0.0593141091935773	0.42
2.268175967	0.207680123755549	0.41
2.273953022	0.208784423143444	0.4
2.279085054	0.214019253029348	0.4
2.287430653	0.214019253029348	0.39
2.36737444	0.222005720903793	0.31
2.396315913	0.262166006043606	0.29
2.416816988	0.289000391754943	0.29
2.57811595	0.236254120448098	0.15
2.634889835	0.254551804375058	0.09
2.63880046	0.230052875653071	0.09
2.644514931	0.254551804375058	0.08
2.65353762	0.259577825720714	0.07
2.664122924	0.259577825720714	0.06
2.669724846	0.234150223175784	0.06
2.670697515	0.234150223175784	0.06
2.671193019	0.234150223175784	0.06
2.671193179	0.234150223175784	0.06
2.671237545	0.234150223175784	0.06
2.671237705	0.234150223175784	0.06
2.671599486	0.234150223175784	0.06
2.671599646	0.234150223175784	0.06
2.671961685	0.258259062022575	0.05
2.672323822	0.253115335814265	0.05
2.67300408	0.259577825720714	0.05
2.673366554	0.259577825720714	0.05
2.673410821	0.259577825720714	0.05
2.674201502	0.259577825720714	0.05
2.674498542	0.259577825720714	0.05
2.674817434	0.259577825720714	0.05
2.67498819	0.259577825720714	0.05
2.675753192	0.254551804375058	0.05
2.675906626	0.247367404933597	0.05
2.677404052	0.245061885399099	0.05
2.68050645	0.234150223175784	0.05
2.681604422	0.234150223175784	0.05
2.690995907	0.232295575469133	0.04
2.692790444	0.260910126709055	0.03
2.703341222	0.248096802356194	0.04
2.714352711	0.222144315134995	0.05
2.716197088	0.222144315134995	0.05
2.720992773	0.222144315134995	0.05
2.721339166	0.235592602509057	0.06
2.721753239	0.235592602509057	0.06
2.722090639	0.235592602509057	0.06
2.722504826	0.235592602509057	0.06
2.725138453	0.21832796350406	0.06
2.725892101	0.21832796350406	0.06
2.727362573	0.21832796350406	0.06
2.728042156	0.21832796350406	0.06
2.728457177	0.21832796350406	0.06
2.733911556	0.235592602509057	0.07
2.741703646	0.233630090754668	0.08
2.742221604	0.233630090754668	0.08
2.744776734	0.216468541464021	0.08
2.767264537	0.214640524041595	0.1
2.814579483	0.205944787979037	0.15
2.857457722	0.205944787979037	0.19
2.874914635	0.205944787979037	0.21
2.884109016	0.222508949653439	0.22
2.893176138	0.238396168582876	0.23
3.116410384	0.22290192982474	0.45
3.153761559	0.174616077982255	0.48
3.190582361	0.212069025979784	0.52
3.194633906	0.176288557766347	0.52
3.479484296	0.161349569008369	0.8
3.557717034	0.161349569008369	0.880000000000001
3.560201153	0.161349569008369	0.880000000000001
3.561529658	0.217832661854524	0.890000000000001
3.561648443	0.204948418428941	0.890000000000001
3.563861522	0.152193395633741	0.880000000000001
3.565454716	0.152193395633741	0.880000000000001
3.566965252	0.152193395633741	0.880000000000001
3.572123566	0.160657729858751	0.880000000000001
3.572497766	0.160657729858751	0.880000000000001
3.575584373	0.145033074443811	0.880000000000001
3.62901857	0.145033074443811	0.910000000000001
3.62939674	0.145033074443811	0.910000000000001
3.629519691	0.145033074443811	0.910000000000001
3.630972932	0.145033074443811	0.910000000000001
3.631169027	0.146378762622804	0.910000000000001
3.631970124	0.138659458788968	0.920000000000001
3.639968026	0.143711903217364	0.920000000000001
3.707141358	0.143711903217364	0.990000000000001
3.82876748	0.147822520550776	1.11
3.963711323	0.14275370824759	1.25
4.442577106	0.19541208957719	1.72
4.452121847	0.202190421611865	1.73
4.45272527	0.19541208957719	1.73
4.453328856	0.19541208957719	1.73
4.464002998	0.19541208957719	1.74
4.480518943	0.176830538558709	1.76
4.536342962	0.206153585592706	1.81
4.537444354	0.208194006151776	1.81
4.550359745	0.174021727351203	1.83
4.773228095	0.196523377060209	2.05
4.848628454	0.174021727351203	2.13
4.895921957	0.206153585592706	2.17
5.342582978	0.226096459319479	2.45999999999999
5.343129076	0.226096459319479	2.45999999999999
5.343307119	0.226096459319479	2.45999999999999
5.443653327	0.23474750331873	2.51999999999999
5.445157132	0.23474750331873	2.50999999999999
6.2338777	0.22290192982474	2.67999999999999
6.234722781	0.22290192982474	2.67999999999999
6.244676548	0.22290192982474	2.68999999999999
7	0.179731508939448	3.37999999999997
