thrs	post_p	finalwindow
0	0.0891130510762125	0.23
0.070216248	0.0891130510762125	0.16
0.089689176	0.0746829313156242	0.16
0.093809574	0.0764514777477782	0.15
0.098963073	0.0764514777477782	0.15
0.103967892	0.0746829313156242	0.15
0.106977596	0.0698363722698991	0.15
0.113424721	0.0690891143485145	0.15
0.115659216	0.0676415678691597	0.15
0.123778241	0.0676415678691597	0.14
0.127200542	0.0676415678691597	0.14
0.128068503	0.0676415678691597	0.14
0.130460633	0.0662534342053621	0.15
0.14705261	0.0569101910491645	0.15
0.148427326	0.0536030206075941	0.15
0.148447444	0.067878598519688	0.15
0.148782099	0.067878598519688	0.15
0.161204767	0.0730769713048167	0.14
0.172569069	0.0827035502895525	0.13
0.178140913	0.0536030206075941	0.12
0.178189211	0.0536030206075941	0.12
0.178358463	0.0536030206075941	0.12
0.181430774	0.0730769713048167	0.12
0.181486006	0.0730769713048167	0.12
0.181486035	0.0730769713048167	0.12
0.181824923	0.0730769713048167	0.12
0.186084933	0.0911252895481225	0.12
0.205298456	0.0961935739952081	0.1
0.206482242	0.0948743729500476	0.1
0.222049977	0.0606522831112459	0.08
0.22265244	0.073660540977795	0.08
0.222656148	0.073660540977795	0.08
0.222686318	0.073660540977795	0.08
0.222697977	0.0725025755194433	0.08
0.222716495	0.0725025755194433	0.08
0.223196808	0.0857595332166219	0.08
0.226694446	0.0838114695626865	0.08
0.226728961	0.0838114695626865	0.08
0.226867021	0.0838114695626865	0.08
0.226923294	0.0838114695626865	0.08
0.226929675	0.0838114695626865	0.08
0.226982815	0.0838114695626865	0.08
0.227081991	0.0844509155145823	0.08
0.227177477	0.0844509155145823	0.08
0.230426372	0.0458398084380306	0.07
0.237068117	0.0730769713048167	0.07
0.241897099	0.0725025755194433	0.07
0.242875367	0.0759518678098998	0.06
0.242941212	0.0759518678098998	0.06
0.243116147	0.0759518678098998	0.06
0.249436037	0.073922907668596	0.06
0.254481698	0.0766531669759452	0.05
0.256228734	0.0759518678098998	0.05
0.256259656	0.0759518678098998	0.05
0.259750174	0.0788369833427871	0.05
0.263775407	0.0788369833427871	0.05
0.272151172	0.0766531669759452	0.05
0.287097646	0.0700257192963383	0.06
0.295749179	0.0713804537063769	0.06
0.296839561	0.0668536686623257	0.06
0.296839653	0.0668536686623257	0.06
0.296919994	0.0668536686623257	0.06
0.29723727	0.067464878407766	0.06
0.297345093	0.067464878407766	0.06
0.29736316	0.067464878407766	0.06
0.297631463	0.067464878407766	0.06
0.298033592	0.067464878407766	0.06
0.298432807	0.067464878407766	0.06
0.299120783	0.067464878407766	0.06
0.29926506	0.067464878407766	0.06
0.299931082	0.067464878407766	0.06
0.301159527	0.0668536686623257	0.06
0.302406093	0.0680873672439596	0.06
0.30240618	0.0680873672439596	0.06
0.302443572	0.0680873672439596	0.06
0.302452098	0.0680873672439596	0.06
0.302453753	0.0680873672439596	0.06
0.302531356	0.0680873672439596	0.06
0.302694303	0.0680873672439596	0.06
0.302757814	0.0680873672439596	0.06
0.305094409	0.0700257192963383	0.06
0.306047128	0.0700257192963383	0.06
0.307314933	0.0687214502901647	0.06
0.319078068	0.0735137765123529	0.06
0.320217262	0.0742535060869249	0.06
0.320290117	0.0742535060869249	0.06
0.322435043	0.0827669770683478	0.06
0.322777267	0.0827669770683478	0.06
0.323097253	0.0827669770683478	0.06
0.323537089	0.0827669770683478	0.06
0.323808824	0.073922907668596	0.07
0.324596864	0.0745870747969952	0.07
0.327195424	0.0836004673881405	0.06
0.328591896	0.0827669770683478	0.06
0.330254195	0.0803633282054331	0.06
0.333944256	0.0819499423579343	0.06
0.340262381	0.0827669770683478	0.05
0.343625259	0.0827669770683478	0.05
0.343706753	0.0827669770683478	0.05
0.345554528	0.0811488806955671	0.05
0.350684009	0.0788369833427871	0.06
0.351815198	0.0759518678098998	0.06
0.356200611	0.0752632846651736	0.06
0.356206548	0.0752632846651736	0.06
0.356351443	0.0752632846651736	0.06
0.357086112	0.0827669770683478	0.06
0.360733393	0.0684381835686598	0.07
0.362945858	0.0684381835686598	0.07
0.363936107	0.0684381835686598	0.07
0.367161303	0.0780953488363848	0.07
0.367663989	0.0819499423579343	0.07
0.381649088	0.0971585467301087	0.07
0.386909127	0.101114460892246	0.06
0.387745392	0.101114460892246	0.06
0.389299853	0.100563272651079	0.06
0.389825341	0.105063161515778	0.06
0.395214438	0.105268708086264	0.06
0.398731854	0.106361159513494	0.05
0.403209246	0.109828726270355	0.05
0.411578949	0.121544117281938	0.04
0.412388288	0.121544117281938	0.04
0.415772448	0.0632258975535708	0.03
0.416416237	0.0832779152216737	0.03
0.418471182	0.113416307055612	0.03
0.419019267	0.11268706244271	0.03
0.423143546	0.11791859729043	0.03
0.428769674	0.119608601085282	0.02
0.438307149	0.1332494978034	0.01
0.438815006	0.1332494978034	0.01
0.441750067	0.139285799642866	0.01
0.444236336	0.132417807937245	0.01
0.444499874	0.127637823642599	0.01
0.444770984	0.126874509688145	0.01
0.445117302	0.131664494103598	0.01
0.445156208	0.131664494103598	0.01
0.445185067	0.130886048874392	0.01
0.445185068	0.130886048874392	0.01
0.44525283	0.130886048874392	0.01
0.445252832	0.130886048874392	0.01
0.445252833	0.130886048874392	0.01
0.445252835	0.130886048874392	0.01
0.445305777	0.130886048874392	0.01
0.445313187	0.130886048874392	0.01
0.445313188	0.130886048874392	0.01
0.44531319	0.130886048874392	0.01
0.445373562	0.130886048874392	0.01
0.445479567	0.130886048874392	0.01
0.445494353	0.130886048874392	0.01
0.445578303	0.12935645029454	0.01
0.445615211	0.12935645029454	0.01
0.445653547	0.12935645029454	0.01
0.445675664	0.128604979850468	0.01
0.445691925	0.1332494978034	0.01
0.445736134	0.1332494978034	0.01
0.445849774	0.1332494978034	0.01
0.445857123	0.1332494978034	0.01
0.445978177	0.1332494978034	0.01
0.446038729	0.1332494978034	0.01
0.446188208	0.132483960872605	0.01
0.446319857	0.132483960872605	0.01
0.446341735	0.132483960872605	0.01
0.446351359	0.132483960872605	0.01
0.446395102	0.132483960872605	0.01
0.446455777	0.132483960872605	0.01
0.446465528	0.132483960872605	0.01
0.44656991	0.132483960872605	0.01
0.446633323	0.132483960872605	0.01
0.446772341	0.132483960872605	0.01
0.446888185	0.131727169927565	0.01
0.447542535	0.131727169927565	0.01
0.447649603	0.130978975939937	0.01
0.447928306	0.130978975939937	0.01
0.448791313	0.142391569220467	0.01
0.449552291	0.142391569220467	0.01
0.452986292	0.133993980817276	0.01
0.453102774	0.133993980817276	0.01
0.453117722	0.133993980817276	0.01
0.453607731	0.131785077519781	0.01
0.453670383	0.131785077519781	0.01
0.45367678	0.131785077519781	0.01
0.453789353	0.131785077519781	0.01
0.453802119	0.131785077519781	0.01
0.453864805	0.131785077519781	0.01
0.453864814	0.131785077519781	0.01
0.453952078	0.131785077519781	0.01
0.453990257	0.131785077519781	0.01
0.454115767	0.131785077519781	0.01
0.454266222	0.1332494978034	0.01
0.454291524	0.1332494978034	0.01
0.454297847	0.1332494978034	0.01
0.454379121	0.1332494978034	0.01
0.454423548	0.1332494978034	0.01
0.454543029	0.134746829627101	0.01
0.455078808	0.134746829627101	0.01
0.455180191	0.137844767871787	0.01
0.455550168	0.128439170585815	0.02
0.455665947	0.128439170585815	0.02
0.455678249	0.128439170585815	0.02
0.456159276	0.128439170585815	0.02
0.456880284	0.128439170585815	0.02
0.45760535	0.127127931234473	0.02
0.458619789	0.129104986259816	0.02
0.459124851	0.129777740947229	0.02
0.460382332	0.127780187119139	0.02
0.462114195	0.123632691613557	0.02
0.46331093	0.123632691613557	0.02
0.464728436	0.124920648941495	0.02
0.472596627	0.115867666577454	0.03
0.473676694	0.115867666577454	0.03
0.474072423	0.115867666577454	0.03
0.47699163	0.110245445287145	0.04
0.478888149	0.111230197273671	0.04
0.479732593	0.111230197273671	0.04
0.479936634	0.111230197273671	0.04
0.483988273	0.107553642295016	0.04
0.484225862	0.107553642295016	0.04
0.484927676	0.110020665979068	0.04
0.485802156	0.134327539118117	0.04
0.485999254	0.12532865682723	0.04
0.48628356	0.119445564112749	0.04
0.486776039	0.0811488806955671	0.04
0.490830832	0.10693199934567	0.05
0.499369323	0.0662534342053621	0.05
0.50407637	0.098700856386983	0.06
0.508934563	0.0623357374243628	0.06
0.514553924	0.0951755822457119	0.07
0.514645345	0.0951755822457119	0.07
0.51473946	0.0951755822457119	0.07
0.514742139	0.0951755822457119	0.07
0.514839037	0.095554794135921	0.07
0.514971335	0.095554794135921	0.07
0.515124567	0.0967107800572178	0.07
0.516063638	0.0985487640639438	0.07
0.518492841	0.056167605585323	0.07
0.518564452	0.056167605585323	0.07
0.529143364	0.0216583083389693	0.07
0.534226929	0.0261633220374975	0.06
0.534380672	0.0256777695368518	0.06
0.534453117	0.0256777695368518	0.06
0.539174229	0.0249823173326883	0.06
0.543234343	0.0249823173326883	0.06
0.544416783	0.0254416895019726	0.06
0.546060858	0.0844509155145823	0.06
0.55802857	0.0892156588783741	0.05
0.559788571	0.0885023267249764	0.05
0.562444529	0.0885023267249764	0.05
0.568776608	0.0987686037674941	0.04
0.572491616	0.100563272651079	0.04
0.574371638	0.101485288772367	0.04
0.57444178	0.102424368382364	0.04
0.579525048	0.107393101955514	0.04
0.591193432	0.110612677127755	0.04
0.593573546	0.110612677127755	0.04
0.593673806	0.110612677127755	0.04
0.593673808	0.110612677127755	0.04
0.593754278	0.110612677127755	0.04
0.59375428	0.110612677127755	0.04
0.593834769	0.110612677127755	0.04
0.593915284	0.110612677127755	0.04
0.594036974	0.110612677127755	0.04
0.594152812	0.110612677127755	0.04
0.594237558	0.110612677127755	0.04
0.595015574	0.110612677127755	0.04
0.595887104	0.108445264906775	0.04
0.596894832	0.102424368382364	0.04
0.597117526	0.100563272651079	0.04
0.602148457	0.104355648529619	0.04
0.604813246	0.105348860230665	0.04
0.604905308	0.105348860230665	0.04
0.60490531	0.105348860230665	0.04
0.604905312	0.105348860230665	0.04
0.604988853	0.105348860230665	0.04
0.605716504	0.105348860230665	0.04
0.605724938	0.105348860230665	0.04
0.606051871	0.105348860230665	0.04
0.606824709	0.105348860230665	0.04
0.607971158	0.105348860230665	0.04
0.608756287	0.104355648529619	0.04
0.624510489	0.109020398947624	0.05
0.630942519	0.11207729434568	0.04
0.635412418	0.108038156159123	0.05
0.636066531	0.108038156159123	0.05
0.63624959	0.108038156159123	0.05
0.636422142	0.108038156159123	0.05
0.637031954	0.108038156159123	0.05
0.637881775	0.108038156159123	0.05
0.648110758	0.103380989588833	0.06
0.648827538	0.103380989588833	0.06
0.65703705	0.0901660131870922	0.07
0.659386285	0.0894930887759088	0.07
0.667472678	0.0881769296956076	0.08
0.667879261	0.0881769296956076	0.08
0.667879263	0.0881769296956076	0.08
0.667969788	0.0881769296956076	0.08
0.669490645	0.0881769296956076	0.08
0.680410924	0.0821370538393531	0.09
0.680702493	0.0821370538393531	0.09
0.680786967	0.0821370538393531	0.09
0.690723937	0.106361159513494	0.09
0.692614054	0.109518248567095	0.09
0.697379755	0.104355648529619	0.1
0.712354258	0.105348860230665	0.11
0.7123899	0.105348860230665	0.11
0.712401774	0.105348860230665	0.11
0.714295462	0.105348860230665	0.11
0.715653707	0.0970368676930965	0.12
0.719314887	0.100563272651079	0.12
0.725609694	0.0953648112145309	0.13
0.725869057	0.0953648112145309	0.13
0.726772429	0.0953648112145309	0.13
0.72717465	0.0978950778497238	0.13
0.744518666	0.0878003111171161	0.14
0.7500464	0.0261633220374975	0.14
0.75180067	0.0672190582795854	0.14
0.756122282	0.0785656739025705	0.14
0.762884543	0.0756178821905156	0.13
0.763284143	0.0790792343106373	0.13
0.763387603	0.0811984879572329	0.13
0.772093843	0.0694457921076079	0.12
0.778829055	0.0811722177365945	0.12
0.779184816	0.0805467926867959	0.12
0.786383987	0.081874171603942	0.11
0.794958533	0.0861768337926415	0.1
0.799403767	0.0821711659463024	0.1
0.817085993	0.0874534631957297	0.08
0.828284953	0.0902071218799742	0.07
0.849686346	0.0852058523544134	0.05
0.856064956	0.0882201776489661	0.04
0.861362559	0.0733675957237755	0.03
0.861783488	0.0764926459704759	0.03
0.866065884	0.0890720740106924	0.03
0.870144812	0.0852058523544134	0.03
0.874413626	0.0939084755880933	0.02
0.875213305	0.092034505137343	0.02
0.875954975	0.0896492044977576	0.02
0.880342154	0.085974408238819	0.02
0.883671839	0.0966570182083389	0.01
0.884296127	0.097207303832031	0.01
0.885048106	0.0955294193560809	0.01
0.885800269	0.0939084755880933	0.01
0.886381245	0.0932753965896957	0.01
0.888469193	0.0926608039915656	0.01
0.888863234	0.0920641368493506	0.01
0.889014569	0.0911834061623398	0.01
0.889576687	0.090034981111671	0.01
0.889752182	0.090034981111671	0.01
0.890068113	0.0894715487273963	0.01
0.890083013	0.0894715487273963	0.01
0.890218543	0.0891924687259728	0.01
0.890228158	0.0891924687259728	0.01
0.890354074	0.0894715487273963	0.01
0.890354075	0.0894715487273963	0.01
0.890459913	0.0894715487273963	0.01
0.890474761	0.0894715487273963	0.01
0.890489605	0.0894715487273963	0.01
0.890489606	0.0894715487273963	0.01
0.890506418	0.0894715487273963	0.01
0.890580647	0.0894715487273963	0.01
0.890595481	0.0894715487273963	0.01
0.89061031	0.0894715487273963	0.01
0.890610311	0.0894715487273963	0.01
0.89068659	0.0894715487273963	0.01
0.890701414	0.0894715487273963	0.01
0.890716233	0.0894715487273963	0.01
0.890731048	0.0894715487273963	0.01
0.890731049	0.0894715487273963	0.01
0.890822213	0.0894715487273963	0.01
0.890837018	0.0894715487273963	0.01
0.890851819	0.0894715487273963	0.01
0.890928251	0.0894715487273963	0.01
0.890972623	0.0894715487273963	0.01
0.891093459	0.0889151243256988	0.01
0.89119957	0.0889151243256988	0.01
0.891244043	0.0889151243256988	0.01
0.891382479	0.0889151243256988	0.01
0.891441435	0.0889151243256988	0.01
0.891456164	0.0889151243256988	0.01
0.89149835	0.0889151243256988	0.01
0.891521465	0.0886394993861831	0.01
0.891562417	0.0886394993861831	0.01
0.891686849	0.0883655779665484	0.01
0.891698132	0.0883655779665484	0.01
0.891793338	0.0883655779665484	0.01
0.891881522	0.0883655779665484	0.01
0.892012117	0.0880933443223575	0.01
0.892017347	0.0880933443223575	0.01
0.89206133	0.0880933443223575	0.01
0.89216782	0.0878227829025973	0.01
0.892182462	0.0878227829025973	0.01
0.892245091	0.0878227829025973	0.01
0.89229733	0.0878227829025973	0.01
0.89273031	0.0878227829025973	0.01
0.892951888	0.0898493242579777	0.01
0.892952212	0.0898493242579777	0.01
0.893016766	0.0898493242579777	0.01
0.89308003	0.0898493242579777	0.01
0.893172464	0.0893056347342257	0.01
0.893313967	0.0893056347342257	0.01
0.893352088	0.0893056347342257	0.01
0.894085351	0.0893056347342257	0.01
0.894189143	0.0893056347342257	0.01
0.89420355	0.0893056347342257	0.01
0.894232534	0.0890362499795388	0.01
0.894482721	0.0893056347342257	0.01
0.894906463	0.0887684855012743	0.01
0.894913415	0.0887684855012743	0.01
0.894970751	0.0887684855012743	0.01
0.895300675	0.0890362499795388	0.01
0.89539422	0.0885023267249764	0.01
0.895638516	0.092687305722276	0.01
0.895840307	0.0932384223620382	0.01
0.89592425	0.0932384223620382	0.01
0.896329745	0.0918727392475783	0.01
0.89685771	0.0916043894306539	0.01
0.896928207	0.0913376026867293	0.01
0.89693811	0.0913376026867293	0.01
0.897131294	0.0905464855079796	0.01
0.897282137	0.0880056275008148	0.01
0.897316929	0.0877593627470934	0.01
0.89799116	0.0802274175404923	0.01
0.898485328	0.0778573128046445	0.01
0.898920463	0.0765647971472364	0.01
0.899310528	0.0760910991724079	0.01
0.899325427	0.0760910991724079	0.01
0.899413875	0.0772095863086058	0.01
0.899974537	0.0764294057450476	0.01
0.900113547	0.0767395782522217	0.01
0.901007608	0.0674061868702598	0.01
0.90151373	0.0633783267580981	0.01
0.901568195	0.0640734532249311	0.01
0.901947653	0.0779359665602871	0.01
0.902162268	0.0785128098922869	0.01
0.902860993	0.0657562707077682	0.01
0.902919093	0.0657562707077682	0.01
0.903166806	0.0637111246397517	0.01
0.903685884	0.0570358684938402	0.01
0.904039961	0.0568162958337734	0.01
0.904220945	0.0540819255996619	0.01
0.904513058	0.0551599586970739	0.01
0.905345526	0.0560538304863037	0.01
0.905424433	0.0562818434930782	0.01
0.905541598	0.0562818434930782	0.01
0.906154318	0.0569771500143003	0.01
0.906197141	0.0569771500143003	0.01
0.906210372	0.0569771500143003	0.01
0.906786831	0.0569771500143003	0.01
0.906922556	0.0574503112038552	0.01
0.906983581	0.0579313968432039	0.01
0.907060652	0.0579313968432039	0.01
0.907198748	0.0589181513416033	0.01
0.907311244	0.0552071213542353	0.01
0.907324045	0.0554441495790537	0.01
0.907336843	0.0554441495790537	0.01
0.907336844	0.0554441495790537	0.01
0.907449378	0.0554441495790537	0.01
0.90746216	0.0554441495790537	0.01
0.907536422	0.0554441495790537	0.01
0.907574745	0.0554441495790537	0.01
0.907587512	0.0554441495790537	0.01
0.907700146	0.0554441495790537	0.01
0.907712898	0.0554441495790537	0.01
0.907951053	0.0554441495790537	0.01
0.907963774	0.0549721111319656	0.01
0.908089263	0.0554441495790537	0.01
0.908089264	0.0554441495790537	0.01
0.908151307	0.0554441495790537	0.01
0.90817671	0.0554441495790537	0.01
0.908214789	0.0554441495790537	0.01
0.908289632	0.0552071213542353	0.01
0.908453284	0.0552071213542353	0.01
0.908566283	0.0549721111319656	0.01
0.908577365	0.0549721111319656	0.01
0.908578929	0.0549721111319656	0.01
0.908691978	0.0549721111319656	0.01
0.908855181	0.0540517434738622	0.01
0.909094444	0.054739093250286	0.01
0.909195105	0.054508042480509	0.01
0.909207673	0.054508042480509	0.01
0.909308419	0.054508042480509	0.01
0.909346075	0.0549721111319656	0.01
0.90938549	0.0549721111319656	0.01
0.909409249	0.0549721111319656	0.01
0.909434338	0.0554441495790537	0.01
0.909446878	0.0554441495790537	0.01
0.909620416	0.0554441495790537	0.01
0.909838426	0.0549721111319656	0.01
0.909896599	0.0549721111319656	0.01
0.909925885	0.0549721111319656	0.01
0.910014581	0.054508042480509	0.01
0.910204731	0.054739093250286	0.01
0.910267	0.054739093250286	0.01
0.910628128	0.054739093250286	0.01
0.911049792	0.0552071213542353	0.01
0.91113001	0.0552071213542353	0.01
0.911351929	0.0552071213542353	0.01
0.911383512	0.0549721111319656	0.01
0.911518912	0.0552071213542353	0.01
0.911632099	0.0554441495790537	0.01
0.912015459	0.0556832219109915	0.01
0.912630246	0.0549721111319656	0.01
0.912707801	0.0549721111319656	0.01
0.912776305	0.0542789340181123	0.01
0.912811242	0.0542789340181123	0.01
0.912967277	0.0510286768395483	0.01
0.913244462	0.0514667075983675	0.01
0.913751419	0.0514667075983675	0.01
0.914870556	0.0584206076901572	0.01
0.914968567	0.0584206076901572	0.01
0.915559183	0.051688555179471	0.01
0.916688985	0.0525954065610497	0.01
0.917957453	0.0752632846651736	0.01
0.918238351	0.0541083626235161	0.02
0.918456927	0.0535197132146266	0.02
0.918483627	0.0535197132146266	0.02
0.918837351	0.0539107126535008	0.02
0.919120121	0.054508042480509	0.02
0.919655338	0.0553253815952751	0.02
0.919822583	0.0553253815952751	0.02
0.920002472	0.0557433124877591	0.02
0.921364075	0.055954654715409	0.02
0.922071236	0.0565984072810011	0.02
0.922455062	0.0568162958337734	0.02
0.922504312	0.0568162958337734	0.02
0.922763582	0.0568162958337734	0.02
0.923268187	0.0540819255996619	0.02
0.924160807	0.0542941479794467	0.02
0.924412009	0.054508042480509	0.02
0.924507726	0.054508042480509	0.02
0.924627878	0.054940927523107	0.02
0.925553967	0.0489457996960201	0.02
0.926193857	0.0491464043927048	0.02
0.93220206	0.0520108326684211	0.03
0.934071327	0.0499794245209344	0.03
0.934700606	0.0503431279995162	0.03
0.93534835	0.050712163667878	0.03
0.938446291	0.0387899388263654	0.03
0.941112169	0.0391031584037097	0.03
0.942896738	0.0145438707718525	0.03
0.944027825	0.0145438707718525	0.03
0.955603107	0.0223582774586996	0.04
0.955985355	0.0223582774586996	0.04
0.956018846	0.0223582774586996	0.04
0.956296714	0.0223582774586996	0.04
0.956549025	0.0223582774586996	0.04
0.956780018	0.0225403967338204	0.04
0.95679317	0.0225403967338204	0.04
0.957077957	0.0225403967338204	0.04
0.957486775	0.0225403967338204	0.04
0.959031973	0.0245392396916045	0.04
0.959642592	0.0247587963673207	0.04
0.959857154	0.0252099109339762	0.04
0.960039043	0.0261633220374975	0.04
0.964458654	0.0214901109668311	0.05
0.966290332	0.0223582774586996	0.05
0.966653906	0.0223582774586996	0.05
0.966980911	0.0225403967338204	0.05
0.966980912	0.0225403967338204	0.05
0.966986309	0.0225403967338204	0.05
0.967139043	0.0225403967338204	0.05
0.967297223	0.0225403967338204	0.05
0.967302571	0.0225403967338204	0.05
0.967302572	0.0225403967338204	0.05
0.967460779	0.0225403967338204	0.05
0.96746078	0.0225403967338204	0.05
0.967608447	0.0225403967338204	0.05
0.967619041	0.0225403967338204	0.05
0.967772081	0.0225403967338204	0.05
0.967925221	0.0225403967338204	0.05
0.967935716	0.0225403967338204	0.05
0.968083686	0.0229136833985557	0.05
0.968088909	0.0229136833985557	0.05
0.968237002	0.0229136833985557	0.05
0.968861479	0.0245392396916045	0.05
0.969666194	0.0249823173326883	0.05
0.970442597	0.0259182719034299	0.05
0.973457204	0.0274615280189412	0.05
0.973766743	0.0274615280189412	0.05
0.97801719	0.0260402204753561	0.06
0.9860103	0.0184768192424028	0.05
1.019804062	0.0398923556682935	0.07
1.021711423	0.0395502610023148	0.07
1.022530753	0.0395502610023148	0.07
1.027042278	0.0445125550610322	0.07
1.029271857	0.0395502610023148	0.08
1.029659545	0.0395502610023148	0.08
1.030020301	0.0395502610023148	0.08
1.030392053	0.0395502610023148	0.08
1.030958443	0.0395502610023148	0.08
1.031531241	0.0395502610023148	0.08
1.033463082	0.0373105775952398	0.08
1.034376329	0.0373105775952398	0.08
1.034854243	0.0373105775952398	0.08
1.035677928	0.0379241776742379	0.08
1.036124234	0.038883376558266	0.08
1.041709188	0.0445125550610322	0.08
1.043349328	0.0445125550610322	0.08
1.044012776	0.0445125550610322	0.08
1.054783865	0.0432599979427774	0.09
1.067766296	0.0409550934603364	0.11
1.06860264	0.0409550934603364	0.11
1.068892568	0.0409550934603364	0.11
1.070326964	0.0424634011871086	0.11
1.076612069	0.0432599979427774	0.11
1.088407982	0.0402404199457806	0.13
1.088762574	0.0402404199457806	0.13
1.091073782	0.0414458144135551	0.13
1.112743253	0.0382915215914205	0.15
1.113082372	0.0382915215914205	0.15
1.113233383	0.0382915215914205	0.15
1.116382888	0.0388288165859132	0.15
1.134317617	0.055050225243292	0.15
1.136767134	0.0462999918662432	0.15
1.162829766	0.0462999918662432	0.14
1.187305519	0.0413220350085102	0.15
1.187446683	0.0413220350085102	0.15
1.18762744	0.0395502610023148	0.15
1.203309389	0.0398923556682935	0.14
1.208724051	0.0182935989219803	0.13
1.208769953	0.0182935989219803	0.13
1.209751115	0.0182935989219803	0.13
1.209768181	0.0182935989219803	0.13
1.210085375	0.0181139766309942	0.13
1.21086869	0.0181139766309942	0.13
1.212614931	0.0181139766309942	0.13
1.22465873	0.0179378474143396	0.13
1.226416878	0.0179378474143396	0.13
1.243346642	0.050526972007902	0.12
1.246668032	0.0500698568292977	0.12
1.248955951	0.0496209384939848	0.12
1.252855937	0.0524420613455923	0.11
1.270060331	0.0519498068268884	0.1
1.275739262	0.0524420613455923	0.09
1.278899002	0.0500698568292977	0.1
1.293113698	0.0453886826656658	0.09
1.297280078	0.0803633282054331	0.09
1.302603198	0.0780953488363848	0.1
1.303502827	0.0803633282054331	0.1
1.325958837	0.0766531669759452	0.12
1.33510162	0.0902338626374963	0.12
1.335485912	0.0902338626374963	0.12
1.335508208	0.0902338626374963	0.12
1.335711503	0.0902338626374963	0.12
1.335892556	0.0902338626374963	0.12
1.336051433	0.0902338626374963	0.12
1.33625481	0.0902338626374963	0.12
1.336413828	0.0902338626374963	0.12
1.336595099	0.0893597074133108	0.12
1.336665633	0.0893597074133108	0.12
1.337524247	0.0893597074133108	0.12
1.337529375	0.0893597074133108	0.12
1.337887386	0.0893597074133108	0.12
1.340005107	0.0893597074133108	0.12
1.343443085	0.0893597074133108	0.12
1.346883901	0.092034505137343	0.11
1.350085516	0.092034505137343	0.11
1.360533959	0.092034505137343	0.12
1.360774481	0.092034505137343	0.12
1.360981621	0.092034505137343	0.12
1.36116959	0.092034505137343	0.12
1.361338457	0.092034505137343	0.12
1.362110213	0.092034505137343	0.12
1.362279458	0.092034505137343	0.12
1.365659238	0.108445264906775	0.12
1.368578346	0.106361159513494	0.12
1.370127164	0.107393101955514	0.12
1.373967278	0.109518248567095	0.12
1.377274175	0.108445264906775	0.12
1.379222918	0.109518248567095	0.11
1.384187356	0.110612677127755	0.11
1.38563755	0.110612677127755	0.11
1.385801753	0.106361159513494	0.12
1.430594094	0.110612677127755	0.1
1.436494579	0.110612677127755	0.11
1.440102642	0.110612677127755	0.11
1.450462129	0.103380989588833	0.12
1.450674974	0.103380989588833	0.12
1.450928234	0.103380989588833	0.12
1.454856842	0.103380989588833	0.12
1.45657643	0.103380989588833	0.13
1.484067531	0.0996578591291626	0.15
1.484117024	0.0996578591291626	0.15
1.485393153	0.100563272651079	0.15
1.488337206	0.0996578591291626	0.16
1.494140559	0.0978950778497238	0.16
1.502972103	0.0978950778497238	0.17
1.506038743	0.0978950778497238	0.18
1.511734415	0.0978950778497238	0.18
1.511964569	0.0978950778497238	0.18
1.512194724	0.0978950778497238	0.18
1.512403577	0.0978950778497238	0.18
1.512821455	0.0978950778497238	0.18
1.515375804	0.0987686037674941	0.18
1.517647523	0.0978950778497238	0.19
1.558531046	0.16627718978846	0.23
1.561070241	0.194714808430073	0.22
1.56916589	0.19137703422663	0.22
1.595407686	0.188625592417062	0.19
1.595579044	0.187389470299569	0.19
1.611568792	0.178743695928777	0.17
1.652341299	0.216008637721041	0.13
1.718627381	0.233041678171019	0.07
1.730827961	0.215538377351607	0.06
1.745720251	0.244052138068168	0.04
1.75282717	0.210273956631817	0.04
1.777374698	0.258720583461053	0.01
1.778615293	0.253639032275733	0.01
1.77861633	0.253639032275733	0.01
1.780115455	0.233041678171019	0.01
1.780627841	0.233041678171019	0.01
1.780657571	0.233041678171019	0.01
1.780657572	0.233041678171019	0.01
1.780928629	0.228910737117183	0.01
1.78092863	0.228910737117183	0.01
1.781081012	0.228910737117183	0.01
1.781140367	0.228910737117183	0.01
1.781170031	0.228910737117183	0.01
1.781170032	0.228910737117183	0.01
1.781381862	0.228910737117183	0.01
1.781411498	0.228910737117183	0.01
1.781411499	0.228910737117183	0.01
1.781623424	0.228910737117183	0.01
1.781653031	0.228910737117183	0.01
1.7818108	0.228910737117183	0.01
1.781894629	0.228910737117183	0.01
1.782136292	0.224923696940658	0.01
1.782136293	0.224923696940658	0.01
1.782378022	0.222981810231403	0.01
1.782531315	0.222981810231403	0.01
1.782590324	0.222981810231403	0.01
1.782619816	0.222981810231403	0.01
1.783103602	0.222981810231403	0.01
1.783345594	0.222981810231403	0.01
1.784314217	0.222981810231403	0.01
1.784506241	0.222981810231403	0.01
1.784933025	0.222981810231403	0.01
1.785009515	0.222981810231403	0.01
1.785497332	0.233181945491485	0.01
1.786357195	0.233181945491485	0.01
1.787927091	0.219196921451206	0.01
1.788780487	0.224923696940658	0.01
1.78918715	0.224923696940658	0.01
1.789358594	0.224923696940658	0.01
1.789747139	0.224923696940658	0.01
1.790033715	0.224923696940658	0.01
1.790095821	0.224923696940658	0.01
1.790737455	0.22628801352888	0.01
1.79204453	0.238971359950794	0.02
1.792147241	0.238971359950794	0.02
1.795060195	0.191977799154319	0.02
1.795172249	0.178840770687768	0.02
1.796696941	0.171975928023783	0.02
1.808733518	0.064921129120445	0.02
1.809599251	0.153462343161816	0.03
1.812688451	0.0944261168405275	0.03
1.813215031	0.0951755822457119	0.03
1.813716026	0.0967107800572178	0.03
1.813793197	0.0967107800572178	0.03
1.814069382	0.0951755822457119	0.03
1.814069384	0.0951755822457119	0.03
1.814345569	0.0817299067403564	0.03
1.814596154	0.0607950523452926	0.03
1.814621756	0.0607950523452926	0.03
1.814621757	0.0607950523452926	0.03
1.814846808	0.0607950523452926	0.03
1.814872379	0.0607950523452926	0.03
1.815123071	0.0618135718632965	0.03
1.815169565	0.0618135718632965	0.03
1.815288509	0.0618135718632965	0.03
1.815373832	0.0618135718632965	0.03
1.815624663	0.0623357374243628	0.03
1.815875562	0.0623357374243628	0.03
1.816377569	0.0628668000523954	0.03
1.81637757	0.0628668000523954	0.03
1.816879855	0.0628668000523954	0.03
1.817382419	0.0628668000523954	0.03
1.817399416	0.0628668000523954	0.03
1.817633804	0.0628668000523954	0.03
1.818036082	0.063956541847285	0.03
1.818363245	0.063956541847285	0.03
1.819581019	0.0668536686623257	0.03
1.820606159	0.0693674545145383	0.03
1.82134289	0.0706965970204433	0.03
1.822065256	0.0720776696741973	0.03
1.823267442	0.0727886402497955	0.03
1.824280416	0.0727886402497955	0.03
1.824759677	0.0727886402497955	0.03
1.824985083	0.0727886402497955	0.03
1.828939845	0.063956541847285	0.04
1.829051906	0.063956541847285	0.04
1.829613575	0.0656638820480628	0.04
1.830016016	0.0662534342053621	0.04
1.835137623	0.0556033023807703	0.03
1.837659261	0.0556033023807703	0.03
1.839735229	0.0524420613455923	0.04
1.842215909	0.0524420613455923	0.04
1.844053766	0.0524420613455923	0.04
1.860668056	0.0362832396247308	0.05
1.872927722	0.0342616945660283	0.06
1.876458705	0.0455380680785777	0.07
1.877534086	0.0444410687256668	0.07
1.917919203	0.0430580598629643	0.11
1.919145255	0.0437386343939545	0.11
1.932723098	0.0288952924885461	0.12
1.933588634	0.0293550805025035	0.12
1.934242286	0.0308266406052233	0.12
1.937910579	0.0382915215914205	0.13
1.938319698	0.0382915215914205	0.13
1.939501786	0.0388288165859132	0.13
1.947078383	0.0490709852287854	0.14
1.959079535	0.0497324117080545	0.15
1.961031557	0.0377688933191168	0.15
2.039242563	0.0618135718632965	0.23
2.045755957	0.0600878492709913	0.23
2.04617014	0.0606522831112459	0.23
2.057190684	0.0624110535305214	0.24
2.057670659	0.0642748702697167	0.24
2.058434493	0.0599863516997213	0.25
2.058810915	0.060704121545773	0.25
2.060706206	0.0502213067757603	0.25
2.067556414	0.0636413509992909	0.25
2.077371996	0.0624110535305214	0.26
2.07768814	0.0642748702697167	0.26
2.077935092	0.0642748702697167	0.26
2.079378601	0.060704121545773	0.27
2.114638141	0.0466343920169642	0.3
2.116340052	0.0579313968432039	0.3
2.122322709	0.0490347547928377	0.31
2.175983465	0.0569101910491645	0.36
2.201956234	0.0487468259895444	0.39
2.21647999	0.0579313968432039	0.4
2.22342495	0.0499193175769395	0.41
2.22607531	0.054508042480509	0.41
2.230993963	0.0519498068268884	0.41
2.244892022	0.0706965970204433	0.42
2.268175967	0.167730838709541	0.41
2.283420782	0.172181183083291	0.39
2.287430653	0.177671725995548	0.39
2.36737444	0.221604285743774	0.31
2.396315913	0.223754527288052	0.29
2.416816988	0.230463125711576	0.27
2.57811595	0.210405727355502	0.15
2.634889835	0.218058055890393	0.09
2.63880046	0.210405727355502	0.09
2.644514931	0.218058055890393	0.08
2.65353762	0.220058908104602	0.07
2.669724846	0.212268011871495	0.06
2.670697515	0.212268011871495	0.06
2.67074212	0.212268011871495	0.06
2.671148642	0.212268011871495	0.06
2.671193179	0.212268011871495	0.06
2.671237545	0.212268011871495	0.06
2.671237705	0.212268011871495	0.06
2.671599486	0.212268011871495	0.06
2.671599646	0.212268011871495	0.06
2.672323822	0.224172828112396	0.05
2.672686057	0.220058908104602	0.05
2.67300408	0.220058908104602	0.05
2.673366554	0.220058908104602	0.05
2.673410821	0.220058908104602	0.05
2.674201502	0.220058908104602	0.05
2.674498542	0.220058908104602	0.05
2.674640938	0.220058908104602	0.05
2.674817434	0.220058908104602	0.05
2.67498819	0.220058908104602	0.05
2.675753192	0.220058908104602	0.05
2.67595059	0.218058055890393	0.05
2.677404052	0.21416355663841	0.05
2.678640892	0.212268011871495	0.05
2.679543675	0.212268011871495	0.05
2.679587204	0.212268011871495	0.05
2.68050645	0.212268011871495	0.05
2.681604422	0.212268011871495	0.05
2.684222358	0.232880040808769	0.04
2.690797174	0.210559668752258	0.04
2.690995907	0.210559668752258	0.04
2.692790444	0.225578530549301	0.03
2.703341222	0.217425445377064	0.04
2.714352711	0.215394574137023	0.05
2.716197088	0.215394574137023	0.05
2.720992773	0.194576512239487	0.05
2.721339166	0.209523388860413	0.06
2.721714851	0.209523388860413	0.06
2.721753239	0.209523388860413	0.06
2.72212898	0.209523388860413	0.06
2.722504826	0.209523388860413	0.06
2.725892101	0.20763681363296	0.06
2.727362573	0.20763681363296	0.06
2.728042156	0.20763681363296	0.06
2.733911556	0.205783909156119	0.07
2.734951629	0.205783909156119	0.07
2.741703646	0.205783909156119	0.08
2.744776734	0.205783909156119	0.08
2.767264537	0.20396378199199	0.1
2.784781798	0.188924692241931	0.12
2.795646082	0.188924692241931	0.13
2.857457722	0.185878997989405	0.19
2.870516676	0.188924692241931	0.2
2.874914635	0.185878997989405	0.21
2.884109016	0.185878997989405	0.22
2.885327778	0.185878997989405	0.22
2.893176138	0.184392681606112	0.23
2.901070252	0.170110293351125	0.23
3.017087015	0.182929946283152	0.35
3.116832706	0.183252989497764	0.45
3.153761559	0.1332494978034	0.48
3.557717034	0.139990429764576	0.880000000000001
3.561529658	0.185816589908396	0.890000000000001
3.561648443	0.17301089868356	0.890000000000001
3.562131134	0.197807851805514	0.890000000000001
3.563861522	0.182748734489092	0.890000000000001
3.565454716	0.176012138272231	0.890000000000001
3.567214517	0.182338221700014	0.890000000000001
3.568359469	0.175504721569602	0.890000000000001
3.571812505	0.183658401525872	0.890000000000001
3.572123566	0.183658401525872	0.890000000000001
3.572497766	0.183658401525872	0.890000000000001
3.575584373	0.183658401525872	0.890000000000001
3.62901857	0.155748709888837	0.910000000000001
3.62939674	0.155748709888837	0.910000000000001
3.629519691	0.155748709888837	0.910000000000001
3.707141358	0.15421697017091	0.990000000000001
3.778072999	0.152715065395206	1.06
3.963711323	0.161489236030209	1.25
4.078052931	0.182338221700014	1.36
4.442577106	0.174498614689156	1.73
4.445571488	0.177552146838745	1.73
4.452121847	0.174498614689156	1.74
4.453932605	0.174498614689156	1.74
4.459832487	0.179119341711622	1.74
4.464002998	0.174498614689156	1.75
4.475601202	0.188989205911269	1.76
4.478685952	0.190616490451134	1.76
4.480518943	0.190616490451134	1.76
4.492707945	0.184269894127183	1.78
4.536342962	0.187389470299569	1.82
4.536969429	0.187389470299569	1.82
4.537596069	0.187389470299569	1.82
4.550359745	0.185816589908396	1.83
4.773228095	0.225578530549301	2.05
4.848628454	0.185816589908396	2.13
4.895921957	0.227900783970503	2.17
5.341769851	0.254945310734566	2.47999999999999
5.342582978	0.254945310734566	2.47999999999999
5.343129076	0.254945310734566	2.47999999999999
5.443653327	0.267818838576843	2.55999999999999
6.232084175	0.315632696746573	2.66999999999999
6.2338777	0.302147072162127	2.67999999999999
6.244676548	0.302147072162127	2.68999999999999
6.35095118	0.306512389890777	2.78999999999998
6.358499262	0.306512389890777	2.79999999999998
7	0.322116400641896	3.29999999999997
