thrs	post_p	finalwindow
0	0.0985094160792719	0.23
0.070216248	0.0862347136070798	0.18
0.093809574	0.0806516331053689	0.17
0.098963073	0.0806516331053689	0.18
0.106977596	0.0690314697681336	0.19
0.115659216	0.10685357370387	0.19
0.123778241	0.111019832818571	0.18
0.127200542	0.0668101087417086	0.17
0.127695348	0.0800755973491012	0.17
0.128068503	0.0792828341550732	0.17
0.129609166	0.110621693177701	0.17
0.129730945	0.110621693177701	0.17
0.130460633	0.106546006847851	0.17
0.14705261	0.104500607055038	0.16
0.148427326	0.0792828341550732	0.15
0.151339737	0.104618748323152	0.15
0.155752372	0.10685357370387	0.15
0.161204767	0.104618748323152	0.14
0.172569069	0.100903186406457	0.13
0.178113806	0.0792828341550732	0.12
0.178140913	0.0792828341550732	0.12
0.178189211	0.0792828341550732	0.12
0.181486006	0.104618748323152	0.12
0.181486035	0.104618748323152	0.12
0.181824923	0.104618748323152	0.12
0.186084933	0.105273330031567	0.12
0.191788381	0.10557358273378	0.11
0.194681585	0.108481982015716	0.11
0.205298456	0.111019832818571	0.1
0.206482242	0.108481982015716	0.1
0.222049977	0.110904520632264	0.09
0.22265244	0.107536511233117	0.08
0.222656148	0.107536511233117	0.08
0.222697977	0.106546006847851	0.08
0.222812147	0.113809091662331	0.08
0.222924291	0.120955042246069	0.08
0.226694446	0.110904520632264	0.08
0.226867021	0.110904520632264	0.08
0.226923294	0.110904520632264	0.08
0.226929675	0.110904520632264	0.08
0.226957829	0.110904520632264	0.08
0.227177477	0.111833781469131	0.08
0.230426372	0.112778746305326	0.08
0.241897099	0.101855136811397	0.07
0.24235868	0.101855136811397	0.07
0.242615688	0.102759973501018	0.07
0.242941212	0.102759973501018	0.07
0.243116147	0.102759973501018	0.07
0.249436037	0.0890710323961964	0.06
0.254481698	0.0899716675415504	0.06
0.256228734	0.0832383965044434	0.07
0.256259656	0.0832383965044434	0.07
0.256650521	0.0832383965044434	0.07
0.295749179	0.0706764075495965	0.07
0.296044019	0.0706764075495965	0.07
0.296839561	0.0769960100218887	0.06
0.296874128	0.0769960100218887	0.06
0.296879772	0.0769960100218887	0.06
0.296960227	0.0769960100218887	0.06
0.297161557	0.0769960100218887	0.06
0.29723727	0.0769960100218887	0.06
0.297242165	0.0769960100218887	0.06
0.29736316	0.0769960100218887	0.06
0.297631463	0.0769960100218887	0.06
0.298033592	0.0762627720748896	0.06
0.298432807	0.0762627720748896	0.06
0.299120783	0.0762627720748896	0.06
0.299931082	0.0762627720748896	0.06
0.300128238	0.0762627720748896	0.06
0.301159527	0.0741445229182002	0.06
0.302397905	0.0755433677336687	0.06
0.302452098	0.0755433677336687	0.06
0.302493847	0.0755433677336687	0.06
0.302531356	0.0755433677336687	0.06
0.302694303	0.0762627720748896	0.06
0.302757814	0.0762627720748896	0.06
0.302844832	0.0762627720748896	0.06
0.303037639	0.0755433677336687	0.06
0.303998368	0.0755433677336687	0.06
0.304168238	0.0755433677336687	0.06
0.305094409	0.0755433677336687	0.06
0.306047128	0.0755433677336687	0.06
0.306464617	0.0755433677336687	0.06
0.320217262	0.0785056140851443	0.05
0.320290117	0.0785056140851443	0.05
0.322777267	0.0785056140851443	0.05
0.323097253	0.0785056140851443	0.05
0.323808824	0.0808843746318951	0.04
0.327195424	0.0800755973491012	0.04
0.330254195	0.0785056140851443	0.04
0.333944256	0.0769960100218887	0.04
0.334029253	0.0769960100218887	0.04
0.338071632	0.0741445229182002	0.05
0.340262381	0.0741445229182002	0.05
0.343625259	0.0741445229182002	0.05
0.343706753	0.0741445229182002	0.05
0.345554528	0.0734643492172697	0.05
0.350684009	0.0727965413870834	0.06
0.351815198	0.0727965413870834	0.06
0.356200611	0.0721407652396599	0.06
0.356206548	0.0721407652396599	0.06
0.356351443	0.0721407652396599	0.06
0.356490553	0.0721407652396599	0.06
0.357959666	0.0690314697681336	0.07
0.360733393	0.0690314697681336	0.07
0.362945858	0.0690314697681336	0.07
0.363236679	0.0690314697681336	0.07
0.363936107	0.0690314697681336	0.07
0.367663989	0.0884168494152777	0.08
0.37384574	0.0929940688783317	0.08
0.382008897	0.0789895798723661	0.07
0.386909127	0.0771549706150233	0.06
0.387745392	0.0757475231276427	0.06
0.395214438	0.0755058801334192	0.06
0.403209246	0.0905438723273028	0.05
0.412388288	0.10373914523876	0.04
0.415094538	0.0890241297596355	0.04
0.415772448	0.0532078440408879	0.03
0.418471182	0.099294619274977	0.03
0.419019267	0.0977365339297742	0.03
0.438307149	0.106057565839073	0.01
0.438815006	0.104281908259858	0.01
0.440249622	0.115524161247487	0.01
0.440316292	0.115524161247487	0.01
0.444770984	0.0950289195406687	0.01
0.445049535	0.0950289195406687	0.01
0.445117302	0.0950289195406687	0.01
0.445185067	0.0950289195406687	0.01
0.445185068	0.0950289195406687	0.01
0.445252832	0.0950289195406687	0.01
0.445252833	0.0950289195406687	0.01
0.445252835	0.0950289195406687	0.01
0.445305777	0.0950289195406687	0.01
0.445313187	0.0950289195406687	0.01
0.445313188	0.0950289195406687	0.01
0.44531319	0.0950289195406687	0.01
0.445373562	0.0950289195406687	0.01
0.445419149	0.0950289195406687	0.01
0.445433949	0.0950289195406687	0.01
0.445479567	0.0939724923612204	0.01
0.445494353	0.0939724923612204	0.01
0.445540001	0.0939724923612204	0.01
0.445554774	0.0934530382304889	0.01
0.445578303	0.0934530382304889	0.01
0.445615211	0.0934530382304889	0.01
0.445653547	0.0934530382304889	0.01
0.445675664	0.0934530382304889	0.01
0.445736134	0.0934530382304889	0.01
0.445849774	0.106057565839073	0.01
0.445978177	0.106057565839073	0.01
0.446038729	0.106057565839073	0.01
0.446319857	0.104361329101451	0.01
0.446341735	0.104361329101451	0.01
0.446455777	0.104361329101451	0.01
0.446465528	0.1038079101806	0.01
0.44656991	0.1038079101806	0.01
0.446772341	0.1038079101806	0.01
0.446888185	0.1038079101806	0.01
0.446967543	0.1038079101806	0.01
0.447158639	0.1038079101806	0.01
0.447928306	0.102718495937554	0.01
0.448791313	0.106888453879461	0.01
0.449552291	0.106888453879461	0.01
0.449715173	0.106888453879461	0.01
0.453102774	0.107449649920224	0.01
0.453117722	0.107449649920224	0.01
0.453312195	0.106888453879461	0.01
0.453607731	0.106888453879461	0.01
0.453670383	0.106888453879461	0.01
0.45367678	0.106888453879461	0.01
0.453739439	0.106888453879461	0.01
0.453782962	0.106888453879461	0.01
0.453789353	0.106888453879461	0.01
0.453802119	0.106888453879461	0.01
0.453864805	0.106888453879461	0.01
0.453864814	0.106888453879461	0.01
0.453927527	0.106888453879461	0.01
0.453952078	0.106888453879461	0.01
0.453977538	0.106888453879461	0.01
0.453990257	0.106888453879461	0.01
0.454053004	0.106888453879461	0.01
0.454131662	0.106888453879461	0.01
0.454159539	0.106888453879461	0.01
0.454172215	0.106888453879461	0.01
0.454228692	0.106888453879461	0.01
0.454266222	0.106888453879461	0.01
0.454278877	0.106888453879461	0.01
0.454297847	0.106888453879461	0.01
0.454379121	0.106888453879461	0.01
0.454543029	0.106888453879461	0.01
0.454618511	0.106888453879461	0.01
0.454637485	0.106888453879461	0.01
0.455439212	0.122854277271075	0.01
0.455550168	0.126979443023772	0.01
0.455755613	0.139897387724316	0.01
0.455804735	0.139897387724316	0.01
0.456133439	0.142031939537346	0.01
0.456159276	0.142031939537346	0.01
0.456455968	0.10311843146815	0.02
0.45760535	0.101081176543049	0.02
0.458022431	0.101081176543049	0.02
0.458619789	0.0991228599573233	0.02
0.459124851	0.0996052907609461	0.02
0.462114195	0.100092440511603	0.02
0.46331093	0.100092440511603	0.02
0.46499053	0.0986450798636307	0.02
0.47699163	0.0708640303851893	0.03
0.477096915	0.0708640303851893	0.03
0.478409458	0.0741445229182002	0.03
0.478419311	0.0741445229182002	0.03
0.479936634	0.0597591544099747	0.03
0.483511101	0.0526827950190142	0.03
0.483988273	0.0854630420547168	0.04
0.484225862	0.0854630420547168	0.04
0.484458594	0.0854630420547168	0.04
0.485802156	0.0987851246231704	0.04
0.485999254	0.096693411905113	0.04
0.48628356	0.0980249393260273	0.04
0.486776039	0.0669537422024102	0.04
0.489107131	0.064578121691381	0.04
0.489424331	0.064578121691381	0.04
0.490830832	0.0518064180345048	0.04
0.499369323	0.0588803964145229	0.05
0.50407637	0.0785725929966459	0.06
0.508934563	0.0552259582326783	0.06
0.514553924	0.0768033746380986	0.07
0.514742139	0.0768033746380986	0.07
0.514839037	0.0773841943706132	0.07
0.51502476	0.0773841943706132	0.07
0.515124567	0.0785725929966459	0.07
0.516063638	0.0826584620335529	0.07
0.51682809	0.0549606460124598	0.07
0.518492841	0.051663182076409	0.07
0.520735072	0.0417387367469492	0.07
0.534226929	0.0350456445561695	0.06
0.534380672	0.0343688212148883	0.06
0.534453117	0.0343688212148883	0.06
0.534888196	0.0343688212148883	0.06
0.544416783	0.0504428551194957	0.07
0.55657045	0.0652356960157324	0.05
0.556807604	0.0652356960157324	0.05
0.55802857	0.0634901568315988	0.05
0.559788571	0.0634901568315988	0.05
0.562444529	0.0634901568315988	0.05
0.572491616	0.0613030737098557	0.06
0.57444178	0.0613030737098557	0.06
0.579525048	0.0718172878911877	0.05
0.583655412	0.071099964436605	0.05
0.586308239	0.0658390686746009	0.06
0.59079165	0.0634901568315988	0.06
0.591819223	0.0634901568315988	0.06
0.593402747	0.0634901568315988	0.06
0.593573546	0.0634901568315988	0.06
0.593673806	0.0634901568315988	0.06
0.593673808	0.0634901568315988	0.06
0.593754277	0.0634901568315988	0.06
0.593754278	0.0634901568315988	0.06
0.59375428	0.0634901568315988	0.06
0.593824895	0.0634901568315988	0.06
0.593834769	0.0634901568315988	0.06
0.594036974	0.0634901568315988	0.06
0.594152812	0.0634901568315988	0.06
0.594237558	0.0658390686746009	0.06
0.594318181	0.0658390686746009	0.06
0.595015574	0.0690314697681336	0.06
0.595887104	0.0690314697681336	0.06
0.596219211	0.0690314697681336	0.06
0.602148457	0.071099964436605	0.05
0.604813246	0.071099964436605	0.05
0.604905308	0.071099964436605	0.05
0.60490531	0.071099964436605	0.05
0.604905312	0.071099964436605	0.05
0.604988853	0.071099964436605	0.05
0.606051871	0.071099964436605	0.05
0.60631275	0.071099964436605	0.05
0.606404306	0.071099964436605	0.05
0.606824709	0.0683684605469914	0.06
0.607971158	0.0718172878911877	0.05
0.608524688	0.0677180658466462	0.06
0.61827716	0.071099964436605	0.06
0.624510489	0.0670799290507452	0.06
0.630942519	0.0703968287726218	0.05
0.636066531	0.071099964436605	0.05
0.63624959	0.071099964436605	0.05
0.636422142	0.0652356960157324	0.06
0.638075882	0.0646432819718143	0.06
0.644129804	0.0664537068596507	0.06
0.64559646	0.0664537068596507	0.06
0.646569798	0.0677180658466462	0.06
0.64801212	0.0677180658466462	0.06
0.648110758	0.0677180658466462	0.06
0.65703705	0.0672913007850977	0.07
0.659386285	0.0667305783443283	0.07
0.667879261	0.0661791234136681	0.08
0.671132308	0.0667305783443283	0.08
0.678915807	0.0602084435998316	0.09
0.680410924	0.0602084435998316	0.09
0.68060848	0.0602084435998316	0.09
0.680702493	0.0602084435998316	0.09
0.680786967	0.0602084435998316	0.09
0.689921535	0.0350456445561695	0.09
0.692614054	0.0353941521198974	0.09
0.696262833	0.0340401192104962	0.1
0.697379755	0.033717645028592	0.1
0.712354258	0.0313423100362711	0.11
0.7123899	0.0313423100362711	0.11
0.712401774	0.0313423100362711	0.11
0.713541741	0.0313423100362711	0.11
0.71365913	0.0313423100362711	0.11
0.714295462	0.0313423100362711	0.11
0.715653707	0.0297694168771551	0.12
0.715679053	0.0297694168771551	0.12
0.717816093	0.030275875153092	0.12
0.725609694	0.0297694168771551	0.13
0.725869057	0.0297694168771551	0.13
0.72717465	0.0297694168771551	0.13
0.742183791	0.0279023988944071	0.14
0.756100951	0.00832447959428034	0.13
0.762884543	0.0897555825597365	0.13
0.763387603	0.087445388769392	0.13
0.763491091	0.0870380708570167	0.13
0.765321243	0.084671682412553	0.13
0.766651587	0.00890783601313003	0.12
0.7676628	0.00890783601313003	0.12
0.772264397	0.0872569231892307	0.12
0.778829055	0.0889720736182152	0.12
0.779976345	0.00881954328345152	0.11
0.794958533	0.0915138941431028	0.1
0.797194853	0.0889015232955496	0.1
0.799403767	0.0920397863891441	0.1
0.8034392	0.0954889804054575	0.09
0.812482547	0.093712045456372	0.08
0.817085993	0.090417643788715	0.08
0.828284953	0.0956890230305392	0.07
0.856064956	0.0976804574664946	0.04
0.861362559	0.0887748142646677	0.03
0.861783488	0.0925231427322923	0.03
0.864973627	0.101203092067643	0.03
0.867661243	0.103533395948407	0.03
0.874413626	0.102916066933125	0.02
0.87832845	0.1038079101806	0.02
0.880342154	0.0995832602349892	0.02
0.882218863	0.0978901386180587	0.01
0.88244613	0.105396384781087	0.01
0.882485476	0.105396384781087	0.01
0.883236842	0.108421531891127	0.01
0.883671839	0.1071477897281	0.01
0.885048106	0.10409063340877	0.01
0.885800269	0.102052391828966	0.01
0.886381245	0.101484616943914	0.01
0.888469193	0.106345647314293	0.01
0.889014569	0.104920680403512	0.01
0.889209764	0.104920680403512	0.01
0.889576687	0.104083884007598	0.01
0.889752182	0.104083884007598	0.01
0.890083013	0.103533395948407	0.01
0.890218543	0.102718495937554	0.01
0.890218544	0.102718495937554	0.01
0.890309475	0.10218231871751	0.01
0.890339212	0.10218231871751	0.01
0.890354074	0.102449705802719	0.01
0.890354075	0.102449705802719	0.01
0.890419078	0.102449705802719	0.01
0.890459913	0.102449705802719	0.01
0.890474761	0.102449705802719	0.01
0.890489605	0.102449705802719	0.01
0.890489606	0.102449705802719	0.01
0.890506418	0.102449705802719	0.01
0.890580647	0.102449705802719	0.01
0.89061031	0.102449705802719	0.01
0.890610311	0.102449705802719	0.01
0.89068659	0.102449705802719	0.01
0.890716233	0.10218231871751	0.01
0.890731048	0.10218231871751	0.01
0.890731049	0.10218231871751	0.01
0.890737499	0.10218231871751	0.01
0.890837018	0.10218231871751	0.01
0.890851819	0.10218231871751	0.01
0.890972622	0.10218231871751	0.01
0.890972623	0.10218231871751	0.01
0.891093459	0.101916323724919	0.01
0.891214328	0.101916323724919	0.01
0.89133523	0.101916323724919	0.01
0.891441435	0.101916323724919	0.01
0.891456164	0.101916323724919	0.01
0.89149835	0.101916323724919	0.01
0.891521465	0.101388466757052	0.01
0.891577132	0.10112658343086	0.01
0.891686849	0.10112658343086	0.01
0.891698132	0.10112658343086	0.01
0.891793338	0.10112658343086	0.01
0.892012117	0.100866049492575	0.01
0.892017347	0.100866049492575	0.01
0.89216782	0.100866049492575	0.01
0.892182462	0.100866049492575	0.01
0.892245091	0.10165170998173	0.01
0.892546055	0.102449705802719	0.01
0.89273031	0.102449705802719	0.01
0.892793389	0.102449705802719	0.01
0.892924751	0.1057834663336	0.01
0.893016766	0.105510779963878	0.01
0.89308003	0.105510779963878	0.01
0.893142511	0.105510779963878	0.01
0.893313967	0.104969603142882	0.01
0.893320622	0.104969603142882	0.01
0.893395592	0.104969603142882	0.01
0.894189143	0.104433949508076	0.01
0.89422449	0.104433949508076	0.01
0.894232534	0.104433949508076	0.01
0.894511483	0.104433949508076	0.01
0.894690708	0.104433949508076	0.01
0.894906463	0.104433949508076	0.01
0.894913415	0.104433949508076	0.01
0.894970751	0.104433949508076	0.01
0.89539422	0.104701091225315	0.01
0.895524497	0.106734262908525	0.01
0.895638516	0.106192217938069	0.01
0.89592425	0.106734262908525	0.01
0.89685771	0.105389395253768	0.01
0.89693811	0.104860890102732	0.01
0.897131294	0.10971932213412	0.01
0.897282137	0.108725649374777	0.01
0.897316929	0.108465776352241	0.01
0.898155973	0.105524611443493	0.01
0.898455429	0.103649538078066	0.01
0.898485328	0.103854582357513	0.01
0.898662437	0.10324186892871	0.01
0.89889623	0.102236589401964	0.01
0.898920463	0.102236589401964	0.01
0.899310528	0.101839937905266	0.01
0.899325427	0.101839937905266	0.01
0.900031532	0.101810313081145	0.01
0.900113547	0.102200101093051	0.01
0.900274359	0.102200101093051	0.01
0.900307304	0.102200101093051	0.01
0.900690942	0.104211175371395	0.01
0.901007608	0.108336305140852	0.01
0.90151373	0.0958563665913906	0.01
0.901568195	0.0962265906736125	0.01
0.901947653	0.0977365339297742	0.01
0.902291602	0.0837150845488394	0.01
0.902860993	0.0735993837775579	0.01
0.902919093	0.0735993837775579	0.01
0.902932441	0.0739050340861263	0.01
0.903166806	0.0761177971410198	0.01
0.903876527	0.075793610253964	0.01
0.904039961	0.075793610253964	0.01
0.905424433	0.0784671528931923	0.01
0.905541598	0.079165271535007	0.01
0.906154318	0.079875923947949	0.01
0.906197141	0.079875923947949	0.01
0.906210372	0.079875923947949	0.01
0.906508268	0.079875923947949	0.01
0.906922556	0.079165271535007	0.01
0.907060652	0.0795190100180882	0.01
0.90712089	0.0795190100180882	0.01
0.907185931	0.079875923947949	0.01
0.907198748	0.079875923947949	0.01
0.907199842	0.079875923947949	0.01
0.907311244	0.0687178708698768	0.01
0.907324045	0.0696673334448228	0.01
0.907336843	0.0696673334448228	0.01
0.907336844	0.0696673334448228	0.01
0.907449378	0.0696673334448228	0.01
0.90746216	0.0696673334448228	0.01
0.907536422	0.0696673334448228	0.01
0.9075492	0.0696673334448228	0.01
0.907574745	0.0696673334448228	0.01
0.907587512	0.0696673334448228	0.01
0.907712898	0.0696673334448228	0.01
0.907951053	0.0696673334448228	0.01
0.907963774	0.0693479440502269	0.01
0.908076559	0.0693479440502269	0.01
0.908089263	0.0693479440502269	0.01
0.908089264	0.0693479440502269	0.01
0.908151307	0.0693479440502269	0.01
0.908189407	0.0696673334448228	0.01
0.908202099	0.0696673334448228	0.01
0.908214789	0.0696673334448228	0.01
0.908289632	0.0696673334448228	0.01
0.908577365	0.0693479440502269	0.01
0.908691978	0.0696673334448228	0.01
0.908816452	0.0696673334448228	0.01
0.908830322	0.0696673334448228	0.01
0.908943472	0.0699896784158722	0.01
0.908956071	0.0699896784158722	0.01
0.909094444	0.0699896784158722	0.01
0.909183517	0.0690314697681336	0.01
0.909270732	0.0690314697681336	0.01
0.909346075	0.0699896784158722	0.01
0.909409249	0.0699896784158722	0.01
0.909434338	0.0699896784158722	0.01
0.909620416	0.0699896784158722	0.01
0.909838426	0.0690314697681336	0.01
0.909896599	0.0690314697681336	0.01
0.909914657	0.0690314697681336	0.01
0.910014581	0.0684071083454495	0.01
0.910051995	0.0690314697681336	0.01
0.910204731	0.0699896784158722	0.01
0.910267	0.0699896784158722	0.01
0.910467776	0.0706434007225767	0.01
0.911062134	0.0713094500491498	0.01
0.911518912	0.0709748628187749	0.01
0.911632099	0.0713094500491498	0.01
0.911747931	0.0713094500491498	0.01
0.912488931	0.0696673334448228	0.01
0.912707801	0.0696673334448228	0.01
0.912776305	0.0696673334448228	0.01
0.913139907	0.0709748628187749	0.01
0.913244462	0.0719881783839042	0.01
0.913630289	0.0713094500491498	0.01
0.913751419	0.0713094500491498	0.01
0.914870556	0.0719881783839042	0.01
0.914968567	0.0719881783839042	0.01
0.914983658	0.0719881783839042	0.01
0.915269563	0.0719881783839042	0.01
0.915559183	0.068698365516186	0.01
0.916024822	0.068698365516186	0.01
0.916688985	0.0707466495693953	0.01
0.916912552	0.0707466495693953	0.01
0.917957453	0.0545276145700417	0.01
0.918456927	0.0810623624100134	0.02
0.918483627	0.0810623624100134	0.02
0.918837351	0.0817096561895575	0.02
0.919120121	0.0823673706338893	0.02
0.919655338	0.0833740382382237	0.02
0.919822583	0.0833740382382237	0.02
0.920002472	0.0833740382382237	0.02
0.921364075	0.0865472982583826	0.02
0.921783065	0.0876594195587864	0.02
0.922455062	0.0884168494152777	0.02
0.922787758	0.0884168494152777	0.02
0.923473233	0.083536094010741	0.02
0.924412009	0.0842897379372264	0.02
0.926193857	0.0824669421562138	0.02
0.933174706	0.0736574078149636	0.03
0.934071327	0.0745388785120627	0.03
0.934700606	0.0736574078149636	0.03
0.938770844	0.0431109744387124	0.03
0.942896738	0.0406491560033972	0.03
0.944027825	0.0422578918861964	0.03
0.947518522	0.0454991129363511	0.03
0.948845214	0.0471048863582801	0.03
0.950306111	0.050682286598893	0.03
0.953473419	0.0457217735148103	0.04
0.954119877	0.0467513220224745	0.04
0.954191796	0.0467513220224745	0.04
0.956296714	0.050138318667112	0.04
0.956549025	0.050138318667112	0.04
0.956766863	0.0509587209787639	0.04
0.956780018	0.0509587209787639	0.04
0.95679317	0.0509587209787639	0.04
0.956793172	0.0509587209787639	0.04
0.957016096	0.0513790732319968	0.04
0.958321379	0.0518064180345048	0.04
0.959031973	0.0540544021208181	0.04
0.959642592	0.0554993384951679	0.04
0.964446178	0.0467513220224745	0.05
0.964458654	0.0467513220224745	0.05
0.966290332	0.050138318667112	0.05
0.966653906	0.050138318667112	0.05
0.966980911	0.0513790732319968	0.05
0.966980912	0.0513790732319968	0.05
0.966986309	0.0513790732319968	0.05
0.967144414	0.0513790732319968	0.05
0.967302571	0.0513790732319968	0.05
0.967302572	0.0513790732319968	0.05
0.967460779	0.0513790732319968	0.05
0.96746078	0.0513790732319968	0.05
0.967608447	0.0513790732319968	0.05
0.96761904	0.0513790732319968	0.05
0.967772081	0.0513790732319968	0.05
0.967925221	0.0513790732319968	0.05
0.967935716	0.0513790732319968	0.05
0.968083686	0.0518064180345048	0.05
0.968088909	0.0518064180345048	0.05
0.968861479	0.0540544021208181	0.05
0.969035555	0.0540544021208181	0.05
0.970442597	0.0580872362826169	0.05
0.973457204	0.0483856202786709	0.06
0.974203145	0.0483856202786709	0.06
0.97801719	0.051538498770479	0.06
0.981915796	0.0526827950190142	0.05
0.9860103	0.0176583741252934	0.05
1.021711423	0.0290407221331158	0.07
1.022530753	0.0290407221331158	0.07
1.023898132	0.0292796240035248	0.07
1.029637844	0.0288056872650041	0.08
1.029659545	0.0288056872650041	0.08
1.030020301	0.0288056872650041	0.08
1.030958443	0.0290407221331158	0.08
1.031720423	0.0290407221331158	0.08
1.033463082	0.0285744262627041	0.08
1.034014818	0.0288056872650041	0.08
1.034376329	0.0297694168771551	0.08
1.035677928	0.0439992099047724	0.08
1.036124234	0.0439992099047724	0.08
1.039046839	0.0521680069922091	0.08
1.041709188	0.0526827950190142	0.08
1.044012776	0.0526827950190142	0.08
1.048661279	0.0458902043718913	0.09
1.049025044	0.0458902043718913	0.09
1.057424783	0.0451146311908934	0.1
1.058571278	0.0458902043718913	0.1
1.068168044	0.0439992099047724	0.11
1.068277144	0.0439992099047724	0.11
1.06860264	0.0447365929777534	0.11
1.070020858	0.0471048863582801	0.11
1.070326964	0.0471048863582801	0.11
1.088407982	0.0544746266531619	0.13
1.088762574	0.0544746266531619	0.13
1.091073782	0.0567925607783387	0.13
1.112743253	0.0748374091699059	0.14
1.113233383	0.0741445229182002	0.14
1.11414031	0.0748374091699059	0.14
1.115076799	0.0769960100218887	0.14
1.125633627	0.071099964436605	0.13
1.127882011	0.071099964436605	0.13
1.13205703	0.0718172878911877	0.12
1.133642817	0.071099964436605	0.12
1.133988353	0.071099964436605	0.12
1.134317617	0.071099964436605	0.12
1.162829766	0.0677180658466462	0.14
1.187305519	0.0892198840021007	0.15
1.187446683	0.0892198840021007	0.15
1.18762744	0.0863343213164779	0.15
1.192009701	0.0863343213164779	0.15
1.192075895	0.0863343213164779	0.15
1.192725439	0.0836295616628601	0.15
1.208724051	0.0848254311634351	0.13
1.208769953	0.0848254311634351	0.13
1.209751115	0.0848254311634351	0.13
1.209768181	0.0848254311634351	0.13
1.209825949	0.0848254311634351	0.13
1.210085375	0.0848254311634351	0.13
1.212614931	0.0817096561895575	0.13
1.22465873	0.0856418608833127	0.12
1.225416562	0.0856418608833127	0.12
1.226767373	0.0856418608833127	0.12
1.243346642	0.0870380708570167	0.12
1.246668032	0.0870380708570167	0.12
1.248955951	0.0884805598319421	0.12
1.252855937	0.0939289840568645	0.11
1.270060331	0.0923050056062568	0.1
1.270253663	0.0923050056062568	0.1
1.270604589	0.0923050056062568	0.1
1.285172518	0.0785056140851443	0.09
1.289511656	0.0856418608833127	0.09
1.297280078	0.101039589368691	0.09
1.303502827	0.101039589368691	0.1
1.325958837	0.0939289840568645	0.12
1.33510162	0.107121571599818	0.11
1.335508208	0.130329957366666	0.12
1.335711503	0.130329957366666	0.12
1.335892556	0.130329957366666	0.12
1.33625481	0.130329957366666	0.12
1.336595099	0.129147685022044	0.12
1.336665633	0.129147685022044	0.12
1.337161305	0.129147685022044	0.12
1.337524247	0.129147685022044	0.12
1.337529375	0.129147685022044	0.12
1.337777279	0.129147685022044	0.12
1.338686534	0.107121571599818	0.11
1.342315002	0.136581584328006	0.11
1.342368518	0.136581584328006	0.11
1.346883901	0.134010318181169	0.11
1.350085516	0.132760651288049	0.11
1.360533959	0.142031939537346	0.1
1.360981621	0.142031939537346	0.1
1.36116959	0.142031939537346	0.1
1.361338457	0.142031939537346	0.1
1.36135761	0.142031939537346	0.1
1.361545683	0.142031939537346	0.1
1.361952473	0.142031939537346	0.1
1.362279458	0.142031939537346	0.1
1.364721715	0.142031939537346	0.1
1.368077892	0.142031939537346	0.1
1.369020462	0.142031939537346	0.1
1.369707356	0.142031939537346	0.1
1.373967278	0.142031939537346	0.11
1.377274175	0.143889641151205	0.11
1.377544294	0.143889641151205	0.11
1.384187356	0.143463181720704	0.1
1.38563755	0.1525990849779	0.1
1.430594094	0.138615414816943	0.1
1.434752614	0.138615414816943	0.1
1.436494579	0.138615414816943	0.11
1.440102642	0.138615414816943	0.11
1.448119954	0.131391261178219	0.12
1.450462129	0.129147685022044	0.12
1.450928234	0.129147685022044	0.12
1.454003033	0.129147685022044	0.12
1.45657643	0.129147685022044	0.13
1.457818346	0.129147685022044	0.13
1.484067531	0.125922396478489	0.15
1.484117024	0.125922396478489	0.15
1.485393153	0.128054386405919	0.15
1.485917469	0.117355460996913	0.15
1.488337206	0.125922396478489	0.16
1.502972103	0.125922396478489	0.17
1.506038743	0.117355460996913	0.17
1.511964569	0.125922396478489	0.18
1.512194724	0.125922396478489	0.18
1.512403577	0.125922396478489	0.18
1.513239565	0.125922396478489	0.18
1.515375804	0.128054386405919	0.18
1.517647523	0.124882803510739	0.19
1.523536021	0.124882803510739	0.19
1.558319819	0.169102951619386	0.23
1.558531046	0.169102951619386	0.23
1.55916507	0.168358861824923	0.23
1.56916589	0.179079666494084	0.22
1.595579044	0.167773361683031	0.19
1.611568792	0.194636025037985	0.17
1.707257935	0.217976009420784	0.08
1.730827961	0.206312766096662	0.06
1.745720251	0.204639900142362	0.04
1.75282717	0.200936997673987	0.04
1.758275756	0.220049308679796	0.03
1.77492366	0.204489165644487	0.02
1.778615293	0.231036957120442	0.01
1.77861633	0.231036957120442	0.01
1.780627841	0.222162427446531	0.01
1.780657571	0.222162427446531	0.01
1.780657572	0.222162427446531	0.01
1.780839524	0.217976009420784	0.01
1.780928629	0.217976009420784	0.01
1.78092863	0.217976009420784	0.01
1.781081012	0.217976009420784	0.01
1.781140367	0.217976009420784	0.01
1.781170031	0.217976009420784	0.01
1.781170032	0.217976009420784	0.01
1.781411498	0.217976009420784	0.01
1.781411499	0.217976009420784	0.01
1.781623424	0.217976009420784	0.01
1.781653031	0.217976009420784	0.01
1.781835463	0.217976009420784	0.01
1.781894629	0.217976009420784	0.01
1.782136293	0.215941414639964	0.01
1.782378022	0.21005931432457	0.01
1.782531315	0.21005931432457	0.01
1.782590324	0.21005931432457	0.01
1.782619816	0.21005931432457	0.01
1.783044725	0.21005931432457	0.01
1.783103602	0.21005931432457	0.01
1.783286774	0.21005931432457	0.01
1.783345594	0.21005931432457	0.01
1.783587651	0.21005931432457	0.01
1.78377107	0.21005931432457	0.01
1.783829774	0.21005931432457	0.01
1.783925287	0.21005931432457	0.01
1.784314217	0.21005931432457	0.01
1.78446873	0.21005931432457	0.01
1.784933025	0.208169184345053	0.01
1.785322292	0.208865253131877	0.01
1.785497332	0.208865253131877	0.01
1.785988286	0.208865253131877	0.01
1.788872102	0.20529565908175	0.01
1.789358594	0.20529565908175	0.01
1.790095821	0.200164321809525	0.01
1.790737455	0.190068981214318	0.01
1.79204453	0.193708691693199	0.02
1.792147241	0.193708691693199	0.02
1.794856772	0.15597927224665	0.02
1.795060195	0.148277764159538	0.02
1.795172249	0.141300998790477	0.02
1.796645824	0.129147685022044	0.02
1.796669094	0.129147685022044	0.02
1.799436111	0.131187777517543	0.02
1.808733518	0.0162106974949521	0.02
1.812688451	0.0173147578153152	0.02
1.813240824	0.0173147578153152	0.02
1.813716026	0.0173147578153152	0.02
1.813793197	0.0173147578153152	0.02
1.814069384	0.0173147578153152	0.02
1.814345569	0.0173147578153152	0.02
1.814596154	0.0173147578153152	0.02
1.814621756	0.0173147578153152	0.02
1.814621757	0.0173147578153152	0.02
1.814872379	0.0176583741252934	0.02
1.815039963	0.0176583741252934	0.02
1.815123071	0.00890783601313003	0.02
1.815169565	0.00881954328345152	0.02
1.815322808	0.0509587209787639	0.03
1.815373832	0.0509587209787639	0.03
1.815624663	0.0513790732319968	0.03
1.815875562	0.0513790732319968	0.03
1.816101116	0.0372461009219622	0.03
1.816374833	0.0353941521198974	0.02
1.816377569	0.0353941521198974	0.02
1.81637757	0.0353941521198974	0.02
1.816628678	0.0353941521198974	0.02
1.817382419	0.0366327389693253	0.03
1.817399416	0.0366327389693253	0.03
1.817633804	0.0366327389693253	0.03
1.818036082	0.0366327389693253	0.03
1.819410514	0.0372461009219622	0.03
1.819581019	0.0372461009219622	0.03
1.81989941	0.0372461009219622	0.03
1.820606159	0.0378803523466613	0.03
1.82134289	0.038536578890086	0.03
1.822065256	0.0388732928462097	0.03
1.823267442	0.0399196895676111	0.03
1.823345161	0.0399196895676111	0.03
1.824280416	0.0399196895676111	0.03
1.824985083	0.0406491560033972	0.03
1.828939845	0.0350456445561695	0.03
1.829051906	0.0350456445561695	0.03
1.829613575	0.0360392511964245	0.04
1.835137623	0.0347039332142701	0.03
1.836263396	0.0347039332142701	0.03
1.837659261	0.0347039332142701	0.03
1.839735229	0.0350456445561695	0.03
1.842215909	0.0350456445561695	0.03
1.846490238	0.0343688212148883	0.04
1.860668056	0.0347039332142701	0.05
1.860714054	0.0347039332142701	0.05
1.872927722	0.0350456445561695	0.06
1.934242286	0.033717645028592	0.12
1.937910579	0.0285744262627041	0.13
1.938309591	0.0285744262627041	0.13
1.938319698	0.0285744262627041	0.13
1.940502926	0.0288056872650041	0.13
1.945075766	0.0283468489568237	0.14
1.947078383	0.0283468489568237	0.14
1.95745413	0.0283468489568237	0.15
1.959079535	0.0285744262627041	0.15
2.03833515	0.0388732928462097	0.23
2.045755957	0.0383153249357696	0.24
2.04617014	0.0383153249357696	0.24
2.057670659	0.0383153249357696	0.25
2.058434493	0.0383153249357696	0.25
2.058810915	0.0385922922193739	0.25
2.060706206	0.0385922922193739	0.25
2.077935092	0.0383153249357696	0.27
2.112854786	0.037773147957859	0.3
2.114638141	0.0475241972409714	0.3
2.122322709	0.0372461009219622	0.31
2.21647999	0.0369880545902515	0.41
2.226678687	0.0420203202797716	0.42
2.230993963	0.0423057289322565	0.42
2.244892022	0.122673128769066	0.43
2.268175967	0.153979853963548	0.41
2.283420782	0.159634011425325	0.4
2.396315913	0.161522285211902	0.33
2.401471639	0.157439516369545	0.33
2.416816988	0.16293067427827	0.31
2.634889835	0.170931965000933	0.1
2.63880046	0.170931965000933	0.09
2.644514931	0.170931965000933	0.09
2.64482266	0.170931965000933	0.09
2.65353762	0.170931965000933	0.08
2.664122924	0.170931965000933	0.07
2.669724846	0.170931965000933	0.06
2.670697515	0.170931965000933	0.06
2.67074212	0.170931965000933	0.06
2.670831293	0.170931965000933	0.06
2.671148642	0.170931965000933	0.06
2.671193019	0.170931965000933	0.06
2.671193179	0.170931965000933	0.06
2.671237545	0.170931965000933	0.06
2.671237705	0.170931965000933	0.06
2.671599486	0.170931965000933	0.06
2.671599646	0.170931965000933	0.06
2.671961685	0.170931965000933	0.06
2.672323822	0.170931965000933	0.06
2.672686057	0.170931965000933	0.06
2.67300408	0.170931965000933	0.06
2.673410821	0.170931965000933	0.06
2.674640938	0.170931965000933	0.06
2.674817434	0.170931965000933	0.06
2.67498819	0.170931965000933	0.06
2.675906626	0.170931965000933	0.06
2.67595059	0.170931965000933	0.06
2.678640892	0.170931965000933	0.05
2.679543675	0.170931965000933	0.05
2.679587204	0.170931965000933	0.05
2.68050645	0.170931965000933	0.05
2.690797174	0.169221041146496	0.06
2.692790444	0.172677839107725	0.05
2.700424629	0.170931965000933	0.06
2.714352711	0.169221041146496	0.07
2.716197088	0.163405611169801	0.07
2.720992773	0.163405611169801	0.07
2.721339166	0.163405611169801	0.07
2.721753239	0.163405611169801	0.07
2.722090639	0.163405611169801	0.07
2.72212898	0.163405611169801	0.07
2.722504826	0.163405611169801	0.07
2.725138453	0.161755323414533	0.08
2.725892101	0.163405611169801	0.07
2.727362573	0.163405611169801	0.07
2.728457177	0.163405611169801	0.07
2.741703646	0.161755323414533	0.08
2.758261585	0.154154208998854	0.09
2.767264537	0.149581104855879	0.1
2.795646082	0.142533811457043	0.13
2.814579483	0.142533811457043	0.15
2.857457722	0.142533811457043	0.19
2.874914635	0.142533811457043	0.21
2.884109016	0.148277764159538	0.22
2.885327778	0.141203294416679	0.22
2.893176138	0.181970963212972	0.23
3.091199805	0.161155694169654	0.42
3.116410384	0.168487797996162	0.45
3.153761559	0.195730708799519	0.49
3.190582361	0.190781052607421	0.52
3.194633906	0.167544028453476	0.52
3.479484296	0.1525990849779	0.8
3.557717034	0.149581104855879	0.880000000000001
3.561648443	0.167922242396762	0.890000000000001
3.566965252	0.167307164765735	0.890000000000001
3.567214517	0.167307164765735	0.890000000000001
3.568359469	0.167307164765735	0.890000000000001
3.571210711	0.168210828972796	0.890000000000001
3.571812505	0.168210828972796	0.890000000000001
3.572123566	0.180129078010692	0.880000000000001
3.572497766	0.180129078010692	0.880000000000001
3.575584373	0.164287782136998	0.880000000000001
3.579984214	0.16270666645002	0.880000000000001
3.62939674	0.165089919712286	0.910000000000001
3.629519691	0.165089919712286	0.910000000000001
3.6300627	0.165089919712286	0.910000000000001
3.630972932	0.165089919712286	0.910000000000001
3.631023885	0.166635762802287	0.910000000000001
3.631970124	0.16061981625608	0.920000000000001
3.633483005	0.16061981625608	0.920000000000001
3.639968026	0.165089919712286	0.920000000000001
3.707141358	0.165089919712286	0.990000000000001
3.778072999	0.165089919712286	1.06
3.82876748	0.183603495721184	1.11
4.078052931	0.219043503864088	1.36
4.452121847	0.244464391579339	1.73
4.45272527	0.254451247587625	1.73
4.453328856	0.254451247587625	1.73
4.459832487	0.217199769398103	1.74
4.478685952	0.213603873454075	1.76
4.536342962	0.254451247587625	1.81
4.536969429	0.254451247587625	1.81
4.537444354	0.211850208367045	1.82
4.537596069	0.211850208367045	1.82
4.848628454	0.257076771785971	2.11
4.895921957	0.259757043189831	2.15
5.342582978	0.296903021278328	2.26
5.343129076	0.296903021278328	2.26
5.343307119	0.296903021278328	2.26
5.445157132	0.300483856732965	2.32999999999999
6.232084175	0.285460587333139	2.66999999999999
6.244676548	0.285460587333139	2.67999999999999
6.358499262	0.264547533778786	2.78999999999998
7	0.228752512598956	3.36999999999997
