thrs	post_p	finalwindow
0	0.197360852756028	0.21
0.03256001	0.140839289246428	0.2
0.070216248	0.124760846600502	0.18
0.082355146	0.124760846600502	0.17
0.089689176	0.124760846600502	0.16
0.093809574	0.114586443783982	0.17
0.103967892	0.114586443783982	0.16
0.106977596	0.114586443783982	0.16
0.123778241	0.111977332001276	0.17
0.127200542	0.0903711290136803	0.17
0.127695348	0.0871674900028518	0.17
0.128068503	0.0871674900028518	0.17
0.130460633	0.0902957060741292	0.17
0.14705261	0.0929327755500816	0.15
0.148427326	0.0871674900028518	0.15
0.148447444	0.0871674900028518	0.15
0.151339737	0.0888132511037332	0.15
0.155752372	0.111678168366194	0.15
0.161204767	0.0888132511037332	0.14
0.172569069	0.0927978814527032	0.13
0.178062567	0.0879469152787783	0.12
0.178113806	0.0879469152787783	0.12
0.178140913	0.0879469152787783	0.12
0.178189211	0.0879469152787783	0.12
0.181430774	0.0888132511037332	0.12
0.181486006	0.0888132511037332	0.12
0.181486035	0.0888132511037332	0.12
0.191788381	0.0895483435726431	0.11
0.194681585	0.116340474379453	0.11
0.205298456	0.117155637331485	0.1
0.206482242	0.11553657676828	0.1
0.222622275	0.0820757438761851	0.08
0.22265244	0.0820757438761851	0.08
0.222656148	0.0820757438761851	0.08
0.222686318	0.0820757438761851	0.08
0.222697977	0.0813965090577495	0.08
0.222716495	0.0813965090577495	0.08
0.226694446	0.10371206705952	0.08
0.226867021	0.10371206705952	0.08
0.226923294	0.10371206705952	0.08
0.227177477	0.104499136937162	0.08
0.241897099	0.0853116802665721	0.07
0.24235868	0.0853116802665721	0.07
0.242875367	0.0682452557522157	0.06
0.242941212	0.0682452557522157	0.06
0.243116147	0.0682452557522157	0.06
0.254481698	0.0682452557522157	0.05
0.256228734	0.0675754288750992	0.05
0.256259656	0.0675754288750992	0.05
0.256650521	0.0675754288750992	0.05
0.263775407	0.0662744617885781	0.05
0.272151172	0.0620906535192375	0.05
0.287097646	0.0638172337104958	0.05
0.296834617	0.0682452557522157	0.05
0.296839561	0.0682452557522157	0.05
0.296839653	0.0682452557522157	0.05
0.296874128	0.0682452557522157	0.05
0.296879772	0.0682452557522157	0.05
0.29691506	0.0682452557522157	0.05
0.296960227	0.0682452557522157	0.05
0.297156652	0.0682452557522157	0.05
0.297161557	0.0682452557522157	0.05
0.297207868	0.0682452557522157	0.05
0.297345093	0.0682452557522157	0.05
0.29736316	0.0682452557522157	0.05
0.297631463	0.0682452557522157	0.05
0.29855614	0.0682452557522157	0.05
0.298682719	0.0682452557522157	0.05
0.299120783	0.0682452557522157	0.05
0.299931082	0.0682452557522157	0.05
0.300128238	0.0682452557522157	0.05
0.300638986	0.0682452557522157	0.05
0.301159527	0.0675754288750992	0.05
0.301373268	0.0675754288750992	0.05
0.30240618	0.0662744617885781	0.05
0.302452098	0.0662744617885781	0.05
0.302493847	0.0662744617885781	0.05
0.302531356	0.0662744617885781	0.05
0.302694303	0.0662744617885781	0.05
0.302757814	0.0662744617885781	0.05
0.302844832	0.0662744617885781	0.05
0.303998368	0.0662744617885781	0.05
0.304168238	0.0662744617885781	0.05
0.305094409	0.0669186228935019	0.05
0.306047128	0.0669186228935019	0.05
0.306464617	0.0644142986241048	0.05
0.307314933	0.0638172337104958	0.05
0.319078068	0.0656425838817271	0.04
0.320217262	0.0656425838817271	0.04
0.320290117	0.0656425838817271	0.04
0.322066605	0.0632311356953385	0.04
0.322435043	0.0632311356953385	0.04
0.322591403	0.0632311356953385	0.04
0.322777267	0.0632311356953385	0.04
0.323097253	0.0615357024569621	0.04
0.323808824	0.0604550377982895	0.04
0.324596864	0.0599288152148704	0.04
0.327195424	0.0589033823913065	0.04
0.330254195	0.0579124512639978	0.04
0.333944256	0.0574293842299389	0.04
0.334029253	0.0574293842299389	0.04
0.343625259	0.0615357024569621	0.05
0.345554528	0.0615357024569621	0.05
0.350684009	0.0610581946589632	0.06
0.351815198	0.0610581946589632	0.06
0.356200611	0.0583418507260229	0.06
0.356206548	0.0583418507260229	0.06
0.356351443	0.0583418507260229	0.06
0.356437896	0.057489326431061	0.06
0.356490553	0.057489326431061	0.06
0.357086112	0.0661948125785244	0.06
0.360733393	0.0644142986241048	0.06
0.362945858	0.0554631777108095	0.07
0.363236679	0.0554631777108095	0.07
0.363936107	0.0554631777108095	0.07
0.366130409	0.0554631777108095	0.07
0.367161303	0.0645653145869358	0.07
0.367663989	0.0673276212630686	0.07
0.37384574	0.0843378938311262	0.08
0.381649088	0.0799684245474918	0.07
0.382008897	0.0796276804530877	0.07
0.386863037	0.0772415254795263	0.06
0.387745392	0.0856493633365573	0.06
0.389222512	0.0828438690975567	0.06
0.389299853	0.0828438690975567	0.06
0.398731854	0.0873394993543459	0.05
0.412388288	0.102855827704681	0.04
0.415094538	0.0980907405210171	0.04
0.415772448	0.0717359489651716	0.03
0.416416237	0.0872779895677403	0.03
0.418471182	0.0996927111359471	0.03
0.419019267	0.0968067565487894	0.03
0.423143546	0.10076073913149	0.03
0.428769674	0.100895853819522	0.02
0.438307149	0.110206011880024	0.01
0.438815006	0.107375144962653	0.01
0.440249622	0.112261350873972	0.01
0.440316292	0.112261350873972	0.01
0.441698853	0.112261350873972	0.01
0.444499874	0.0965830817107565	0.01
0.444770984	0.0951810999285259	0.01
0.445049535	0.0951810999285259	0.01
0.445117302	0.10371206705952	0.01
0.445156208	0.10371206705952	0.01
0.445185067	0.102727326279546	0.01
0.445185068	0.102727326279546	0.01
0.44525283	0.102727326279546	0.01
0.445252832	0.102727326279546	0.01
0.445252833	0.102727326279546	0.01
0.445252835	0.102727326279546	0.01
0.445305777	0.102727326279546	0.01
0.445313187	0.102727326279546	0.01
0.445313188	0.102727326279546	0.01
0.44531319	0.102727326279546	0.01
0.445373562	0.102727326279546	0.01
0.445479567	0.102727326279546	0.01
0.445494353	0.102727326279546	0.01
0.445540001	0.102727326279546	0.01
0.445554774	0.102241935302534	0.01
0.445578303	0.102241935302534	0.01
0.445615211	0.102241935302534	0.01
0.445653547	0.102241935302534	0.01
0.445691925	0.109994558953795	0.01
0.445736134	0.109994558953795	0.01
0.445849774	0.109994558953795	0.01
0.445857123	0.109994558953795	0.01
0.445978177	0.109994558953795	0.01
0.446188208	0.108978937515593	0.01
0.446319857	0.108978937515593	0.01
0.446394864	0.108978937515593	0.01
0.446455777	0.108978937515593	0.01
0.44656991	0.10798189972264	0.01
0.446633323	0.10798189972264	0.01
0.446772341	0.10798189972264	0.01
0.446888185	0.107490191025221	0.01
0.446967543	0.107490191025221	0.01
0.447533088	0.107490191025221	0.01
0.447542535	0.107490191025221	0.01
0.447928306	0.107002940139183	0.01
0.448701687	0.112489605434817	0.01
0.448791313	0.112489605434817	0.01
0.449051315	0.113006587502149	0.01
0.449552291	0.113006587502149	0.01
0.451750007	0.115664452990829	0.01
0.453117722	0.113528343423124	0.01
0.453312195	0.113006587502149	0.01
0.453607731	0.113006587502149	0.01
0.453670383	0.113006587502149	0.01
0.45367678	0.113006587502149	0.01
0.453739439	0.113006587502149	0.01
0.453789353	0.113006587502149	0.01
0.453802119	0.113006587502149	0.01
0.453864805	0.113006587502149	0.01
0.453864814	0.113006587502149	0.01
0.453952078	0.113006587502149	0.01
0.453977538	0.113006587502149	0.01
0.453990257	0.113006587502149	0.01
0.454115767	0.113006587502149	0.01
0.454159539	0.113006587502149	0.01
0.454172215	0.113006587502149	0.01
0.454228692	0.113006587502149	0.01
0.454278877	0.113006587502149	0.01
0.454379121	0.113006587502149	0.01
0.454543029	0.113528343423124	0.01
0.454618511	0.113528343423124	0.01
0.454637485	0.113528343423124	0.01
0.455078808	0.114054939627668	0.01
0.455180191	0.116762938276908	0.01
0.455550168	0.121032381296209	0.01
0.455665947	0.133987118532714	0.01
0.455678249	0.133987118532714	0.01
0.456133439	0.106635573677935	0.02
0.456159276	0.106635573677935	0.02
0.456455968	0.106635573677935	0.02
0.456880284	0.106635573677935	0.02
0.457901934	0.106175121848711	0.02
0.458619789	0.107100036603953	0.02
0.460382332	0.107100036603953	0.02
0.462114195	0.108041207237983	0.02
0.46331093	0.108041207237983	0.02
0.464728436	0.105718629379997	0.02
0.46499053	0.105718629379997	0.02
0.473676694	0.100531872784714	0.03
0.477096915	0.0722750678270012	0.03
0.478409458	0.0743231298242819	0.03
0.478888149	0.0780072902470781	0.03
0.479936634	0.0682452557522157	0.03
0.483511101	0.0929327755500817	0.04
0.483671852	0.0929327755500817	0.04
0.483988273	0.0929327755500817	0.04
0.484225862	0.0929327755500817	0.04
0.484458594	0.0929327755500817	0.04
0.484927676	0.0936405948372052	0.04
0.485802156	0.0964477827066746	0.04
0.485999254	0.0914701705328428	0.04
0.486776039	0.0757542306223444	0.04
0.489107131	0.0667564115278792	0.04
0.489424331	0.0661948125785244	0.04
0.499369323	0.0651593921256764	0.05
0.50407637	0.0895483435726431	0.06
0.508934563	0.0632957255264024	0.06
0.511690912	0.0570723396921047	0.06
0.514553924	0.0883113707453133	0.07
0.514645345	0.0883113707453133	0.07
0.51473946	0.0883113707453133	0.07
0.514742139	0.0883113707453133	0.07
0.514839037	0.0886173990599993	0.07
0.514971335	0.0886173990599993	0.07
0.516063638	0.0830659812666183	0.07
0.51682809	0.0689912862153833	0.07
0.518492841	0.0586802559654097	0.07
0.518564452	0.0586802559654097	0.07
0.529143364	0.0309943031634917	0.07
0.534226929	0.0268363845669021	0.06
0.534308248	0.0265945078620266	0.06
0.534453117	0.0265945078620266	0.06
0.534888196	0.0265945078620266	0.06
0.539174229	0.0345307812869241	0.06
0.543234343	0.0345307812869241	0.06
0.544416783	0.0357871971891096	0.06
0.546060858	0.0417053058889052	0.06
0.55657045	0.0439411597047355	0.05
0.55802857	0.0424248728004632	0.05
0.559788571	0.0424248728004632	0.05
0.57444178	0.0492184369057765	0.05
0.586308239	0.0427940486252897	0.06
0.591193432	0.0382208906282628	0.05
0.591819223	0.0382208906282628	0.05
0.593573546	0.0385958469852213	0.05
0.593673806	0.0385958469852213	0.05
0.593673808	0.0385958469852213	0.05
0.593754277	0.0385958469852213	0.05
0.593754278	0.0385958469852213	0.05
0.593824895	0.0385958469852213	0.05
0.593834769	0.0385958469852213	0.05
0.593915284	0.0385958469852213	0.05
0.594036974	0.0385958469852213	0.05
0.594237558	0.0382208906282628	0.05
0.595015574	0.0364503268459301	0.06
0.595196772	0.0364503268459301	0.06
0.595887104	0.0364503268459301	0.06
0.596219211	0.0364503268459301	0.06
0.597117526	0.0361157183020297	0.06
0.602148457	0.0361157183020297	0.06
0.602674298	0.0361157183020297	0.06
0.604813246	0.0382208906282628	0.06
0.604905308	0.0382208906282628	0.06
0.60490531	0.0382208906282628	0.06
0.604988853	0.0382208906282628	0.06
0.605724938	0.0382208906282628	0.06
0.606051871	0.0382208906282628	0.06
0.60631275	0.0389782330580704	0.06
0.607971158	0.0367911936014069	0.06
0.608756287	0.0367911936014069	0.06
0.624510489	0.0487307287119297	0.05
0.630942519	0.0451514621690047	0.05
0.635412418	0.0451514621690047	0.05
0.636066531	0.0451514621690047	0.05
0.637031954	0.0455698497109827	0.05
0.637260654	0.0455698497109827	0.05
0.637881775	0.0455698497109827	0.05
0.638075882	0.0455698497109827	0.05
0.644129804	0.0427940486252897	0.06
0.64559646	0.0427940486252897	0.06
0.648110758	0.0431697058925574	0.06
0.65703705	0.0526028294121282	0.07
0.659386285	0.0526028294121282	0.07
0.667879261	0.049932342936851	0.08
0.667879263	0.049932342936851	0.08
0.667969788	0.049932342936851	0.08
0.669490645	0.049932342936851	0.08
0.671132308	0.0495728197861014	0.08
0.678915807	0.0475199013391117	0.09
0.680410924	0.0475199013391117	0.09
0.680589305	0.0475199013391117	0.09
0.68060848	0.0475199013391117	0.09
0.690723937	0.0371384957976074	0.09
0.692614054	0.0374924174194968	0.09
0.696262833	0.0354645988844778	0.1
0.697379755	0.0354645988844778	0.1
0.712354258	0.0345307812869241	0.11
0.7123899	0.0345307812869241	0.11
0.71365913	0.0351477646482784	0.11
0.714295462	0.0351477646482784	0.11
0.715679053	0.0292289139111305	0.11
0.717816093	0.0342303418198956	0.12
0.719314887	0.0342303418198956	0.12
0.725609694	0.0292289139111305	0.12
0.725869057	0.032803295535374	0.13
0.725979546	0.0333595936218101	0.13
0.726772429	0.0333595936218101	0.13
0.735438378	0.0278495497451516	0.13
0.742183791	0.03075203570183	0.14
0.744518666	0.0295213472821912	0.13
0.7500464	0.028661090283718	0.13
0.75180067	0.028661090283718	0.13
0.756100951	0.0281149081981978	0.13
0.762884543	0.0955922403480963	0.13
0.765321243	0.100732772825784	0.13
0.766651587	0.0994901583969953	0.13
0.7676628	0.0980388982425731	0.13
0.772093843	0.088508565889774	0.12
0.772264397	0.0976792944709002	0.12
0.778829055	0.0975645079939336	0.12
0.779976345	0.0959396938023622	0.12
0.786383987	0.102898303753861	0.11
0.793117932	0.100826321038475	0.1
0.794958533	0.109789923081722	0.1
0.797194853	0.103439386254547	0.1
0.799403767	0.0997670662824394	0.1
0.8034392	0.108530627649836	0.09
0.817085993	0.104582681880861	0.08
0.849686346	0.106368510755225	0.05
0.856064956	0.115937132052244	0.04
0.861362559	0.0888449606026785	0.03
0.864973627	0.121200588758662	0.03
0.867661243	0.112111687898985	0.03
0.870144812	0.105468037259645	0.03
0.874413626	0.123605559073193	0.02
0.875213305	0.119648601736348	0.02
0.877564409	0.11278833278018	0.02
0.882485476	0.114669939111762	0.01
0.883236842	0.117982304093897	0.01
0.885048106	0.125683834811748	0.01
0.889752182	0.111776400872285	0.01
0.890083013	0.110129604347967	0.01
0.890218543	0.109806050858159	0.01
0.890218544	0.109806050858159	0.01
0.890228158	0.109806050858159	0.01
0.890339212	0.109164614033912	0.01
0.890354074	0.109164614033912	0.01
0.890354075	0.109164614033912	0.01
0.890407894	0.109164614033912	0.01
0.890419078	0.109164614033912	0.01
0.890459913	0.109164614033912	0.01
0.890474761	0.109164614033912	0.01
0.890489605	0.109164614033912	0.01
0.890489606	0.109164614033912	0.01
0.890580647	0.109164614033912	0.01
0.890595481	0.109164614033912	0.01
0.89061031	0.109164614033912	0.01
0.890610311	0.109164614033912	0.01
0.890716233	0.108846697673475	0.01
0.890731048	0.108846697673475	0.01
0.890731049	0.108846697673475	0.01
0.890737499	0.108846697673475	0.01
0.890822213	0.108846697673475	0.01
0.890837018	0.108846697673475	0.01
0.890851819	0.108846697673475	0.01
0.890957836	0.108846697673475	0.01
0.890972622	0.108846697673475	0.01
0.890972623	0.108846697673475	0.01
0.891093459	0.108216387925335	0.01
0.891214328	0.108216387925335	0.01
0.891244043	0.108216387925335	0.01
0.891246709	0.108216387925335	0.01
0.891320486	0.108216387925335	0.01
0.89133523	0.108216387925335	0.01
0.891382479	0.108216387925335	0.01
0.891456164	0.108216387925335	0.01
0.89149835	0.108216387925335	0.01
0.891577132	0.10790396264752	0.01
0.891686849	0.10790396264752	0.01
0.891698132	0.10790396264752	0.01
0.892017347	0.106368510755225	0.01
0.89206133	0.106368510755225	0.01
0.89216782	0.105766496286507	0.01
0.892182462	0.105766496286507	0.01
0.892215798	0.105766496286507	0.01
0.892245091	0.105766496286507	0.01
0.892307805	0.105766496286507	0.01
0.892546055	0.106066649297356	0.01
0.892568748	0.106066649297356	0.01
0.892924751	0.106066649297356	0.01
0.892952212	0.106066649297356	0.01
0.893016766	0.106066649297356	0.01
0.89308003	0.106066649297356	0.01
0.893172464	0.105468037259645	0.01
0.893313967	0.105766496286507	0.01
0.893320622	0.105766496286507	0.01
0.893352088	0.105766496286507	0.01
0.893395592	0.105766496286507	0.01
0.894085351	0.105468037259645	0.01
0.89420355	0.105468037259645	0.01
0.89422449	0.104876144117424	0.01
0.894232534	0.104876144117424	0.01
0.894482721	0.104876144117424	0.01
0.894511483	0.104876144117424	0.01
0.894913415	0.104876144117424	0.01
0.894970751	0.104876144117424	0.01
0.895081202	0.105468037259645	0.01
0.895086463	0.105468037259645	0.01
0.895300675	0.105468037259645	0.01
0.89539422	0.105468037259645	0.01
0.895638516	0.105171257916528	0.01
0.89592425	0.105171257916528	0.01
0.896396617	0.104582681880861	0.01
0.89685771	0.104290857381421	0.01
0.896928207	0.10371206705952	0.01
0.89693811	0.10371206705952	0.01
0.897131294	0.102013610683337	0.01
0.897197773	0.100911878243423	0.01
0.897316929	0.100849042362564	0.01
0.898155973	0.0922198527725793	0.01
0.898455429	0.0918284908900449	0.01
0.898662437	0.0904844999689813	0.01
0.898755243	0.0902957060741292	0.01
0.89889623	0.0901076983674305	0.01
0.899310528	0.0891792825475774	0.01
0.899325427	0.0891792825475774	0.01
0.899413875	0.0919132867335232	0.01
0.899974537	0.0911724146231367	0.01
0.900031532	0.0908064394696119	0.01
0.900113547	0.0911724146231367	0.01
0.900274359	0.0921003899559071	0.01
0.900307304	0.0921003899559071	0.01
0.900690942	0.0805250605275678	0.01
0.901007608	0.0859612630811073	0.01
0.90151373	0.0780441341399178	0.01
0.901947653	0.0681701755105512	0.01
0.902162268	0.0681701755105512	0.01
0.903166806	0.0505813631929015	0.01
0.904039961	0.0390556213100299	0.01
0.904220945	0.0316170076457199	0.01
0.905541598	0.0325320464994793	0.01
0.906154318	0.0332187576857193	0.01
0.906197141	0.0330791058992742	0.01
0.906786831	0.0332187576857193	0.01
0.906922556	0.0332187576857193	0.01
0.906983581	0.0335016288328158	0.01
0.907060652	0.0335016288328158	0.01
0.907185931	0.0339350852819402	0.01
0.907198748	0.0340820741034229	0.01
0.907199842	0.0340820741034229	0.01
0.907298438	0.0340820741034229	0.01
0.907311244	0.0340820741034229	0.01
0.907324045	0.0342303418198956	0.01
0.907336843	0.0342303418198956	0.01
0.907336844	0.0342303418198956	0.01
0.907436592	0.0342303418198956	0.01
0.907449378	0.0342303418198956	0.01
0.90746216	0.0342303418198956	0.01
0.907536422	0.0342303418198956	0.01
0.907574745	0.0342303418198956	0.01
0.907587512	0.0342303418198956	0.01
0.907674633	0.0342303418198956	0.01
0.907712898	0.0342303418198956	0.01
0.907951053	0.0342303418198956	0.01
0.907963773	0.0342303418198956	0.01
0.907963774	0.0342303418198956	0.01
0.908089264	0.0342303418198956	0.01
0.908151307	0.0342303418198956	0.01
0.908189407	0.034682987454197	0.01
0.908453284	0.0345307812869241	0.01
0.908566283	0.0345307812869241	0.01
0.908577365	0.0345307812869241	0.01
0.908578929	0.0345307812869241	0.01
0.908691978	0.034682987454197	0.01
0.908830322	0.0349914609938426	0.01
0.909183517	0.0349914609938426	0.01
0.909195105	0.0349914609938426	0.01
0.909207673	0.0349914609938426	0.01
0.909346075	0.0354645988844778	0.01
0.90938549	0.0354645988844778	0.01
0.909409249	0.0354645988844778	0.01
0.909446878	0.0357871971891096	0.01
0.909838426	0.0353054709564844	0.01
0.909896599	0.0353054709564844	0.01
0.909914657	0.0353054709564844	0.01
0.909925885	0.0353054709564844	0.01
0.910014581	0.0353054709564844	0.01
0.910051995	0.0357871971891096	0.01
0.910467776	0.0362822511189735	0.01
0.911049792	0.0367911936014069	0.01
0.911062134	0.0367911936014069	0.01
0.911383512	0.0366199670250546	0.01
0.911404622	0.0366199670250546	0.01
0.911518912	0.0367911936014069	0.01
0.911747931	0.0367911936014069	0.01
0.912015459	0.0373146174086211	0.01
0.912488931	0.0374924174194968	0.01
0.912776305	0.0373146174086211	0.01
0.912811242	0.0373146174086211	0.01
0.913006436	0.0373146174086211	0.01
0.913139907	0.0373146174086211	0.01
0.913244462	0.037671919937269	0.01
0.913630289	0.0374924174194968	0.01
0.913751419	0.0374924174194968	0.01
0.914018042	0.0374924174194968	0.01
0.914696902	0.0374924174194968	0.01
0.914870556	0.0374924174194968	0.01
0.914968567	0.0374924174194968	0.01
0.915026039	0.0374924174194968	0.01
0.915269563	0.0374924174194968	0.01
0.916163647	0.0378531495328625	0.01
0.916208994	0.0380361312523043	0.01
0.916688985	0.0380361312523043	0.01
0.916912552	0.0382208906282628	0.01
0.918238351	0.0352878781797291	0.02
0.918483627	0.0351477646482784	0.02
0.918816837	0.0358596843311155	0.02
0.919120121	0.0360055431366854	0.02
0.919655338	0.0367530050166241	0.02
0.919822583	0.0367530050166241	0.02
0.920002472	0.0370607520688843	0.02
0.921364075	0.0385118889580451	0.02
0.921783065	0.0386801718783805	0.02
0.922455062	0.0399006303781978	0.02
0.922504312	0.0399006303781978	0.02
0.923268187	0.0400812971770395	0.02
0.924412009	0.0406332492895323	0.02
0.924627878	0.0406332492895323	0.02
0.927872541	0.0342303418198956	0.02
0.93064775	0.0340656791606431	0.03
0.933174706	0.0357150025084574	0.03
0.93534835	0.0360055431366854	0.03
0.938446291	0.0179973557923289	0.03
0.942896738	0.00826634847053327	0.03
0.947518522	0.018920589006456	0.04
0.948845214	0.0175687214829718	0.04
0.950306111	0.00669162978866888	0.04
0.951999424	0.00723292998635807	0.04
0.954119877	0.00848016364834359	0.04
0.955985355	0.00902484346771263	0.04
0.956018846	0.00902484346771263	0.04
0.956549025	0.00928030318725877	0.04
0.95679317	0.00936870086805427	0.04
0.957016096	0.00955064643116298	0.04
0.957077957	0.00955064643116298	0.04
0.958321379	0.00964429531409902	0.04
0.959642592	0.00634621871113662	0.05
0.959665139	0.00634621871113662	0.05
0.960911853	0.00678393859676707	0.05
0.964446178	0.00848016364834359	0.05
0.966290332	0.00928030318725877	0.05
0.966653906	0.00928030318725877	0.05
0.966980911	0.00955064643116298	0.05
0.966980912	0.00955064643116298	0.05
0.966986309	0.00955064643116298	0.05
0.967139043	0.00955064643116298	0.05
0.967297223	0.00955064643116298	0.05
0.967297226	0.00955064643116298	0.05
0.967302571	0.00955064643116298	0.05
0.967302572	0.00955064643116298	0.05
0.967460779	0.00955064643116298	0.05
0.96746078	0.00955064643116298	0.05
0.96761904	0.00955064643116298	0.05
0.967619041	0.00955064643116298	0.05
0.967772081	0.00955064643116298	0.05
0.967935716	0.00955064643116298	0.05
0.968083686	0.00955064643116298	0.05
0.968237002	0.00955064643116298	0.05
0.969035555	0.0170608101635325	0.06
0.970292984	0.0125320458332608	0.06
0.970442597	0.0124527125776936	0.06
0.97801719	0.0156161317718004	0.06
0.978183481	0.0156161317718004	0.06
0.981915796	0.0171102759304766	0.06
0.985118954	0.00973979893226799	0.05
1.021711423	0.0256690846052523	0.07
1.022530753	0.0258943494733408	0.07
1.027349785	0.0248059004725864	0.08
1.028094642	0.025016207871803	0.08
1.029078227	0.0252301117854061	0.08
1.029271857	0.0252301117854061	0.08
1.029637844	0.0252301117854061	0.08
1.030020301	0.0252301117854061	0.08
1.030397618	0.0256690846052523	0.08
1.030958443	0.0256690846052523	0.08
1.032104884	0.0258943494733408	0.08
1.0327094	0.0258943494733408	0.08
1.033463082	0.0245990996379261	0.08
1.034014818	0.0245990996379261	0.08
1.034854243	0.0252301117854061	0.08
1.036124234	0.0268363845669021	0.08
1.038905957	0.0292289139111305	0.08
1.041709188	0.0238052645449185	0.09
1.048661279	0.0268363845669021	0.09
1.054783865	0.0278495497451516	0.09
1.067766296	0.0261236030712127	0.11
1.067971123	0.0261236030712127	0.11
1.068168044	0.0261236030712127	0.11
1.068277144	0.0261236030712127	0.11
1.06860264	0.0265945078620266	0.11
1.068892568	0.0265945078620266	0.11
1.070326964	0.0270827013855569	0.11
1.088762574	0.0300474369022364	0.13
1.091073782	0.03075203570183	0.13
1.112743253	0.0287308587863398	0.15
1.113082372	0.0287308587863398	0.15
1.113233383	0.0287308587863398	0.15
1.125633627	0.0385958469852213	0.15
1.127882011	0.0378531495328625	0.15
1.13205703	0.0364503268459301	0.16
1.134317617	0.0361157183020297	0.16
1.162829766	0.0389782330580704	0.14
1.187305519	0.0527371385946267	0.15
1.187446683	0.0527371385946267	0.15
1.192009701	0.0488113410884362	0.15
1.192075895	0.0488113410884362	0.15
1.203309389	0.0496323803458229	0.14
1.208724051	0.0374924174194968	0.13
1.209215802	0.0374924174194968	0.13
1.209751115	0.0374924174194968	0.13
1.209825949	0.0374924174194968	0.13
1.210771389	0.0371384957976074	0.13
1.21086869	0.0371384957976074	0.13
1.212614931	0.0364503268459301	0.13
1.226767373	0.0374924174194968	0.12
1.243346642	0.0564870299885351	0.12
1.245566855	0.0564870299885351	0.12
1.246668032	0.0560273557552264	0.12
1.248955951	0.0569543093763142	0.12
1.265568721	0.0615357024569621	0.1
1.268447511	0.0604550377982895	0.1
1.270060331	0.0599288152148704	0.1
1.275739262	0.0604550377982895	0.09
1.285172518	0.056797692944826	0.08
1.289511656	0.056797692944826	0.08
1.293113698	0.0620906535192375	0.09
1.302603198	0.0682452557522157	0.09
1.325958837	0.0675754288750992	0.11
1.335508208	0.0682452557522157	0.1
1.335711503	0.0682452557522157	0.1
1.335892556	0.0682452557522157	0.1
1.336051433	0.0682452557522157	0.1
1.33625481	0.0682452557522157	0.1
1.33638917	0.0682452557522157	0.1
1.336413828	0.0682452557522157	0.1
1.336595099	0.0675754288750992	0.1
1.336665633	0.0675754288750992	0.1
1.336979907	0.0675754288750992	0.1
1.337117106	0.0675754288750992	0.1
1.337524247	0.0675754288750992	0.1
1.337777279	0.0675754288750992	0.1
1.337887386	0.0675754288750992	0.1
1.338686534	0.0675754288750992	0.1
1.340005107	0.0675754288750992	0.1
1.342315002	0.0675754288750992	0.1
1.350085516	0.0784393121945176	0.11
1.360533959	0.0844240743503358	0.1
1.360981621	0.0844240743503358	0.1
1.36116959	0.0844240743503358	0.1
1.361338457	0.0844240743503358	0.1
1.36135761	0.0844240743503358	0.1
1.362110213	0.0844240743503358	0.1
1.362279458	0.0844240743503358	0.1
1.365659238	0.0860657350808221	0.1
1.369020462	0.0877725074657329	0.1
1.370127164	0.0844240743503358	0.11
1.377139612	0.096755830434388	0.11
1.377544294	0.096755830434388	0.11
1.430594094	0.102241935302534	0.1
1.436494579	0.102241935302534	0.11
1.448119954	0.0985179243102481	0.12
1.450462129	0.0958982116174059	0.12
1.450674974	0.0958982116174059	0.12
1.450928234	0.0958982116174059	0.12
1.454856842	0.0958982116174059	0.12
1.45657643	0.0958982116174059	0.13
1.484067531	0.0958982116174059	0.15
1.484117024	0.0958982116174059	0.15
1.485393153	0.0958982116174059	0.15
1.485917469	0.0934142128842012	0.16
1.488337206	0.0958982116174059	0.16
1.511964569	0.0942277897887134	0.18
1.512403577	0.0942277897887134	0.18
1.513239565	0.0942277897887134	0.18
1.515375804	0.0942277897887134	0.18
1.517647523	0.0926145648067374	0.19
1.519065464	0.0926145648067374	0.19
1.523536021	0.0926145648067374	0.19
1.558319819	0.151053387923321	0.23
1.558531046	0.151053387923321	0.23
1.561070241	0.149875584973475	0.22
1.56916589	0.167775720384819	0.22
1.652341299	0.167741037611108	0.14
1.707257935	0.207346308615928	0.08
1.718627381	0.202230393677881	0.07
1.758275756	0.210903184958092	0.03
1.77492366	0.237370683359174	0.01
1.777374698	0.220353184755647	0.01
1.778615293	0.214584222491268	0.01
1.780115455	0.203907415727064	0.01
1.780657571	0.203907415727064	0.01
1.780657572	0.203907415727064	0.01
1.780839524	0.200580731705014	0.01
1.780928629	0.200580731705014	0.01
1.78092863	0.200580731705014	0.01
1.781140367	0.200580731705014	0.01
1.781170032	0.200580731705014	0.01
1.781381862	0.200580731705014	0.01
1.781411498	0.200580731705014	0.01
1.781411499	0.200580731705014	0.01
1.781623424	0.200580731705014	0.01
1.781653031	0.200580731705014	0.01
1.7818108	0.200580731705014	0.01
1.781835463	0.200580731705014	0.01
1.781894629	0.200580731705014	0.01
1.782136292	0.198957765669775	0.01
1.782136293	0.198957765669775	0.01
1.782378022	0.195789370621279	0.01
1.782531315	0.195789370621279	0.01
1.782590324	0.195789370621279	0.01
1.782619816	0.195789370621279	0.01
1.783286774	0.195789370621279	0.01
1.783345594	0.195789370621279	0.01
1.783587651	0.195789370621279	0.01
1.78377107	0.195789370621279	0.01
1.783925287	0.195789370621279	0.01
1.784013316	0.195789370621279	0.01
1.784314217	0.195789370621279	0.01
1.78446873	0.195789370621279	0.01
1.784933025	0.194242716588017	0.01
1.785322292	0.212596406162203	0.01
1.786357195	0.212596406162203	0.01
1.788266632	0.204977662777115	0.01
1.788872102	0.209836637952056	0.01
1.789747139	0.209836637952056	0.01
1.790033715	0.209836637952056	0.01
1.790095821	0.209836637952056	0.01
1.790737455	0.222122555308292	0.01
1.79204453	0.217751358651619	0.02
1.792147241	0.217751358651619	0.02
1.794856772	0.198606236665674	0.02
1.795060195	0.191361090926462	0.02
1.796669094	0.167884196552937	0.02
1.808733518	0.157211392483343	0.03
1.809599251	0.157211392483343	0.03
1.813215031	0.0969002604596182	0.03
1.813240824	0.0969002604596182	0.03
1.813716026	0.0918284908900449	0.03
1.814596154	0.0805814476064571	0.03
1.814621756	0.0805814476064571	0.03
1.814621757	0.0805814476064571	0.03
1.814872379	0.0805814476064571	0.03
1.815039963	0.0828438690975567	0.03
1.815123071	0.0828438690975567	0.03
1.815169565	0.0828438690975567	0.03
1.815288509	0.0828438690975567	0.03
1.815624663	0.085237000870877	0.03
1.815850116	0.085237000870877	0.03
1.815875562	0.085237000870877	0.03
1.816377569	0.086910742587635	0.03
1.81637757	0.086910742587635	0.03
1.816628678	0.086910742587635	0.03
1.816879855	0.086910742587635	0.03
1.817382419	0.086910742587635	0.03
1.818036082	0.086910742587635	0.03
1.818363245	0.153494063516303	0.04
1.819410514	0.155703061831993	0.04
1.819581019	0.155703061831993	0.04
1.82134289	0.137417160965702	0.04
1.823267442	0.0945709779446219	0.04
1.823345161	0.0873786871068376	0.04
1.828939845	0.0886515331812025	0.04
1.829051906	0.0886515331812025	0.04
1.829613575	0.0886515331812025	0.04
1.836263396	0.0813217318537752	0.05
1.83758722	0.0828438690975567	0.05
1.837659261	0.0828438690975567	0.05
1.839735229	0.0860657350808221	0.05
1.844053766	0.0902957060741292	0.06
1.860668056	0.150644423323202	0.08
1.860714054	0.150644423323202	0.08
1.872927722	0.0860657350808221	0.08
1.876458705	0.075111439601203	0.09
1.877534086	0.075111439601203	0.09
1.932723098	0.0757542306223444	0.13
1.933588634	0.0757542306223444	0.13
1.93486401	0.0757542306223444	0.13
1.937910579	0.0736276662765552	0.13
1.938309591	0.0736276662765552	0.13
1.938319698	0.0736276662765552	0.13
1.939501786	0.0750318569106959	0.13
1.945075766	0.0757542306223444	0.14
1.961031557	0.0609905835507837	0.15
2.045755957	0.118260458272357	0.23
2.049316864	0.106520086716574	0.24
2.058434493	0.10509732387084	0.25
2.058810915	0.106520086716574	0.25
2.067556414	0.10509732387084	0.26
2.077371996	0.10509732387084	0.27
2.077653506	0.10509732387084	0.27
2.07768814	0.10509732387084	0.27
2.077935092	0.10509732387084	0.27
2.079378601	0.106520086716574	0.27
2.080200147	0.0944628497452977	0.27
2.114638141	0.0930793540767414	0.3
2.116340052	0.114809368721365	0.3
2.117539144	0.102362852508277	0.31
2.130868897	0.0919399692085812	0.32
2.175983465	0.114809368721365	0.36
2.201956234	0.0907283981495033	0.39
2.21647999	0.115937132052244	0.4
2.22342495	0.0925579706325709	0.41
2.225736601	0.109484392956721	0.41
2.22607531	0.112618406990001	0.41
2.226980498	0.104034714322684	0.42
2.244892022	0.154249574737521	0.43
2.268175967	0.200338623532926	0.41
2.273953022	0.20364760427263	0.4
2.283420782	0.206943604984833	0.39
2.287430653	0.208191584329815	0.39
2.36737444	0.209629585929053	0.31
2.396315913	0.221428023593871	0.29
2.401471639	0.234633753614336	0.28
2.57811595	0.205203934221487	0.16
2.63880046	0.205203934221487	0.1
2.644514931	0.207263082755931	0.09
2.64482266	0.207263082755931	0.09
2.65353762	0.201205990970624	0.09
2.669724846	0.203185298275321	0.08
2.670697515	0.203185298275321	0.08
2.67074212	0.203185298275321	0.08
2.670831293	0.203185298275321	0.08
2.671148642	0.203185298275321	0.08
2.671193179	0.203185298275321	0.08
2.671237545	0.203185298275321	0.08
2.671237705	0.203185298275321	0.08
2.671599486	0.203185298275321	0.08
2.671599646	0.203185298275321	0.08
2.671872794	0.207263082755931	0.07
2.671961685	0.207263082755931	0.07
2.672323822	0.205203934221487	0.07
2.67300408	0.205203934221487	0.07
2.673366554	0.205203934221487	0.07
2.673410821	0.205203934221487	0.07
2.67498819	0.203185298275321	0.07
2.675906626	0.203185298275321	0.07
2.67595059	0.203185298275321	0.07
2.677404052	0.203185298275321	0.07
2.678640892	0.203185298275321	0.07
2.679543675	0.203185298275321	0.07
2.679587204	0.203185298275321	0.07
2.681604422	0.203185298275321	0.07
2.697875326	0.203185298275321	0.06
2.714352711	0.205203934221487	0.07
2.720992773	0.203185298275321	0.08
2.721339166	0.203185298275321	0.08
2.721753239	0.203185298275321	0.08
2.722090639	0.203185298275321	0.08
2.72212898	0.203185298275321	0.08
2.722504826	0.203185298275321	0.08
2.725138453	0.197360852756028	0.09
2.727362573	0.197360852756028	0.09
2.728042156	0.197360852756028	0.09
2.728457177	0.197360852756028	0.09
2.730687704	0.201205990970624	0.09
2.733911556	0.201205990970624	0.09
2.734951629	0.197360852756028	0.09
2.741703646	0.197360852756028	0.09
2.742221604	0.197360852756028	0.09
2.744776734	0.193478516959468	0.1
2.758261585	0.197360852756028	0.11
2.784781798	0.191594069000058	0.12
2.814579483	0.191594069000058	0.15
2.870516676	0.193478516959468	0.2
2.884109016	0.191594069000058	0.22
2.885327778	0.191594069000058	0.22
2.901070252	0.189745975363107	0.24
3.116832706	0.203907415727064	0.45
3.153761559	0.232324489684295	0.49
3.190582361	0.23405214448679	0.52
3.194633906	0.232324489684295	0.53
3.479484296	0.230622153345262	0.81
3.557717034	0.227291241986725	0.890000000000001
3.561648443	0.234633753614336	0.890000000000001
3.562131134	0.25608845918421	0.890000000000001
3.565454716	0.236989385778315	0.900000000000001
3.567214517	0.236989385778315	0.900000000000001
3.568359469	0.236989385778315	0.900000000000001
3.571210711	0.239821997694174	0.900000000000001
3.572123566	0.25141273824696	0.900000000000001
3.579984214	0.240381097405805	0.910000000000001
3.62901857	0.199264874048672	0.950000000000001
3.629519691	0.199264874048672	0.950000000000001
3.630972932	0.225846669308586	0.960000000000001
3.631169027	0.227338148843505	0.960000000000001
3.639968026	0.229757638978963	0.970000000000001
3.82876748	0.217168580514223	1.12
4.442577106	0.235534202808637	1.73
4.452121847	0.235534202808637	1.74
4.45272527	0.235534202808637	1.74
4.464002998	0.235534202808637	1.75
4.475601202	0.2491383263262	1.76
4.478685952	0.2491383263262	1.76
4.480518943	0.2491383263262	1.76
4.536342962	0.242555473009713	1.82
4.537444354	0.242555473009713	1.82
4.537596069	0.242555473009713	1.82
4.550359745	0.242555473009713	1.83
4.773228095	0.240437818247929	2.06
4.848628454	0.242555473009713	2.13
4.895921957	0.242555473009713	2.18
5.341769851	0.282343260421609	2.59999999999999
5.342582978	0.289262977942644	2.58999999999999
5.343129076	0.289262977942644	2.58999999999999
5.346842194	0.289262977942644	2.58999999999999
5.443653327	0.296530396245295	2.62999999999999
5.445157132	0.296530396245295	2.63999999999999
6.232084175	0.339132014833808	2.67999999999999
6.2338777	0.339132014833808	2.67999999999999
6.244676548	0.339132014833808	2.68999999999999
6.35095118	0.344075238962475	2.78999999999998
7	0.323633533582304	3.42999999999997
