thrs	post_p	finalwindow
0	0.05766841912385	0.23
0.03256001	0.0510638408994794	0.21
0.070216248	0.043883994489652	0.19
0.082355146	0.0426836840915898	0.19
0.089689176	0.0426836840915898	0.2
0.093809574	0.0829608613587001	0.21
0.103967892	0.0829608613587001	0.2
0.123778241	0.0829608613587001	0.18
0.127200542	0.0338801613300197	0.17
0.129609166	0.0628982106159702	0.17
0.130460633	0.0610526447250517	0.17
0.148427326	0.0791727976627453	0.16
0.148782099	0.0785748320202386	0.16
0.151339737	0.0593122970849518	0.15
0.155752372	0.080396454560779	0.15
0.161204767	0.0593122970849518	0.14
0.172569069	0.0856942520755657	0.13
0.178113806	0.0797799343049659	0.13
0.178140913	0.0797799343049659	0.13
0.178358463	0.0797799343049659	0.13
0.181430774	0.0593122970849518	0.12
0.181486035	0.0593122970849518	0.12
0.191788381	0.0598812828058634	0.11
0.194681585	0.0829608613587001	0.11
0.222049977	0.0864059771345672	0.09
0.222622275	0.0942323510113416	0.08
0.222656148	0.0942323510113416	0.08
0.222686318	0.0942323510113416	0.08
0.222716495	0.0925556723366824	0.08
0.223196808	0.0917395105866387	0.08
0.226694446	0.0878654933073253	0.08
0.226728961	0.0878654933073253	0.08
0.226867021	0.0878654933073253	0.08
0.226982815	0.0878654933073253	0.08
0.227177477	0.0878654933073253	0.08
0.230426372	0.0878654933073253	0.08
0.241897099	0.0825949540855083	0.07
0.24235868	0.0825949540855083	0.07
0.242875367	0.0833300250999591	0.07
0.243116147	0.0833300250999591	0.07
0.249436037	0.0711999800915106	0.06
0.256259656	0.0654416645733317	0.07
0.256650521	0.0654416645733317	0.07
0.259750174	0.0648588341494812	0.07
0.263775407	0.0705106089859328	0.06
0.272151172	0.0672547458225272	0.06
0.296044019	0.0581287261355613	0.07
0.296834617	0.0705106089859328	0.06
0.296839561	0.0705106089859328	0.06
0.296839653	0.0705106089859328	0.06
0.296874128	0.0705106089859328	0.06
0.296879772	0.0705106089859328	0.06
0.296919994	0.0705106089859328	0.06
0.296960227	0.0705106089859328	0.06
0.297156652	0.0691711537040143	0.06
0.29723727	0.0691711537040143	0.06
0.297345093	0.0691711537040143	0.06
0.298432807	0.0685203302352319	0.06
0.29855614	0.0685203302352319	0.06
0.299120783	0.0685203302352319	0.06
0.29926506	0.0685203302352319	0.06
0.299931082	0.0685203302352319	0.06
0.301159527	0.0672547458225272	0.06
0.301373268	0.0672547458225272	0.06
0.30240618	0.0711999800915106	0.06
0.302452098	0.0711999800915106	0.06
0.302453753	0.0711999800915106	0.06
0.302531356	0.0711999800915106	0.06
0.302535608	0.0711999800915106	0.06
0.302694303	0.0711999800915106	0.06
0.303062807	0.0711999800915106	0.06
0.303998368	0.0698344591019487	0.06
0.304168238	0.0698344591019487	0.06
0.305094409	0.0698344591019487	0.06
0.306047128	0.0698344591019487	0.06
0.307314933	0.0678816396565413	0.06
0.308759935	0.0660350647676494	0.06
0.319078068	0.0711999800915106	0.05
0.320290117	0.0711999800915106	0.05
0.322435043	0.0719029640328282	0.05
0.322777267	0.0719029640328282	0.05
0.323165924	0.0719029640328282	0.05
0.323808824	0.0719029640328282	0.05
0.324596864	0.0711999800915106	0.05
0.328591896	0.0719029640328282	0.04
0.330254195	0.0719029640328282	0.04
0.333944256	0.0711999800915106	0.04
0.338071632	0.0856158946135448	0.05
0.350684009	0.0848401299502902	0.06
0.356200611	0.08116304283477	0.06
0.356206548	0.08116304283477	0.06
0.356351443	0.08116304283477	0.06
0.356437896	0.0791059079731886	0.06
0.356490553	0.0791059079731886	0.06
0.357086112	0.0923730505485577	0.06
0.357959666	0.0758996889308451	0.07
0.360733393	0.0752893824245405	0.07
0.362945858	0.0752893824245405	0.07
0.363936107	0.0752893824245405	0.07
0.366130409	0.0758996889308451	0.07
0.367161303	0.0888662085580006	0.07
0.367663989	0.0813393106760897	0.07
0.37384574	0.0919015893877167	0.08
0.381649088	0.0674463994676599	0.07
0.382008897	0.0674463994676599	0.07
0.386863037	0.0691711537040143	0.06
0.386909127	0.0745059446668146	0.06
0.389222512	0.070986434498715	0.06
0.411578949	0.0853158505455587	0.04
0.412388288	0.0853158505455587	0.04
0.415772448	0.0563302237754116	0.03
0.416416237	0.0691711537040143	0.03
0.418471182	0.0786828802857892	0.03
0.419019267	0.0776155881938536	0.03
0.423143546	0.0750698791382189	0.03
0.428769674	0.0792276097876654	0.02
0.438815006	0.0864059771345672	0.01
0.440249622	0.084492137987998	0.01
0.444499874	0.0896640202644407	0.01
0.444770984	0.0882381091599647	0.01
0.445117302	0.0882381091599647	0.01
0.445156208	0.0882381091599647	0.01
0.445185067	0.0877728305440275	0.01
0.445185068	0.0877728305440275	0.01
0.445245414	0.0877728305440275	0.01
0.44525283	0.0877728305440275	0.01
0.445252832	0.0877728305440275	0.01
0.445252833	0.0877728305440275	0.01
0.445252835	0.0877728305440275	0.01
0.445305777	0.0877728305440275	0.01
0.445313187	0.0877728305440275	0.01
0.445313188	0.0877728305440275	0.01
0.44531319	0.0877728305440275	0.01
0.445373562	0.0877728305440275	0.01
0.445419149	0.0877728305440275	0.01
0.445433949	0.0877728305440275	0.01
0.445479567	0.0873124330086414	0.01
0.445494353	0.0873124330086414	0.01
0.445540001	0.0873124330086414	0.01
0.445554774	0.0864059771345672	0.01
0.445578303	0.0864059771345672	0.01
0.445615211	0.0864059771345672	0.01
0.445653547	0.0864059771345672	0.01
0.445675664	0.0864059771345672	0.01
0.445691925	0.0864059771345672	0.01
0.445736134	0.0864059771345672	0.01
0.445849774	0.0961680376189407	0.01
0.445917642	0.0961680376189407	0.01
0.446341735	0.0947089303735789	0.01
0.446351359	0.0947089303735789	0.01
0.446394864	0.0947089303735789	0.01
0.446455777	0.0947089303735789	0.01
0.44656991	0.0942323510113416	0.01
0.446633323	0.0942323510113416	0.01
0.446772341	0.0942323510113416	0.01
0.446888185	0.0932934379231888	0.01
0.447158639	0.0932934379231888	0.01
0.447649603	0.0928309629601127	0.01
0.447928306	0.0919196335020892	0.01
0.448791313	0.100611495663529	0.01
0.449051315	0.101100358568263	0.01
0.452986292	0.100611495663529	0.01
0.453117722	0.100611495663529	0.01
0.453312195	0.0996478171556575	0.01
0.453607731	0.0996478171556575	0.01
0.453670383	0.0996478171556575	0.01
0.45367678	0.0996478171556575	0.01
0.453782962	0.0996478171556575	0.01
0.453802119	0.0996478171556575	0.01
0.453864805	0.0996478171556575	0.01
0.453864814	0.0996478171556575	0.01
0.453927527	0.0996478171556575	0.01
0.453977538	0.0996478171556575	0.01
0.453990257	0.0996478171556575	0.01
0.454131662	0.0996478171556575	0.01
0.454159539	0.0996478171556575	0.01
0.454172215	0.0996478171556575	0.01
0.454228692	0.0996478171556575	0.01
0.454278877	0.0996478171556575	0.01
0.454291524	0.0996478171556575	0.01
0.454297847	0.0996478171556575	0.01
0.454379121	0.0996478171556575	0.01
0.454423548	0.0996478171556575	0.01
0.454543029	0.101100358568263	0.01
0.454637485	0.101100358568263	0.01
0.455180191	0.102092476301673	0.01
0.455439212	0.107745092066411	0.01
0.455550168	0.115079388432931	0.01
0.455755613	0.133215574183148	0.01
0.456133439	0.0964156043942926	0.02
0.456159276	0.0964156043942926	0.02
0.456455968	0.0964156043942926	0.02
0.456880284	0.0964156043942926	0.02
0.45760535	0.0946610556203417	0.02
0.457901934	0.0946610556203417	0.02
0.458619789	0.0942323510113416	0.02
0.458664131	0.0942323510113416	0.02
0.460382332	0.0946610556203417	0.02
0.462114195	0.0946610556203417	0.02
0.46331093	0.0946610556203417	0.02
0.464728436	0.0929692232892367	0.02
0.473676694	0.0901496205195796	0.03
0.474072423	0.0901496205195796	0.03
0.47699163	0.0840782974378425	0.03
0.478409458	0.0880307111041293	0.03
0.478888149	0.0897177173493341	0.03
0.479732593	0.0923730505485577	0.03
0.483511101	0.0843054067073914	0.04
0.483671852	0.0843054067073914	0.04
0.483988273	0.0843054067073914	0.04
0.484225862	0.0843054067073914	0.04
0.484458594	0.0843054067073914	0.04
0.485802156	0.0976336351725914	0.04
0.48628356	0.0914706459469793	0.04
0.489107131	0.08116304283477	0.04
0.499369323	0.0810225776673633	0.05
0.50407637	0.0815670689124216	0.06
0.511690912	0.0757155605806205	0.06
0.514553924	0.0815670689124216	0.07
0.51473946	0.0815670689124216	0.07
0.514742139	0.0815670689124216	0.07
0.514971335	0.0818727380946347	0.07
0.515124567	0.0821807068594114	0.07
0.516063638	0.0842528880456809	0.07
0.518492841	0.0710610295952941	0.07
0.520735072	0.0735737320550001	0.07
0.529143364	0.0275905872990754	0.07
0.534226929	0.0288664989010338	0.07
0.534308248	0.0288664989010338	0.07
0.534888196	0.0974417918369938	0.07
0.536755919	0.0302661399712746	0.06
0.539174229	0.0898501691989129	0.07
0.544416783	0.0910600715154461	0.07
0.546060858	0.106893518260215	0.06
0.556645891	0.111291535596683	0.05
0.556807604	0.111291535596683	0.05
0.55802857	0.108610343063292	0.05
0.559788571	0.1060552998907	0.05
0.562444529	0.107745092066411	0.05
0.566766402	0.125781992019679	0.04
0.572491616	0.120192906727515	0.04
0.57444178	0.116150050660683	0.04
0.586308239	0.124241367329529	0.03
0.59079165	0.124241367329529	0.04
0.591193432	0.124241367329529	0.04
0.593573546	0.124241367329529	0.04
0.593673806	0.124241367329529	0.04
0.593673808	0.124241367329529	0.04
0.593754277	0.124241367329529	0.04
0.593754278	0.124241367329529	0.04
0.59375428	0.124241367329529	0.04
0.593834769	0.124241367329529	0.04
0.595015574	0.124241367329529	0.04
0.595887104	0.121816774335699	0.04
0.596219211	0.118352274917312	0.04
0.597117526	0.120639622196109	0.04
0.602148457	0.115079388432931	0.04
0.604317115	0.115079388432931	0.04
0.604813246	0.115079388432931	0.04
0.604905308	0.115079388432931	0.04
0.60490531	0.115079388432931	0.04
0.604905312	0.115079388432931	0.04
0.604988853	0.115079388432931	0.04
0.605716504	0.115079388432931	0.04
0.605724938	0.115079388432931	0.04
0.606051871	0.115079388432931	0.04
0.606824709	0.115079388432931	0.04
0.607971158	0.123017125177929	0.03
0.608524688	0.121816774335699	0.03
0.608756287	0.121816774335699	0.03
0.635412418	0.136837863927844	0.05
0.636066531	0.136837863927844	0.05
0.637031954	0.139125247660263	0.05
0.637881775	0.139125247660263	0.05
0.638075882	0.139125247660263	0.05
0.641599528	0.140297858183736	0.05
0.644129804	0.132481556746456	0.06
0.646569798	0.134624478172661	0.06
0.648110758	0.134624478172661	0.06
0.648827538	0.134624478172661	0.06
0.659386285	0.127526135387068	0.07
0.667472678	0.124825952385051	0.08
0.669490645	0.124825952385051	0.08
0.671132308	0.123951123302094	0.08
0.678915807	0.152091284326492	0.08
0.680410924	0.152091284326492	0.08
0.68060848	0.152091284326492	0.08
0.680786967	0.152091284326492	0.08
0.689921535	0.142377902153107	0.09
0.690723937	0.13858471137961	0.09
0.692614054	0.139826449954292	0.09
0.696262833	0.132692774046956	0.1
0.7123899	0.123260039658671	0.11
0.712401774	0.123260039658671	0.11
0.713541741	0.123260039658671	0.11
0.714295462	0.123260039658671	0.11
0.715653707	0.113406788357774	0.12
0.715679053	0.113406788357774	0.12
0.717816093	0.119485002667672	0.12
0.719314887	0.119485002667672	0.12
0.726772429	0.117682888780701	0.13
0.744518666	0.101593995357444	0.14
0.7500464	0.0508972950935667	0.13
0.756100951	0.0455491519967085	0.13
0.762884543	0.108197622659433	0.13
0.763491091	0.113043796860371	0.13
0.765321243	0.109986571807954	0.13
0.766651587	0.109716821960321	0.13
0.772093843	0.105071163482713	0.12
0.772264397	0.109048200893852	0.12
0.779976345	0.108125706300274	0.12
0.786383987	0.1060552998907	0.11
0.793117932	0.109513564841173	0.1
0.797194853	0.106612643796469	0.1
0.799403767	0.102829888186927	0.1
0.812482547	0.103617707767124	0.08
0.817085993	0.108153222796978	0.08
0.828284953	0.109048200893852	0.07
0.849686346	0.112141471665836	0.05
0.861362559	0.115079388432931	0.03
0.861783488	0.114263948728185	0.03
0.864973627	0.124111353466837	0.03
0.866065884	0.122193293988574	0.03
0.867661243	0.118529696712663	0.03
0.870144812	0.113103966759857	0.03
0.874413626	0.126494034952187	0.02
0.875213305	0.124111353466837	0.02
0.877564409	0.11888614093957	0.02
0.87832845	0.118529696712663	0.02
0.880342154	0.112781304528856	0.02
0.882218863	0.117103356675228	0.01
0.88244613	0.119902298208332	0.01
0.882485476	0.119902298208332	0.01
0.883236842	0.128064793996001	0.01
0.884296127	0.130244677910559	0.01
0.885048106	0.128969992261026	0.01
0.885800269	0.127720015117696	0.01
0.886381245	0.127308723076804	0.01
0.887670141	0.12372293942398	0.01
0.888863234	0.121442567928553	0.01
0.889209764	0.121442567928553	0.01
0.889576687	0.119968453571914	0.01
0.889752182	0.119968453571914	0.01
0.890068113	0.119244735441335	0.01
0.890218543	0.118529696712663	0.01
0.890218544	0.118529696712663	0.01
0.890228158	0.118529696712663	0.01
0.890309475	0.117823182181156	0.01
0.890339212	0.117823182181156	0.01
0.890354074	0.118529696712663	0.01
0.890354075	0.118529696712663	0.01
0.890459913	0.118529696712663	0.01
0.890474761	0.118529696712663	0.01
0.890489605	0.118529696712663	0.01
0.890489606	0.118529696712663	0.01
0.890506418	0.118529696712663	0.01
0.890580647	0.118529696712663	0.01
0.89061031	0.118529696712663	0.01
0.890610311	0.118529696712663	0.01
0.89068659	0.118529696712663	0.01
0.890701414	0.118529696712663	0.01
0.890716233	0.118529696712663	0.01
0.890731048	0.118529696712663	0.01
0.890731049	0.118529696712663	0.01
0.890837018	0.118529696712663	0.01
0.890851819	0.118529696712663	0.01
0.890957836	0.118529696712663	0.01
0.890972622	0.118529696712663	0.01
0.890972623	0.118529696712663	0.01
0.891093459	0.118529696712663	0.01
0.891214328	0.118529696712663	0.01
0.891244043	0.118529696712663	0.01
0.891320486	0.118529696712663	0.01
0.891382479	0.118529696712663	0.01
0.891441435	0.118529696712663	0.01
0.891456164	0.118529696712663	0.01
0.89149835	0.118529696712663	0.01
0.891521465	0.118175383477577	0.01
0.891562417	0.118175383477577	0.01
0.891577132	0.118175383477577	0.01
0.891698132	0.118175383477577	0.01
0.891793338	0.118175383477577	0.01
0.892012117	0.117823182181156	0.01
0.89206133	0.117823182181156	0.01
0.89216782	0.117125040320636	0.01
0.892182462	0.117125040320636	0.01
0.892215798	0.117125040320636	0.01
0.892245091	0.117473073996704	0.01
0.89229733	0.117473073996704	0.01
0.892546055	0.118175383477577	0.01
0.892951888	0.119837909277598	0.01
0.89308003	0.119837909277598	0.01
0.893142511	0.119837909277598	0.01
0.893313967	0.119837909277598	0.01
0.893320622	0.119837909277598	0.01
0.893352088	0.119837909277598	0.01
0.893395592	0.119837909277598	0.01
0.894189143	0.118785388513491	0.01
0.89422449	0.118093919494314	0.01
0.894232534	0.118093919494314	0.01
0.894511483	0.119485002667672	0.01
0.894690708	0.119134168480242	0.01
0.894906463	0.119134168480242	0.01
0.895081202	0.119485002667672	0.01
0.895300675	0.119485002667672	0.01
0.89539422	0.119134168480242	0.01
0.895638516	0.119134168480242	0.01
0.89592425	0.119485002667672	0.01
0.896396617	0.119485002667672	0.01
0.89685771	0.119134168480242	0.01
0.896928207	0.118785388513491	0.01
0.897197773	0.122692763988095	0.01
0.897316929	0.12147810755367	0.01
0.898155973	0.106618734066862	0.01
0.898455429	0.104981527803862	0.01
0.898485328	0.104981527803862	0.01
0.898662437	0.103842545009943	0.01
0.898755243	0.103393842044576	0.01
0.899310528	0.101421749782763	0.01
0.899325427	0.101421749782763	0.01
0.899413875	0.102746782036613	0.01
0.899974537	0.101257380229184	0.01
0.900113547	0.101257380229184	0.01
0.900307304	0.102316786411977	0.01
0.90151373	0.0689016761087196	0.01
0.901947653	0.0801032352012787	0.01
0.902162268	0.0807577621096225	0.01
0.902860993	0.066235263517167	0.01
0.902919093	0.066235263517167	0.01
0.902932441	0.066235263517167	0.01
0.903166806	0.0620937657451494	0.01
0.903685884	0.0546396727028706	0.01
0.903876527	0.0546396727028706	0.01
0.904220945	0.0551221756474203	0.01
0.904513058	0.0561132060026585	0.01
0.905345526	0.0551221756474203	0.01
0.906154318	0.0551221756474203	0.01
0.906197141	0.0548798636559623	0.01
0.906508268	0.0553666368970136	0.01
0.906922556	0.0548798636559623	0.01
0.907060652	0.0556132761273486	0.01
0.90712089	0.0556132761273486	0.01
0.907185931	0.0556132761273486	0.01
0.907198748	0.0561132060026585	0.01
0.907199842	0.0561132060026585	0.01
0.907311244	0.0556132761273486	0.01
0.907336843	0.0558621225751189	0.01
0.907336844	0.0558621225751189	0.01
0.907449378	0.0558621225751189	0.01
0.90746216	0.0558621225751189	0.01
0.907536422	0.0558621225751189	0.01
0.907574745	0.0558621225751189	0.01
0.907587512	0.0558621225751189	0.01
0.907700146	0.0558621225751189	0.01
0.907712898	0.0558621225751189	0.01
0.907951053	0.0558621225751189	0.01
0.908076559	0.0553666368970136	0.01
0.908089263	0.0553666368970136	0.01
0.908089264	0.0553666368970136	0.01
0.908151307	0.0553666368970136	0.01
0.90817671	0.0556132761273486	0.01
0.908189407	0.0556132761273486	0.01
0.908202099	0.0556132761273486	0.01
0.908289632	0.0553666368970136	0.01
0.908453284	0.0553666368970136	0.01
0.908566283	0.0556132761273486	0.01
0.908577365	0.0556132761273486	0.01
0.908578929	0.0556132761273486	0.01
0.908691978	0.0561132060026585	0.01
0.908729307	0.0561132060026585	0.01
0.908816452	0.0566222055461058	0.01
0.908855181	0.0566222055461058	0.01
0.908943472	0.0566222055461058	0.01
0.908956071	0.0566222055461058	0.01
0.909183517	0.0566222055461058	0.01
0.909270732	0.0566222055461058	0.01
0.909308419	0.0566222055461058	0.01
0.909346075	0.0574032578360848	0.01
0.90938549	0.0574032578360848	0.01
0.909409249	0.0574032578360848	0.01
0.909620416	0.05766841912385	0.01
0.909642167	0.05766841912385	0.01
0.909896599	0.0568801839233063	0.01
0.909914657	0.0568801839233063	0.01
0.909925885	0.0568801839233063	0.01
0.910051995	0.0568801839233063	0.01
0.910204731	0.0574032578360848	0.01
0.910467776	0.0579360414844468	0.01
0.91113001	0.0579360414844468	0.01
0.911351929	0.0579360414844468	0.01
0.911383512	0.0571405238282504	0.01
0.911632099	0.0574032578360848	0.01
0.911747931	0.0574032578360848	0.01
0.911776598	0.0574032578360848	0.01
0.912015459	0.0568801839233063	0.01
0.912967277	0.0582061593409925	0.01
0.913139907	0.0582061593409925	0.01
0.913244462	0.0584788077615813	0.01
0.914696902	0.0672547458225272	0.01
0.914870556	0.0672547458225272	0.01
0.914968567	0.0672547458225272	0.01
0.914983658	0.0672547458225272	0.01
0.915026039	0.0672547458225272	0.01
0.915559183	0.0669456210190939	0.01
0.916024822	0.0669456210190939	0.01
0.916163647	0.0672547458225272	0.01
0.916208994	0.0675667386682354	0.01
0.916688985	0.0678816396565413	0.01
0.916912552	0.0678816396565413	0.01
0.917248255	0.05766841912385	0.01
0.917957453	0.0595548186675053	0.01
0.918238351	0.0719029640328282	0.01
0.918456927	0.0686342900316905	0.02
0.918483627	0.0686342900316905	0.02
0.919822583	0.0708333484265823	0.02
0.920002472	0.0714053090465074	0.02
0.921364075	0.0722807814365062	0.02
0.921783065	0.0725773957310126	0.02
0.922787758	0.0734820270526426	0.02
0.923268187	0.0706388473828778	0.02
0.923473233	0.0706388473828778	0.02
0.924160807	0.0712435136289296	0.02
0.924507726	0.0718586210984863	0.02
0.924627878	0.0721701751724403	0.02
0.925553967	0.0724844425914701	0.02
0.927872541	0.0696859608671652	0.02
0.93220206	0.0668191587297377	0.03
0.933174706	0.0641094419212281	0.03
0.934071327	0.0648588341494812	0.03
0.93534835	0.0656259532802378	0.03
0.938446291	0.0556132761273486	0.03
0.938770844	0.0583876415892412	0.03
0.941112169	0.0610526447250517	0.03
0.944027825	0.041218073945646	0.03
0.948845214	0.0489802918966108	0.03
0.953473419	0.0390519881372385	0.04
0.954119877	0.0390519881372385	0.04
0.954191796	0.0390519881372385	0.04
0.955985355	0.04222174618859	0.04
0.956018846	0.04222174618859	0.04
0.956296714	0.0436385619745852	0.04
0.956766863	0.0443832359278516	0.04
0.956793172	0.0443832359278516	0.04
0.957077957	0.0447651855867219	0.04
0.957486775	0.0455491519967085	0.04
0.959031973	0.0476347015992684	0.04
0.959857154	0.0489802918966108	0.04
0.964446178	0.0390519881372385	0.05
0.966980911	0.0447651855867219	0.05
0.966980912	0.0447651855867219	0.05
0.966986309	0.0447651855867219	0.05
0.967139043	0.0447651855867219	0.05
0.967297223	0.0455491519967085	0.05
0.967302571	0.0455491519967085	0.05
0.967302572	0.0455491519967085	0.05
0.967460779	0.0455491519967085	0.05
0.96746078	0.0455491519967085	0.05
0.967608447	0.0455491519967085	0.05
0.967772081	0.0455491519967085	0.05
0.967925221	0.0455491519967085	0.05
0.967935716	0.0455491519967085	0.05
0.968083686	0.0463610668512127	0.05
0.968088909	0.0463610668512127	0.05
0.968237002	0.0463610668512127	0.05
0.969035555	0.0476347015992684	0.05
0.969666194	0.0476347015992684	0.05
0.970442597	0.0494458760811415	0.05
0.973457204	0.0346320422989793	0.06
0.973766743	0.0339538770923989	0.06
0.974203145	0.0333017614663735	0.06
0.97801719	0.0365803745162884	0.06
0.978183481	0.0365803745162884	0.06
0.981915796	0.039951791127576	0.06
0.985118954	0	0.05
1.019804062	0.0403390656043868	0.06
1.022530753	0.040733921698924	0.06
1.023898132	0.040733921698924	0.06
1.027042278	0.0371021991411229	0.07
1.029271857	0.0391991300359682	0.07
1.029637844	0.0391991300359682	0.07
1.029659545	0.0391991300359682	0.07
1.030392053	0.0395718819833775	0.07
1.030397618	0.0395718819833775	0.07
1.030958443	0.0395718819833775	0.07
1.031720423	0.0395718819833775	0.07
1.032104884	0.0395718819833775	0.07
1.0327094	0.0395718819833775	0.07
1.033463082	0.0395718819833775	0.07
1.034014818	0.0395718819833775	0.07
1.034376329	0.0395718819833775	0.07
1.034854243	0.039951791127576	0.07
1.035677928	0.039951791127576	0.07
1.036124234	0.039951791127576	0.07
1.038905957	0.0361356724864085	0.08
1.041709188	0.0371021991411229	0.08
1.043349328	0.0371021991411229	0.08
1.044012776	0.0371021991411229	0.08
1.056246636	0.0340650541650434	0.09
1.058571278	0.0329850076702197	0.1
1.067971123	0.0327256129297586	0.11
1.068168044	0.0327256129297586	0.11
1.068277144	0.0327256129297586	0.11
1.06860264	0.0327256129297586	0.11
1.068892568	0.0327256129297586	0.11
1.070020858	0.0335163321901505	0.11
1.070326964	0.0335163321901505	0.11
1.076612069	0.0332485473733609	0.11
1.088407982	0.0705106089859328	0.12
1.088762574	0.0698344591019487	0.12
1.112743253	0.0698344591019487	0.12
1.113082372	0.0698344591019487	0.12
1.113233383	0.0698344591019487	0.12
1.11414031	0.0698344591019487	0.12
1.116382888	0.0705106089859328	0.11
1.125633627	0.0726199680444676	0.1
1.13205703	0.0705106089859328	0.11
1.133988353	0.0711999800915106	0.11
1.134317617	0.0711999800915106	0.11
1.136767134	0.0698344591019487	0.11
1.137302108	0.0705106089859328	0.11
1.162829766	0.0726199680444676	0.13
1.183360064	0.0719029640328282	0.15
1.187305519	0.120192906727515	0.15
1.187446683	0.120192906727515	0.15
1.18762744	0.115079388432931	0.15
1.192009701	0.114108456461042	0.15
1.208724051	0.0825949540855083	0.14
1.209215802	0.0840782974378425	0.14
1.209751115	0.0840782974378425	0.14
1.209768181	0.0840782974378425	0.14
1.210085375	0.0856158946135448	0.14
1.210771389	0.0856158946135448	0.14
1.212614931	0.0897177173493341	0.13
1.224141399	0.090585702188956	0.12
1.22465873	0.090585702188956	0.12
1.225416562	0.090585702188956	0.12
1.226416878	0.090585702188956	0.12
1.243346642	0.0848401299502902	0.12
1.245566855	0.0840782974378425	0.12
1.246668032	0.0833300250999591	0.12
1.248955951	0.0818727380946347	0.12
1.265568721	0.0880307111041293	0.11
1.268447511	0.0923730505485577	0.1
1.275739262	0.0888662085580006	0.1
1.278899002	0.114028284482513	0.1
1.289511656	0.121816774335699	0.1
1.303502827	0.112810561365772	0.1
1.33510162	0.113933680903576	0.12
1.335485912	0.113933680903576	0.12
1.335508208	0.113933680903576	0.12
1.335711503	0.113933680903576	0.12
1.335892556	0.113933680903576	0.12
1.33625481	0.113933680903576	0.12
1.336413828	0.113933680903576	0.12
1.336595099	0.112810561365772	0.12
1.336979907	0.112810561365772	0.12
1.337117106	0.112810561365772	0.12
1.337524247	0.112810561365772	0.12
1.337529375	0.112810561365772	0.12
1.337777279	0.112810561365772	0.12
1.337887386	0.112810561365772	0.12
1.340005107	0.112810561365772	0.12
1.342315002	0.112810561365772	0.12
1.342368518	0.112810561365772	0.12
1.343443085	0.112810561365772	0.12
1.350085516	0.112810561365772	0.13
1.360533959	0.112810561365772	0.13
1.360774481	0.112810561365772	0.13
1.360981621	0.112810561365772	0.13
1.36116959	0.112810561365772	0.13
1.36135761	0.112810561365772	0.13
1.361545683	0.112810561365772	0.13
1.362279458	0.112810561365772	0.13
1.364721715	0.112810561365772	0.13
1.365659238	0.112810561365772	0.13
1.368578346	0.112810561365772	0.13
1.369707356	0.112810561365772	0.13
1.370127164	0.112810561365772	0.13
1.377139612	0.11170936834585	0.13
1.377544294	0.11170936834585	0.13
1.379222918	0.112810561365772	0.13
1.38563755	0.11170936834585	0.13
1.385801753	0.11170936834585	0.13
1.418305639	0.113933680903576	0.14
1.430594094	0.112810561365772	0.13
1.434752614	0.112810561365772	0.13
1.448119954	0.112810561365772	0.12
1.450462129	0.11170936834585	0.12
1.450674974	0.11170936834585	0.12
1.450928234	0.11170936834585	0.12
1.454003033	0.11170936834585	0.12
1.454856842	0.11170936834585	0.12
1.45657643	0.11170936834585	0.13
1.484067531	0.104564472836287	0.15
1.484117024	0.104564472836287	0.15
1.485917469	0.104564472836287	0.16
1.488337206	0.104564472836287	0.16
1.502972103	0.102687933572374	0.17
1.506038743	0.102687933572374	0.18
1.511964569	0.102687933572374	0.18
1.517647523	0.101774696936195	0.19
1.519065464	0.101774696936195	0.19
1.523536021	0.101774696936195	0.19
1.558319819	0.121270631595019	0.23
1.558531046	0.121270631595019	0.23
1.561070241	0.0964156043942926	0.22
1.56916589	0.111383190396774	0.22
1.595407686	0.0852262469855183	0.19
1.595579044	0.0840782974378425	0.19
1.611568792	0.090585702188956	0.17
1.652341299	0.11178211193766	0.14
1.707257935	0.13858471137961	0.08
1.718627381	0.137364833363343	0.07
1.745720251	0.117240822184348	0.04
1.75282717	0.130473931235986	0.04
1.758275756	0.143688867557703	0.03
1.778615293	0.149183378874057	0.01
1.77861633	0.149183378874057	0.01
1.780115455	0.139826449954292	0.01
1.780627841	0.139826449954292	0.01
1.780657571	0.139826449954292	0.01
1.780657572	0.139826449954292	0.01
1.780839524	0.139826449954292	0.01
1.780928629	0.139826449954292	0.01
1.78092863	0.139826449954292	0.01
1.781081012	0.139826449954292	0.01
1.781170031	0.139826449954292	0.01
1.781170032	0.139826449954292	0.01
1.781381862	0.139826449954292	0.01
1.781411498	0.139826449954292	0.01
1.781411499	0.139826449954292	0.01
1.781623424	0.139826449954292	0.01
1.781653031	0.139826449954292	0.01
1.7818108	0.139826449954292	0.01
1.781835463	0.139826449954292	0.01
1.781894629	0.139826449954292	0.01
1.782136293	0.13858471137961	0.01
1.782378022	0.137364833363343	0.01
1.782590324	0.137364833363343	0.01
1.782619816	0.137364833363343	0.01
1.783044725	0.137364833363343	0.01
1.783103602	0.137364833363343	0.01
1.783345594	0.137364833363343	0.01
1.783587651	0.137364833363343	0.01
1.78377107	0.137364833363343	0.01
1.783829774	0.137364833363343	0.01
1.784013316	0.137364833363343	0.01
1.78446873	0.137364833363343	0.01
1.785009515	0.133830738424309	0.01
1.785322292	0.139125247660263	0.01
1.785497332	0.139125247660263	0.01
1.785988286	0.137972076040928	0.01
1.786357195	0.137972076040928	0.01
1.787927091	0.136837863927844	0.01
1.788780487	0.143937365881855	0.01
1.788872102	0.143937365881855	0.01
1.78918715	0.143937365881855	0.01
1.789358594	0.143937365881855	0.01
1.789747139	0.142703395731877	0.01
1.790033715	0.142703395731877	0.01
1.79204453	0.153508648987923	0.02
1.792147241	0.153508648987923	0.02
1.794856772	0.124502213953108	0.02
1.795060195	0.120701010100008	0.02
1.795172249	0.115079388432931	0.02
1.795643534	0.110573207051051	0.02
1.796645824	0.105273235203661	0.02
1.799436111	0.103077375986049	0.02
1.801889818	0.0546396727028705	0.02
1.808733518	0.039951791127576	0.02
1.809599251	0.040733921698924	0.02
1.813240824	0.0514002238720175	0.02
1.813793197	0.0514002238720175	0.02
1.814069382	0.0514002238720175	0.02
1.814069384	0.0514002238720175	0.02
1.814596154	0.0514002238720175	0.02
1.814621756	0.0514002238720175	0.02
1.814621757	0.0514002238720175	0.02
1.814846808	0.0514002238720175	0.02
1.814872379	0.0628982106159702	0.03
1.815039963	0.0633771691532249	0.03
1.815123071	0.0633771691532249	0.03
1.815169565	0.0633771691532249	0.03
1.815322808	0.0638634780278441	0.03
1.815373832	0.0638634780278441	0.03
1.815624663	0.0648588341494812	0.03
1.815850116	0.0648588341494812	0.03
1.815875562	0.0648588341494812	0.03
1.816377569	0.0418818014541558	0.03
1.81637757	0.0418818014541558	0.03
1.816628678	0.0418818014541558	0.03
1.816879855	0.0418818014541558	0.03
1.817382419	0.0418818014541558	0.03
1.817633804	0.0418818014541558	0.03
1.819217405	0.0436385619745852	0.03
1.819395454	0.0440077489400286	0.03
1.819410514	0.0440077489400286	0.03
1.81989941	0.0443832359278516	0.03
1.82134289	0.0447651855867219	0.03
1.823345161	0.0411365842483796	0.02
1.824280416	0.039951791127576	0.02
1.824759677	0.039951791127576	0.02
1.828541204	0.039951791127576	0.02
1.828939845	0.040733921698924	0.02
1.829051906	0.040733921698924	0.02
1.829613575	0.0395718819833775	0.03
1.830016016	0.0395718819833775	0.03
1.835137623	0.0377757960097051	0.03
1.83758722	0.0377757960097051	0.03
1.837659261	0.0377757960097051	0.03
1.842215909	0.00990437383352368	0.03
1.844053766	0.0102964695835078	0.03
1.860668056	0.00990437383352368	0.05
1.860714054	0.00990437383352368	0.05
1.917919203	0.0314875205657114	0.11
1.919145255	0.0319713431409661	0.11
1.933588634	0.00781987504339224	0.12
1.937910579	0.0294799773353626	0.13
1.940502926	0.00764742897440537	0.13
1.945075766	0.0102964695835078	0.13
1.956133657	0.0284715041650149	0.15
1.95745413	0.0284715041650149	0.15
1.959079535	0.0288664989010338	0.15
1.961031557	0.00737632115003687	0.15
2.03833515	0.0745401641503487	0.23
2.039242563	0.0754410370505438	0.23
2.045755957	0.0797799343049659	0.23
2.04617014	0.0840782974378425	0.23
2.058810915	0.0880307111041293	0.24
2.060706206	0.0549603972655082	0.25
2.077653506	0.0880307111041293	0.26
2.077935092	0.0880307111041293	0.26
2.079378601	0.0897177173493341	0.26
2.080200147	0.0549603972655082	0.27
2.122322709	0.0923730505485577	0.3
2.175983465	0.0791059079731886	0.36
2.201956234	0.0914706459469793	0.38
2.21647999	0.0797799343049659	0.4
2.22342495	0.0536995718724801	0.41
2.225736601	0.0746888125292371	0.41
2.22607531	0.0784431753426121	0.41
2.226678687	0.0804655455046929	0.41
2.230993963	0.0888662085580006	0.41
2.268175967	0.18037888603852	0.41
2.273953022	0.187778262414376	0.4
2.279085054	0.184746840201012	0.4
2.287430653	0.189331587983791	0.39
2.36737444	0.240803828356536	0.33
2.401471639	0.24305414268124	0.32
2.416816988	0.19852818983487	0.31
2.57811595	0.173928415379562	0.15
2.63880046	0.173928415379562	0.09
2.65353762	0.206405731514161	0.08
2.664122924	0.20837435885808	0.07
2.67074212	0.20837435885808	0.06
2.671148642	0.20837435885808	0.06
2.671193179	0.20837435885808	0.06
2.671237545	0.20837435885808	0.06
2.671237705	0.20837435885808	0.06
2.671599646	0.20837435885808	0.06
2.671961685	0.20837435885808	0.06
2.672323822	0.20837435885808	0.06
2.672686057	0.20837435885808	0.06
2.67300408	0.20837435885808	0.06
2.673366554	0.20837435885808	0.06
2.673410821	0.20837435885808	0.06
2.674498542	0.20837435885808	0.06
2.674640938	0.20837435885808	0.06
2.674817434	0.20837435885808	0.06
2.67498819	0.206405731514161	0.06
2.675753192	0.206405731514161	0.06
2.675906626	0.206405731514161	0.06
2.67595059	0.206405731514161	0.06
2.677404052	0.206405731514161	0.06
2.678640892	0.175655847574247	0.05
2.681604422	0.20837435885808	0.05
2.684222358	0.20837435885808	0.05
2.690995907	0.210380900000817	0.04
2.692790444	0.210380900000817	0.04
2.697875326	0.210380900000817	0.04
2.714352711	0.196651869244209	0.05
2.716197088	0.196651869244209	0.05
2.721223607	0.194236397925354	0.05
2.721339166	0.204473953448549	0.06
2.721714851	0.204473953448549	0.06
2.721753239	0.204473953448549	0.06
2.722090639	0.204473953448549	0.06
2.72212898	0.204473953448549	0.06
2.722504826	0.204473953448549	0.06
2.725138453	0.194810683381319	0.06
2.725892101	0.194810683381319	0.06
2.727362573	0.194810683381319	0.06
2.728042156	0.194810683381319	0.06
2.730687704	0.194810683381319	0.06
2.734951629	0.193003654535962	0.07
2.741703646	0.200716882668655	0.08
2.742221604	0.200716882668655	0.08
2.744776734	0.193003654535962	0.08
2.784781798	0.186098779370566	0.12
2.795646082	0.186098779370566	0.13
2.857457722	0.186098779370566	0.19
2.870516676	0.186098779370566	0.2
2.874914635	0.186098779370566	0.21
2.901070252	0.172234628092009	0.23
3.116410384	0.184995715351986	0.45
3.116832706	0.184995715351986	0.45
3.190582361	0.185914022777074	0.5
3.194633906	0.185914022777074	0.51
3.557717034	0.155114806073614	0.860000000000001
3.560201153	0.180536975693572	0.870000000000001
3.561648443	0.163762329018003	0.870000000000001
3.562131134	0.163762329018003	0.870000000000001
3.566965252	0.155114806073614	0.870000000000001
3.568359469	0.180536975693572	0.880000000000001
3.571210711	0.163762329018003	0.880000000000001
3.572123566	0.170664955422047	0.880000000000001
3.579984214	0.151569915351804	0.880000000000001
3.62901857	0.146546307431833	0.910000000000001
3.629519691	0.146546307431833	0.910000000000001
3.6300627	0.146546307431833	0.910000000000001
3.631023885	0.146546307431833	0.910000000000001
3.633483005	0.140716454159618	0.920000000000001
3.639968026	0.145342009618299	0.920000000000001
3.778072999	0.145342009618299	1.06
4.078052931	0.181373249549144	1.36
4.452121847	0.221705208259201	1.73
4.45272527	0.232475098645213	1.73
4.453932605	0.232475098645213	1.73
4.459832487	0.181373249549144	1.74
4.480518943	0.180973154542218	1.76
4.536342962	0.235622740299579	1.81
4.536969429	0.235622740299579	1.81
4.537444354	0.240155314653086	1.81
4.537596069	0.240155314653086	1.81
4.550359745	0.206405731514161	1.81
4.848628454	0.206405731514161	2.11
4.895921957	0.206405731514161	2.16
5.341769851	0.226640005026508	2.23
5.342582978	0.226640005026508	2.23
5.343129076	0.226640005026508	2.23
5.343307119	0.226640005026508	2.23
6.232084175	0.235622740299579	2.66999999999999
6.2338777	0.242487630313287	2.66999999999999
6.234722781	0.242487630313287	2.66999999999999
6.35095118	0.23786743733566	2.77999999999998
6.358499262	0.199799089341249	2.77999999999998
7	0.166123032801802	3.36999999999997
