thrs	post_p	finalwindow
0	0.0904553113852942	0.23
0.03256001	0.0893993028005142	0.2
0.070216248	0.0904553113852942	0.16
0.098963073	0.0873595673408319	0.14
0.115659216	0.0817630476051872	0.14
0.123778241	0.074594884631316	0.14
0.127200542	0.0776192751261781	0.13
0.127695348	0.074594884631316	0.14
0.128068503	0.074594884631316	0.14
0.130460633	0.0760770336009238	0.13
0.14705261	0.074594884631316	0.12
0.148427326	0.074594884631316	0.12
0.148447444	0.074594884631316	0.12
0.148782099	0.074594884631316	0.12
0.155752372	0.0760770336009238	0.11
0.161204767	0.0760770336009238	0.11
0.178062567	0.0768404166730953	0.09
0.178140913	0.0768404166730953	0.09
0.181486006	0.0768404166730953	0.09
0.181486035	0.0768404166730953	0.09
0.181824923	0.0768404166730953	0.09
0.186084933	0.0760770336009238	0.09
0.191788381	0.0768404166730953	0.09
0.206482242	0.0768404166730953	0.09
0.222049977	0.0758259320951484	0.08
0.222656148	0.0817630476051872	0.08
0.222686318	0.0817630476051872	0.08
0.222697977	0.0817630476051872	0.08
0.222716495	0.0817630476051872	0.08
0.222812147	0.0879771946096991	0.08
0.223196808	0.0861499681985201	0.08
0.226694446	0.0816289604354958	0.08
0.226728961	0.0816289604354958	0.08
0.226867021	0.0816289604354958	0.08
0.226923294	0.0816289604354958	0.08
0.226982815	0.0816289604354958	0.08
0.227081991	0.0821679652905155	0.08
0.227432153	0.0805718905655197	0.08
0.230426372	0.028753438260482	0.07
0.237068117	0.0476225988839064	0.07
0.241897099	0.0463061531004586	0.07
0.242615688	0.0479634895069293	0.06
0.242941212	0.055513633164455	0.06
0.243116147	0.0541673098568767	0.06
0.249436037	0.0497438645140884	0.06
0.256228734	0.0524706117420911	0.05
0.256259656	0.0524706117420911	0.05
0.256650521	0.0528847427165905	0.05
0.259750174	0.0512662414027208	0.05
0.263775407	0.0512662414027208	0.05
0.272151172	0.0512662414027208	0.05
0.287097646	0.0672065134232964	0.04
0.296044019	0.0658848582272026	0.04
0.296834617	0.0616420635481191	0.05
0.296839561	0.0616420635481191	0.05
0.296839653	0.0616420635481191	0.05
0.296919994	0.0616420635481191	0.05
0.296960227	0.0616420635481191	0.05
0.297156652	0.0616420635481191	0.05
0.29723727	0.0616420635481191	0.05
0.297631463	0.0616420635481191	0.05
0.298062423	0.0616420635481191	0.05
0.29855614	0.0616420635481191	0.05
0.298682719	0.0616420635481191	0.05
0.299120783	0.0616420635481191	0.05
0.29926506	0.0616420635481191	0.05
0.301159527	0.0610801513444549	0.05
0.301373268	0.0610801513444549	0.05
0.302397905	0.0605283910746762	0.05
0.302443572	0.0605283910746762	0.05
0.302452098	0.0605283910746762	0.05
0.302453753	0.0605283910746762	0.05
0.302493847	0.0605283910746762	0.05
0.302531356	0.0605283910746762	0.05
0.302757814	0.0605283910746762	0.05
0.303062807	0.0605283910746762	0.05
0.303998368	0.0605283910746762	0.05
0.305094409	0.0605283910746762	0.05
0.306047128	0.0605283910746762	0.05
0.306464617	0.0599865100829317	0.05
0.307314933	0.0605283910746762	0.05
0.308759935	0.0605283910746762	0.05
0.319078068	0.0633915930917053	0.04
0.320217262	0.0633915930917053	0.04
0.320290117	0.0633915930917053	0.04
0.322066605	0.0627974854872601	0.04
0.322435043	0.0627974854872601	0.04
0.322591403	0.0627974854872601	0.04
0.322777267	0.0627974854872601	0.04
0.323097253	0.0627974854872601	0.04
0.323808824	0.0610801513444549	0.04
0.324596864	0.0605283910746762	0.04
0.327195424	0.0589313432704899	0.04
0.330254195	0.0579126556984198	0.04
0.334029253	0.0569285877705736	0.04
0.340262381	0.061430139068222	0.05
0.343706753	0.061430139068222	0.05
0.345554528	0.061430139068222	0.05
0.350684009	0.061430139068222	0.06
0.351815198	0.061430139068222	0.06
0.356206548	0.0590612045987061	0.06
0.356351443	0.0590612045987061	0.06
0.356437896	0.0581640115662657	0.06
0.356490553	0.0581640115662657	0.06
0.357086112	0.066210374613883	0.06
0.360733393	0.0444035874871686	0.06
0.363236679	0.0564489893194349	0.07
0.363936107	0.0564489893194349	0.07
0.366130409	0.0568681927628486	0.07
0.367161303	0.0656428137026177	0.07
0.367663989	0.0584175588440341	0.07
0.37384574	0.0767065558184491	0.08
0.381649088	0.0649999082888733	0.07
0.386909127	0.0685822790840313	0.06
0.389222512	0.066210374613883	0.06
0.389299853	0.066210374613883	0.06
0.412388288	0.0838285522842523	0.04
0.415772448	0.0483674153431119	0.03
0.416416237	0.0590612045987061	0.03
0.419019267	0.0743972360681769	0.03
0.423143546	0.0800535561305435	0.03
0.438307149	0.085237977575376	0.01
0.438815006	0.0838799215283304	0.01
0.440249622	0.0901005474270537	0.01
0.440316292	0.0901005474270537	0.01
0.441698853	0.0901005474270537	0.01
0.444236336	0.0852840038690986	0.01
0.445049535	0.0805023918219349	0.01
0.445117302	0.0950721628847406	0.01
0.445185067	0.0940344266611691	0.01
0.445185068	0.0940344266611691	0.01
0.445245414	0.0940344266611691	0.01
0.445252832	0.0940344266611691	0.01
0.445252833	0.0940344266611691	0.01
0.445252835	0.0940344266611691	0.01
0.445313187	0.0940344266611691	0.01
0.44531319	0.0940344266611691	0.01
0.445373562	0.0940344266611691	0.01
0.445433949	0.0940344266611691	0.01
0.445494353	0.0925196148672836	0.01
0.445540001	0.0925196148672836	0.01
0.445554774	0.0925196148672836	0.01
0.445578303	0.0925196148672836	0.01
0.445615211	0.0925196148672836	0.01
0.445653547	0.0925196148672836	0.01
0.445675664	0.0925196148672836	0.01
0.445736134	0.097160192162173	0.01
0.445857123	0.101753549935712	0.01
0.445917642	0.101753549935712	0.01
0.445970843	0.101753549935712	0.01
0.445978177	0.101753549935712	0.01
0.446038729	0.101753549935712	0.01
0.446319857	0.0991194178292743	0.01
0.446341735	0.0991194178292743	0.01
0.446351359	0.0991194178292743	0.01
0.446395102	0.0991194178292743	0.01
0.44656991	0.0991194178292743	0.01
0.446633323	0.0991194178292743	0.01
0.446772341	0.0991194178292743	0.01
0.446888185	0.0991194178292743	0.01
0.447158639	0.0991194178292743	0.01
0.447542535	0.0991194178292743	0.01
0.447928306	0.0986088728935299	0.01
0.448701687	0.104098446913842	0.01
0.448791313	0.104098446913842	0.01
0.449552291	0.10356213778044	0.01
0.449715173	0.10356213778044	0.01
0.451750007	0.106300405252793	0.01
0.452986292	0.104640339646819	0.01
0.453102774	0.104640339646819	0.01
0.453312195	0.103031326389805	0.01
0.453607731	0.103031326389805	0.01
0.453670383	0.103031326389805	0.01
0.45367678	0.103031326389805	0.01
0.453739439	0.103031326389805	0.01
0.453782962	0.103031326389805	0.01
0.453789353	0.103031326389805	0.01
0.453802119	0.103031326389805	0.01
0.453864805	0.103031326389805	0.01
0.453864814	0.103031326389805	0.01
0.453927527	0.103031326389805	0.01
0.453952078	0.103031326389805	0.01
0.453990257	0.103031326389805	0.01
0.454131662	0.103031326389805	0.01
0.454228692	0.103031326389805	0.01
0.454266222	0.104098446913842	0.01
0.454297847	0.104098446913842	0.01
0.454379121	0.104098446913842	0.01
0.454423548	0.104098446913842	0.01
0.454618511	0.104098446913842	0.01
0.454637485	0.104098446913842	0.01
0.455078808	0.104640339646819	0.01
0.455180191	0.106300405252793	0.01
0.455439212	0.119296060408707	0.01
0.455678249	0.133741606403084	0.01
0.455755613	0.137586292888854	0.01
0.456133439	0.097061425277365	0.02
0.456159276	0.097061425277365	0.02
0.45760535	0.0965950115764125	0.02
0.458619789	0.097061425277365	0.02
0.459124851	0.0965950115764125	0.02
0.462114195	0.09753236503498	0.02
0.46331093	0.09753236503498	0.02
0.464728436	0.0965950115764125	0.02
0.472596627	0.0925906412331044	0.03
0.47699163	0.088983771087735	0.03
0.478419311	0.0933213884008899	0.03
0.478888149	0.095177197635471	0.03
0.479732593	0.0839542327924211	0.03
0.479936634	0.0839542327924211	0.03
0.483511101	0.0833738810384625	0.04
0.483671852	0.0833738810384625	0.04
0.484458594	0.0840712740305966	0.04
0.484927676	0.0840712740305966	0.04
0.485802156	0.0974378118397035	0.04
0.486776039	0.0800535561305435	0.04
0.489107131	0.077462242863052	0.04
0.490830832	0.0702602703896011	0.04
0.499369323	0.0716629631041169	0.05
0.50407637	0.0784906302395066	0.06
0.508934563	0.0690772000706239	0.06
0.511690912	0.0630601527482433	0.06
0.514553924	0.0781853398866107	0.07
0.514645345	0.0781853398866107	0.07
0.51473946	0.0781853398866107	0.07
0.514742139	0.0781853398866107	0.07
0.514839037	0.0781853398866107	0.07
0.51502476	0.0781853398866107	0.07
0.51682809	0.0704168957139578	0.07
0.518492841	0.0666715389947856	0.07
0.518564452	0.0666715389947856	0.07
0.520735072	0.0617051370830883	0.07
0.529143364	0.0281889350391244	0.07
0.534226929	0.0592439749410531	0.08
0.534888196	0.0635720236729667	0.08
0.539174229	0.0311724042499581	0.07
0.543234343	0.0314282746683235	0.07
0.544416783	0.0314282746683235	0.07
0.55657045	0.0365249685762657	0.06
0.55802857	0.0376010377146933	0.05
0.559788571	0.0368767490410292	0.06
0.574371638	0.0383543475989455	0.06
0.579525048	0.0351824950886956	0.07
0.583655412	0.0355087759324826	0.07
0.593402747	0.0316883803396672	0.08
0.593673806	0.0316883803396672	0.08
0.593673808	0.0316883803396672	0.08
0.593754278	0.0316883803396672	0.08
0.593834769	0.0316883803396672	0.08
0.594152812	0.0316883803396672	0.08
0.594237558	0.0316883803396672	0.08
0.594318181	0.0316883803396672	0.08
0.595015574	0.0339352081237213	0.08
0.595887104	0.0342386647154873	0.08
0.596219211	0.0342386647154873	0.08
0.596894832	0.0345475974361428	0.08
0.597117526	0.0345475974361428	0.08
0.602674298	0.0376010377146933	0.07
0.604317115	0.0379739570705975	0.07
0.604813246	0.0379739570705975	0.07
0.604905308	0.0345475974361428	0.08
0.60490531	0.0345475974361428	0.08
0.604905312	0.0345475974361428	0.08
0.604988853	0.0345475974361428	0.08
0.605716504	0.0345475974361428	0.08
0.605724938	0.0345475974361428	0.08
0.60631275	0.0345475974361428	0.08
0.607971158	0.0345475974361428	0.08
0.608756287	0.0345475974361428	0.08
0.630942519	0.0383543475989455	0.07
0.635412418	0.0383543475989455	0.07
0.636066531	0.0383543475989455	0.07
0.63624959	0.0383543475989455	0.07
0.638075882	0.0383543475989455	0.07
0.64559646	0.0376010377146933	0.07
0.648110758	0.0368767490410292	0.07
0.648827538	0.0368767490410292	0.07
0.65703705	0.0351824950886956	0.07
0.659386285	0.0351824950886956	0.07
0.667472678	0.0342386647154873	0.08
0.667879261	0.0342386647154873	0.08
0.667879263	0.0342386647154873	0.08
0.667969788	0.0342386647154873	0.08
0.671132308	0.0342386647154873	0.08
0.678915807	0.0309206664771677	0.09
0.680589305	0.0309206664771677	0.09
0.68060848	0.0309206664771677	0.09
0.680702493	0.0309206664771677	0.09
0.689921535	0.0446105275848403	0.1
0.690723937	0.0446105275848403	0.1
0.697379755	0.0276461703076344	0.1
0.713541741	0.0273825512131899	0.11
0.71365913	0.0273825512131899	0.11
0.714295462	0.0273825512131899	0.11
0.715653707	0.0247830537998602	0.12
0.717816093	0.0266210197910352	0.12
0.719314887	0.0266210197910352	0.12
0.725609694	0.0245710002088096	0.13
0.725869057	0.0245710002088096	0.13
0.725979546	0.0249987993999442	0.13
0.735438378	0.0224573104654864	0.14
0.744518666	0.0231824904350872	0.14
0.756100951	0.0187847344903155	0.13
0.756122282	0.0187847344903155	0.13
0.762884543	0.0981551488920371	0.13
0.763491091	0.0958861407265512	0.13
0.766651587	0.0896677166245595	0.13
0.7676628	0.0888144118610125	0.13
0.772093843	0.0841393833352206	0.12
0.779184816	0.0886036172419841	0.12
0.786383987	0.094192601367568	0.11
0.793117932	0.106560486445928	0.1
0.797194853	0.0956404876289007	0.1
0.799403767	0.0932514553156664	0.1
0.8034392	0.104766193972201	0.09
0.817085993	0.0994627283296648	0.08
0.849686346	0.0982668771747124	0.05
0.856064956	0.103735469378588	0.04
0.861362559	0.0936021728114352	0.03
0.861783488	0.0992257085713719	0.03
0.864973627	0.107188953793472	0.03
0.866065884	0.104040199904513	0.03
0.874413626	0.110190352000464	0.02
0.875213305	0.107188953793472	0.02
0.875954975	0.104346726041578	0.02
0.87832845	0.102534191483133	0.02
0.880342154	0.0985402834439863	0.02
0.88244613	0.10686552761208	0.01
0.882485476	0.10686552761208	0.01
0.884296127	0.112643566424689	0.01
0.885048106	0.110190352000464	0.01
0.885800269	0.108171086069982	0.01
0.886381245	0.107841714975656	0.01
0.888469193	0.10686552761208	0.01
0.890083013	0.103432518732012	0.01
0.890218543	0.102831895063276	0.01
0.890218544	0.102831895063276	0.01
0.890228158	0.102831895063276	0.01
0.890309475	0.102534191483133	0.01
0.890339212	0.102534191483133	0.01
0.890354074	0.102831895063276	0.01
0.890354075	0.102831895063276	0.01
0.890407894	0.102831895063276	0.01
0.890419078	0.102831895063276	0.01
0.890459913	0.102831895063276	0.01
0.890474761	0.102831895063276	0.01
0.890489605	0.102831895063276	0.01
0.890489606	0.102831895063276	0.01
0.890506418	0.102831895063276	0.01
0.890580647	0.102831895063276	0.01
0.890595481	0.102831895063276	0.01
0.89061031	0.102831895063276	0.01
0.890610311	0.102831895063276	0.01
0.890716233	0.102534191483133	0.01
0.890731048	0.102534191483133	0.01
0.890731049	0.102534191483133	0.01
0.890822213	0.102534191483133	0.01
0.890837018	0.102534191483133	0.01
0.890851819	0.102534191483133	0.01
0.890928251	0.102534191483133	0.01
0.890957836	0.102534191483133	0.01
0.890972623	0.102534191483133	0.01
0.891093459	0.10223820666119	0.01
0.89119957	0.10223820666119	0.01
0.891244043	0.10223820666119	0.01
0.891246709	0.10223820666119	0.01
0.891320486	0.10223820666119	0.01
0.891382479	0.10223820666119	0.01
0.891441435	0.10223820666119	0.01
0.891456164	0.10223820666119	0.01
0.89149835	0.10223820666119	0.01
0.891577132	0.10165133409532	0.01
0.891686849	0.10165133409532	0.01
0.891698132	0.10165133409532	0.01
0.891793338	0.10165133409532	0.01
0.891881522	0.10165133409532	0.01
0.89206133	0.101360417176642	0.01
0.89216782	0.101360417176642	0.01
0.892182462	0.101360417176642	0.01
0.892215798	0.101360417176642	0.01
0.892245091	0.101360417176642	0.01
0.89229733	0.101360417176642	0.01
0.892307805	0.101360417176642	0.01
0.892546055	0.10223820666119	0.01
0.892568748	0.10223820666119	0.01
0.89273031	0.10223820666119	0.01
0.892793389	0.10223820666119	0.01
0.892952212	0.10411263533363	0.01
0.89308003	0.10411263533363	0.01
0.893142511	0.10411263533363	0.01
0.893313967	0.10411263533363	0.01
0.894085351	0.103815488418835	0.01
0.894189143	0.103815488418835	0.01
0.89422449	0.103815488418835	0.01
0.894232534	0.103815488418835	0.01
0.894482721	0.10411263533363	0.01
0.894511483	0.103520032845349	0.01
0.894690708	0.103520032845349	0.01
0.894906463	0.103520032845349	0.01
0.894913415	0.103520032845349	0.01
0.894970751	0.103520032845349	0.01
0.895086463	0.10411263533363	0.01
0.895300675	0.10411263533363	0.01
0.895524497	0.11141627689628	0.01
0.895638516	0.111100869789196	0.01
0.89592425	0.11141627689628	0.01
0.896329745	0.110475382708943	0.01
0.896396617	0.110787243406068	0.01
0.896928207	0.110475382708943	0.01
0.89693811	0.110475382708943	0.01
0.897131294	0.109245301881763	0.01
0.897197773	0.108942049873178	0.01
0.898485328	0.0884357006218728	0.01
0.898755243	0.0863093091377125	0.01
0.89889623	0.0849476274463344	0.01
0.898920463	0.0849476274463344	0.01
0.899310528	0.0837909214755103	0.01
0.899325427	0.0837909214755103	0.01
0.900031532	0.0818796133208445	0.01
0.900113547	0.082192086323234	0.01
0.900307304	0.0828242422063212	0.01
0.900690942	0.0630391783454983	0.01
0.901007608	0.0603848438923729	0.01
0.90151373	0.0531205769772037	0.01
0.901568195	0.0529369691865811	0.01
0.901947653	0.0574453611685057	0.01
0.902860993	0.0328045296932673	0.01
0.902919093	0.0328045296932673	0.01
0.902932441	0.0328045296932673	0.01
0.904039961	0.0335715433465586	0.01
0.904508173	0.0349328372157918	0.01
0.905424433	0.0353630181518671	0.01
0.905541598	0.0358039261250878	0.01
0.906154318	0.0359533488743434	0.01
0.906197141	0.0359533488743434	0.01
0.906786831	0.036255967437036	0.01
0.907060652	0.0365637235098825	0.01
0.907185931	0.0367195691706583	0.01
0.907198748	0.0368767490410292	0.01
0.907298438	0.0368767490410292	0.01
0.907324045	0.0368767490410292	0.01
0.907336843	0.0368767490410292	0.01
0.907336844	0.0368767490410292	0.01
0.907436592	0.0368767490410292	0.01
0.907449378	0.0368767490410292	0.01
0.90746216	0.0368767490410292	0.01
0.907536422	0.0368767490410292	0.01
0.9075492	0.0368767490410292	0.01
0.907574745	0.0368767490410292	0.01
0.907587512	0.0368767490410292	0.01
0.907712898	0.0368767490410292	0.01
0.907963773	0.0367195691706583	0.01
0.907963774	0.0367195691706583	0.01
0.908076559	0.0367195691706583	0.01
0.908089263	0.0367195691706583	0.01
0.908089264	0.0367195691706583	0.01
0.908151307	0.0367195691706583	0.01
0.90817671	0.0367195691706583	0.01
0.908189407	0.0367195691706583	0.01
0.908214789	0.0367195691706583	0.01
0.908453284	0.0367195691706583	0.01
0.908566283	0.0368767490410292	0.01
0.908577365	0.0368767490410292	0.01
0.908691978	0.0368767490410292	0.01
0.908729307	0.0368767490410292	0.01
0.908816452	0.0370352803280949	0.01
0.908830322	0.0368767490410292	0.01
0.908855181	0.0367195691706583	0.01
0.908943472	0.0371951805361222	0.01
0.909094444	0.0371951805361222	0.01
0.909195105	0.0371951805361222	0.01
0.909270732	0.0371951805361222	0.01
0.909308419	0.0371951805361222	0.01
0.909346075	0.0376832743226381	0.01
0.90938549	0.0376832743226381	0.01
0.909446878	0.0376832743226381	0.01
0.909620416	0.0376832743226381	0.01
0.909838426	0.0375191592567919	0.01
0.909896599	0.0375191592567919	0.01
0.909914657	0.0375191592567919	0.01
0.909925885	0.0375191592567919	0.01
0.910014581	0.0375191592567919	0.01
0.910051995	0.0376832743226381	0.01
0.910267	0.0380158496678766	0.01
0.910467776	0.0381843484661112	0.01
0.911049792	0.0385258671947455	0.01
0.911062134	0.0385258671947455	0.01
0.911351929	0.0385258671947455	0.01
0.911518912	0.0383543475989455	0.01
0.911632099	0.0385258671947455	0.01
0.911776598	0.0385258671947455	0.01
0.912776305	0.0376832743226381	0.01
0.912967277	0.0339352081237213	0.01
0.913139907	0.0339352081237213	0.01
0.914018042	0.0334899766468505	0.01
0.914696902	0.0371951805361222	0.01
0.914870556	0.0371951805361222	0.01
0.914968567	0.0371951805361222	0.01
0.914983658	0.0371951805361222	0.01
0.915026039	0.0371951805361222	0.01
0.915269563	0.0371951805361222	0.01
0.915559183	0.0251080869666282	0.01
0.916024822	0.0251080869666282	0.01
0.916208994	0.0253295540283591	0.01
0.917957453	0.0254417591447933	0.01
0.918456927	0.0395055706367782	0.02
0.918483627	0.0395055706367782	0.02
0.918816837	0.0401074928787432	0.02
0.918837351	0.0401074928787432	0.02
0.919655338	0.0410455723391931	0.02
0.921364075	0.0420285844650735	0.02
0.921783065	0.0423668026812086	0.02
0.922455062	0.0425379613532174	0.02
0.922504312	0.0425379613532174	0.02
0.922763582	0.0425379613532174	0.02
0.923268187	0.0391384586107094	0.02
0.923473233	0.0391384586107094	0.02
0.924160807	0.0392991438700894	0.02
0.924412009	0.0392991438700894	0.02
0.924507726	0.0392991438700894	0.02
0.924627878	0.0396245053764042	0.02
0.925553967	0.0281889350391244	0.02
0.926193857	0.0283080261779422	0.02
0.929379518	0.0379397499220621	0.03
0.93064775	0.0376682954669539	0.03
0.93220206	0.037803535395036	0.03
0.933174706	0.0347356476105741	0.03
0.934071327	0.0348621558673644	0.03
0.949342587	0.0187847344903155	0.03
0.951999424	0.0226343185666659	0.04
0.953473419	0.0233711628407211	0.04
0.954191796	0.0235629314939293	0.04
0.956296714	0.0259006998813994	0.04
0.956549025	0.0259006998813994	0.04
0.956766863	0.0259006998813994	0.04
0.956780018	0.0259006998813994	0.04
0.95679317	0.0259006998813994	0.04
0.956793172	0.0259006998813994	0.04
0.957016096	0.0259006998813994	0.04
0.958321379	0.0261364358430878	0.04
0.959031973	0.027123912093761	0.04
0.959642592	0.027123912093761	0.04
0.960039043	0.0273825512131899	0.04
0.960911853	0.0273825512131899	0.04
0.964446178	0.0235629314939293	0.05
0.966290332	0.0259006998813994	0.05
0.966653906	0.0259006998813994	0.05
0.966980911	0.0259006998813994	0.05
0.966980912	0.0259006998813994	0.05
0.966986309	0.0259006998813994	0.05
0.967144414	0.0259006998813994	0.05
0.967297223	0.0259006998813994	0.05
0.967302571	0.0259006998813994	0.05
0.967302572	0.0259006998813994	0.05
0.967460779	0.0259006998813994	0.05
0.96746078	0.0259006998813994	0.05
0.96761904	0.0259006998813994	0.05
0.967619041	0.0259006998813994	0.05
0.967772081	0.0259006998813994	0.05
0.968083686	0.0261364358430878	0.05
0.968237002	0.0261364358430878	0.05
0.968861479	0.027123912093761	0.05
0.969035555	0.027123912093761	0.05
0.969666194	0.0273825512131899	0.05
0.970442597	0.0273825512131899	0.05
0.974203145	0.026996416133975	0.06
0.978183481	0.0288255948581524	0.06
0.985118954	0.0256691783199541	0.06
0.9860103	0.0191607509162689	0.05
1.021711423	0.0311724042499581	0.07
1.022530753	0.0314282746683235	0.07
1.023898132	0.0316883803396672	0.07
1.027042278	0.0355087759324826	0.07
1.027349785	0.0355087759324826	0.07
1.028094642	0.0355087759324826	0.07
1.029078227	0.0368767490410292	0.07
1.029271857	0.0368767490410292	0.07
1.029659545	0.0383543475989455	0.07
1.030020301	0.0383543475989455	0.07
1.030392053	0.0311724042499581	0.08
1.030397618	0.0311724042499581	0.08
1.030958443	0.0311724042499581	0.08
1.031720423	0.0311724042499581	0.08
1.032104884	0.0314282746683235	0.08
1.034376329	0.0316883803396672	0.08
1.035677928	0.0392991438700894	0.08
1.036124234	0.0392991438700894	0.08
1.039046839	0.0432011733246809	0.08
1.048661279	0.0402916627127309	0.09
1.049025044	0.0402916627127309	0.09
1.054783865	0.0452430851544424	0.09
1.056246636	0.0452430851544424	0.09
1.058571278	0.0402916627127309	0.1
1.067766296	0.0389790820114606	0.11
1.067971123	0.0389790820114606	0.11
1.068277144	0.0389790820114606	0.11
1.06860264	0.0399552992581967	0.11
1.070020858	0.0416957235375814	0.11
1.070326964	0.0424351005989651	0.11
1.088762574	0.0466283937687781	0.13
1.091073782	0.0504935806835762	0.13
1.113233383	0.0616420635481191	0.14
1.115076799	0.0639970493996348	0.14
1.116382888	0.0639970493996348	0.14
1.125633627	0.0575808745778473	0.13
1.127882011	0.0575808745778473	0.13
1.13205703	0.0575808745778473	0.13
1.133642817	0.0575808745778473	0.12
1.133988353	0.0575808745778473	0.12
1.162829766	0.0518614352869062	0.14
1.187305519	0.0564489893194348	0.15
1.18762744	0.0550574836669488	0.15
1.192009701	0.0537329306911935	0.15
1.192725439	0.0520629163431363	0.15
1.208724051	0.0465635873424183	0.13
1.209215802	0.0465635873424183	0.13
1.209768181	0.0465635873424183	0.13
1.210085375	0.0456748512941216	0.13
1.210771389	0.0456748512941216	0.13
1.21086869	0.0456748512941216	0.13
1.224141399	0.0448194055762915	0.12
1.225416562	0.0448194055762915	0.12
1.226416878	0.0448194055762915	0.12
1.226767373	0.0448194055762915	0.12
1.243346642	0.0500535238116451	0.12
1.245566855	0.0500535238116451	0.12
1.246668032	0.0504935806835762	0.12
1.248955951	0.0513973230572529	0.12
1.252855937	0.0533054628596818	0.11
1.265568721	0.0538048427687096	0.1
1.268447511	0.0533054628596818	0.1
1.270253663	0.0523340056584365	0.1
1.270604589	0.0523340056584365	0.1
1.275739262	0.0538048427687096	0.09
1.285172518	0.0821137446967222	0.1
1.293113698	0.0479634895069293	0.09
1.297280078	0.0906695139172493	0.09
1.302603198	0.0906695139172493	0.1
1.335485912	0.0988402852470946	0.12
1.335508208	0.0988402852470946	0.12
1.335711503	0.0988402852470946	0.12
1.335892556	0.0988402852470946	0.12
1.336051433	0.0988402852470946	0.12
1.33638917	0.0988402852470946	0.12
1.336413828	0.0988402852470946	0.12
1.336595099	0.0979210920865425	0.12
1.337524247	0.0979210920865425	0.12
1.337529375	0.0979210920865425	0.12
1.337777279	0.0979210920865425	0.12
1.340005107	0.0961330589963607	0.12
1.342315002	0.0961330589963607	0.12
1.342368518	0.0961330589963607	0.12
1.343443085	0.0961330589963607	0.12
1.350085516	0.100731433367089	0.11
1.360533959	0.100731433367089	0.12
1.360774481	0.100731433367089	0.12
1.360981621	0.100731433367089	0.12
1.36116959	0.100731433367089	0.12
1.361338457	0.100731433367089	0.12
1.36135761	0.100731433367089	0.12
1.361952473	0.100731433367089	0.12
1.362110213	0.100731433367089	0.12
1.368077892	0.100731433367089	0.12
1.369707356	0.102696361230106	0.12
1.373967278	0.103707855096927	0.12
1.377139612	0.105791819420927	0.11
1.377544294	0.105791819420927	0.11
1.384187356	0.103707855096927	0.12
1.38563755	0.104739472308925	0.12
1.385801753	0.104739472308925	0.12
1.418305639	0.0988402852470946	0.1
1.434752614	0.0979210920865425	0.1
1.440102642	0.0979210920865425	0.11
1.450462129	0.0911404045329066	0.12
1.450928234	0.0911404045329066	0.12
1.454003033	0.0911404045329066	0.12
1.454856842	0.0911404045329066	0.12
1.45657643	0.0911404045329066	0.13
1.457818346	0.0911404045329066	0.13
1.484117024	0.0895894665083562	0.15
1.485917469	0.0895894665083562	0.16
1.488337206	0.0895894665083562	0.16
1.506038743	0.104739472308925	0.17
1.511734415	0.0880904299600306	0.18
1.511964569	0.0880904299600306	0.18
1.512194724	0.0880904299600306	0.18
1.512403577	0.0880904299600306	0.18
1.513239565	0.0880904299600306	0.18
1.516740221	0.0880904299600306	0.19
1.517647523	0.0873595673408319	0.19
1.523536021	0.0873595673408319	0.19
1.558319819	0.17617262627805	0.23
1.558531046	0.17617262627805	0.23
1.561070241	0.179192755100148	0.22
1.56916589	0.201213786235603	0.22
1.595407686	0.184415446647579	0.19
1.595579044	0.183238701337443	0.19
1.652341299	0.215536742327657	0.14
1.707257935	0.268119147252082	0.08
1.730827961	0.256529692315831	0.06
1.75282717	0.256529692315831	0.04
1.758275756	0.275589467796499	0.03
1.768990518	0.270563844751084	0.02
1.77492366	0.261043129899676	0.02
1.777374698	0.286222418276086	0.01
1.778615293	0.286222418276086	0.01
1.77861633	0.286222418276086	0.01
1.780115455	0.270563844751084	0.01
1.780627841	0.270563844751084	0.01
1.780657571	0.270563844751084	0.01
1.780657572	0.270563844751084	0.01
1.780928629	0.270563844751084	0.01
1.78092863	0.270563844751084	0.01
1.781140367	0.270563844751084	0.01
1.781170031	0.270563844751084	0.01
1.781170032	0.270563844751084	0.01
1.781381862	0.270563844751084	0.01
1.781411499	0.270563844751084	0.01
1.781623424	0.270563844751084	0.01
1.781653031	0.270563844751084	0.01
1.7818108	0.270563844751084	0.01
1.781835463	0.270563844751084	0.01
1.781894629	0.270563844751084	0.01
1.782378022	0.268119147252082	0.01
1.782590324	0.268119147252082	0.01
1.782619816	0.268119147252082	0.01
1.783044725	0.268119147252082	0.01
1.783286774	0.268119147252082	0.01
1.783345594	0.268119147252082	0.01
1.783587651	0.268119147252082	0.01
1.783925287	0.268119147252082	0.01
1.784013316	0.268119147252082	0.01
1.784314217	0.268119147252082	0.01
1.78446873	0.268119147252082	0.01
1.785009515	0.275589467796499	0.01
1.785322292	0.273053533749022	0.01
1.785497332	0.273053533749022	0.01
1.785988286	0.270563844751084	0.01
1.786357195	0.270563844751084	0.01
1.788780487	0.26498183983352	0.01
1.78918715	0.26498183983352	0.01
1.789747139	0.26498183983352	0.01
1.790033715	0.26498183983352	0.01
1.790095821	0.26498183983352	0.01
1.792147241	0.254330999911669	0.02
1.795172249	0.213261595728206	0.02
1.795643534	0.204710093482978	0.02
1.796669094	0.196817958888428	0.02
1.801889818	0.176877250653665	0.03
1.808733518	0.195284325559362	0.03
1.813240824	0.114309889262566	0.03
1.813716026	0.189080771568332	0.04
1.814069382	0.189080771568332	0.04
1.814069384	0.189080771568332	0.04
1.814345569	0.189080771568332	0.04
1.814621757	0.189080771568332	0.04
1.814846808	0.189080771568332	0.04
1.814872379	0.189080771568332	0.04
1.815123071	0.192076121964947	0.04
1.815169565	0.192076121964947	0.04
1.815288509	0.192076121964947	0.04
1.815322808	0.192076121964947	0.04
1.815373832	0.192076121964947	0.04
1.815875562	0.192076121964947	0.04
1.816374833	0.192076121964947	0.04
1.816377569	0.192076121964947	0.04
1.81637757	0.192076121964947	0.04
1.816628678	0.192076121964947	0.04
1.817382419	0.18382519079667	0.04
1.817399416	0.18382519079667	0.04
1.817633804	0.18382519079667	0.04
1.818036082	0.18382519079667	0.04
1.818363245	0.18382519079667	0.04
1.819395454	0.188862605872273	0.04
1.819581019	0.188862605872273	0.04
1.81989941	0.188862605872273	0.04
1.820606159	0.189903401481827	0.04
1.82134289	0.146618112147935	0.04
1.823267442	0.108891671477762	0.04
1.823345161	0.0924203608262934	0.04
1.824280416	0.0961330589963607	0.04
1.824759677	0.185229334918209	0.05
1.824985083	0.188102974651217	0.05
1.829051906	0.182849783039902	0.05
1.829613575	0.182849783039902	0.05
1.835137623	0.0856230548557399	0.05
1.836263396	0.186177409240397	0.06
1.837659261	0.178124001656797	0.06
1.839735229	0.182849783039902	0.06
1.842215909	0.104181449423705	0.06
1.844053766	0.0924203608262934	0.06
1.846490238	0.186177409240397	0.07
1.860668056	0.181583452050475	0.08
1.860714054	0.181583452050475	0.08
1.872927722	0.0922718784182779	0.09
1.876458705	0.0610801513444549	0.09
1.877534086	0.0610801513444549	0.09
1.932723098	0.0915365658960051	0.12
1.93486401	0.086569499089788	0.13
1.938319698	0.085793593298682	0.13
1.945075766	0.0927459870136383	0.14
1.947078383	0.0927459870136383	0.14
1.959079535	0.093570180428097	0.15
1.961031557	0.093570180428097	0.15
2.039242563	0.0975323650349801	0.23
2.045755957	0.12266720712919	0.23
2.04617014	0.123888458900557	0.23
2.049316864	0.0941077988004943	0.24
2.057190684	0.123888458900557	0.24
2.057670659	0.0934515428019336	0.25
2.058810915	0.0941077988004943	0.25
2.060706206	0.0941077988004943	0.25
2.067556414	0.0934515428019336	0.26
2.077371996	0.123888458900557	0.26
2.079378601	0.0941077988004943	0.27
2.112854786	0.0941077988004943	0.3
2.114638141	0.0991984328088493	0.3
2.116340052	0.118013840293153	0.3
2.119081815	0.0928043761555869	0.31
2.122322709	0.0928043761555869	0.31
2.175983465	0.115817086162975	0.36
2.21647999	0.119143766671862	0.4
2.225736601	0.113700619943052	0.41
2.22607531	0.114749094700736	0.41
2.230993963	0.107571970517461	0.42
2.244892022	0.17641420681776	0.43
2.268175967	0.204905723078839	0.41
2.279085054	0.214756794113225	0.4
2.283420782	0.211904284405324	0.39
2.287430653	0.214756794113225	0.39
2.416816988	0.281080483454901	0.28
2.634889835	0.280805322491672	0.1
2.63880046	0.253767107252731	0.09
2.644514931	0.280805322491672	0.09
2.64482266	0.280805322491672	0.09
2.664122924	0.280805322491672	0.07
2.669724846	0.253767107252731	0.06
2.670831293	0.280805322491672	0.06
2.671148642	0.280805322491672	0.06
2.671237545	0.280805322491672	0.06
2.671237705	0.280805322491672	0.06
2.671599646	0.280805322491672	0.06
2.671961685	0.280805322491672	0.06
2.672323822	0.280805322491672	0.06
2.67300408	0.280805322491672	0.06
2.673366554	0.280805322491672	0.06
2.673410821	0.280805322491672	0.06
2.674201502	0.280805322491672	0.06
2.674498542	0.280805322491672	0.06
2.674817434	0.280805322491672	0.06
2.67498819	0.278172947449143	0.06
2.675753192	0.278172947449143	0.06
2.67595059	0.278172947449143	0.06
2.677404052	0.256283517657269	0.05
2.679543675	0.253767107252731	0.05
2.679587204	0.253767107252731	0.05
2.68050645	0.253767107252731	0.05
2.681604422	0.280805322491672	0.05
2.684222358	0.280805322491672	0.05
2.690797174	0.271270539534622	0.04
2.690995907	0.271270539534622	0.04
2.692790444	0.271270539534622	0.04
2.697875326	0.268552455011742	0.04
2.703341222	0.265888299614561	0.04
2.716197088	0.256283517657269	0.05
2.720992773	0.261469087524334	0.05
2.721339166	0.260715481097128	0.06
2.721753239	0.260715481097128	0.06
2.722090639	0.260715481097128	0.06
2.72212898	0.260715481097128	0.06
2.722504826	0.260715481097128	0.06
2.725892101	0.251299632884394	0.06
2.727362573	0.251299632884394	0.06
2.728042156	0.251299632884394	0.06
2.730687704	0.253767107252731	0.06
2.734951629	0.246505891292018	0.07
2.741703646	0.250951048205508	0.08
2.758261585	0.244176955877637	0.09
2.767264537	0.241891615166106	0.1
2.784781798	0.229030157199248	0.12
2.795646082	0.229030157199248	0.13
2.814579483	0.229030157199248	0.15
2.857457722	0.227018383322205	0.19
2.870516676	0.229030157199248	0.2
2.885327778	0.227018383322205	0.22
3.017087015	0.215652772283948	0.35
3.116832706	0.238348594228884	0.45
3.190582361	0.216841776131095	0.52
3.194633906	0.182572993501404	0.52
3.479484296	0.176253926843369	0.8
3.557717034	0.176253926843369	0.880000000000001
3.560201153	0.181531667972035	0.880000000000001
3.561529658	0.219685553785848	0.890000000000001
3.561648443	0.220733677583319	0.890000000000001
3.563861522	0.202158120267593	0.890000000000001
3.565454716	0.20252369013553	0.890000000000001
3.566965252	0.211113379888408	0.890000000000001
3.567214517	0.211113379888408	0.890000000000001
3.572123566	0.184246415679481	0.890000000000001
3.575584373	0.179737648781778	0.880000000000001
3.62901857	0.17773027592106	0.910000000000001
3.62939674	0.17773027592106	0.910000000000001
3.6300627	0.17773027592106	0.910000000000001
3.630972932	0.17773027592106	0.910000000000001
3.631169027	0.180929695508226	0.910000000000001
3.631970124	0.19309577350851	0.910000000000001
3.707141358	0.174642042288265	0.990000000000001
3.82876748	0.19309577350851	1.11
3.963711323	0.209644316620098	1.24
4.452121847	0.212588821030605	1.72
4.45272527	0.212588821030605	1.72
4.459832487	0.241891615166106	1.73
4.464002998	0.212588821030605	1.73
4.475601202	0.224440323747842	1.75
4.478685952	0.241891615166106	1.75
4.480518943	0.241891615166106	1.75
4.492707945	0.20838159042064	1.76
4.536342962	0.212588821030605	1.78
4.537596069	0.212588821030605	1.78
4.550359745	0.212588821030605	1.8
4.773228095	0.210464181932829	1.98
4.848628454	0.210464181932829	2.06
5.341769851	0.23645943692946	2.23
5.342582978	0.23645943692946	2.23
5.443653327	0.247579248629652	2.25
6.234722781	0.227518006152372	2.66999999999999
6.244676548	0.227518006152372	2.67999999999999
6.35095118	0.214756794113225	2.72999999999999
6.358499262	0.214756794113225	2.72999999999999
7	0.229465899288664	3.36999999999997
