thrs	post_p	finalwindow
0	0.101958633798286	0.23
0.03256001	0.100502895768875	0.2
0.082355146	0.0890588680645637	0.17
0.093809574	0.0790566519512946	0.17
0.098963073	0.0808732290819841	0.16
0.103967892	0.0790566519512946	0.16
0.113424721	0.0799546236438623	0.15
0.115659216	0.0790566519512946	0.15
0.127200542	0.0773198900390192	0.16
0.128068503	0.0773198900390192	0.16
0.129609166	0.0773198900390192	0.16
0.129730945	0.0773198900390192	0.16
0.130460633	0.0773198900390192	0.16
0.148427326	0.0735497304089455	0.15
0.151339737	0.0779190093734924	0.15
0.155752372	0.0919678004336126	0.15
0.161204767	0.0779190093734924	0.14
0.172569069	0.0926662838554854	0.13
0.178062567	0.0747649230959311	0.12
0.178113806	0.0747649230959311	0.12
0.178140913	0.0747649230959311	0.12
0.178189211	0.0747649230959311	0.12
0.178358463	0.0747649230959311	0.12
0.181430774	0.0785274858604979	0.12
0.181486006	0.0785274858604979	0.12
0.181486035	0.0785274858604979	0.12
0.186084933	0.0925725403431612	0.12
0.194681585	0.0970391484273104	0.11
0.205298456	0.0970391484273104	0.1
0.222622275	0.0870562637355404	0.08
0.22265244	0.0870562637355404	0.08
0.222656148	0.0870562637355404	0.08
0.222697977	0.0863764632948019	0.08
0.222812147	0.0934947106450304	0.08
0.223196808	0.0920680411361337	0.08
0.226694446	0.0874001924348149	0.08
0.226728961	0.0874001924348149	0.08
0.226867021	0.0874001924348149	0.08
0.226923294	0.0874001924348149	0.08
0.226929675	0.0874001924348149	0.08
0.227081991	0.0874001924348149	0.08
0.227432153	0.0603152184693991	0.07
0.230426372	0.0645560506326516	0.07
0.237068117	0.0825106346857072	0.07
0.241897099	0.0807046431772532	0.07
0.24235868	0.0807046431772532	0.07
0.242615688	0.0845426514193931	0.06
0.249436037	0.0837602136327727	0.06
0.254481698	0.0905481633470392	0.05
0.256228734	0.088946333517708	0.05
0.256259656	0.088946333517708	0.05
0.256650521	0.088946333517708	0.05
0.259750174	0.0866471054655393	0.05
0.263775407	0.0866471054655393	0.05
0.272151172	0.0859068856292197	0.05
0.287097646	0.0622716718616717	0.06
0.296044019	0.0689846686337064	0.05
0.296839561	0.0689846686337064	0.05
0.296874128	0.0689846686337064	0.05
0.296879772	0.0689846686337064	0.05
0.29691506	0.0689846686337064	0.05
0.296919994	0.0689846686337064	0.05
0.296960227	0.0689846686337064	0.05
0.297156652	0.0689846686337064	0.05
0.297207868	0.0689846686337064	0.05
0.29723727	0.0689846686337064	0.05
0.29736316	0.0689846686337064	0.05
0.297631463	0.0689846686337064	0.05
0.298033592	0.0689846686337064	0.05
0.298432807	0.0689846686337064	0.05
0.298682719	0.0689846686337064	0.05
0.300128238	0.0696674205986973	0.05
0.301159527	0.0689846686337064	0.05
0.301373268	0.0689846686337064	0.05
0.302443572	0.0683151689530728	0.05
0.302452098	0.0683151689530728	0.05
0.302453753	0.0683151689530728	0.05
0.302493847	0.0683151689530728	0.05
0.302531356	0.0683151689530728	0.05
0.302535608	0.0683151689530728	0.05
0.302694303	0.0683151689530728	0.05
0.302757814	0.0683151689530728	0.05
0.303037639	0.0683151689530728	0.05
0.303998368	0.0683151689530728	0.05
0.304168238	0.0683151689530728	0.05
0.305094409	0.0689846686337064	0.05
0.306047128	0.0689846686337064	0.05
0.307314933	0.0601434377000505	0.06
0.308759935	0.0689846686337064	0.05
0.322066605	0.0703638222610446	0.04
0.322435043	0.0703638222610446	0.04
0.323165924	0.0689846686337064	0.04
0.327195424	0.0676585394231629	0.04
0.330254195	0.0670144124623909	0.04
0.334029253	0.0657622646036353	0.04
0.338071632	0.0633932885116955	0.05
0.340262381	0.0617256165857821	0.05
0.343706753	0.0617256165857821	0.05
0.345554528	0.0606617407466072	0.05
0.350684009	0.0596339165382855	0.06
0.351815198	0.0591329559420446	0.06
0.356351443	0.056749314864848	0.06
0.356437896	0.056749314864848	0.06
0.356490553	0.056749314864848	0.06
0.357959666	0.0549764408313286	0.07
0.360733393	0.0545503961247184	0.07
0.362945858	0.0545503961247184	0.07
0.363236679	0.0545503961247184	0.07
0.366130409	0.0549764408313286	0.07
0.367161303	0.0633932885116955	0.07
0.367663989	0.049645101048577	0.08
0.37384574	0.0556427913663141	0.08
0.382008897	0.0432408215754932	0.07
0.386863037	0.0308410560404504	0.06
0.387745392	0.0299233201740072	0.06
0.389222512	0.0293984354503191	0.06
0.389299853	0.0293984354503191	0.06
0.395214438	0.0456970622338809	0.06
0.398731854	0.0322247016396495	0.05
0.411578949	0.0554637663404688	0.04
0.415094538	0.0537588394074812	0.04
0.415772448	0.0173361022612782	0.03
0.418471182	0.0380824977677862	0.03
0.423143546	0.0578571156289311	0.03
0.428769674	0.0395814787592326	0.02
0.438307149	0.0437107162833539	0.01
0.440249622	0.0664607789897662	0.01
0.441698853	0.0664607789897662	0.01
0.444236336	0.0518864910940606	0.01
0.444770984	0.0493406134272274	0.01
0.445049535	0.0493406134272274	0.01
0.445117302	0.06092425673407	0.01
0.445156208	0.06092425673407	0.01
0.445185067	0.0594827393743422	0.01
0.445185068	0.0594827393743422	0.01
0.445245414	0.0594827393743422	0.01
0.445252832	0.0594827393743422	0.01
0.445252833	0.0594827393743422	0.01
0.445252835	0.0594827393743422	0.01
0.445313188	0.0594827393743422	0.01
0.44531319	0.0594827393743422	0.01
0.445373562	0.0594827393743422	0.01
0.445419149	0.0594827393743422	0.01
0.445433949	0.0594827393743422	0.01
0.445479567	0.0587872622069141	0.01
0.445494353	0.0587872622069141	0.01
0.445540001	0.0587872622069141	0.01
0.445554774	0.058107860241385	0.01
0.445578303	0.058107860241385	0.01
0.445615211	0.058107860241385	0.01
0.445653547	0.058107860241385	0.01
0.445691925	0.068928376199489	0.01
0.445736134	0.068928376199489	0.01
0.445970843	0.0786151877184597	0.01
0.445978177	0.0786151877184597	0.01
0.446188208	0.0781786265117147	0.01
0.446319857	0.0781786265117147	0.01
0.446341735	0.0781786265117147	0.01
0.446394864	0.0781786265117147	0.01
0.446395102	0.0781786265117147	0.01
0.446465528	0.0773198900390192	0.01
0.446967543	0.0768975576168901	0.01
0.447533088	0.0768975576168901	0.01
0.447542535	0.0768975576168901	0.01
0.447649603	0.0764798138126095	0.01
0.448701687	0.0756577961422586	0.01
0.449051315	0.0756577961422586	0.01
0.449552291	0.0748532609309234	0.01
0.449715173	0.0748532609309234	0.01
0.451750007	0.0756577961422586	0.01
0.453102774	0.075253378272953	0.01
0.453607731	0.075253378272953	0.01
0.453670383	0.075253378272953	0.01
0.45367678	0.075253378272953	0.01
0.453739439	0.075253378272953	0.01
0.453789353	0.075253378272953	0.01
0.453802119	0.075253378272953	0.01
0.453864814	0.075253378272953	0.01
0.453927527	0.075253378272953	0.01
0.453952078	0.075253378272953	0.01
0.453990257	0.075253378272953	0.01
0.454115767	0.075253378272953	0.01
0.454131662	0.075253378272953	0.01
0.454159539	0.075253378272953	0.01
0.454172215	0.075253378272953	0.01
0.454228692	0.075253378272953	0.01
0.454266222	0.0760665842476271	0.01
0.454278877	0.0760665842476271	0.01
0.454291524	0.0760665842476271	0.01
0.454379121	0.0760665842476271	0.01
0.454543029	0.0760665842476271	0.01
0.454618511	0.0760665842476271	0.01
0.455078808	0.0760665842476271	0.01
0.455180191	0.0781786265117147	0.01
0.455439212	0.104870039126026	0.01
0.455550168	0.109633953520454	0.01
0.455678249	0.118227042888944	0.01
0.455755613	0.0725391452855514	0.02
0.455804735	0.0725391452855514	0.02
0.456133439	0.0725391452855514	0.02
0.456455968	0.0725391452855514	0.02
0.456880284	0.0725391452855514	0.02
0.45760535	0.0721672989258614	0.02
0.458664131	0.0721672989258614	0.02
0.459124851	0.0721672989258614	0.02
0.462114195	0.0721672989258614	0.02
0.464728436	0.0714349269783546	0.02
0.46499053	0.0717992454021236	0.02
0.472596627	0.0683151689530728	0.03
0.474072423	0.0683151689530728	0.03
0.477096915	0.0886848556442577	0.03
0.478419311	0.0639693861695434	0.04
0.479936634	0.0631091134194612	0.04
0.483671852	0.0636800344137132	0.04
0.483988273	0.0636800344137132	0.04
0.484225862	0.0636800344137132	0.04
0.485802156	0.0934947106450304	0.04
0.485999254	0.0964849364655112	0.04
0.48628356	0.0817182097675083	0.04
0.489107131	0.0845426514193931	0.04
0.50407637	0.059887593392549	0.06
0.508934563	0.0695908926145024	0.06
0.511690912	0.0482554111578268	0.06
0.514553924	0.0574439825039992	0.07
0.514742139	0.0574439825039992	0.07
0.514839037	0.057679333164429	0.07
0.51682809	0.0632666731469882	0.07
0.518492841	0.0660364590568034	0.07
0.518564452	0.0660364590568034	0.07
0.534453117	0.0386682563914674	0.07
0.534888196	0.0837602136327727	0.07
0.536755919	0.0760209453316498	0.07
0.539174229	0.0741523485077686	0.07
0.543234343	0.0747649230959311	0.07
0.544416783	0.0753877029813379	0.07
0.55657045	0.090457660722525	0.05
0.556807604	0.090457660722525	0.05
0.55802857	0.0895624862907405	0.05
0.559788571	0.0886848556442577	0.05
0.562444529	0.090457660722525	0.05
0.566766402	0.0869802024032004	0.06
0.568776608	0.0869802024032004	0.06
0.574371638	0.0878242580485432	0.06
0.57444178	0.0878242580485432	0.06
0.586308239	0.0869802024032004	0.07
0.59079165	0.0895624862907405	0.07
0.591819223	0.0895624862907405	0.07
0.593573546	0.0895624862907405	0.07
0.593673806	0.0895624862907405	0.07
0.593824895	0.0895624862907405	0.07
0.593834769	0.0895624862907405	0.07
0.594036974	0.0895624862907405	0.07
0.594237558	0.0895624862907405	0.07
0.594318181	0.0895624862907405	0.07
0.595015574	0.0895624862907405	0.07
0.595196772	0.0895624862907405	0.07
0.596219211	0.0895624862907405	0.07
0.597117526	0.0895624862907405	0.07
0.602148457	0.10236300128887	0.07
0.604317115	0.10236300128887	0.07
0.604813246	0.103319115315481	0.07
0.604905308	0.104293258769019	0.07
0.604988853	0.104293258769019	0.07
0.605724938	0.104293258769019	0.07
0.60631275	0.104293258769019	0.07
0.606404306	0.104293258769019	0.07
0.607971158	0.105285946474429	0.07
0.608756287	0.105285946474429	0.07
0.624510489	0.104293258769019	0.07
0.630942519	0.108380726007084	0.07
0.636422142	0.109453149498203	0.07
0.637881775	0.0978361286651332	0.08
0.638075882	0.0987091861307808	0.08
0.64559646	0.100502895768875	0.08
0.648110758	0.0987091861307808	0.08
0.65703705	0.110547008276571	0.07
0.667879263	0.108380726007084	0.08
0.667969788	0.108380726007084	0.08
0.669490645	0.108380726007084	0.08
0.671132308	0.109453149498203	0.08
0.678915807	0.103319115315481	0.09
0.680410924	0.103319115315481	0.09
0.68060848	0.103319115315481	0.09
0.692614054	0.119852936398896	0.1
0.696262833	0.112624960386338	0.11
0.712354258	0.11166295149309	0.12
0.7123899	0.11166295149309	0.12
0.712401774	0.11166295149309	0.12
0.713541741	0.11166295149309	0.12
0.714295462	0.108873067471376	0.13
0.715653707	0.108873067471376	0.13
0.725979546	0.100502895768875	0.14
0.726772429	0.0997361235100328	0.14
0.72717465	0.0997361235100328	0.14
0.744518666	0.0878242580485432	0.14
0.75180067	0.082775252853667	0.14
0.756100951	0.0986860113534254	0.14
0.763284143	0.101878867941483	0.13
0.766651587	0.0991983832184449	0.13
0.7676628	0.102814939272559	0.13
0.778829055	0.102814939272559	0.12
0.779184816	0.102032528500941	0.12
0.786383987	0.0977880780817494	0.11
0.794958533	0.101917627415954	0.1
0.797194853	0.0991269025315517	0.1
0.8034392	0.105174715627919	0.09
0.812482547	0.095116000792079	0.08
0.817085993	0.1027857471748	0.08
0.828284953	0.107274330853885	0.07
0.849686346	0.101917627415954	0.05
0.861362559	0.0659798205027707	0.03
0.861783488	0.0855414982714491	0.03
0.864973627	0.105789410689633	0.03
0.866065884	0.103234034446605	0.03
0.867661243	0.10672504466101	0.03
0.870144812	0.102205366720768	0.03
0.875213305	0.106448144656165	0.02
0.875954975	0.103861234583404	0.02
0.877564409	0.107358049657798	0.02
0.87832845	0.10672504466101	0.02
0.88244613	0.0997905047368071	0.01
0.882485476	0.0997905047368071	0.01
0.883671839	0.113516647141585	0.01
0.884296127	0.11239711710537	0.01
0.885800269	0.110223022166779	0.01
0.888469193	0.112705876552738	0.01
0.888863234	0.11166295149309	0.01
0.889014569	0.110639150901825	0.01
0.889209764	0.110639150901825	0.01
0.889576687	0.110639150901825	0.01
0.889752182	0.110639150901825	0.01
0.890068113	0.109966983685445	0.01
0.890218543	0.108973908161413	0.01
0.890218544	0.108973908161413	0.01
0.890228158	0.108973908161413	0.01
0.890309475	0.108973908161413	0.01
0.890339212	0.108973908161413	0.01
0.890354074	0.108973908161413	0.01
0.890354075	0.108973908161413	0.01
0.890459913	0.108973908161413	0.01
0.890474761	0.108973908161413	0.01
0.890489605	0.108973908161413	0.01
0.890489606	0.108973908161413	0.01
0.890506418	0.108973908161413	0.01
0.890595481	0.108973908161413	0.01
0.89061031	0.108973908161413	0.01
0.890610311	0.108973908161413	0.01
0.89068659	0.108973908161413	0.01
0.890716233	0.108973908161413	0.01
0.890731048	0.108973908161413	0.01
0.890731049	0.108973908161413	0.01
0.890822213	0.108973908161413	0.01
0.890851819	0.108973908161413	0.01
0.890928251	0.108973908161413	0.01
0.890957836	0.108973908161413	0.01
0.890972623	0.108973908161413	0.01
0.891093459	0.108973908161413	0.01
0.89119957	0.108973908161413	0.01
0.891214328	0.108973908161413	0.01
0.891244043	0.108973908161413	0.01
0.891320486	0.108973908161413	0.01
0.891441435	0.108973908161413	0.01
0.891456164	0.108973908161413	0.01
0.89149835	0.108973908161413	0.01
0.891521465	0.108646856863232	0.01
0.891562417	0.108646856863232	0.01
0.891577132	0.108646856863232	0.01
0.891698132	0.108646856863232	0.01
0.891793338	0.108646856863232	0.01
0.891881522	0.108646856863232	0.01
0.892012117	0.107677376379589	0.01
0.892017347	0.107677376379589	0.01
0.89206133	0.107677376379589	0.01
0.89216782	0.107358049657798	0.01
0.892182462	0.107358049657798	0.01
0.892245091	0.107358049657798	0.01
0.89229733	0.10672504466101	0.01
0.892307805	0.10672504466101	0.01
0.892546055	0.107677376379589	0.01
0.892568748	0.107677376379589	0.01
0.89273031	0.107677376379589	0.01
0.892793389	0.107677376379589	0.01
0.892924751	0.1152732610886	0.01
0.892952212	0.114265680659833	0.01
0.89308003	0.114265680659833	0.01
0.893142511	0.114265680659833	0.01
0.893172464	0.114265680659833	0.01
0.893313967	0.114265680659833	0.01
0.893320622	0.114265680659833	0.01
0.893352088	0.114265680659833	0.01
0.894085351	0.113603689301818	0.01
0.894189143	0.113603689301818	0.01
0.89422449	0.113603689301818	0.01
0.894690708	0.113603689301818	0.01
0.894913415	0.113603689301818	0.01
0.895300675	0.113603689301818	0.01
0.89539422	0.112949324176031	0.01
0.895524497	0.112949324176031	0.01
0.895638516	0.112624960386338	0.01
0.895840307	0.113275561720116	0.01
0.89592425	0.113275561720116	0.01
0.896329745	0.11166295149309	0.01
0.896396617	0.11166295149309	0.01
0.896928207	0.11009561157893	0.01
0.897197773	0.108873067471376	0.01
0.897282137	0.107089325745063	0.01
0.897316929	0.10650766318027	0.01
0.89799116	0.0975552005112188	0.01
0.898155973	0.0960384854555907	0.01
0.898455429	0.0947754870358955	0.01
0.898662437	0.0937480891144675	0.01
0.898755243	0.0927427269905924	0.01
0.89889623	0.0921497938651281	0.01
0.898920463	0.0921497938651281	0.01
0.899974537	0.0957195905194083	0.01
0.900031532	0.0957195905194083	0.01
0.900113547	0.0959180729777811	0.01
0.90151373	0.0892552600636787	0.01
0.901947653	0.0898859469153532	0.01
0.902162268	0.0909950885517727	0.01
0.902291602	0.0763415726686785	0.01
0.902860993	0.0690269483357972	0.01
0.902919093	0.0690269483357972	0.01
0.902932441	0.0693243636092719	0.01
0.903685884	0.0543398404663431	0.01
0.903876527	0.0540962373404691	0.01
0.904039961	0.0538548085912568	0.01
0.904513058	0.0545856474763466	0.01
0.905345526	0.0540962373404691	0.01
0.905541598	0.0548336884142829	0.01
0.906154318	0.0553365950046313	0.01
0.906210372	0.0545856474763466	0.01
0.906508268	0.0550839938725324	0.01
0.906922556	0.0548336884142829	0.01
0.906983581	0.0550839938725324	0.01
0.907060652	0.0550839938725324	0.01
0.907185931	0.0550839938725324	0.01
0.907198748	0.0553365950046313	0.01
0.907298438	0.0463286561288309	0.01
0.907311244	0.0463286561288309	0.01
0.907324045	0.0467595083331871	0.01
0.907336843	0.0467595083331871	0.01
0.907336844	0.0467595083331871	0.01
0.907436592	0.0467595083331871	0.01
0.907449378	0.0467595083331871	0.01
0.90746216	0.0467595083331871	0.01
0.907536422	0.0467595083331871	0.01
0.9075492	0.0467595083331871	0.01
0.907574745	0.0467595083331871	0.01
0.907587512	0.0467595083331871	0.01
0.907674633	0.0467595083331871	0.01
0.907700146	0.0467595083331871	0.01
0.907712898	0.0467595083331871	0.01
0.907951053	0.0467595083331871	0.01
0.907963774	0.0463286561288309	0.01
0.908076559	0.0465430851460247	0.01
0.908089263	0.0465430851460247	0.01
0.908089264	0.0465430851460247	0.01
0.90817671	0.0467595083331871	0.01
0.908202099	0.0467595083331871	0.01
0.908453284	0.0465430851460247	0.01
0.908566283	0.0465430851460247	0.01
0.908577365	0.0465430851460247	0.01
0.908691978	0.0467595083331871	0.01
0.908729307	0.0467595083331871	0.01
0.908830322	0.0469779536386701	0.01
0.908855181	0.0467595083331871	0.01
0.909094444	0.0474210250339486	0.01
0.909195105	0.0471984495355399	0.01
0.909207673	0.0471984495355399	0.01
0.909346075	0.0471984495355399	0.01
0.909409249	0.0471984495355399	0.01
0.909446878	0.0471984495355399	0.01
0.909620416	0.0471984495355399	0.01
0.909642167	0.0471984495355399	0.01
0.909838426	0.0461161938459358	0.01
0.909925885	0.0461161938459358	0.01
0.910051995	0.0463286561288309	0.01
0.910628128	0.0469779536386701	0.01
0.911062134	0.0469779536386701	0.01
0.91113001	0.0469779536386701	0.01
0.911351929	0.0469779536386701	0.01
0.911383512	0.0463286561288309	0.01
0.911404622	0.0463286561288309	0.01
0.911747931	0.0465430851460247	0.01
0.912015459	0.0471984495355399	0.01
0.912707801	0.0474210250339486	0.01
0.912811242	0.0605013139324594	0.01
0.913006436	0.0481015275659748	0.01
0.913630289	0.0481015275659748	0.01
0.913751419	0.0483327227668307	0.01
0.914018042	0.048566151134588	0.01
0.914696902	0.048566151134588	0.01
0.915026039	0.048566151134588	0.01
0.915269563	0.048566151134588	0.01
0.915559183	0.0488018451822708	0.01
0.916163647	0.0492801635561867	0.01
0.916208994	0.0490398380571305	0.01
0.916912552	0.0505180108503388	0.01
0.917248255	0.0537588394074812	0.01
0.917957453	0.0633932885116955	0.01
0.918238351	0.0603152184693991	0.01
0.918456927	0.0591329559420446	0.02
0.918483627	0.0591329559420446	0.02
0.918816837	0.059600255241832	0.02
0.918837351	0.059600255241832	0.02
0.919120121	0.0603152184693991	0.02
0.919655338	0.0603152184693991	0.02
0.920002472	0.0605573667072902	0.02
0.921364075	0.0615457200980041	0.02
0.922071236	0.0625668704873772	0.02
0.922504312	0.0633552507212893	0.02
0.922763582	0.0633552507212893	0.02
0.922787758	0.0633552507212893	0.02
0.924412009	0.0526792838021931	0.02
0.925553967	0.0536155252356598	0.02
0.926193857	0.0540962373404691	0.02
0.929379518	0.0560563634830722	0.03
0.93064775	0.0554382853335445	0.03
0.93220206	0.0560563634830722	0.03
0.933174706	0.0463999125974336	0.03
0.934071327	0.0469414044611059	0.03
0.934700606	0.0469414044611059	0.03
0.93534835	0.047309475500092	0.03
0.938446291	0.044190935810088	0.03
0.938770844	0.0478725336381272	0.03
0.942896738	0.0386682563914674	0.03
0.947518522	0.0433339905489662	0.03
0.950306111	0.0478725336381272	0.03
0.951999424	0.0483327227668307	0.03
0.953473419	0.0366929091261993	0.04
0.954119877	0.0375142208292312	0.04
0.954191796	0.0375142208292312	0.04
0.955603107	0.0395814787592326	0.04
0.956780018	0.0405388793466473	0.04
0.95679317	0.0405388793466473	0.04
0.957077957	0.0408683888437848	0.04
0.957486775	0.0412032988985091	0.04
0.958321379	0.0422417935735589	0.04
0.959031973	0.0437107162833539	0.04
0.959642592	0.0440940496208823	0.04
0.959665139	0.0461161938459358	0.04
0.960039043	0.0465430851460247	0.04
0.960819071	0.0465430851460247	0.04
0.960911853	0.0465430851460247	0.04
0.964458654	0.0375142208292312	0.05
0.966653906	0.0405388793466473	0.05
0.966980912	0.0408683888437848	0.05
0.966986309	0.0408683888437848	0.05
0.967139043	0.0408683888437848	0.05
0.967144414	0.0408683888437848	0.05
0.967297223	0.0412032988985091	0.05
0.967297226	0.0412032988985091	0.05
0.967302571	0.0412032988985091	0.05
0.967302572	0.0412032988985091	0.05
0.967460779	0.0412032988985091	0.05
0.96746078	0.0412032988985091	0.05
0.96761904	0.0412032988985091	0.05
0.967619041	0.0412032988985091	0.05
0.967772081	0.0412032988985091	0.05
0.967935716	0.0412032988985091	0.05
0.968083686	0.0418898606106996	0.05
0.969666194	0.0461161938459358	0.05
0.970442597	0.0461161938459358	0.05
0.973457204	0.0195239164932518	0.05
0.973766743	0.0195239164932518	0.05
0.974203145	0.0193362067088579	0.05
0.97801719	0.0191520719682135	0.05
0.981915796	0.0346688629726201	0.05
0.985118954	0.0176402145773041	0.05
1.019804062	0.0281897172944466	0.06
1.021711423	0.0292842853572089	0.06
1.022530753	0.0292842853572089	0.06
1.023898132	0.0292842853572089	0.06
1.027042278	0.0251362580403969	0.07
1.027349785	0.025780685095328	0.07
1.029078227	0.0266931402826551	0.07
1.029271857	0.0266931402826551	0.07
1.029637844	0.0266931402826551	0.07
1.029659545	0.0276725543546282	0.07
1.030020301	0.0281897172944466	0.07
1.030392053	0.0287265785330106	0.07
1.030397618	0.0287265785330106	0.07
1.030958443	0.0292842853572089	0.07
1.031720423	0.0292842853572089	0.07
1.032104884	0.0292842853572089	0.07
1.033463082	0.0292842853572089	0.07
1.034014818	0.0292842853572089	0.07
1.034376329	0.0292842853572089	0.07
1.035677928	0.0295713389918329	0.07
1.036124234	0.0295713389918329	0.07
1.038905957	0.0245232621655316	0.08
1.039046839	0.0249285491624641	0.08
1.041709188	0.0271740251015176	0.08
1.043349328	0.0271740251015176	0.08
1.044012776	0.0271740251015176	0.08
1.049025044	0.0235654477450343	0.09
1.054783865	0.0262289794531079	0.09
1.056246636	0.0262289794531079	0.09
1.058571278	0.0235654477450343	0.1
1.067766296	0.0232029491645782	0.11
1.067971123	0.0232029491645782	0.11
1.06860264	0.0233827936042072	0.11
1.068892568	0.0233827936042072	0.11
1.070020858	0.0249285491624641	0.11
1.076612069	0.025780685095328	0.11
1.112743253	0.0390435948627287	0.12
1.113233383	0.0390435948627287	0.12
1.11414031	0.0390435948627287	0.12
1.116382888	0.039816564204195	0.11
1.127882011	0.0390435948627287	0.11
1.13205703	0.0402146408226943	0.11
1.133642817	0.0375843262158639	0.12
1.136767134	0.039816564204195	0.11
1.162829766	0.0340813664682585	0.14
1.183360064	0.036559507486802	0.16
1.187305519	0.0316665767418054	0.15
1.187446683	0.0316665767418054	0.15
1.18762744	0.031175707160709	0.15
1.192009701	0.0314192248269049	0.15
1.192075895	0.0314192248269049	0.15
1.192725439	0.0306998234054912	0.15
1.203309389	0.0324325654522798	0.14
1.208724051	0.0271740251015176	0.13
1.208769953	0.0271740251015176	0.13
1.209751115	0.0271740251015176	0.13
1.209768181	0.0271740251015176	0.13
1.210085375	0.0271740251015176	0.13
1.21086869	0.0271740251015176	0.13
1.212614931	0.0264590243742471	0.13
1.224141399	0.0264590243742471	0.12
1.22465873	0.0264590243742471	0.12
1.226767373	0.0264590243742471	0.12
1.245566855	0.0298640759130506	0.1
1.252855937	0.0301626665908675	0.09
1.265568721	0.0298640759130506	0.09
1.268447511	0.0298640759130506	0.09
1.270604589	0.0298640759130506	0.09
1.275739262	0.0422417935735589	0.09
1.278899002	0.0448812468861839	0.09
1.285172518	0.0390435948627287	0.08
1.293113698	0.0402146408226943	0.08
1.297280078	0.0390435948627287	0.08
1.302603198	0.075152948453307	0.08
1.325958837	0.090457660722525	0.08
1.33510162	0.0869802024032004	0.09
1.335485912	0.0869802024032004	0.09
1.335508208	0.0869802024032004	0.09
1.335711503	0.0895624862907405	0.09
1.335892556	0.0895624862907405	0.09
1.336051433	0.0895624862907405	0.09
1.33638917	0.0895624862907405	0.09
1.336413828	0.0895624862907405	0.09
1.336595099	0.0895624862907405	0.09
1.336979907	0.0895624862907405	0.09
1.337117106	0.0895624862907405	0.09
1.337161305	0.0895624862907405	0.09
1.337524247	0.0895624862907405	0.09
1.337529375	0.0895624862907405	0.09
1.337777279	0.0895624862907405	0.09
1.337887386	0.0895624862907405	0.09
1.342368518	0.090457660722525	0.08
1.346883901	0.0895624862907405	0.09
1.360981621	0.106297713045917	0.09
1.36116959	0.106297713045917	0.09
1.36135761	0.106297713045917	0.09
1.361545683	0.106297713045917	0.09
1.361952473	0.106297713045917	0.09
1.362110213	0.106297713045917	0.09
1.362279458	0.106297713045917	0.09
1.364721715	0.104293258769019	0.09
1.365659238	0.103319115315481	0.09
1.368578346	0.104293258769019	0.09
1.369020462	0.105285946474429	0.09
1.369707356	0.105285946474429	0.09
1.373967278	0.105285946474429	0.09
1.377274175	0.107329113847012	0.08
1.377544294	0.110547008276571	0.08
1.384187356	0.107329113847012	0.09
1.385801753	0.107329113847012	0.09
1.418305639	0.103319115315481	0.09
1.430594094	0.0936926894762288	0.1
1.440102642	0.0936926894762288	0.11
1.448119954	0.0913709102994	0.12
1.450462129	0.0913709102994	0.12
1.450674974	0.0913709102994	0.12
1.450928234	0.0913709102994	0.12
1.454003033	0.0913709102994	0.12
1.454856842	0.0913709102994	0.12
1.45657643	0.0913709102994	0.13
1.484067531	0.0884484789920562	0.15
1.485917469	0.0886848556442577	0.15
1.488337206	0.0884484789920562	0.16
1.494140559	0.0884484789920562	0.16
1.502972103	0.0884484789920562	0.17
1.506038743	0.0886848556442577	0.17
1.511734415	0.0884484789920562	0.18
1.512194724	0.0884484789920562	0.18
1.512403577	0.0884484789920562	0.18
1.513239565	0.0884484789920562	0.18
1.515375804	0.0898859469153532	0.18
1.516740221	0.0884484789920562	0.19
1.517647523	0.0884484789920562	0.19
1.523536021	0.0884484789920562	0.19
1.558319819	0.163942664146826	0.23
1.558531046	0.163942664146826	0.23
1.55916507	0.16191214657817	0.23
1.595579044	0.187514597741049	0.19
1.611568792	0.204445133891832	0.17
1.718627381	0.246648531601054	0.07
1.730827961	0.228624018136307	0.06
1.745720251	0.244017675442062	0.04
1.75282717	0.224970609198186	0.04
1.758275756	0.248828242318845	0.03
1.768990518	0.246648531601054	0.02
1.77492366	0.23239804487416	0.02
1.777374698	0.262760844091007	0.01
1.778615293	0.260331394752727	0.01
1.780627841	0.244506677363552	0.01
1.780657571	0.244506677363552	0.01
1.780657572	0.244506677363552	0.01
1.780839524	0.242401701878895	0.01
1.780928629	0.242401701878895	0.01
1.78092863	0.242401701878895	0.01
1.781081012	0.242401701878895	0.01
1.781140367	0.242401701878895	0.01
1.781170031	0.242401701878895	0.01
1.781170032	0.242401701878895	0.01
1.781381862	0.242401701878895	0.01
1.781411498	0.242401701878895	0.01
1.781411499	0.242401701878895	0.01
1.781623424	0.242401701878895	0.01
1.781653031	0.242401701878895	0.01
1.781835463	0.242401701878895	0.01
1.781894629	0.242401701878895	0.01
1.782136292	0.240332660801552	0.01
1.782378022	0.238298641755295	0.01
1.782531315	0.238298641755295	0.01
1.782590324	0.238298641755295	0.01
1.782619816	0.238298641755295	0.01
1.783044725	0.238298641755295	0.01
1.783103602	0.238298641755295	0.01
1.783286774	0.238298641755295	0.01
1.783345594	0.238298641755295	0.01
1.78377107	0.238298641755295	0.01
1.783829774	0.238298641755295	0.01
1.784013316	0.238298641755295	0.01
1.784314217	0.238298641755295	0.01
1.784933025	0.242401701878895	0.01
1.785009515	0.242401701878895	0.01
1.785988286	0.242689885961301	0.01
1.786357195	0.242689885961301	0.01
1.787927091	0.229798849451377	0.01
1.788872102	0.233755749388215	0.01
1.78918715	0.233755749388215	0.01
1.789747139	0.231760411379909	0.01
1.790033715	0.231760411379909	0.01
1.790095821	0.231760411379909	0.01
1.790737455	0.242092932193008	0.01
1.79204453	0.239108103832881	0.02
1.792147241	0.239108103832881	0.02
1.795060195	0.200893537637669	0.02
1.795172249	0.188730947341814	0.02
1.799436111	0.154164758297507	0.02
1.808733518	0.0298640759130506	0.02
1.809599251	0.142188099306949	0.03
1.813215031	0.0675143322955974	0.03
1.813240824	0.0675143322955974	0.03
1.814069382	0.0549764408313286	0.03
1.814069384	0.0549764408313286	0.03
1.814345569	0.0478725336381272	0.03
1.814596154	0.0478725336381272	0.03
1.814621756	0.0478725336381272	0.03
1.814621757	0.0478725336381272	0.03
1.814846808	0.0478725336381272	0.03
1.814872379	0.0478725336381272	0.03
1.815123071	0.0490398380571305	0.03
1.815169565	0.0490398380571305	0.03
1.815322808	0.0490398380571305	0.03
1.815373832	0.0490398380571305	0.03
1.815624663	0.0490398380571305	0.03
1.815850116	0.0490398380571305	0.03
1.815875562	0.0490398380571305	0.03
1.816101116	0.0332365300552505	0.03
1.816374833	0.0343726045314156	0.03
1.816377569	0.0343726045314156	0.03
1.816628678	0.0340813664682585	0.03
1.816879855	0.0340813664682585	0.03
1.817382419	0.0340813664682585	0.03
1.817399416	0.0340813664682585	0.03
1.817633804	0.0340813664682585	0.03
1.818363245	0.0343726045314156	0.03
1.819395454	0.0355890931445212	0.03
1.819410514	0.0355890931445212	0.03
1.81989941	0.0362302088990141	0.03
1.820606159	0.0368948470110999	0.03
1.82134289	0.0372363952409599	0.03
1.823267442	0.0379388205414364	0.03
1.824759677	0.0301626665908675	0.02
1.828541204	0.0298640759130506	0.02
1.828939845	0.0295713389918329	0.03
1.829613575	0.0298640759130506	0.03
1.830016016	0.0298640759130506	0.03
1.835137623	0.0292842853572089	0.03
1.83758722	0.0292842853572089	0.03
1.837659261	0.0292842853572089	0.03
1.839735229	0.0201095685021426	0.03
1.842215909	0.0201095685021426	0.03
1.844053766	0.0284556159500328	0.04
1.846490238	0.0284556159500328	0.04
1.860668056	0.0195239164932518	0.05
1.860714054	0.0195239164932518	0.05
1.872927722	0.0186201250438744	0.06
1.877534086	0.0237509779491898	0.07
1.917919203	0.0221794158725968	0.11
1.933588634	0.0221794158725968	0.12
1.934242286	0.0225104105003319	0.12
1.93486401	0.0182816117263276	0.12
1.937910579	0.0275462150108608	0.13
1.938309591	0.0275462150108608	0.13
1.938319698	0.0275462150108608	0.13
1.939501786	0.0279287419234444	0.13
1.940502926	0.0210938375287119	0.13
1.945075766	0.0179551869632404	0.13
1.95745413	0.0268117587769218	0.15
1.959079535	0.0271740251015176	0.15
1.961031557	0.0205199210384835	0.15
2.03833515	0.0474210250339486	0.22
2.039242563	0.0478725336381272	0.22
2.045755957	0.0395814787592326	0.23
2.049316864	0.0456970622338809	0.23
2.057190684	0.0502654913860698	0.23
2.057670659	0.0497679509602805	0.23
2.067556414	0.0497679509602805	0.24
2.077653506	0.0497679509602805	0.25
2.07768814	0.0497679509602805	0.25
2.080200147	0.0469779536386701	0.26
2.112854786	0.0483327227668307	0.29
2.116340052	0.0492801635561867	0.29
2.119081815	0.0440940496208823	0.3
2.122322709	0.0483327227668307	0.3
2.130868897	0.0469779536386701	0.31
2.175983465	0.0492801635561867	0.35
2.201956234	0.0478725336381272	0.38
2.21647999	0.0488018451822708	0.39
2.22342495	0.0483327227668307	0.4
2.22607531	0.0488018451822708	0.4
2.226678687	0.0488018451822708	0.4
2.226980498	0.0488018451822708	0.4
2.244892022	0.0569022295857668	0.42
2.268175967	0.142470836563411	0.41
2.283420782	0.147039333544823	0.39
2.287430653	0.147988418507816	0.39
2.36737444	0.196958762146417	0.32
2.57811595	0.234007585015487	0.16
2.63880046	0.234007585015487	0.1
2.644514931	0.23863525063406	0.09
2.65353762	0.230988868799291	0.08
2.669724846	0.236298762991714	0.07
2.67074212	0.236298762991714	0.07
2.671193179	0.236298762991714	0.07
2.671237545	0.236298762991714	0.07
2.671237705	0.236298762991714	0.07
2.671599486	0.236298762991714	0.07
2.671599646	0.236298762991714	0.07
2.671961685	0.236298762991714	0.07
2.672323822	0.236298762991714	0.07
2.67300408	0.236298762991714	0.07
2.673410821	0.236298762991714	0.07
2.674640938	0.241018405411052	0.06
2.67498819	0.236298762991714	0.06
2.675753192	0.236298762991714	0.06
2.67595059	0.236298762991714	0.06
2.677404052	0.236298762991714	0.06
2.678640892	0.236298762991714	0.06
2.679543675	0.236298762991714	0.06
2.679587204	0.236298762991714	0.06
2.68050645	0.236298762991714	0.06
2.684222358	0.241018405411052	0.05
2.690797174	0.23863525063406	0.05
2.692790444	0.23863525063406	0.05
2.697875326	0.230988868799291	0.05
2.703341222	0.230988868799291	0.05
2.714352711	0.226465377981133	0.05
2.716197088	0.226465377981133	0.05
2.721223607	0.21877316798982	0.05
2.721339166	0.222115652728529	0.06
2.721753239	0.222115652728529	0.06
2.72212898	0.222115652728529	0.06
2.722504826	0.222115652728529	0.06
2.727362573	0.21389893027143	0.06
2.728042156	0.21389893027143	0.06
2.728457177	0.21389893027143	0.06
2.730687704	0.215895586168332	0.06
2.733911556	0.21389893027143	0.07
2.734951629	0.21389893027143	0.07
2.758261585	0.211938867093323	0.09
2.767264537	0.210014399816047	0.1
2.784781798	0.202653776139136	0.12
2.814579483	0.202653776139136	0.15
2.857457722	0.202653776139136	0.19
2.870516676	0.204445133891832	0.2
2.884109016	0.199163614470379	0.22
2.901070252	0.195791634578914	0.23
3.091199805	0.189378995732468	0.42
3.116410384	0.198067167045388	0.45
3.116832706	0.198067167045388	0.45
3.153761559	0.21877316798982	0.47
3.190582361	0.200893537637669	0.47
3.194633906	0.199000412451918	0.48
3.557717034	0.211938867093323	0.840000000000001
3.560201153	0.211938867093323	0.840000000000001
3.561648443	0.20626844349121	0.850000000000001
3.562131134	0.20626844349121	0.850000000000001
3.565454716	0.210014399816047	0.850000000000001
3.566965252	0.211938867093323	0.850000000000001
3.568359469	0.211938867093323	0.850000000000001
3.571812505	0.20626844349121	0.860000000000001
3.572123566	0.20626844349121	0.860000000000001
3.572497766	0.20626844349121	0.860000000000001
3.579984214	0.211938867093323	0.860000000000001
3.62901857	0.251046822114469	0.860000000000001
3.62939674	0.251046822114469	0.860000000000001
3.629519691	0.251046822114469	0.860000000000001
3.6300627	0.251046822114469	0.860000000000001
3.630972932	0.251046822114469	0.850000000000001
3.631023885	0.251046822114469	0.850000000000001
3.631169027	0.251046822114469	0.850000000000001
3.631970124	0.251046822114469	0.850000000000001
3.82876748	0.258492941736568	1.02
3.963711323	0.261074119097107	1.1
4.445571488	0.291149293595366	1.3
4.452121847	0.291149293595366	1.3
4.45272527	0.291149293595366	1.3
4.453328856	0.291149293595366	1.3
4.453932605	0.291149293595366	1.31
4.459832487	0.291149293595366	1.31
4.464002998	0.291149293595366	1.32
4.475601202	0.291149293595366	1.33
4.478685952	0.291149293595366	1.33
4.480518943	0.291149293595366	1.33
4.536342962	0.291149293595366	1.39
4.536969429	0.291149293595366	1.39
4.537444354	0.291149293595366	1.39
4.848628454	0.301172113569697	1.4
4.895921957	0.301172113569697	1.35
5.341769851	0.29819515514097	1.79
5.342582978	0.29819515514097	1.79
5.343129076	0.29819515514097	1.79
5.343307119	0.29819515514097	1.79
5.443653327	0.29819515514097	1.89
5.445157132	0.29819515514097	1.89
6.232084175	0.237118163147882	2.60999999999999
6.2338777	0.237118163147882	2.60999999999999
6.234722781	0.237118163147882	2.60999999999999
6.244676548	0.237118163147882	2.61999999999999
6.35095118	0.270941159615871	2.71999999999999
7	0.236298762991714	2.54999999999999
