thrs	post_p	finalwindow
0	0.0783434909338683	0.23
0.03256001	0.0772138927302936	0.2
0.070216248	0.0720216593935091	0.18
0.093809574	0.067483729039046	0.17
0.098963073	0.0666439110469946	0.18
0.103967892	0.0666439110469946	0.18
0.106977596	0.0666439110469946	0.18
0.113424721	0.0777745904770972	0.19
0.115659216	0.0755792792408962	0.19
0.127200542	0.0518134023199533	0.17
0.128068503	0.0587265139187929	0.17
0.129609166	0.0566555108057131	0.17
0.129730945	0.0566555108057131	0.17
0.130460633	0.0566555108057131	0.17
0.14705261	0.0528358147989298	0.15
0.148447444	0.0587265139187929	0.15
0.151339737	0.0566555108057131	0.15
0.161204767	0.0566555108057131	0.14
0.178062567	0.0598198506045285	0.12
0.178140913	0.0598198506045285	0.12
0.178189211	0.0598198506045285	0.12
0.186084933	0.0761164058266662	0.12
0.191788381	0.0576724260447368	0.11
0.194681585	0.0789207754289048	0.11
0.205298456	0.0807048284073509	0.1
0.222656148	0.0833568529920884	0.08
0.222686318	0.0833568529920884	0.08
0.222697977	0.0833568529920884	0.08
0.222716495	0.0833568529920884	0.08
0.226694446	0.0785990157821994	0.08
0.226728961	0.0785990157821994	0.08
0.226867021	0.0785990157821994	0.08
0.226923294	0.0785990157821994	0.08
0.226929675	0.0785990157821994	0.08
0.226982815	0.0785990157821994	0.08
0.227081991	0.0799020570927532	0.08
0.227432153	0.0799020570927532	0.08
0.230426372	0.0710658968853157	0.08
0.241897099	0.0747876541588949	0.07
0.242615688	0.0639894683828182	0.06
0.242875367	0.0639894683828182	0.06
0.254481698	0.0615383802135197	0.06
0.256228734	0.0621333780771223	0.06
0.256259656	0.0621333780771223	0.06
0.263775407	0.0633585716768843	0.05
0.272151172	0.060954669823963	0.05
0.287097646	0.0503518825187619	0.06
0.295749179	0.0508298075789529	0.06
0.296834617	0.0472425127830533	0.06
0.296839561	0.0472425127830533	0.06
0.296874128	0.0472425127830533	0.06
0.296879772	0.0472425127830533	0.06
0.296919994	0.0472425127830533	0.06
0.296960227	0.0472425127830533	0.06
0.297156652	0.0472425127830533	0.06
0.297161557	0.0472425127830533	0.06
0.297207868	0.0472425127830533	0.06
0.29723727	0.0472425127830533	0.06
0.297345093	0.0472425127830533	0.06
0.297631463	0.0472425127830533	0.06
0.298062423	0.0468293919148249	0.06
0.29855614	0.0468293919148249	0.06
0.29926506	0.0468293919148249	0.06
0.301373268	0.046423433635306	0.06
0.302397905	0.0533623029467529	0.05
0.302406093	0.0533623029467529	0.05
0.30240618	0.0533623029467529	0.05
0.302443572	0.0533623029467529	0.05
0.302452098	0.0533623029467529	0.05
0.302453753	0.0533623029467529	0.05
0.302493847	0.0533623029467529	0.05
0.303062807	0.0533623029467529	0.05
0.304168238	0.0533623029467529	0.05
0.305094409	0.0468293919148249	0.06
0.306047128	0.0468293919148249	0.06
0.306464617	0.0513168922236163	0.05
0.308759935	0.0508298075789529	0.05
0.319078068	0.0518134023199533	0.04
0.320217262	0.0518134023199533	0.04
0.322591403	0.0513168922236163	0.04
0.323097253	0.0513168922236163	0.04
0.323165924	0.0513168922236163	0.04
0.323537089	0.0508298075789529	0.04
0.323808824	0.0508298075789529	0.04
0.327195424	0.0476629874885425	0.04
0.328591896	0.0476629874885425	0.04
0.330254195	0.0476629874885425	0.04
0.334029253	0.0476629874885425	0.04
0.343706753	0.0617072136001895	0.05
0.345554528	0.061203469965355	0.05
0.350684009	0.0597404068356124	0.06
0.351815198	0.0588032822551054	0.06
0.356200611	0.0583456593957889	0.06
0.356206548	0.0583456593957889	0.06
0.356351443	0.0583456593957889	0.06
0.356437896	0.0583456593957889	0.06
0.357959666	0.0731459300147465	0.06
0.360733393	0.0565842445370092	0.07
0.363236679	0.0565842445370092	0.07
0.363936107	0.0565842445370092	0.07
0.366130409	0.0570145519498101	0.07
0.367161303	0.0672416289883988	0.07
0.381649088	0.0772934969324717	0.07
0.382008897	0.0768971088742295	0.07
0.386909127	0.0824247632931917	0.06
0.389222512	0.0791450797016439	0.06
0.389299853	0.0791450797016439	0.06
0.389825341	0.0837708041161445	0.06
0.395214438	0.082310113241365	0.06
0.398731854	0.0859880102749591	0.05
0.411578949	0.103414356506084	0.04
0.415094538	0.0942386444012033	0.04
0.418471182	0.0887278173311345	0.03
0.423143546	0.0932333213119357	0.03
0.440249622	0.102941046432456	0.01
0.441698853	0.102941046432456	0.01
0.441750067	0.102123096095682	0.01
0.444236336	0.0937189281761213	0.01
0.444499874	0.0908788662348302	0.01
0.445049535	0.0871801897633845	0.01
0.445117302	0.0928292837058353	0.01
0.445185067	0.0922959829861118	0.01
0.445185068	0.0922959829861118	0.01
0.445252832	0.0922959829861118	0.01
0.445252833	0.0922959829861118	0.01
0.445252835	0.0922959829861118	0.01
0.445305777	0.0922959829861118	0.01
0.445313187	0.0922959829861118	0.01
0.445313188	0.0922959829861118	0.01
0.44531319	0.0922959829861118	0.01
0.445373562	0.0922959829861118	0.01
0.445419149	0.0922959829861118	0.01
0.445479567	0.0912475554841415	0.01
0.445494353	0.0912475554841415	0.01
0.445540001	0.0912475554841415	0.01
0.445554774	0.0902226794775664	0.01
0.445615211	0.0902226794775664	0.01
0.445653547	0.0902226794775664	0.01
0.445675664	0.0902226794775664	0.01
0.445691925	0.0956621318520556	0.01
0.445736134	0.0956621318520556	0.01
0.445917642	0.094605888792978	0.01
0.446038729	0.094605888792978	0.01
0.446188208	0.0925618651913538	0.01
0.446319857	0.0925618651913538	0.01
0.446341735	0.0925618651913538	0.01
0.446394864	0.0925618651913538	0.01
0.446455777	0.0925618651913538	0.01
0.446465528	0.0925618651913538	0.01
0.44656991	0.0925618651913538	0.01
0.446633323	0.0925618651913538	0.01
0.446772341	0.0925618651913538	0.01
0.446888185	0.0925618651913538	0.01
0.446967543	0.0925618651913538	0.01
0.447158639	0.0925618651913538	0.01
0.447533088	0.0925618651913538	0.01
0.447542535	0.0925618651913538	0.01
0.447649603	0.0920645859286335	0.01
0.447876705	0.0920645859286335	0.01
0.448701687	0.0967422264049811	0.01
0.448791313	0.0967422264049811	0.01
0.449552291	0.0962309244603982	0.01
0.449715173	0.0962309244603982	0.01
0.451750007	0.0967422264049811	0.01
0.453117722	0.0915726212788206	0.01
0.453312195	0.0906042986258611	0.01
0.453607731	0.0906042986258611	0.01
0.45367678	0.0906042986258611	0.01
0.453739439	0.0906042986258611	0.01
0.453789353	0.0906042986258611	0.01
0.453802119	0.0906042986258611	0.01
0.453864805	0.0906042986258611	0.01
0.453864814	0.0906042986258611	0.01
0.453927527	0.0906042986258611	0.01
0.453977538	0.0906042986258611	0.01
0.453990257	0.0906042986258611	0.01
0.454115767	0.0906042986258611	0.01
0.454131662	0.0906042986258611	0.01
0.454228692	0.0906042986258611	0.01
0.454266222	0.0910858864958329	0.01
0.454278877	0.0910858864958329	0.01
0.454379121	0.0910858864958329	0.01
0.454618511	0.0915726212788206	0.01
0.454637485	0.0915726212788206	0.01
0.455078808	0.0915726212788206	0.01
0.455180191	0.093572715794804	0.01
0.455439212	0.116103017794684	0.01
0.455550168	0.121154336296257	0.01
0.455678249	0.129012499992008	0.01
0.455804735	0.13397817292351	0.01
0.456133439	0.13660716824428	0.01
0.456159276	0.13660716824428	0.01
0.45760535	0.091861373481997	0.02
0.458022431	0.091861373481997	0.02
0.458619789	0.091861373481997	0.02
0.459124851	0.091861373481997	0.02
0.460382332	0.091861373481997	0.02
0.46331093	0.0878184254196492	0.02
0.464728436	0.0873706842492523	0.02
0.472596627	0.0819396933992145	0.03
0.473676694	0.0819396933992145	0.03
0.474072423	0.0819396933992145	0.03
0.479936634	0.0801365036178105	0.04
0.483671852	0.0767986463014026	0.04
0.483988273	0.0767986463014026	0.04
0.484458594	0.0771443734372644	0.04
0.484927676	0.0774932273929722	0.04
0.485802156	0.10168802238098	0.04
0.485999254	0.102436149372218	0.04
0.486776039	0.0638079337385022	0.04
0.489107131	0.060954669823963	0.04
0.514645345	0.0742539089502223	0.07
0.51473946	0.0742539089502223	0.07
0.514742139	0.0742539089502223	0.07
0.514839037	0.0742539089502223	0.07
0.514971335	0.0742539089502223	0.07
0.515124567	0.0757995282673347	0.07
0.518492841	0.0561603838096582	0.07
0.518564452	0.0561603838096582	0.07
0.529143364	0.0305390670651449	0.07
0.534308248	0.0314354021927013	0.07
0.534380672	0.0314354021927013	0.07
0.534453117	0.0314354021927013	0.07
0.536755919	0.0520652778232004	0.07
0.544416783	0.0520652778232004	0.07
0.546060858	0.060954669823963	0.06
0.556645891	0.0615383802135197	0.05
0.55802857	0.0598198506045285	0.05
0.562444529	0.0592681404153199	0.05
0.566766402	0.0576724260447368	0.06
0.568776608	0.0576724260447368	0.06
0.572491616	0.0571594458359443	0.06
0.57444178	0.0571594458359443	0.06
0.583655412	0.0598198506045285	0.06
0.586308239	0.0587265139187929	0.06
0.591193432	0.0571594458359443	0.06
0.591819223	0.0571594458359443	0.06
0.593573546	0.0571594458359443	0.06
0.593673806	0.0571594458359443	0.06
0.593673808	0.0571594458359443	0.06
0.593754277	0.0571594458359443	0.06
0.59375428	0.0571594458359443	0.06
0.593915284	0.0571594458359443	0.06
0.594036974	0.0571594458359443	0.06
0.594152812	0.0533623029467529	0.05
0.594237558	0.0533623029467529	0.05
0.594318181	0.0533623029467529	0.05
0.595015574	0.0498828610819201	0.06
0.596894832	0.0503518825187619	0.06
0.597117526	0.0494224967562705	0.06
0.602148457	0.0528358147989298	0.05
0.604813246	0.0528358147989298	0.05
0.604905308	0.0528358147989298	0.05
0.604988853	0.0528358147989298	0.05
0.605724938	0.0528358147989298	0.05
0.606051871	0.0528358147989298	0.05
0.60631275	0.0528358147989298	0.05
0.606404306	0.0528358147989298	0.05
0.606824709	0.0533623029467529	0.05
0.607971158	0.0523196141251498	0.05
0.608524688	0.0528358147989298	0.05
0.61827716	0.0508298075789529	0.05
0.630942519	0.0494224967562705	0.05
0.636066531	0.0498828610819201	0.05
0.636422142	0.0503518825187619	0.05
0.637031954	0.0503518825187619	0.05
0.637260654	0.0503518825187619	0.05
0.637881775	0.0503518825187619	0.05
0.638075882	0.0503518825187619	0.05
0.641599528	0.0503518825187619	0.05
0.644129804	0.0476629874885425	0.06
0.64559646	0.0476629874885425	0.06
0.646569798	0.0480910141497012	0.06
0.64801212	0.0480910141497012	0.06
0.648827538	0.0480910141497012	0.06
0.65703705	0.0430636146857968	0.07
0.659386285	0.0427200819063032	0.07
0.667879261	0.0417216006450963	0.08
0.667879263	0.0417216006450963	0.08
0.671132308	0.0413990654405018	0.08
0.678915807	0.0381545132423593	0.09
0.680410924	0.0381545132423593	0.09
0.68060848	0.0381545132423593	0.09
0.680702493	0.0381545132423593	0.09
0.689921535	0.0376184665421766	0.1
0.692614054	0.0381545132423593	0.1
0.697379755	0.0311308342737342	0.1
0.712354258	0.0296924302666905	0.11
0.7123899	0.0296924302666905	0.11
0.712401774	0.0296924302666905	0.11
0.71365913	0.0296924302666905	0.11
0.714295462	0.0296924302666905	0.11
0.719314887	0.0294205542052514	0.12
0.725609694	0.0283810790368498	0.13
0.725869057	0.0283810790368498	0.13
0.72717465	0.0288914699247281	0.13
0.735438378	0.0262910437627934	0.14
0.744518666	0.0252576972894866	0.14
0.7500464	0	0.14
0.756122282	0	0.13
0.762884543	0.0912475554841415	0.13
0.763284143	0.0953818931972346	0.13
0.763387603	0.0953818931972346	0.13
0.763491091	0.0953818931972346	0.13
0.765321243	0.0958542154792022	0.13
0.786383987	0.100707354384472	0.11
0.793117932	0.101969808759336	0.1
0.797194853	0.102436149372218	0.1
0.8034392	0.106071045819517	0.09
0.812482547	0.105187702877004	0.08
0.849686346	0.110461291712868	0.05
0.856064956	0.115461157613698	0.04
0.861362559	0.0976876239663918	0.03
0.861783488	0.105692293844766	0.03
0.867661243	0.11583738772586	0.03
0.870144812	0.111612405393126	0.03
0.874413626	0.118406842176142	0.02
0.875213305	0.117408387853925	0.02
0.87832845	0.115214340555724	0.02
0.880342154	0.111903942267313	0.02
0.882218863	0.112745359996223	0.01
0.88244613	0.115594292563869	0.01
0.882485476	0.115594292563869	0.01
0.884296127	0.120803946775524	0.01
0.885800269	0.119422424092256	0.01
0.886381245	0.118072142520272	0.01
0.887670141	0.11905651051941	0.01
0.888469193	0.117747627168547	0.01
0.888863234	0.116784696555032	0.01
0.889752182	0.115525024095623	0.01
0.890083013	0.114905323587627	0.01
0.890218544	0.114905323587627	0.01
0.890228158	0.114905323587627	0.01
0.890309475	0.114597959817438	0.01
0.890339212	0.114597959817438	0.01
0.890354074	0.115214340555724	0.01
0.890354075	0.115214340555724	0.01
0.890407894	0.115214340555724	0.01
0.890459913	0.115214340555724	0.01
0.890474761	0.115214340555724	0.01
0.890489605	0.115214340555724	0.01
0.890489606	0.115214340555724	0.01
0.890506418	0.115214340555724	0.01
0.890580647	0.115214340555724	0.01
0.890595481	0.115214340555724	0.01
0.89061031	0.115214340555724	0.01
0.890610311	0.115214340555724	0.01
0.890716233	0.114597959817438	0.01
0.890731048	0.114597959817438	0.01
0.890731049	0.114597959817438	0.01
0.890837018	0.114597959817438	0.01
0.890851819	0.114597959817438	0.01
0.890928251	0.114597959817438	0.01
0.890957836	0.114597959817438	0.01
0.890972623	0.114597959817438	0.01
0.891093459	0.1139881390869	0.01
0.89119957	0.1139881390869	0.01
0.891214328	0.1139881390869	0.01
0.891244043	0.1139881390869	0.01
0.891246709	0.1139881390869	0.01
0.891320486	0.1139881390869	0.01
0.891382479	0.1139881390869	0.01
0.891441435	0.1139881390869	0.01
0.891456164	0.1139881390869	0.01
0.89149835	0.1139881390869	0.01
0.891562417	0.1139881390869	0.01
0.891577132	0.1139881390869	0.01
0.891686849	0.1139881390869	0.01
0.891698132	0.1139881390869	0.01
0.891793338	0.1139881390869	0.01
0.892012117	0.113685656084777	0.01
0.892017347	0.113685656084777	0.01
0.89206133	0.113685656084777	0.01
0.89216782	0.113384774193313	0.01
0.892182462	0.113384774193313	0.01
0.892215798	0.113384774193313	0.01
0.892245091	0.113685656084777	0.01
0.892568748	0.114905323587627	0.01
0.89273031	0.114905323587627	0.01
0.892924751	0.119642319522058	0.01
0.892951888	0.119642319522058	0.01
0.89308003	0.119642319522058	0.01
0.893172464	0.119324952035661	0.01
0.894085351	0.119324952035661	0.01
0.89420355	0.119324952035661	0.01
0.894232534	0.119324952035661	0.01
0.894332391	0.119642319522058	0.01
0.894482721	0.119642319522058	0.01
0.894511483	0.119642319522058	0.01
0.895300675	0.119324952035661	0.01
0.89539422	0.119324952035661	0.01
0.895638516	0.119324952035661	0.01
0.895840307	0.119961379709332	0.01
0.896329745	0.119324952035661	0.01
0.896396617	0.119642319522058	0.01
0.89685771	0.119642319522058	0.01
0.89693811	0.119009263815424	0.01
0.897282137	0.122576458928621	0.01
0.897316929	0.121956127466493	0.01
0.898155973	0.113964814028698	0.01
0.898455429	0.113039575769675	0.01
0.898485328	0.113269474032238	0.01
0.89889623	0.112129239859793	0.01
0.898920463	0.112129239859793	0.01
0.899310528	0.109916281750282	0.01
0.899325427	0.109916281750282	0.01
0.899974537	0.11048816715763	0.01
0.900307304	0.110703642430892	0.01
0.900690942	0.099745420623607	0.01
0.901007608	0.113887132730139	0.01
0.901947653	0.113565111907948	0.01
0.902162268	0.11404882894586	0.01
0.902860993	0.0988685060880223	0.01
0.902919093	0.0988685060880223	0.01
0.903166806	0.094605888792978	0.01
0.904513058	0.0863435012451072	0.01
0.906154318	0.0833568529920884	0.01
0.906197141	0.0833568529920884	0.01
0.906922556	0.082642198231124	0.01
0.906983581	0.0829979872551409	0.01
0.907060652	0.0829979872551409	0.01
0.90712089	0.0829979872551409	0.01
0.907185931	0.0829979872551409	0.01
0.907198748	0.0829979872551409	0.01
0.907199842	0.0829979872551409	0.01
0.907298438	0.0784109680385134	0.01
0.907311244	0.0784109680385134	0.01
0.907336843	0.0790921875955404	0.01
0.907336844	0.0790921875955404	0.01
0.907436592	0.0790921875955404	0.01
0.907449378	0.0790921875955404	0.01
0.90746216	0.0790921875955404	0.01
0.907536422	0.0790921875955404	0.01
0.907574745	0.0790921875955404	0.01
0.907587512	0.0790921875955404	0.01
0.907700146	0.0790921875955404	0.01
0.907712898	0.0790921875955404	0.01
0.907951053	0.0790921875955404	0.01
0.907963773	0.0787501046399245	0.01
0.907963774	0.0787501046399245	0.01
0.908076559	0.0787501046399245	0.01
0.908089263	0.0787501046399245	0.01
0.908089264	0.0787501046399245	0.01
0.90817671	0.0801365036178105	0.01
0.908202099	0.0801365036178105	0.01
0.908453284	0.0797853474995759	0.01
0.908691978	0.0801365036178105	0.01
0.908816452	0.0801365036178105	0.01
0.908830322	0.0790921875955404	0.01
0.908855181	0.0787501046399245	0.01
0.908943472	0.0794372554689239	0.01
0.908956071	0.0794372554689239	0.01
0.909094444	0.0794372554689239	0.01
0.909183517	0.0787501046399245	0.01
0.909195105	0.0787501046399245	0.01
0.909308419	0.0787501046399245	0.01
0.909346075	0.0794372554689239	0.01
0.90938549	0.0794372554689239	0.01
0.909409249	0.0794372554689239	0.01
0.909896599	0.0794372554689239	0.01
0.909925885	0.0794372554689239	0.01
0.910014581	0.0801365036178105	0.01
0.910204731	0.0801365036178105	0.01
0.910267	0.0801365036178105	0.01
0.910628128	0.0804907644600242	0.01
0.911049792	0.0819396933992145	0.01
0.91113001	0.0819396933992145	0.01
0.911351929	0.0819396933992145	0.01
0.911383512	0.0815725926178958	0.01
0.911404622	0.0815725926178958	0.01
0.911632099	0.0815725926178958	0.01
0.911776598	0.0815725926178958	0.01
0.912015459	0.0815725926178958	0.01
0.912630246	0.0812087664868654	0.01
0.912707801	0.0812087664868654	0.01
0.912811242	0.0844523148169839	0.01
0.912967277	0.0761164058266662	0.01
0.913139907	0.0761164058266662	0.01
0.913244462	0.0764560041338553	0.01
0.913630289	0.0754461799812077	0.01
0.913751419	0.0754461799812077	0.01
0.914018042	0.0754461799812077	0.01
0.914870556	0.0790921875955404	0.01
0.914968567	0.0790921875955404	0.01
0.914983658	0.0790921875955404	0.01
0.915026039	0.0790921875955404	0.01
0.915269563	0.0790921875955404	0.01
0.915559183	0.0787501046399245	0.01
0.916024822	0.0787501046399245	0.01
0.916208994	0.0787501046399245	0.01
0.916688985	0.0787501046399245	0.01
0.916912552	0.0787501046399245	0.01
0.917248255	0.0700696204562225	0.01
0.917957453	0.0676970011846539	0.01
0.918238351	0.0654797973786747	0.01
0.918456927	0.0660567258348588	0.01
0.918816837	0.0684698173596263	0.01
0.918837351	0.0691008915372172	0.01
0.919120121	0.0731459300147465	0.01
0.921364075	0.0848612332679324	0.02
0.921783065	0.0848612332679324	0.02
0.922504312	0.0855389825231162	0.02
0.922763582	0.0855389825231162	0.02
0.922787758	0.0855389825231162	0.02
0.923268187	0.078279869107685	0.02
0.923473233	0.078279869107685	0.02
0.924160807	0.0779633037046214	0.02
0.924412009	0.0779633037046214	0.02
0.925553967	0.078279869107685	0.02
0.926193857	0.0785990157821994	0.02
0.927872541	0.0685393669118893	0.02
0.929379518	0.0796544560752591	0.02
0.93064775	0.0783434909338683	0.03
0.933174706	0.0732253091677617	0.03
0.934071327	0.0732253091677617	0.03
0.934700606	0.0726732458484749	0.03
0.93534835	0.0726732458484749	0.03
0.938446291	0.0469319932831192	0.03
0.944027825	0.0252576972894866	0.03
0.947518522	0.0296924302666905	0.03
0.950306111	0.0455767915497489	0.04
0.951999424	0.0213903448541971	0.04
0.954191796	0.0244877224829959	0.04
0.955985355	0.0265079431040695	0.04
0.956018846	0.0265079431040695	0.04
0.956296714	0.0274125498686946	0.04
0.956766863	0.0278884080382051	0.04
0.956780018	0.0278884080382051	0.04
0.957016096	0.0286340002773254	0.04
0.959031973	0.0314354021927013	0.04
0.959642592	0.0320627732446671	0.04
0.959857154	0.0320627732446671	0.04
0.964446178	0.0244877224829959	0.05
0.966290332	0.0274125498686946	0.05
0.966653906	0.0274125498686946	0.05
0.966980911	0.0286340002773254	0.05
0.966980912	0.0286340002773254	0.05
0.966986309	0.0286340002773254	0.05
0.967144414	0.0286340002773254	0.05
0.967302571	0.0288914699247281	0.05
0.967302572	0.0288914699247281	0.05
0.967460779	0.0288914699247281	0.05
0.96746078	0.0288914699247281	0.05
0.96761904	0.0288914699247281	0.05
0.967619041	0.0288914699247281	0.05
0.967925221	0.0288914699247281	0.05
0.967935716	0.0288914699247281	0.05
0.968083686	0.0291536117866589	0.05
0.968088909	0.0291536117866589	0.05
0.968237002	0.0291536117866589	0.05
0.968861479	0.0314354021927013	0.05
0.969035555	0.0314354021927013	0.05
0.969666194	0.0320627732446671	0.05
0.973766743	0.0277679013472048	0.06
0.974203145	0.0281325867317209	0.06
0.981915796	0.0336581347675229	0.06
0.985118954	0.0186037425020068	0.06
1.021711423	0.00991048828085718	0.07
1.022530753	0.0100030482166	0.07
1.023898132	0.0100030482166	0.07
1.027349785	0.00973041387483548	0.08
1.028094642	0.00981962558644459	0.08
1.029271857	0.00981962558644459	0.08
1.029637844	0.00981962558644459	0.08
1.029659545	0.00981962558644459	0.08
1.030020301	0.00981962558644459	0.08
1.030392053	0.00991048828085718	0.08
1.030397618	0.00991048828085718	0.08
1.030958443	0.00991048828085718	0.08
1.031531241	0.00991048828085718	0.08
1.032104884	0.0100030482166	0.08
1.034376329	0.00991048828085718	0.08
1.034854243	0.00991048828085718	0.08
1.036124234	0.0299693780224561	0.08
1.038905957	0.0308321114527264	0.08
1.039046839	0.0311308342737342	0.08
1.043349328	0.0317459884608384	0.08
1.054783865	0.0314354021927013	0.09
1.056246636	0.0314354021927013	0.09
1.067971123	0.0296924302666905	0.11
1.068277144	0.0296924302666905	0.11
1.06860264	0.0296924302666905	0.11
1.068892568	0.0296924302666905	0.11
1.076612069	0.0320627732446671	0.11
1.091073782	0.0457622546406195	0.13
1.112743253	0.0603819287310148	0.14
1.11414031	0.060954669823963	0.14
1.115076799	0.0615383802135197	0.14
1.116382888	0.0615383802135197	0.14
1.133642817	0.0633585716768843	0.12
1.134317617	0.0633585716768843	0.12
1.136767134	0.0633585716768843	0.12
1.137302108	0.0633585716768843	0.12
1.187305519	0.0529228401787848	0.15
1.187446683	0.0529228401787848	0.15
1.18762744	0.0516468348484706	0.15
1.192009701	0.0516468348484706	0.15
1.192075895	0.0516468348484706	0.15
1.192725439	0.0512350642102457	0.15
1.203309389	0.0524905566370694	0.14
1.208769953	0.0576724260447368	0.13
1.209215802	0.0576724260447368	0.13
1.209751115	0.0576724260447368	0.13
1.209768181	0.0576724260447368	0.13
1.209825949	0.0576724260447368	0.13
1.210085375	0.0566555108057131	0.13
1.21086869	0.0566555108057131	0.13
1.212614931	0.0561603838096582	0.13
1.22465873	0.0566555108057131	0.12
1.225416562	0.0566555108057131	0.12
1.226416878	0.0566555108057131	0.12
1.226767373	0.0566555108057131	0.12
1.243346642	0.0418847602426682	0.1
1.245566855	0.0418847602426682	0.1
1.246668032	0.0418847602426682	0.1
1.248955951	0.0414792308224195	0.1
1.268447511	0.0403084288165534	0.09
1.270060331	0.0403084288165534	0.09
1.270604589	0.0399327122735784	0.09
1.275739262	0.0359154764593916	0.09
1.278899002	0.0199928321021358	0.09
1.285172518	0.0105968710488731	0.08
1.297280078	0.0485267980660561	0.09
1.302603198	0.0480910141497012	0.1
1.303502827	0.0485267980660561	0.1
1.325958837	0.0472425127830533	0.12
1.335485912	0.0518134023199533	0.12
1.335508208	0.0518134023199533	0.12
1.335711503	0.0518134023199533	0.12
1.335892556	0.0518134023199533	0.12
1.336051433	0.0518134023199533	0.12
1.33625481	0.0518134023199533	0.12
1.336665633	0.0513168922236163	0.12
1.336979907	0.0513168922236163	0.12
1.337117106	0.0513168922236163	0.12
1.337524247	0.0513168922236163	0.12
1.337529375	0.0513168922236163	0.12
1.338686534	0.0503518825187619	0.12
1.340005107	0.0503518825187619	0.12
1.342368518	0.0503518825187619	0.12
1.346883901	0.0503518825187619	0.13
1.350085516	0.0503518825187619	0.13
1.360533959	0.0615383802135197	0.13
1.360774481	0.0615383802135197	0.13
1.360981621	0.0615383802135197	0.13
1.36116959	0.0615383802135197	0.13
1.362110213	0.0615383802135197	0.13
1.368077892	0.060954669823963	0.13
1.373967278	0.060954669823963	0.13
1.377139612	0.0627399940178333	0.13
1.377274175	0.0627399940178333	0.13
1.377544294	0.0627399940178333	0.13
1.379222918	0.0633585716768843	0.13
1.384187356	0.0598198506045285	0.13
1.38563755	0.0598198506045285	0.13
1.434752614	0.0592681404153199	0.14
1.440102642	0.0633585716768843	0.13
1.448119954	0.0633585716768843	0.13
1.450674974	0.0633585716768843	0.13
1.450928234	0.0633585716768843	0.13
1.454856842	0.0633585716768843	0.13
1.45657643	0.0621333780771223	0.14
1.457818346	0.0621333780771223	0.14
1.484067531	0.0639894683828182	0.15
1.485393153	0.0639894683828182	0.15
1.485917469	0.0615383802135197	0.16
1.494140559	0.0639894683828182	0.16
1.502972103	0.0639894683828182	0.17
1.506038743	0.0639894683828182	0.18
1.511734415	0.0639894683828182	0.18
1.512403577	0.0639894683828182	0.18
1.512821455	0.0639894683828182	0.18
1.513239565	0.0639894683828182	0.18
1.517647523	0.0639894683828182	0.19
1.523536021	0.0639894683828182	0.19
1.558319819	0.177165696538649	0.23
1.558531046	0.177165696538649	0.23
1.55916507	0.176417437162227	0.23
1.561070241	0.184715346534653	0.22
1.56916589	0.202787835947846	0.22
1.595407686	0.196227655432227	0.19
1.611568792	0.2183841607468	0.17
1.718627381	0.261143139146235	0.07
1.730827961	0.250057727109187	0.06
1.745720251	0.246913318398134	0.04
1.758275756	0.267062774032409	0.03
1.768990518	0.269096078499359	0.02
1.777374698	0.275386102954874	0.01
1.780115455	0.265059966644088	0.01
1.780627841	0.265059966644088	0.01
1.780657571	0.265059966644088	0.01
1.780657572	0.265059966644088	0.01
1.780928629	0.26308697531335	0.01
1.78092863	0.26308697531335	0.01
1.781081012	0.26308697531335	0.01
1.781140367	0.26308697531335	0.01
1.781170031	0.26308697531335	0.01
1.781170032	0.26308697531335	0.01
1.781411499	0.26308697531335	0.01
1.781653031	0.26308697531335	0.01
1.7818108	0.26308697531335	0.01
1.781894629	0.26308697531335	0.01
1.782136293	0.261143139146235	0.01
1.782378022	0.259227816637765	0.01
1.782531315	0.259227816637765	0.01
1.782590324	0.259227816637765	0.01
1.782619816	0.259227816637765	0.01
1.783103602	0.259227816637765	0.01
1.783286774	0.259227816637765	0.01
1.783345594	0.259227816637765	0.01
1.783587651	0.259227816637765	0.01
1.78377107	0.259227816637765	0.01
1.783925287	0.259227816637765	0.01
1.784013316	0.259227816637765	0.01
1.784314217	0.259227816637765	0.01
1.78446873	0.259227816637765	0.01
1.784506241	0.259227816637765	0.01
1.785009515	0.259227816637765	0.01
1.785322292	0.265001515196783	0.01
1.785988286	0.265001515196783	0.01
1.786357195	0.265001515196783	0.01
1.788266632	0.247865687521084	0.01
1.788780487	0.247865687521084	0.01
1.78918715	0.247865687521084	0.01
1.789358594	0.247865687521084	0.01
1.790737455	0.244451830057054	0.01
1.79204453	0.253914764664265	0.02
1.792147241	0.253914764664265	0.02
1.795060195	0.208784778968182	0.02
1.796669094	0.177276270368583	0.02
1.796696941	0.177276270368583	0.02
1.799436111	0.16723529876529	0.02
1.801889818	0.0807048284073509	0.02
1.812688451	0.0867674351005076	0.03
1.813716026	0.0767222384541538	0.03
1.813793197	0.0773377924532846	0.03
1.814069382	0.0799020570927532	0.03
1.814069384	0.0799020570927532	0.03
1.814345569	0.0716602509112912	0.03
1.814621756	0.0638079337385022	0.03
1.814621757	0.0638079337385022	0.03
1.814872379	0.0638079337385022	0.03
1.815123071	0.0649128592628704	0.03
1.815169565	0.0649128592628704	0.03
1.815288509	0.0649128592628704	0.03
1.815322808	0.0666439110469946	0.03
1.815373832	0.0666439110469946	0.03
1.815875562	0.0666439110469946	0.03
1.816101116	0.03920190705837	0.03
1.816374833	0.0395639351867192	0.03
1.816377569	0.0395639351867192	0.03
1.81637757	0.0395639351867192	0.03
1.816628678	0.0388464443002628	0.03
1.817382419	0.0388464443002628	0.03
1.818036082	0.0388464443002628	0.03
1.819217405	0.0406912825507158	0.03
1.819395454	0.0410814787956102	0.03
1.819410514	0.0410814787956102	0.03
1.819581019	0.0410814787956102	0.03
1.820606159	0.0410814787956102	0.03
1.822065256	0.0418847602426682	0.03
1.823267442	0.0422982974199524	0.03
1.824280416	0.0422982974199524	0.03
1.828541204	0.0388464443002628	0.04
1.829051906	0.03920190705837	0.04
1.829613575	0.0406912825507158	0.04
1.830016016	0.0406912825507158	0.04
1.835137623	0.0311308342737342	0.04
1.836263396	0.0311308342737342	0.04
1.83758722	0.0308321114527264	0.04
1.837659261	0.0308321114527264	0.04
1.839735229	0.0311308342737342	0.04
1.846490238	0.0317459884608384	0.04
1.860714054	0.0317459884608384	0.05
1.872927722	0.0314354021927013	0.06
1.876458705	0.0281325867317209	0.07
1.877534086	0.0276484316019566	0.07
1.917919203	0.0265079431040695	0.11
1.919145255	0.0265079431040695	0.11
1.932723098	0.0353232230222212	0.12
1.933588634	0.0353232230222212	0.12
1.934242286	0.0371616313697606	0.12
1.93486401	0.0418847602426682	0.12
1.937910579	0.0328831026039871	0.13
1.938309591	0.0328831026039871	0.13
1.939501786	0.0328831026039871	0.13
1.940502926	0.0328831026039871	0.13
1.945075766	0.038987853030714	0.14
1.947078383	0.038987853030714	0.14
1.956133657	0.038987853030714	0.15
1.95745413	0.038987853030714	0.15
1.959079535	0.038987853030714	0.15
1.961031557	0.038987853030714	0.15
2.03833515	0.0596348094689651	0.23
2.045755957	0.0819396933992145	0.23
2.049316864	0.0578454717051056	0.24
2.057670659	0.0930084228088946	0.24
2.058434493	0.0835374521265467	0.24
2.058810915	0.0835374521265467	0.24
2.060706206	0.0578454717051056	0.25
2.077371996	0.0921195751624397	0.26
2.07768814	0.0930084228088946	0.26
2.077935092	0.0930084228088946	0.26
2.080200147	0.0578454717051056	0.27
2.116340052	0.0792451802697665	0.3
2.117539144	0.0863435012451072	0.3
2.119081815	0.0774932273929722	0.3
2.175983465	0.0779633037046214	0.36
2.21647999	0.082642198231124	0.4
2.225736601	0.0749329978375325	0.41
2.22607531	0.0779633037046214	0.41
2.226980498	0.0855769528226556	0.41
2.230993963	0.0843599278114456	0.41
2.244892022	0.123395134131194	0.43
2.268175967	0.154750911300121	0.41
2.273953022	0.162993570879154	0.4
2.279085054	0.161762694377464	0.4
2.287430653	0.162993570879154	0.39
2.36737444	0.187814996007026	0.31
2.396315913	0.223211268415792	0.3
2.401471639	0.207122245759178	0.29
2.416816988	0.219060925526059	0.3
2.644514931	0.19882518945893	0.08
2.64482266	0.19882518945893	0.08
2.670697515	0.195014441693646	0.06
2.67074212	0.195014441693646	0.06
2.670831293	0.195014441693646	0.06
2.671148642	0.195014441693646	0.06
2.671193019	0.195014441693646	0.06
2.671193179	0.195014441693646	0.06
2.671237545	0.195014441693646	0.06
2.671237705	0.195014441693646	0.06
2.671599486	0.195014441693646	0.06
2.671599646	0.195014441693646	0.06
2.671872794	0.195014441693646	0.06
2.672323822	0.195014441693646	0.06
2.672686057	0.19882518945893	0.05
2.67300408	0.19882518945893	0.05
2.673366554	0.19882518945893	0.05
2.673410821	0.19882518945893	0.05
2.674201502	0.19882518945893	0.05
2.674640938	0.19882518945893	0.05
2.675906626	0.19882518945893	0.05
2.67595059	0.19882518945893	0.05
2.678640892	0.195014441693646	0.05
2.679587204	0.195014441693646	0.05
2.690797174	0.201283470655076	0.05
2.690995907	0.201283470655076	0.05
2.692790444	0.195764860194983	0.05
2.697875326	0.190352647976776	0.04
2.714352711	0.181397292051549	0.05
2.716197088	0.181397292051549	0.05
2.720992773	0.174724495424204	0.05
2.721223607	0.179706393882949	0.06
2.721339166	0.179706393882949	0.06
2.721753239	0.179706393882949	0.06
2.722090639	0.179706393882949	0.06
2.72212898	0.179706393882949	0.06
2.722504826	0.179706393882949	0.06
2.728042156	0.179706393882949	0.06
2.728457177	0.179706393882949	0.06
2.733911556	0.178046728057768	0.07
2.734951629	0.178046728057768	0.07
2.741703646	0.176417437162227	0.08
2.742221604	0.176417437162227	0.08
2.744776734	0.176417437162227	0.08
2.758261585	0.176417437162227	0.09
2.767264537	0.174817694882442	0.1
2.795646082	0.168698697940174	0.13
2.814579483	0.168698697940174	0.15
2.857457722	0.168698697940174	0.19
2.874914635	0.168698697940174	0.21
2.884109016	0.16723529876529	0.22
2.893176138	0.161627076914533	0.23
3.091199805	0.147555462077779	0.42
3.116410384	0.163586310244482	0.45
3.116832706	0.163586310244482	0.45
3.153761559	0.122576458928621	0.48
3.190582361	0.165087192722706	0.52
3.194633906	0.121418465236025	0.52
3.479484296	0.126186871928766	0.79
3.557717034	0.126186871928766	0.870000000000001
3.560201153	0.126186871928766	0.870000000000001
3.561648443	0.126186871928766	0.880000000000001
3.562131134	0.126186871928766	0.880000000000001
3.565454716	0.123756753371827	0.880000000000001
3.571210711	0.148837030906433	0.890000000000001
3.571812505	0.148837030906433	0.890000000000001
3.572497766	0.140142833373532	0.880000000000001
3.575584373	0.118072142520272	0.880000000000001
3.579984214	0.119166898851381	0.880000000000001
3.62901857	0.124401760487186	0.910000000000001
3.629519691	0.124401760487186	0.910000000000001
3.6300627	0.124401760487186	0.910000000000001
3.631023885	0.125523270226247	0.910000000000001
3.631169027	0.125523270226247	0.910000000000001
3.633483005	0.119081966593952	0.920000000000001
3.639968026	0.123300113929144	0.920000000000001
3.778072999	0.123300113929144	1.06
4.078052931	0.158961693324708	1.36
4.442577106	0.152667609605739	1.73
4.452121847	0.188491530071879	1.73
4.45272527	0.152667609605739	1.74
4.453932605	0.152667609605739	1.74
4.464002998	0.152667609605739	1.75
4.478685952	0.163648954741535	1.76
4.492707945	0.15854885845338	1.78
4.536342962	0.162343415460656	1.82
4.536969429	0.162343415460656	1.82
4.537444354	0.162343415460656	1.82
4.550359745	0.162343415460656	1.83
4.848628454	0.162343415460656	2.13
4.895921957	0.15854885845338	2.18
5.341769851	0.21622299302102	2.51999999999999
5.342582978	0.21622299302102	2.51999999999999
5.343129076	0.21622299302102	2.51999999999999
5.443653327	0.218821588930633	2.56999999999999
6.2338777	0.259339704604692	2.67999999999999
6.234722781	0.259339704604692	2.67999999999999
6.35095118	0.259109041408599	2.78999999999998
7	0.232002331681725	3.37999999999997
