thrs	post_p	finalwindow
0	0.120898977128335	0.23
0.03256001	0.119181395381011	0.2
0.082355146	0.111276973710834	0.16
0.093809574	0.104355822768889	0.16
0.115659216	0.0959967593033129	0.16
0.123778241	0.0949106887938647	0.17
0.127695348	0.0679887403450641	0.17
0.129609166	0.0924173946795256	0.17
0.129730945	0.0924173946795256	0.17
0.14705261	0.072702444474056	0.15
0.148427326	0.0743783724716265	0.15
0.148782099	0.0805739738493299	0.15
0.151339737	0.0910288865449063	0.15
0.155752372	0.109518430372169	0.15
0.172569069	0.0926057360918053	0.13
0.178113806	0.0755846270493076	0.12
0.178140913	0.0755846270493076	0.12
0.178189211	0.0755846270493076	0.12
0.178358463	0.0755846270493076	0.12
0.181486006	0.0924173946795256	0.12
0.181486035	0.0924173946795256	0.12
0.181824923	0.0924173946795256	0.12
0.186084933	0.110199895482601	0.12
0.191788381	0.0924173946795256	0.11
0.205298456	0.11373851587827	0.1
0.206482242	0.113012727273934	0.1
0.22265244	0.0877335452907614	0.08
0.222656148	0.0877335452907614	0.08
0.222686318	0.0877335452907614	0.08
0.222812147	0.0931788064192371	0.08
0.223196808	0.109399045771686	0.08
0.226694446	0.107179187933386	0.08
0.226728961	0.107179187933386	0.08
0.226867021	0.107179187933386	0.08
0.226923294	0.107179187933386	0.08
0.226929675	0.107179187933386	0.08
0.227081991	0.108648946119824	0.08
0.227177477	0.108648946119824	0.08
0.230426372	0.0773977253193187	0.07
0.237068117	0.100601524050698	0.07
0.241897099	0.100601524050698	0.07
0.24235868	0.100601524050698	0.07
0.242875367	0.100047783594777	0.06
0.242941212	0.100047783594777	0.06
0.243116147	0.098422543481918	0.06
0.254481698	0.100880699272786	0.05
0.256228734	0.100047783594777	0.05
0.259750174	0.101727599720241	0.05
0.263775407	0.113123783561994	0.04
0.272151172	0.100047783594777	0.05
0.287097646	0.0893508424387148	0.05
0.295749179	0.0929134335979615	0.05
0.296044019	0.0929134335979615	0.05
0.296834617	0.0929134335979615	0.05
0.296839561	0.0929134335979615	0.05
0.296874128	0.0929134335979615	0.05
0.296879772	0.0929134335979615	0.05
0.296919994	0.0929134335979615	0.05
0.296960227	0.0929134335979615	0.05
0.297161557	0.0929134335979615	0.05
0.297207868	0.0929134335979615	0.05
0.29723727	0.0929134335979615	0.05
0.297242165	0.0929134335979615	0.05
0.297345093	0.0929134335979615	0.05
0.29736316	0.0929134335979615	0.05
0.297631463	0.0929134335979615	0.05
0.298033592	0.0929134335979615	0.05
0.298062423	0.0929134335979615	0.05
0.298432807	0.0929134335979615	0.05
0.29855614	0.0929134335979615	0.05
0.299120783	0.0929134335979615	0.05
0.29926506	0.0929134335979615	0.05
0.299931082	0.0929134335979615	0.05
0.300638986	0.0929134335979615	0.05
0.302397905	0.0910973202909043	0.05
0.30240618	0.0910973202909043	0.05
0.302443572	0.0910973202909043	0.05
0.302452098	0.0910973202909043	0.05
0.302453753	0.0910973202909043	0.05
0.302694303	0.0910973202909043	0.05
0.302757814	0.0910973202909043	0.05
0.302844832	0.0910973202909043	0.05
0.303037639	0.0910973202909043	0.05
0.303062807	0.0910973202909043	0.05
0.303998368	0.0910973202909043	0.05
0.305094409	0.0938489181354564	0.05
0.306047128	0.0938489181354564	0.05
0.319078068	0.0893508424387148	0.04
0.320217262	0.0893508424387148	0.04
0.322435043	0.0885024771100583	0.04
0.322591403	0.0885024771100583	0.04
0.323097253	0.087670070319147	0.04
0.323165924	0.087670070319147	0.04
0.323537089	0.0868531759694075	0.04
0.324596864	0.0868531759694075	0.04
0.327195424	0.0868531759694075	0.04
0.333944256	0.0844913492184815	0.04
0.334029253	0.0844913492184815	0.04
0.343625259	0.0946430001444546	0.05
0.345554528	0.0938489181354564	0.05
0.350684009	0.0908015147708438	0.06
0.356200611	0.0908015147708438	0.06
0.356206548	0.0908015147708438	0.06
0.356351443	0.0908015147708438	0.06
0.356437896	0.0908015147708438	0.06
0.356490553	0.0908015147708438	0.06
0.357086112	0.111647210452439	0.06
0.360733393	0.0852642218192506	0.07
0.362945858	0.0852642218192506	0.07
0.363236679	0.0852642218192506	0.07
0.367161303	0.107360729398548	0.07
0.367663989	0.0746763121682082	0.08
0.37384574	0.0808280436166598	0.08
0.381649088	0.0610606609581935	0.07
0.382008897	0.0607291436211458	0.07
0.386863037	0.0581406991854358	0.06
0.387745392	0.0563822827159916	0.06
0.389222512	0.054407665889477	0.06
0.389299853	0.054407665889477	0.06
0.395214438	0.0730749691594419	0.06
0.398731854	0.0585056267930185	0.05
0.403209246	0.0677143467207861	0.05
0.411578949	0.0749766483967612	0.04
0.415094538	0.0809105860602571	0.04
0.415772448	0.0492347742150932	0.03
0.418471182	0.0554597493460088	0.03
0.419019267	0.0542493394711607	0.03
0.428769674	0.0580501774973731	0.02
0.440249622	0.0737895688439715	0.01
0.441698853	0.0737895688439715	0.01
0.441750067	0.0732100143231918	0.01
0.444499874	0.0712304062078973	0.01
0.445117302	0.0799041983547109	0.01
0.445185067	0.0799041983547109	0.01
0.445185068	0.0799041983547109	0.01
0.445245414	0.0799041983547109	0.01
0.445252832	0.0799041983547109	0.01
0.445252833	0.0799041983547109	0.01
0.445252835	0.0799041983547109	0.01
0.445305777	0.0799041983547109	0.01
0.44531318	0.0799041983547109	0.01
0.445313187	0.0799041983547109	0.01
0.445313188	0.0799041983547109	0.01
0.44531319	0.0799041983547109	0.01
0.445373562	0.0799041983547109	0.01
0.445419149	0.0799041983547109	0.01
0.445494353	0.0794501502201911	0.01
0.445540001	0.0794501502201911	0.01
0.445554774	0.0781184478965576	0.01
0.445578303	0.0781184478965576	0.01
0.445615211	0.0781184478965576	0.01
0.445653547	0.0781184478965576	0.01
0.445675664	0.0781184478965576	0.01
0.445736134	0.0828946377271155	0.01
0.445857123	0.0866631730852222	0.01
0.445970843	0.0866631730852222	0.01
0.445978177	0.0866631730852222	0.01
0.446038729	0.0866631730852222	0.01
0.446188208	0.0861917830871923	0.01
0.446395102	0.0861917830871923	0.01
0.446465528	0.0857254934425098	0.01
0.446633323	0.0857254934425098	0.01
0.446967543	0.0852642218192506	0.01
0.447158639	0.0852642218192506	0.01
0.447533088	0.0852642218192506	0.01
0.447542535	0.0852642218192506	0.01
0.447649603	0.0848078876480529	0.01
0.447876705	0.0848078876480529	0.01
0.448701687	0.0874872130386898	0.01
0.448791313	0.0874872130386898	0.01
0.449051315	0.0874872130386898	0.01
0.449552291	0.0874872130386898	0.01
0.451750007	0.08840920769592	0.01
0.452986292	0.0739847981653611	0.01
0.453312195	0.0735953671438763	0.01
0.453607731	0.0735953671438763	0.01
0.45367678	0.0735953671438763	0.01
0.453739439	0.0735953671438763	0.01
0.453782962	0.0735953671438763	0.01
0.453789353	0.0735953671438763	0.01
0.453802119	0.0735953671438763	0.01
0.453864805	0.0735953671438763	0.01
0.453864814	0.0735953671438763	0.01
0.453952078	0.0735953671438763	0.01
0.453990257	0.0735953671438763	0.01
0.454131662	0.0735953671438763	0.01
0.454159539	0.0735953671438763	0.01
0.454297847	0.0735953671438763	0.01
0.454379121	0.0735953671438763	0.01
0.454543029	0.0739847981653611	0.01
0.454618511	0.0739847981653611	0.01
0.455078808	0.0735953671438763	0.01
0.455439212	0.0954506347266078	0.01
0.455550168	0.0979584145871162	0.01
0.455678249	0.107360729398548	0.01
0.455755613	0.111647210452439	0.01
0.455804735	0.111647210452439	0.01
0.456133439	0.084833111362928	0.02
0.456455968	0.084833111362928	0.02
0.456880284	0.084833111362928	0.02
0.45760535	0.083983838127186	0.02
0.457901934	0.083983838127186	0.02
0.458022431	0.083983838127186	0.02
0.458619789	0.0835655463727968	0.02
0.458664131	0.0835655463727968	0.02
0.462114195	0.0706215432857243	0.02
0.46331093	0.0706215432857243	0.02
0.46499053	0.0682098615938467	0.02
0.472596627	0.0656477696818909	0.03
0.473676694	0.0656477696818909	0.03
0.47699163	0.0893508424387148	0.03
0.477096915	0.0893508424387148	0.03
0.478409458	0.0743124862221603	0.04
0.479732593	0.0733380160913328	0.04
0.479936634	0.0733380160913328	0.04
0.483511101	0.0618712660604325	0.04
0.483671852	0.0618712660604325	0.04
0.483988273	0.0618712660604325	0.04
0.484225862	0.0618712660604325	0.04
0.484927676	0.0621462717360116	0.04
0.485999254	0.0879457939618306	0.04
0.489424331	0.0860513644373719	0.04
0.490830832	0.0700466128722727	0.04
0.511690912	0.0648359821505378	0.06
0.514553924	0.0589682793194935	0.07
0.514971335	0.0589682793194935	0.07
0.515124567	0.0594383073246706	0.07
0.516063638	0.080186201171904	0.07
0.518492841	0.0725880676894701	0.07
0.518564452	0.0725880676894701	0.07
0.520735072	0.0624237330191594	0.07
0.529143364	0.0356013429892854	0.07
0.534308248	0.0362944583736917	0.07
0.534453117	0.0362944583736917	0.07
0.539174229	0.0463768616994095	0.07
0.544416783	0.0471589816309215	0.07
0.546060858	0.0471589816309215	0.07
0.55657045	0.0524680479975584	0.07
0.556645891	0.0524680479975584	0.07
0.556807604	0.0524680479975584	0.07
0.55802857	0.0524680479975584	0.07
0.559788571	0.0561558312744558	0.06
0.562444529	0.0561558312744558	0.06
0.566766402	0.0550503222188656	0.06
0.568776608	0.0550503222188656	0.06
0.572491616	0.0550503222188656	0.06
0.579525048	0.0561558312744558	0.06
0.586308239	0.0515017207501549	0.07
0.59079165	0.0550503222188656	0.06
0.593573546	0.0550503222188656	0.06
0.593673806	0.0550503222188656	0.06
0.593673808	0.0550503222188656	0.06
0.593754277	0.0550503222188656	0.06
0.59375428	0.0550503222188656	0.06
0.593824895	0.0550503222188656	0.06
0.593834769	0.0550503222188656	0.06
0.593915284	0.0550503222188656	0.06
0.594036974	0.0550503222188656	0.06
0.594237558	0.0550503222188656	0.06
0.595887104	0.0529649388080183	0.07
0.596894832	0.0529649388080183	0.07
0.597117526	0.0463000741828081	0.06
0.602674298	0.0606820776368115	0.07
0.604813246	0.0534713310608506	0.07
0.604905308	0.0534713310608506	0.07
0.604905312	0.0534713310608506	0.07
0.605716504	0.0534713310608506	0.07
0.606051871	0.0534713310608506	0.07
0.60631275	0.0534713310608506	0.07
0.606404306	0.0534713310608506	0.07
0.606824709	0.0534713310608506	0.07
0.608524688	0.0534713310608506	0.07
0.608756287	0.0534713310608506	0.07
0.61827716	0.0519803937014221	0.07
0.624510489	0.0561558312744558	0.06
0.630942519	0.0515017207501549	0.07
0.635412418	0.0524680479975584	0.07
0.636066531	0.0524680479975584	0.07
0.63624959	0.0524680479975584	0.07
0.636422142	0.0555975817707371	0.06
0.637260654	0.0555975817707371	0.06
0.637881775	0.0550503222188656	0.06
0.638075882	0.0550503222188656	0.06
0.641599528	0.0561558312744558	0.06
0.646569798	0.059573980457597	0.07
0.64801212	0.059573980457597	0.07
0.648827538	0.059573980457597	0.07
0.65703705	0.0579856915329727	0.07
0.667472678	0.0541368121615767	0.08
0.667879263	0.0541368121615767	0.08
0.669490645	0.0541368121615767	0.08
0.671132308	0.0550503222188656	0.08
0.680410924	0.0503751294855521	0.09
0.68060848	0.0503751294855521	0.09
0.680702493	0.0503751294855521	0.09
0.680786967	0.0503751294855521	0.09
0.689921535	0.0624237330191594	0.1
0.690723937	0.0624237330191594	0.1
0.692614054	0.0638490509924881	0.1
0.696262833	0.0524680479975584	0.1
0.697379755	0.0529649388080183	0.1
0.7123899	0.0501171754678599	0.11
0.713541741	0.0505703443502084	0.11
0.71365913	0.0505703443502084	0.11
0.714295462	0.0505703443502084	0.11
0.715679053	0.0366512361452129	0.11
0.719314887	0.0501171754678599	0.12
0.725609694	0.0366512361452129	0.12
0.725869057	0.0370150978674019	0.12
0.725979546	0.0370150978674019	0.12
0.72717465	0.0492347742150932	0.13
0.735438378	0.0352646187225917	0.13
0.742183791	0.0463768616994095	0.14
0.7500464	0.0373862566373923	0.13
0.756122282	0.0336722271117527	0.13
0.762884543	0.0742302923767091	0.13
0.763387603	0.0794501502201911	0.13
0.765321243	0.0806767823502293	0.13
0.766651587	0.0373862566373923	0.12
0.7676628	0.0373862566373923	0.12
0.778829055	0.0813478136295792	0.12
0.779184816	0.0811614158492821	0.12
0.779976345	0.0269407893121399	0.11
0.786383987	0.0815350695543592	0.11
0.793117932	0.0800042140360267	0.1
0.794958533	0.0861397227786753	0.1
0.797194853	0.0829458633810448	0.1
0.799403767	0.0832071262679823	0.1
0.8034392	0.0852642218192506	0.09
0.812482547	0.078801637007208	0.08
0.817085993	0.0852642218192506	0.08
0.849686346	0.0850354425201723	0.05
0.856064956	0.0894808035525474	0.04
0.861783488	0.0807203572759961	0.03
0.870144812	0.0861917830871923	0.03
0.874413626	0.0932797227035116	0.02
0.875213305	0.091340780349633	0.02
0.877564409	0.0886014476984181	0.02
0.882218863	0.080186201171904	0.01
0.88244613	0.0824702052497736	0.01
0.882485476	0.0824702052497736	0.01
0.883236842	0.0885024771100583	0.01
0.884296127	0.0947158562731498	0.01
0.885048106	0.0932797227035116	0.01
0.885800269	0.092161796685494	0.01
0.887670141	0.0903699798507258	0.01
0.888863234	0.0893508424387148	0.01
0.889014569	0.089099639615943	0.01
0.889209764	0.089099639615943	0.01
0.889576687	0.0883544351087018	0.01
0.889752182	0.0883544351087018	0.01
0.889857915	0.0883544351087018	0.01
0.890068113	0.0883544351087018	0.01
0.890083013	0.0883544351087018	0.01
0.890218543	0.0883544351087018	0.01
0.890218544	0.0883544351087018	0.01
0.890228158	0.0883544351087018	0.01
0.890309475	0.0878645189070327	0.01
0.890354074	0.0878645189070327	0.01
0.890354075	0.0878645189070327	0.01
0.890407894	0.0878645189070327	0.01
0.890474761	0.0878645189070327	0.01
0.890489605	0.0878645189070327	0.01
0.890489606	0.0878645189070327	0.01
0.890580647	0.0878645189070327	0.01
0.890595481	0.0878645189070327	0.01
0.89061031	0.0878645189070327	0.01
0.890610311	0.0878645189070327	0.01
0.89068659	0.0878645189070327	0.01
0.890701414	0.0871397475795483	0.01
0.890716233	0.0871397475795483	0.01
0.890731048	0.0871397475795483	0.01
0.890731049	0.0871397475795483	0.01
0.890822213	0.0871397475795483	0.01
0.890837018	0.0871397475795483	0.01
0.890851819	0.0871397475795483	0.01
0.890957836	0.0871397475795483	0.01
0.890972623	0.0871397475795483	0.01
0.891093459	0.0871397475795483	0.01
0.891214328	0.0871397475795483	0.01
0.891244043	0.0871397475795483	0.01
0.891246709	0.0871397475795483	0.01
0.891320486	0.0871397475795483	0.01
0.891441435	0.0871397475795483	0.01
0.891456164	0.0871397475795483	0.01
0.89149835	0.0871397475795483	0.01
0.891562417	0.0869008069393129	0.01
0.891577132	0.0866631730852222	0.01
0.891686849	0.0866631730852222	0.01
0.891698132	0.0866631730852222	0.01
0.891881522	0.0866631730852222	0.01
0.892012117	0.0864268353261292	0.01
0.89206133	0.0864268353261292	0.01
0.892182462	0.0864268353261292	0.01
0.892245091	0.0866631730852222	0.01
0.892307805	0.0861917830871923	0.01
0.892546055	0.0871397475795483	0.01
0.892568748	0.0871397475795483	0.01
0.892793389	0.0871397475795483	0.01
0.892951888	0.0869008069393129	0.01
0.892952212	0.0869008069393129	0.01
0.893016766	0.0869008069393129	0.01
0.89308003	0.0869008069393129	0.01
0.893142511	0.0869008069393129	0.01
0.893172464	0.0864268353261292	0.01
0.893320622	0.0869008069393129	0.01
0.893352088	0.0869008069393129	0.01
0.893395592	0.0869008069393129	0.01
0.894085351	0.0861917830871923	0.01
0.89420355	0.0861917830871923	0.01
0.894232534	0.0859580059082982	0.01
0.894332391	0.0861917830871923	0.01
0.894482721	0.0861917830871923	0.01
0.894511483	0.0859580059082982	0.01
0.894906463	0.0857254934425098	0.01
0.895081202	0.0864268353261292	0.01
0.895086463	0.0864268353261292	0.01
0.895300675	0.0864268353261292	0.01
0.895638516	0.0928384002160053	0.01
0.895840307	0.0933409242645581	0.01
0.896329745	0.0916054485065669	0.01
0.896396617	0.0916054485065669	0.01
0.89685771	0.0913627776019385	0.01
0.89693811	0.0913627776019385	0.01
0.897131294	0.0928647139134712	0.01
0.897197773	0.0923803125191026	0.01
0.897282137	0.0919498758677667	0.01
0.897316929	0.0917178857909488	0.01
0.89799116	0.0868899771320505	0.01
0.898455429	0.0838693438284787	0.01
0.898662437	0.0826857354368878	0.01
0.898920463	0.0821886399742499	0.01
0.899413875	0.0854304905986082	0.01
0.900274359	0.0869566116886328	0.01
0.900307304	0.0869566116886328	0.01
0.900690942	0.0899255132660763	0.01
0.90151373	0.0852642218192506	0.01
0.901568195	0.0849533822264506	0.01
0.901947653	0.0810725707157042	0.01
0.902291602	0.0793272130920844	0.01
0.902932441	0.0762916463041575	0.01
0.903166806	0.0737895688439715	0.01
0.903876527	0.0666385686854526	0.01
0.904039961	0.0663749439506051	0.01
0.904220945	0.0596761424669206	0.01
0.904508173	0.0613958176351135	0.01
0.904513058	0.0616496096590924	0.01
0.905345526	0.0621635407847341	0.01
0.905424433	0.0621635407847341	0.01
0.905541598	0.0621635407847341	0.01
0.906154318	0.0626861125342549	0.01
0.906197141	0.0626861125342549	0.01
0.906210372	0.0626861125342549	0.01
0.906508268	0.0637580644489808	0.01
0.906983581	0.0648673156110202	0.01
0.907060652	0.0648673156110202	0.01
0.90712089	0.0648673156110202	0.01
0.907185931	0.065436542116007	0.01
0.907198748	0.0666055011291402	0.01
0.907199842	0.0666055011291402	0.01
0.907311244	0.0627036829476547	0.01
0.907324045	0.0629861551546006	0.01
0.907336843	0.0629861551546006	0.01
0.907336844	0.0629861551546006	0.01
0.907436592	0.0629861551546006	0.01
0.907449378	0.0629861551546006	0.01
0.90746216	0.0629861551546006	0.01
0.907536422	0.0629861551546006	0.01
0.907574745	0.0629861551546006	0.01
0.907587512	0.0629861551546006	0.01
0.907700146	0.0629861551546006	0.01
0.907712898	0.0629861551546006	0.01
0.907951053	0.0629861551546006	0.01
0.907963773	0.0627036829476547	0.01
0.908089263	0.0629861551546006	0.01
0.908089264	0.0629861551546006	0.01
0.908151307	0.0629861551546006	0.01
0.90817671	0.0629861551546006	0.01
0.908202099	0.0629861551546006	0.01
0.908214789	0.0629861551546006	0.01
0.908289632	0.0627036829476547	0.01
0.908566283	0.0627036829476547	0.01
0.908577365	0.0627036829476547	0.01
0.908578929	0.0627036829476547	0.01
0.908691978	0.0629861551546006	0.01
0.908729307	0.0629861551546006	0.01
0.908816452	0.0629861551546006	0.01
0.908830322	0.0629861551546006	0.01
0.908855181	0.0627036829476547	0.01
0.908943472	0.0629861551546006	0.01
0.908956071	0.0629861551546006	0.01
0.909195105	0.0627036829476547	0.01
0.909207673	0.0627036829476547	0.01
0.909308419	0.0627036829476547	0.01
0.909346075	0.0627036829476547	0.01
0.90938549	0.0627036829476547	0.01
0.909409249	0.0627036829476547	0.01
0.909434338	0.0635588039940645	0.01
0.909642167	0.0635588039940645	0.01
0.909838426	0.0632711838818943	0.01
0.909925885	0.0632711838818943	0.01
0.910051995	0.0627036829476547	0.01
0.910467776	0.0632711838818943	0.01
0.911062134	0.0641419610299975	0.01
0.91113001	0.0641419610299975	0.01
0.911351929	0.0641419610299975	0.01
0.911383512	0.0638490509924881	0.01
0.911404622	0.0638490509924881	0.01
0.911518912	0.0641419610299975	0.01
0.911632099	0.0644375709258931	0.01
0.911747931	0.0644375709258931	0.01
0.912015459	0.0644375709258931	0.01
0.912776305	0.0635588039940645	0.01
0.912811242	0.0635588039940645	0.01
0.912967277	0.0638490509924881	0.01
0.913139907	0.0638490509924881	0.01
0.913244462	0.0644375709258931	0.01
0.913630289	0.0632711838818943	0.01
0.914018042	0.0635588039940645	0.01
0.914696902	0.0727395259389231	0.01
0.915026039	0.0727395259389231	0.01
0.915269563	0.0727395259389231	0.01
0.916024822	0.0606820776368115	0.01
0.916912552	0.0630267162162007	0.01
0.917957453	0.0574749161238537	0.01
0.918238351	0.062670617403675	0.02
0.918456927	0.0631702914142212	0.02
0.918837351	0.0634231283112998	0.02
0.919120121	0.0636779972834843	0.02
0.919822583	0.0644550446199269	0.02
0.920002472	0.0644550446199269	0.02
0.921364075	0.0655210955841836	0.02
0.921783065	0.066067455258587	0.02
0.922071236	0.066344066342102	0.02
0.922455062	0.0669042958742111	0.02
0.922763582	0.0669042958742111	0.02
0.923268187	0.0671879737460271	0.02
0.923473233	0.0671879737460271	0.02
0.924160807	0.0677626080709261	0.02
0.924627878	0.0686432289618572	0.02
0.925553967	0.057729174042576	0.02
0.927872541	0.0523978236522601	0.02
0.929379518	0.0582904107392032	0.03
0.93064775	0.0578646940418683	0.03
0.93220206	0.0587224379495302	0.03
0.934700606	0.060286308203368	0.03
0.93534835	0.0605165439317603	0.03
0.941112169	0.0283042398719893	0.03
0.942896738	0.0162299181516299	0.03
0.944027825	0.0166651757074639	0.03
0.949342587	0.0179487879429665	0.03
0.950306111	0.0184826378519222	0.03
0.951999424	0.0148114922056644	0.04
0.954119877	0.0162299181516299	0.04
0.954191796	0.0162299181516299	0.04
0.955603107	0.0166651757074639	0.04
0.955985355	0.0166651757074639	0.04
0.956018846	0.0166651757074639	0.04
0.956296714	0.0168154962809257	0.04
0.956780018	0.0168154962809257	0.04
0.95679317	0.0168154962809257	0.04
0.956793172	0.0168154962809257	0.04
0.957016096	0.0169685533331059	0.04
0.957077957	0.0169685533331059	0.04
0.959642592	0.0179487879429665	0.04
0.959665139	0.0179487879429665	0.04
0.959857154	0.0181232780129574	0.04
0.960039043	0.0184826378519222	0.04
0.960819071	0.0184826378519222	0.04
0.960911853	0.0184826378519222	0.04
0.964446178	0.0162299181516299	0.05
0.964458654	0.0162299181516299	0.05
0.966980911	0.0169685533331059	0.05
0.966980912	0.0169685533331059	0.05
0.966986309	0.0169685533331059	0.05
0.967139043	0.0169685533331059	0.05
0.967144414	0.0169685533331059	0.05
0.967297223	0.0169685533331059	0.05
0.967297226	0.0169685533331059	0.05
0.967302571	0.0169685533331059	0.05
0.967302572	0.0169685533331059	0.05
0.967460779	0.0169685533331059	0.05
0.96746078	0.0169685533331059	0.05
0.967608447	0.0169685533331059	0.05
0.96761904	0.0169685533331059	0.05
0.967925221	0.0169685533331059	0.05
0.967935716	0.0169685533331059	0.05
0.968083686	0.0171244222738578	0.05
0.968088909	0.0171244222738578	0.05
0.968237002	0.0171244222738578	0.05
0.968861479	0.0177776257962926	0.05
0.969035555	0.0177776257962926	0.05
0.969666194	0.0179487879429665	0.05
0.970292984	0.0184826378519222	0.05
0.970442597	0.0184826378519222	0.05
0.973457204	0.0201471842436327	0.06
0.973766743	0.020293394091736	0.06
0.97801719	0.0207450397014093	0.06
0.978183481	0.0207450397014093	0.06
1.022530753	0.0227723024397298	0.07
1.023898132	0.0227723024397298	0.07
1.027042278	0.025941097286402	0.07
1.027349785	0.0261839997441106	0.07
1.029078227	0.0261839997441106	0.07
1.029271857	0.0261839997441106	0.07
1.029637844	0.0261839997441106	0.07
1.029659545	0.0264314940888645	0.07
1.030020301	0.0277426275069209	0.07
1.030397618	0.0280206198975043	0.07
1.030958443	0.0225883527402297	0.08
1.031531241	0.0225883527402297	0.08
1.031720423	0.0225883527402297	0.08
1.0327094	0.0227723024397298	0.08
1.033463082	0.0222292270309791	0.08
1.034376329	0.0225883527402297	0.08
1.035677928	0.0301343272483341	0.08
1.036124234	0.0308831396742555	0.08
1.041709188	0.035944559673203	0.08
1.043349328	0.035944559673203	0.08
1.048661279	0.0319414295165599	0.09
1.049025044	0.0319414295165599	0.09
1.054783865	0.035944559673203	0.09
1.056246636	0.035944559673203	0.09
1.057424783	0.0319414295165599	0.1
1.058571278	0.0319414295165599	0.1
1.067971123	0.0319414295165599	0.11
1.068168044	0.0319414295165599	0.11
1.068277144	0.0319414295165599	0.11
1.06860264	0.0319414295165599	0.11
1.068892568	0.0319414295165599	0.11
1.070020858	0.0336722271117527	0.11
1.076612069	0.0356013429892854	0.11
1.088407982	0.0378928704973395	0.13
1.091073782	0.0403535759036827	0.13
1.113082372	0.0539874999137059	0.14
1.113233383	0.0539874999137059	0.14
1.11414031	0.0555975817707371	0.14
1.115076799	0.0555975817707371	0.14
1.116382888	0.0555975817707371	0.14
1.13205703	0.0550503222188656	0.14
1.133988353	0.0550503222188656	0.14
1.134317617	0.0550503222188656	0.14
1.137302108	0.0539874999137059	0.14
1.183360064	0.061508355646537	0.16
1.187305519	0.0734986491196531	0.15
1.18762744	0.0727812878271988	0.15
1.192009701	0.0700466128722727	0.15
1.192725439	0.0675100006006146	0.15
1.203309389	0.0749766483967612	0.14
1.208724051	0.0727812878271988	0.15
1.208769953	0.0727812878271988	0.15
1.209751115	0.0727812878271988	0.15
1.209768181	0.0727812878271988	0.15
1.209825949	0.0727812878271988	0.15
1.210085375	0.0727812878271988	0.15
1.210771389	0.0707108328573465	0.15
1.21086869	0.0693947554192321	0.15
1.212614931	0.0749766483967612	0.15
1.224141399	0.0651506855434016	0.14
1.243346642	0.0624237330191594	0.12
1.246668032	0.0606820776368115	0.12
1.268447511	0.0630267162162007	0.1
1.270060331	0.0590349705318583	0.1
1.270253663	0.0579856915329727	0.1
1.275739262	0.0636414620895912	0.09
1.293113698	0.0529649388080183	0.09
1.302603198	0.0852642218192506	0.1
1.33510162	0.102273979714045	0.12
1.335508208	0.102273979714045	0.12
1.335711503	0.102273979714045	0.12
1.335892556	0.102273979714045	0.12
1.33625481	0.102273979714045	0.12
1.336595099	0.101263899299415	0.12
1.337117106	0.101263899299415	0.12
1.337161305	0.101263899299415	0.12
1.337529375	0.101263899299415	0.12
1.337777279	0.101263899299415	0.12
1.337887386	0.100273575320439	0.12
1.340005107	0.100273575320439	0.12
1.342315002	0.100273575320439	0.12
1.342368518	0.100273575320439	0.12
1.343443085	0.100273575320439	0.12
1.346883901	0.103304413716306	0.12
1.350085516	0.103304413716306	0.11
1.360533959	0.103304413716306	0.12
1.360774481	0.103304413716306	0.12
1.360981621	0.103304413716306	0.12
1.36116959	0.103304413716306	0.12
1.361338457	0.103304413716306	0.12
1.36135761	0.103304413716306	0.12
1.361545683	0.103304413716306	0.12
1.362110213	0.103304413716306	0.12
1.364721715	0.103304413716306	0.12
1.365659238	0.111647210452439	0.12
1.368578346	0.11054381821337	0.12
1.369020462	0.11054381821337	0.12
1.369707356	0.11054381821337	0.12
1.370127164	0.11054381821337	0.12
1.373967278	0.11054381821337	0.12
1.377139612	0.111647210452439	0.11
1.377544294	0.111647210452439	0.11
1.379222918	0.111647210452439	0.11
1.384187356	0.109462021857679	0.12
1.38563755	0.109462021857679	0.12
1.418305639	0.106340048715525	0.1
1.430594094	0.104355822768889	0.1
1.434752614	0.104355822768889	0.1
1.436494579	0.104355822768889	0.11
1.440102642	0.104355822768889	0.11
1.450462129	0.101514544315135	0.12
1.450928234	0.101514544315135	0.12
1.454856842	0.101514544315135	0.12
1.45657643	0.101514544315135	0.13
1.457818346	0.101514544315135	0.13
1.484067531	0.0988238830545647	0.15
1.485393153	0.0997047807719862	0.15
1.485917469	0.0988238830545647	0.16
1.488337206	0.0988238830545647	0.16
1.494140559	0.0988238830545647	0.16
1.506038743	0.0988238830545647	0.18
1.511734415	0.0988238830545647	0.18
1.512194724	0.0988238830545647	0.18
1.512821455	0.0988238830545647	0.18
1.513239565	0.0988238830545647	0.18
1.515375804	0.0997047807719862	0.18
1.523536021	0.0971079735154068	0.19
1.558319819	0.159825039646114	0.23
1.55916507	0.156471383062915	0.23
1.561070241	0.164914902271836	0.22
1.595407686	0.159278827065644	0.19
1.595579044	0.156078378350604	0.19
1.707257935	0.21731447166497	0.08
1.730827961	0.200610735543822	0.06
1.745720251	0.187338044655437	0.04
1.75282717	0.203742847954681	0.04
1.768990518	0.215519957285874	0.02
1.778615293	0.226754773788654	0.01
1.780115455	0.212018395186669	0.01
1.780627841	0.212018395186669	0.01
1.780657571	0.212018395186669	0.01
1.780657572	0.212018395186669	0.01
1.780839524	0.212018395186669	0.01
1.780928629	0.212018395186669	0.01
1.78092863	0.212018395186669	0.01
1.781081012	0.212018395186669	0.01
1.781170031	0.212018395186669	0.01
1.781170032	0.212018395186669	0.01
1.781411499	0.212018395186669	0.01
1.781623424	0.212018395186669	0.01
1.781653031	0.212018395186669	0.01
1.781835463	0.212018395186669	0.01
1.781894629	0.212018395186669	0.01
1.782136292	0.212018395186669	0.01
1.782136293	0.212018395186669	0.01
1.782378022	0.212018395186669	0.01
1.782531315	0.212018395186669	0.01
1.782590324	0.212018395186669	0.01
1.782619816	0.212018395186669	0.01
1.783345594	0.212018395186669	0.01
1.78377107	0.212018395186669	0.01
1.783829774	0.212018395186669	0.01
1.784013316	0.212018395186669	0.01
1.784314217	0.212018395186669	0.01
1.784506241	0.212018395186669	0.01
1.785009515	0.210309937843063	0.01
1.785322292	0.214481713148174	0.01
1.785497332	0.214481713148174	0.01
1.785988286	0.212793298729272	0.01
1.786357195	0.212793298729272	0.01
1.788780487	0.211131259307526	0.01
1.788872102	0.211131259307526	0.01
1.78918715	0.211131259307526	0.01
1.789358594	0.211131259307526	0.01
1.789747139	0.211131259307526	0.01
1.790033715	0.211131259307526	0.01
1.790095821	0.211131259307526	0.01
1.794856772	0.175492997534298	0.02
1.795060195	0.168913302992855	0.02
1.795172249	0.157130807604291	0.02
1.795643534	0.15356029068852	0.02
1.796645824	0.146884896893678	0.02
1.796696941	0.146884896893678	0.02
1.813215031	0.124923245010523	0.03
1.813240824	0.124923245010523	0.03
1.813716026	0.125915912470762	0.03
1.814069384	0.131125679276302	0.03
1.814345569	0.124371717313904	0.03
1.814621756	0.103464787819285	0.03
1.814621757	0.103464787819285	0.03
1.814846808	0.103464787819285	0.03
1.814872379	0.103464787819285	0.03
1.815123071	0.104355822768889	0.03
1.815169565	0.104355822768889	0.03
1.815373832	0.105262338155919	0.03
1.815624663	0.108078909140153	0.03
1.815850116	0.108078909140153	0.03
1.815875562	0.108078909140153	0.03
1.816101116	0.0693947554192321	0.03
1.816374833	0.0700466128722727	0.03
1.816377569	0.0700466128722727	0.03
1.816628678	0.0693947554192321	0.03
1.816879855	0.0693947554192321	0.03
1.817399416	0.0693947554192321	0.03
1.817633804	0.0693947554192321	0.03
1.818036082	0.0693947554192321	0.03
1.818363245	0.0693947554192321	0.03
1.819395454	0.0742302923767091	0.03
1.819410514	0.0742302923767091	0.03
1.820606159	0.154954041145643	0.04
1.822065256	0.113535974490884	0.04
1.823345161	0.121104305805495	0.04
1.824280416	0.127949339408708	0.04
1.824759677	0.100880699272786	0.04
1.824985083	0.100880699272786	0.04
1.829051906	0.0713877704259516	0.04
1.829613575	0.0727812878271988	0.04
1.830016016	0.0734986491196531	0.04
1.835137623	0.0649076460171713	0.04
1.836263396	0.0640318053685932	0.05
1.83758722	0.0645864000127924	0.05
1.837659261	0.0645864000127924	0.05
1.839735229	0.0687549185413788	0.05
1.844053766	0.0707108328573465	0.05
1.846490238	0.0642683182196129	0.05
1.860668056	0.0700466128722727	0.07
1.872927722	0.0655598214186292	0.06
1.876458705	0.0606820776368115	0.07
1.917919203	0.0579856915329727	0.11
1.932723098	0.0569730606216008	0.12
1.933588634	0.0585056267930185	0.12
1.934242286	0.059573980457597	0.12
1.93486401	0.0528220122434547	0.13
1.937910579	0.0511651737373436	0.13
1.938309591	0.0511651737373436	0.13
1.945075766	0.0499891866005709	0.14
1.947078383	0.0499891866005709	0.14
1.959079535	0.0499891866005709	0.15
1.961031557	0.0499891866005709	0.15
2.03833515	0.0550503222188656	0.23
2.057190684	0.0827413396941555	0.24
2.058434493	0.0536422871641109	0.25
2.058810915	0.0536422871641109	0.25
2.060706206	0.0536422871641109	0.25
2.067556414	0.0835655463727968	0.25
2.077653506	0.0844063385110144	0.26
2.07768814	0.0844063385110144	0.26
2.080200147	0.0536422871641109	0.27
2.112854786	0.0523044830835168	0.3
2.116340052	0.0753132013917922	0.3
2.117539144	0.0788527192828205	0.3
2.119081815	0.0550503222188656	0.3
2.122322709	0.0516602958365838	0.31
2.201956234	0.0513441162004276	0.39
2.225736601	0.0708601516130747	0.41
2.22607531	0.072702444474056	0.41
2.226980498	0.0773977253193187	0.41
2.230993963	0.0613040469256394	0.42
2.244892022	0.114878709411504	0.43
2.268175967	0.13555006767921	0.41
2.273953022	0.127128138099011	0.4
2.279085054	0.143675308570713	0.4
2.283420782	0.130693085501489	0.39
2.36737444	0.188989491642727	0.32
2.401471639	0.239394115356244	0.3
2.416816988	0.237052511007647	0.3
2.57811595	0.244218903277653	0.15
2.644514931	0.253147355973037	0.09
2.64482266	0.253147355973037	0.09
2.664122924	0.255626778510894	0.07
2.669724846	0.24178244195566	0.06
2.67074212	0.248768388627656	0.06
2.671148642	0.248768388627656	0.06
2.671193179	0.248768388627656	0.06
2.671237705	0.248768388627656	0.06
2.671599486	0.248768388627656	0.06
2.671599646	0.248768388627656	0.06
2.671872794	0.248768388627656	0.06
2.671961685	0.248768388627656	0.06
2.672323822	0.248768388627656	0.06
2.67300408	0.248768388627656	0.06
2.674498542	0.255626778510894	0.06
2.674640938	0.255626778510894	0.06
2.675753192	0.255626778510894	0.06
2.675906626	0.255626778510894	0.06
2.677404052	0.246704969307925	0.05
2.678640892	0.24178244195566	0.05
2.679543675	0.24178244195566	0.05
2.68050645	0.24178244195566	0.05
2.681604422	0.248768388627656	0.05
2.690797174	0.255626778510894	0.05
2.690995907	0.255626778510894	0.05
2.692790444	0.253147355973037	0.05
2.700424629	0.246704969307925	0.04
2.703341222	0.244218903277653	0.04
2.714352711	0.230032405171159	0.05
2.716197088	0.230032405171159	0.05
2.720992773	0.220683232834371	0.05
2.721223607	0.232504090192448	0.06
2.721339166	0.232504090192448	0.06
2.721714851	0.232504090192448	0.06
2.721753239	0.232504090192448	0.06
2.722090639	0.232504090192448	0.06
2.72212898	0.232504090192448	0.06
2.722504826	0.232504090192448	0.06
2.725138453	0.225578856213142	0.06
2.725892101	0.225578856213142	0.06
2.727362573	0.225578856213142	0.06
2.728457177	0.225578856213142	0.06
2.730687704	0.227783864221474	0.06
2.733911556	0.23029471207287	0.07
2.742221604	0.228126928086857	0.08
2.744776734	0.221294478141245	0.08
2.758261585	0.221294478141245	0.09
2.767264537	0.219212744306449	0.1
2.795646082	0.202102042030503	0.13
2.814579483	0.202102042030503	0.15
2.857457722	0.202102042030503	0.19
2.870516676	0.203870168016934	0.2
2.874914635	0.202102042030503	0.21
2.884109016	0.203254633909623	0.22
2.885327778	0.196977013015757	0.22
2.901070252	0.188989491642727	0.23
3.091199805	0.187406278505228	0.42
3.116410384	0.188989491642727	0.45
3.153761559	0.187338044655437	0.48
3.190582361	0.204032442056708	0.52
3.561529658	0.157130807604291	0.880000000000001
3.561648443	0.160310112427698	0.880000000000001
3.562131134	0.160310112427698	0.880000000000001
3.565454716	0.155587980364802	0.880000000000001
3.568359469	0.178153183829029	0.880000000000001
3.572123566	0.176466803818815	0.880000000000001
3.579984214	0.162912444685699	0.880000000000001
3.62939674	0.18556907192997	0.910000000000001
3.629519691	0.18556907192997	0.910000000000001
3.6300627	0.18556907192997	0.910000000000001
3.630972932	0.18556907192997	0.910000000000001
3.631023885	0.188989491642727	0.910000000000001
3.631169027	0.188989491642727	0.910000000000001
3.631970124	0.179086683749907	0.920000000000001
3.707141358	0.183904873961337	0.990000000000001
3.82876748	0.182270259996448	1.11
3.963711323	0.177536238407084	1.25
4.442577106	0.243945763134834	1.72
4.445571488	0.248768388627656	1.72
4.452121847	0.24369267950457	1.73
4.45272527	0.243945763134834	1.73
4.459832487	0.221512088763632	1.74
4.478685952	0.233343575692089	1.76
4.480518943	0.233343575692089	1.76
4.492707945	0.263365280983285	1.75
4.536342962	0.263365280983285	1.78
4.536969429	0.263365280983285	1.78
4.537444354	0.263365280983285	1.78
4.537596069	0.263365280983285	1.78
4.550359745	0.263365280983285	1.8
4.895921957	0.263365280983285	2.13
5.341769851	0.306692465250407	2.26
5.342582978	0.306692465250407	2.26
5.343307119	0.306692465250407	2.26
5.346842194	0.306692465250407	2.26
5.445157132	0.317899347254308	2.32999999999999
6.232084175	0.351461880156063	2.65999999999999
6.2338777	0.369198105737153	2.66999999999999
6.234722781	0.369198105737153	2.66999999999999
6.244676548	0.369198105737153	2.67999999999999
6.35095118	0.302427878266264	2.72999999999999
6.358499262	0.302427878266264	2.72999999999999
7	0.383253756648624	3.17999999999998
