thrs	post_p	finalwindow
0	0.115895871969923	0.23
0.03256001	0.115895871969923	0.2
0.089689176	0.0968650329679767	0.16
0.093809574	0.0980146492934086	0.15
0.098963073	0.0980146492934086	0.15
0.103967892	0.0968650329679767	0.15
0.113424721	0.0914990589677004	0.15
0.115659216	0.0904964237706794	0.15
0.127695348	0.0885556601654782	0.15
0.128068503	0.0885556601654782	0.15
0.129730945	0.0885556601654782	0.15
0.130460633	0.0885556601654782	0.15
0.148427326	0.0803687154312857	0.15
0.148447444	0.0803687154312857	0.15
0.151339737	0.0917531988075155	0.15
0.155752372	0.0944284157077731	0.15
0.161204767	0.0917531988075155	0.14
0.172569069	0.0952687338071948	0.13
0.178062567	0.0810788357539115	0.12
0.178113806	0.0810788357539115	0.12
0.178140913	0.0810788357539115	0.12
0.178358463	0.0810788357539115	0.12
0.181430774	0.0925241600219462	0.12
0.181486006	0.0925241600219462	0.12
0.181824923	0.0925241600219462	0.12
0.186084933	0.0950807065110369	0.12
0.191788381	0.0925241600219462	0.11
0.194681585	0.0950807065110369	0.11
0.205298456	0.0991918811846931	0.1
0.206482242	0.0984821728577425	0.1
0.222622275	0.0862027903582075	0.08
0.22265244	0.0862027903582075	0.08
0.222656148	0.0862027903582075	0.08
0.222686318	0.0862027903582075	0.08
0.222697977	0.0862027903582075	0.08
0.222812147	0.0862027903582075	0.08
0.226694446	0.086019136043972	0.08
0.226728961	0.086019136043972	0.08
0.226867021	0.086019136043972	0.08
0.226923294	0.086019136043972	0.08
0.226957829	0.086019136043972	0.08
0.226982815	0.086019136043972	0.08
0.227081991	0.086019136043972	0.08
0.227177477	0.086019136043972	0.08
0.237068117	0.0751062358749575	0.07
0.241897099	0.0744964895156457	0.07
0.24235868	0.0744964895156457	0.07
0.242615688	0.0751062358749575	0.07
0.242875367	0.0751062358749575	0.07
0.243116147	0.0553306546265592	0.06
0.249436037	0.0516940931782944	0.06
0.256228734	0.0542404568214888	0.06
0.256650521	0.0542404568214888	0.06
0.259750174	0.0553306546265592	0.05
0.263775407	0.0553306546265592	0.05
0.272151172	0.0526833996955769	0.05
0.296839561	0.0464595008157342	0.06
0.296839653	0.0464595008157342	0.06
0.296874128	0.0464595008157342	0.06
0.296879772	0.0464595008157342	0.06
0.29691506	0.0464595008157342	0.06
0.296919994	0.0464595008157342	0.06
0.296960227	0.0464595008157342	0.06
0.297156652	0.04685488158722	0.06
0.29723727	0.04685488158722	0.06
0.297242165	0.04685488158722	0.06
0.29736316	0.04685488158722	0.06
0.299120783	0.04685488158722	0.06
0.29926506	0.04685488158722	0.06
0.299931082	0.04685488158722	0.06
0.300128238	0.04685488158722	0.06
0.301159527	0.0464595008157342	0.06
0.302406093	0.0476661813745509	0.06
0.30240618	0.0476661813745509	0.06
0.302452098	0.0476661813745509	0.06
0.302453753	0.0476661813745509	0.06
0.302493847	0.0476661813745509	0.06
0.302531356	0.0476661813745509	0.06
0.302535608	0.0476661813745509	0.06
0.302844832	0.0485060717849044	0.06
0.303037639	0.0493760912482696	0.06
0.303062807	0.0493760912482696	0.06
0.303998368	0.0493760912482696	0.06
0.304168238	0.0493760912482696	0.06
0.306464617	0.0553306546265592	0.05
0.308759935	0.0531923899379821	0.05
0.319078068	0.0526833996955769	0.05
0.320217262	0.0526833996955769	0.05
0.322066605	0.0526833996955769	0.05
0.322591403	0.0537113111434621	0.05
0.322777267	0.0537113111434621	0.05
0.323165924	0.0553306546265592	0.04
0.323537089	0.0547801321628386	0.04
0.324596864	0.0537113111434621	0.04
0.327195424	0.0537113111434621	0.04
0.328591896	0.0537113111434621	0.04
0.330254195	0.0537113111434621	0.04
0.333944256	0.0531923899379821	0.04
0.334029253	0.0531923899379821	0.04
0.338071632	0.0507412568692126	0.05
0.340262381	0.0489372149598867	0.05
0.343625259	0.0489372149598867	0.05
0.345554528	0.0480824591191128	0.05
0.350684009	0.0476661813745509	0.06
0.356200611	0.04685488158722	0.06
0.356206548	0.04685488158722	0.06
0.356437896	0.0456884253482386	0.06
0.356490553	0.0456884253482386	0.06
0.357086112	0.0526833996955769	0.06
0.360733393	0.0449425266803233	0.07
0.362945858	0.0449425266803233	0.07
0.363236679	0.0449425266803233	0.07
0.363936107	0.0449425266803233	0.07
0.37384574	0.0734739274437916	0.08
0.382008897	0.0548297265617805	0.07
0.386863037	0.056581633958972	0.06
0.386909127	0.056581633958972	0.06
0.389222512	0.0555539743567229	0.06
0.389299853	0.0555539743567229	0.06
0.389825341	0.0607717605098972	0.06
0.395214438	0.0662296280557437	0.06
0.398731854	0.0599061368870802	0.05
0.411578949	0.0741680550881344	0.04
0.415094538	0.0758042423343193	0.04
0.416416237	0.0610013043709184	0.03
0.419019267	0.0715904705755198	0.03
0.423143546	0.0769968710762558	0.03
0.438307149	0.0818016168791014	0.01
0.438815006	0.0803687154312857	0.01
0.440316292	0.0869453173524891	0.01
0.444499874	0.0825374004484095	0.01
0.444770984	0.0792124261422852	0.01
0.445049535	0.0792124261422852	0.01
0.445117302	0.0840494040709526	0.01
0.445156208	0.0840494040709526	0.01
0.445185067	0.0835709859808803	0.01
0.445185068	0.0835709859808803	0.01
0.445245414	0.0835709859808803	0.01
0.445252832	0.0835709859808803	0.01
0.445252833	0.0835709859808803	0.01
0.445252835	0.0835709859808803	0.01
0.44531318	0.0835709859808803	0.01
0.44531319	0.0835709859808803	0.01
0.445373562	0.0835709859808803	0.01
0.445433949	0.0835709859808803	0.01
0.445479567	0.0835709859808803	0.01
0.445494353	0.0835709859808803	0.01
0.445540001	0.0835709859808803	0.01
0.445554774	0.0835709859808803	0.01
0.445578303	0.0835709859808803	0.01
0.445615211	0.0835709859808803	0.01
0.445653547	0.0835709859808803	0.01
0.445675664	0.0830979834773701	0.01
0.445736134	0.0878354232851509	0.01
0.445917642	0.0914990589677004	0.01
0.445970843	0.0914990589677004	0.01
0.445978177	0.0914990589677004	0.01
0.446038729	0.0914990589677004	0.01
0.446341735	0.0914990589677004	0.01
0.446351359	0.0914990589677004	0.01
0.446394864	0.0914990589677004	0.01
0.446455777	0.0914990589677004	0.01
0.446465528	0.0909949795497118	0.01
0.44656991	0.0909949795497118	0.01
0.446772341	0.0909949795497118	0.01
0.446967543	0.0895155239018031	0.01
0.447533088	0.0895155239018031	0.01
0.447649603	0.089033005039015	0.01
0.447876705	0.089033005039015	0.01
0.448701687	0.0876161630374953	0.01
0.449051315	0.0885556601654782	0.01
0.449552291	0.0871538504532939	0.01
0.453102774	0.0862437089774249	0.01
0.453117722	0.0862437089774249	0.01
0.453312195	0.0853523801283277	0.01
0.453607731	0.0853523801283277	0.01
0.45367678	0.0853523801283277	0.01
0.453739439	0.0853523801283277	0.01
0.453782962	0.0853523801283277	0.01
0.453789353	0.0853523801283277	0.01
0.453802119	0.0853523801283277	0.01
0.453864805	0.0853523801283277	0.01
0.453864814	0.0853523801283277	0.01
0.453977538	0.0853523801283277	0.01
0.453990257	0.0853523801283277	0.01
0.454053004	0.0853523801283277	0.01
0.454115767	0.0853523801283277	0.01
0.454159539	0.0853523801283277	0.01
0.454172215	0.0853523801283277	0.01
0.454228692	0.0853523801283277	0.01
0.454266222	0.0853523801283277	0.01
0.454291524	0.0853523801283277	0.01
0.454297847	0.0853523801283277	0.01
0.454379121	0.0853523801283277	0.01
0.454423548	0.0853523801283277	0.01
0.454543029	0.0857957296192395	0.01
0.454618511	0.0857957296192395	0.01
0.454637485	0.0857957296192395	0.01
0.455078808	0.0866963911076166	0.01
0.455180191	0.0904964237706794	0.01
0.455665947	0.0840494040709526	0.01
0.455678249	0.0854728385695624	0.01
0.455755613	0.0869453173524891	0.01
0.455804735	0.0869453173524891	0.01
0.456455968	0.0799795530023609	0.02
0.456880284	0.0799795530023609	0.02
0.45760535	0.0788343548177576	0.02
0.457901934	0.0788343548177576	0.02
0.458664131	0.0777214890314134	0.02
0.459124851	0.0780889367267577	0.02
0.460382332	0.0780889367267577	0.02
0.462114195	0.0780889367267577	0.02
0.46331093	0.0780889367267577	0.02
0.464728436	0.0759349289995708	0.02
0.46499053	0.0769968710762558	0.02
0.472596627	0.0576480302432379	0.02
0.474072423	0.0738965638206567	0.03
0.47699163	0.0615124558381482	0.03
0.477096915	0.0615124558381482	0.03
0.478409458	0.0636456948324252	0.03
0.478888149	0.064768778623246	0.03
0.479936634	0.0566315193141707	0.03
0.483511101	0.0507412568692126	0.03
0.483671852	0.0526833996955769	0.03
0.483988273	0.0678274582946662	0.04
0.484225862	0.0678274582946662	0.04
0.484458594	0.0678274582946662	0.04
0.48628356	0.065504339383607	0.04
0.486776039	0.0523080039345467	0.04
0.490830832	0.0485060717849044	0.04
0.508934563	0.0481876671135613	0.06
0.511690912	0.0427017244255821	0.06
0.51473946	0.0622074669438706	0.07
0.514742139	0.0622074669438706	0.07
0.514839037	0.0629183629799515	0.07
0.514971335	0.0629183629799515	0.07
0.515124567	0.0648960171586544	0.07
0.516063638	0.0569969851376061	0.07
0.518492841	0.0460707369791248	0.07
0.518564452	0.0460707369791248	0.07
0.520735072	0.0413280013550903	0.07
0.529143364	0.0390183797541143	0.07
0.534308248	0.0407511730415658	0.07
0.534453117	0.0407511730415658	0.07
0.534888196	0.0571352538715388	0.07
0.536755919	0.0634013896302282	0.07
0.539174229	0.0619740580727709	0.07
0.543234343	0.0629183629799515	0.07
0.544416783	0.0643900391580493	0.07
0.556807604	0.0792124261422852	0.05
0.562444529	0.0792124261422852	0.05
0.566766402	0.0762856399213131	0.06
0.568776608	0.0762856399213131	0.06
0.572491616	0.0769968710762558	0.06
0.57444178	0.0769968710762558	0.06
0.583655412	0.0792124261422852	0.06
0.586308239	0.0784598753272048	0.06
0.59079165	0.0742286576123367	0.06
0.591193432	0.0742286576123367	0.06
0.591819223	0.0742286576123367	0.06
0.593673806	0.0742286576123367	0.06
0.593673808	0.0742286576123367	0.06
0.59375428	0.0742286576123367	0.06
0.593834769	0.0742286576123367	0.06
0.593915284	0.0742286576123367	0.06
0.594036974	0.0742286576123367	0.06
0.594152812	0.0742286576123367	0.06
0.594318181	0.0755874279945136	0.06
0.595015574	0.0792124261422852	0.06
0.595196772	0.0792124261422852	0.06
0.595887104	0.0792124261422852	0.06
0.596219211	0.0792124261422852	0.06
0.596894832	0.0799795530023609	0.06
0.597117526	0.0784598753272048	0.06
0.604813246	0.0815592622424685	0.06
0.604905308	0.0815592622424685	0.06
0.604905312	0.0815592622424685	0.06
0.604988853	0.0815592622424685	0.06
0.606051871	0.0815592622424685	0.06
0.60631275	0.0815592622424685	0.06
0.606404306	0.0815592622424685	0.06
0.607971158	0.0832026318462588	0.05
0.608756287	0.0832026318462588	0.05
0.624510489	0.0729178754866411	0.06
0.630942519	0.0762856399213131	0.05
0.635412418	0.0769968710762558	0.05
0.636066531	0.0769968710762558	0.05
0.63624959	0.0769968710762558	0.05
0.636422142	0.0777214890314134	0.05
0.637031954	0.0777214890314134	0.05
0.638075882	0.0777214890314134	0.05
0.641599528	0.0784598753272048	0.05
0.644129804	0.0749018810586966	0.06
0.64801212	0.0755874279945136	0.06
0.648110758	0.0755874279945136	0.06
0.648827538	0.0755874279945136	0.06
0.65703705	0.067550064833748	0.07
0.659386285	0.0670020294128531	0.07
0.667879263	0.0654100101079793	0.08
0.667969788	0.0654100101079793	0.08
0.680410924	0.0606095775275683	0.09
0.680589305	0.0606095775275683	0.09
0.68060848	0.0606095775275683	0.09
0.680702493	0.0606095775275683	0.09
0.690723937	0.0451637264468156	0.09
0.692614054	0.0451637264468156	0.09
0.697379755	0.043045116221673	0.1
0.7123899	0.0403924103357089	0.11
0.712401774	0.0403924103357089	0.11
0.71365913	0.0403924103357089	0.11
0.715653707	0.0368261265228476	0.12
0.719314887	0.0390183797541143	0.12
0.725609694	0.00909275714451803	0.12
0.72717465	0.038689355334858	0.13
0.735438378	0.00891605742687786	0.13
0.742183791	0.00900354041047719	0.13
0.744518666	0.00900354041047719	0.13
0.7500464	0.00874609441251565	0.13
0.75180067	0.00866351991299744	0.13
0.756122282	0.00778186847294393	0.13
0.763284143	0.0804693986645678	0.13
0.763387603	0.0798690550118447	0.13
0.765321243	0.0797863816798939	0.13
0.766651587	0.00900354041047719	0.12
0.772093843	0.0748316714861519	0.12
0.778829055	0.0811585133988056	0.12
0.779184816	0.0807616835305935	0.12
0.786383987	0.0842637970574248	0.11
0.794958533	0.0895155239018031	0.1
0.797194853	0.0866963911076166	0.1
0.799403767	0.0840494040709526	0.1
0.8034392	0.0904397936049533	0.09
0.817085993	0.0904964237706794	0.08
0.828284953	0.0909949795497118	0.07
0.849686346	0.0906951890690048	0.05
0.861783488	0.0921921673058143	0.03
0.867661243	0.0958373043363801	0.03
0.870144812	0.0922583751125802	0.03
0.875213305	0.0993965376603653	0.02
0.87832845	0.0955521732784002	0.02
0.880342154	0.0922583751125802	0.02
0.882218863	0.0993073093531098	0.01
0.882485476	0.100780600896052	0.01
0.883236842	0.103927906334452	0.01
0.883671839	0.102561328720244	0.01
0.884296127	0.104574845158561	0.01
0.885048106	0.102899592726734	0.01
0.885800269	0.101919959471543	0.01
0.886381245	0.100642433524147	0.01
0.888863234	0.0975844774892838	0.01
0.889014569	0.0969950509600376	0.01
0.889209764	0.0969950509600376	0.01
0.889752182	0.0961241421697218	0.01
0.889857915	0.0961241421697218	0.01
0.890083013	0.0955521732784002	0.01
0.890218543	0.0955521732784002	0.01
0.890218544	0.0955521732784002	0.01
0.890228158	0.0955521732784002	0.01
0.890309475	0.0952687338071948	0.01
0.890339212	0.0952687338071948	0.01
0.890354074	0.0955521732784002	0.01
0.890354075	0.0955521732784002	0.01
0.890407894	0.0955521732784002	0.01
0.890419078	0.0955521732784002	0.01
0.890459913	0.0955521732784002	0.01
0.890474761	0.0955521732784002	0.01
0.890489605	0.0955521732784002	0.01
0.890489606	0.0955521732784002	0.01
0.890506418	0.0955521732784002	0.01
0.890595481	0.0955521732784002	0.01
0.89061031	0.0955521732784002	0.01
0.890610311	0.0955521732784002	0.01
0.89068659	0.0955521732784002	0.01
0.890701414	0.0955521732784002	0.01
0.890716233	0.0955521732784002	0.01
0.890731048	0.0955521732784002	0.01
0.890731049	0.0955521732784002	0.01
0.890737499	0.0955521732784002	0.01
0.890822213	0.0955521732784002	0.01
0.890851819	0.0955521732784002	0.01
0.890928251	0.0955521732784002	0.01
0.890957836	0.0955521732784002	0.01
0.890972623	0.0955521732784002	0.01
0.891093459	0.0955521732784002	0.01
0.89119957	0.0955521732784002	0.01
0.891214328	0.0955521732784002	0.01
0.891244043	0.0955521732784002	0.01
0.891246709	0.0955521732784002	0.01
0.89133523	0.0955521732784002	0.01
0.891382479	0.0955521732784002	0.01
0.891441435	0.0955521732784002	0.01
0.891456164	0.0955521732784002	0.01
0.891521465	0.0947068697665323	0.01
0.891562417	0.0947068697665323	0.01
0.891698132	0.0944284157077731	0.01
0.891793338	0.0944284157077731	0.01
0.891881522	0.0944284157077731	0.01
0.892012117	0.0941515942520249	0.01
0.892017347	0.0941515942520249	0.01
0.89206133	0.0941515942520249	0.01
0.89216782	0.0941515942520249	0.01
0.892182462	0.0941515942520249	0.01
0.892215798	0.0941515942520249	0.01
0.892245091	0.0947068697665323	0.01
0.89229733	0.0944284157077731	0.01
0.892307805	0.0944284157077731	0.01
0.892546055	0.0952687338071948	0.01
0.892793389	0.0952687338071948	0.01
0.892924751	0.0974364502751648	0.01
0.892951888	0.0971499013867627	0.01
0.892952212	0.0971499013867627	0.01
0.893016766	0.0971499013867627	0.01
0.89308003	0.0971499013867627	0.01
0.893142511	0.0971499013867627	0.01
0.893313967	0.0974364502751648	0.01
0.893320622	0.0974364502751648	0.01
0.893395592	0.0974364502751648	0.01
0.894189143	0.0971499013867627	0.01
0.89420355	0.0971499013867627	0.01
0.894332391	0.0974364502751648	0.01
0.894482721	0.0974364502751648	0.01
0.894511483	0.0974364502751648	0.01
0.895081202	0.0974364502751648	0.01
0.895086463	0.0974364502751648	0.01
0.895524497	0.101996620263782	0.01
0.895638516	0.101996620263782	0.01
0.895840307	0.102899592726734	0.01
0.89592425	0.102899592726734	0.01
0.896329745	0.101699140875436	0.01
0.89685771	0.101109357610455	0.01
0.897197773	0.0982601596106576	0.01
0.89799116	0.0866963911076166	0.01
0.898155973	0.0846029190288225	0.01
0.898485328	0.083684400373846	0.01
0.898755243	0.0815592622424685	0.01
0.89889623	0.0815592622424685	0.01
0.898920463	0.0815592622424685	0.01
0.899310528	0.0807053101161548	0.01
0.899325427	0.0807053101161548	0.01
0.899974537	0.0859743617297773	0.01
0.900307304	0.0866963911076166	0.01
0.90151373	0.0651519999090958	0.01
0.901568195	0.0656700719379313	0.01
0.901947653	0.0704620809125785	0.01
0.902291602	0.0586302585025666	0.01
0.902860993	0.0554102052684102	0.01
0.902919093	0.0554102052684102	0.01
0.902932441	0.0556502356091903	0.01
0.903685884	0.053510532350844	0.01
0.904220945	0.0495984946200807	0.01
0.904513058	0.0507412568692126	0.01
0.905345526	0.0507412568692126	0.01
0.905424433	0.0507412568692126	0.01
0.906154318	0.0512132434626202	0.01
0.906197141	0.0512132434626202	0.01
0.906210372	0.0509761576621837	0.01
0.906508268	0.0512132434626202	0.01
0.906786831	0.0507412568692126	0.01
0.906922556	0.0512132434626202	0.01
0.906983581	0.0512132434626202	0.01
0.907060652	0.0512132434626202	0.01
0.907185931	0.0512132434626202	0.01
0.907198748	0.0516940931782944	0.01
0.907199842	0.0516940931782944	0.01
0.907298438	0.0516940931782944	0.01
0.907311244	0.0516940931782944	0.01
0.907324045	0.0516940931782944	0.01
0.907336844	0.0516940931782944	0.01
0.907449378	0.0516940931782944	0.01
0.90746216	0.0516940931782944	0.01
0.907536422	0.0516940931782944	0.01
0.9075492	0.0516940931782944	0.01
0.907574745	0.0516940931782944	0.01
0.907587512	0.0516940931782944	0.01
0.907674633	0.0516940931782944	0.01
0.907700146	0.0516940931782944	0.01
0.907712898	0.0516940931782944	0.01
0.907951053	0.0516940931782944	0.01
0.907963773	0.0507412568692126	0.01
0.908076559	0.0509761576621837	0.01
0.908089263	0.0509761576621837	0.01
0.908089264	0.0509761576621837	0.01
0.908151307	0.0509761576621837	0.01
0.90817671	0.0512132434626202	0.01
0.908189407	0.0512132434626202	0.01
0.908289632	0.0512132434626202	0.01
0.908453284	0.0512132434626202	0.01
0.908566283	0.0512132434626202	0.01
0.908577365	0.0512132434626202	0.01
0.908578929	0.0512132434626202	0.01
0.908691978	0.0512132434626202	0.01
0.908729307	0.0512132434626202	0.01
0.908816452	0.0519379200912179	0.01
0.908956071	0.0514525448998315	0.01
0.909094444	0.0514525448998315	0.01
0.909183517	0.0507412568692126	0.01
0.909195105	0.0507412568692126	0.01
0.909207673	0.0507412568692126	0.01
0.909270732	0.0507412568692126	0.01
0.909346075	0.0514525448998315	0.01
0.909409249	0.0514525448998315	0.01
0.909896599	0.0509761576621837	0.01
0.910051995	0.0509761576621837	0.01
0.910267	0.0509761576621837	0.01
0.910628128	0.0512132434626202	0.01
0.911049792	0.0512132434626202	0.01
0.91113001	0.0512132434626202	0.01
0.911383512	0.0509761576621837	0.01
0.911404622	0.0509761576621837	0.01
0.911518912	0.0516940931782944	0.01
0.911632099	0.0519379200912179	0.01
0.911747931	0.0519379200912179	0.01
0.911776598	0.0519379200912179	0.01
0.912015459	0.0521840580344928	0.01
0.912488931	0.0516940931782944	0.01
0.912811242	0.0629183629799515	0.01
0.912967277	0.0595175805521882	0.01
0.913006436	0.0595175805521882	0.01
0.913751419	0.0592431120528823	0.01
0.914018042	0.0592431120528823	0.01
0.914968567	0.0626320636786737	0.01
0.915026039	0.0626320636786737	0.01
0.915559183	0.0544882104031208	0.01
0.916024822	0.0544882104031208	0.01
0.916208994	0.0549905701362657	0.01
0.916688985	0.0560236009895346	0.01
0.916912552	0.0562879517257423	0.01
0.917957453	0.0716525834992627	0.01
0.918483627	0.0578752755763194	0.02
0.918816837	0.0588024596957553	0.02
0.918837351	0.0588024596957553	0.02
0.919120121	0.0592772820966514	0.02
0.919655338	0.0600040699737888	0.02
0.919822583	0.0600040699737888	0.02
0.920002472	0.0604985779480807	0.02
0.921364075	0.0602503093021664	0.02
0.922071236	0.0615124558381482	0.02
0.922455062	0.0617712574260122	0.02
0.922504312	0.0617712574260122	0.02
0.922763582	0.0617712574260122	0.02
0.922787758	0.0617712574260122	0.02
0.923268187	0.0586302585025666	0.02
0.923473233	0.0586302585025666	0.02
0.924160807	0.0588810678038226	0.02
0.924507726	0.0591340321547222	0.02
0.924627878	0.0593891794506279	0.02
0.925553967	0.0521080751662655	0.02
0.927872541	0.0648960171586544	0.02
0.929379518	0.0546442090259083	0.03
0.93534835	0.0533987505231377	0.03
0.938446291	0.0542404568214888	0.03
0.941112169	0.0431801536691763	0.03
0.944027825	0.0331658243314681	0.03
0.947518522	0.0361017052870056	0.03
0.949342587	0.0627748868975668	0.04
0.950306111	0.0460707369791248	0.04
0.951999424	0.0368261265228476	0.04
0.954119877	0.0393530483931092	0.04
0.954191796	0.0393530483931092	0.04
0.955603107	0.0411163658724169	0.04
0.955985355	0.0411163658724169	0.04
0.956018846	0.0411163658724169	0.04
0.956296714	0.0418667460138535	0.04
0.956766863	0.042645024414008	0.04
0.956780018	0.042645024414008	0.04
0.95679317	0.042645024414008	0.04
0.956793172	0.042645024414008	0.04
0.957486775	0.043045116221673	0.04
0.959642592	0.0451003046400136	0.05
0.959665139	0.0451003046400136	0.05
0.959857154	0.0451003046400136	0.05
0.966290332	0.0418667460138535	0.05
0.966980912	0.043045116221673	0.05
0.966986309	0.043045116221673	0.05
0.967139043	0.043045116221673	0.05
0.967297223	0.043045116221673	0.05
0.967302572	0.043045116221673	0.05
0.96746078	0.043045116221673	0.05
0.967608447	0.043045116221673	0.05
0.968083686	0.0447234831071216	0.05
0.968237002	0.0447234831071216	0.05
0.969035555	0.0569326884946185	0.06
0.970292984	0.0472570496783946	0.06
0.970442597	0.0472570496783946	0.06
0.973457204	0.0397508245222884	0.06
0.973766743	0.0400399094094813	0.06
0.974203145	0.0403332297953002	0.06
0.97801719	0.0438682522657621	0.06
0.981915796	0.0476661813745509	0.06
0.985118954	0.0182003715304916	0.06
0.9860103	0.0391849995077261	0.07
1.019804062	0.0357500783527194	0.07
1.021711423	0.0357500783527194	0.07
1.022530753	0.0368261265228476	0.07
1.023898132	0.0368261265228476	0.07
1.027349785	0.0340899167586059	0.08
1.028094642	0.0347351285060419	0.08
1.029078227	0.0347351285060419	0.08
1.029271857	0.0347351285060419	0.08
1.029659545	0.0354052349684344	0.08
1.030020301	0.0354052349684344	0.08
1.031720423	0.0357500783527194	0.08
1.0327094	0.0368261265228476	0.08
1.034376329	0.0350669807082678	0.08
1.034854243	0.0350669807082678	0.08
1.035677928	0.0438682522657621	0.08
1.041709188	0.0407511730415658	0.09
1.044012776	0.0407511730415658	0.09
1.049025044	0.0442917396501812	0.09
1.056246636	0.0411163658724169	0.1
1.058571278	0.0442917396501812	0.1
1.067766296	0.0434527863799086	0.11
1.067971123	0.0434527863799086	0.11
1.068168044	0.0434527863799086	0.11
1.068277144	0.0434527863799086	0.11
1.06860264	0.0434527863799086	0.11
1.068892568	0.0434527863799086	0.11
1.070020858	0.0460707369791248	0.11
1.076612069	0.045612723174887	0.11
1.088407982	0.0492498968293221	0.13
1.088762574	0.0492498968293221	0.13
1.091073782	0.0646059175150364	0.12
1.112743253	0.0603564602032412	0.14
1.113233383	0.0592431120528823	0.14
1.11414031	0.0609289753843042	0.14
1.115076799	0.0615124558381482	0.14
1.125633627	0.0553306546265592	0.13
1.127882011	0.0553306546265592	0.13
1.13205703	0.0553306546265592	0.13
1.133988353	0.0553306546265592	0.12
1.134317617	0.0553306546265592	0.12
1.136767134	0.0553306546265592	0.12
1.137302108	0.0553306546265592	0.12
1.162829766	0.0516940931782944	0.14
1.183360064	0.0611028539286852	0.16
1.187305519	0.0670020294128531	0.15
1.187446683	0.0670020294128531	0.15
1.18762744	0.0670020294128531	0.15
1.192075895	0.0659322099677019	0.15
1.192725439	0.063891890084879	0.15
1.208724051	0.0603564602032412	0.13
1.208769953	0.0603564602032412	0.13
1.209215802	0.0603564602032412	0.13
1.209751115	0.0603564602032412	0.13
1.209768181	0.0603564602032412	0.13
1.210771389	0.0587017000076237	0.13
1.21086869	0.0587017000076237	0.13
1.224141399	0.0581700940788199	0.12
1.226416878	0.0581700940788199	0.12
1.226767373	0.0581700940788199	0.12
1.246668032	0.0456884253482386	0.12
1.252855937	0.0507412568692126	0.11
1.265568721	0.0512132434626202	0.1
1.270060331	0.0480824591191128	0.1
1.278899002	0.0354052349684344	0.09
1.289511656	0.0340899167586059	0.09
1.293113698	0.0340899167586059	0.09
1.325958837	0.0547801321628386	0.11
1.335508208	0.0547801321628386	0.11
1.335711503	0.0547801321628386	0.11
1.335892556	0.0547801321628386	0.11
1.336051433	0.0547801321628386	0.11
1.33625481	0.0547801321628386	0.11
1.33638917	0.0547801321628386	0.11
1.336413828	0.0547801321628386	0.11
1.336595099	0.0553306546265592	0.11
1.336665633	0.0553306546265592	0.11
1.337161305	0.0507412568692126	0.12
1.337777279	0.0507412568692126	0.12
1.338686534	0.0493760912482696	0.12
1.340005107	0.0493760912482696	0.12
1.342315002	0.0542404568214888	0.11
1.343443085	0.0542404568214888	0.11
1.360981621	0.0537113111434621	0.1
1.36116959	0.0537113111434621	0.1
1.361338457	0.0537113111434621	0.1
1.36135761	0.0537113111434621	0.1
1.362279458	0.0537113111434621	0.1
1.364721715	0.0537113111434621	0.1
1.365659238	0.0547801321628386	0.1
1.368077892	0.0547801321628386	0.1
1.369707356	0.0547801321628386	0.1
1.370127164	0.0537113111434621	0.11
1.373967278	0.0537113111434621	0.11
1.377139612	0.0521840580344928	0.11
1.377274175	0.0521840580344928	0.11
1.38563755	0.0521840580344928	0.11
1.418305639	0.0553306546265592	0.09
1.430594094	0.0502778905854802	0.1
1.436494579	0.0502778905854802	0.11
1.450462129	0.0476661813745509	0.12
1.450674974	0.0476661813745509	0.12
1.450928234	0.0476661813745509	0.12
1.454003033	0.0476661813745509	0.12
1.45657643	0.0476661813745509	0.13
1.457818346	0.0476661813745509	0.13
1.484117024	0.0456884253482386	0.15
1.485917469	0.0453124066168491	0.16
1.488337206	0.0456884253482386	0.16
1.494140559	0.0449425266803233	0.16
1.502972103	0.0449425266803233	0.17
1.506038743	0.0449425266803233	0.18
1.512194724	0.0449425266803233	0.18
1.512403577	0.0449425266803233	0.18
1.513239565	0.0449425266803233	0.18
1.515375804	0.0449425266803233	0.18
1.517647523	0.0449425266803233	0.19
1.519065464	0.0449425266803233	0.19
1.523536021	0.0449425266803233	0.19
1.558531046	0.0273228796020001	0.22
1.55916507	0.0267910621892923	0.22
1.561070241	0.119880334317273	0.22
1.56916589	0.14702732330436	0.22
1.595407686	0.156832475993634	0.19
1.595579044	0.156832475993634	0.19
1.652341299	0.207718076356584	0.13
1.718627381	0.216925177998253	0.07
1.730827961	0.209197931172041	0.06
1.745720251	0.212529016295459	0.04
1.75282717	0.23203517633837	0.03
1.758275756	0.223530502856219	0.03
1.77492366	0.23623888353121	0.01
1.777374698	0.241948718523527	0.01
1.77861633	0.2399714288587	0.01
1.780115455	0.232375222063285	0.01
1.780627841	0.232375222063285	0.01
1.780657571	0.232375222063285	0.01
1.780657572	0.232375222063285	0.01
1.780839524	0.226986345474435	0.01
1.780928629	0.226986345474435	0.01
1.78092863	0.226986345474435	0.01
1.781170031	0.226986345474435	0.01
1.781170032	0.226986345474435	0.01
1.781411499	0.226986345474435	0.01
1.781653031	0.226986345474435	0.01
1.7818108	0.226986345474435	0.01
1.781835463	0.226986345474435	0.01
1.781894629	0.226986345474435	0.01
1.782136293	0.226986345474435	0.01
1.782378022	0.225245169557596	0.01
1.782531315	0.225245169557596	0.01
1.782619816	0.225245169557596	0.01
1.783044725	0.225245169557596	0.01
1.783103602	0.225245169557596	0.01
1.783286774	0.225245169557596	0.01
1.783345594	0.225245169557596	0.01
1.783587651	0.225245169557596	0.01
1.78377107	0.225245169557596	0.01
1.783829774	0.225245169557596	0.01
1.783925287	0.225245169557596	0.01
1.784013316	0.225245169557596	0.01
1.784314217	0.225245169557596	0.01
1.785009515	0.226986345474435	0.01
1.785988286	0.225245169557596	0.01
1.786357195	0.225245169557596	0.01
1.788266632	0.218068454368904	0.01
1.788872102	0.223201642766426	0.01
1.789747139	0.223201642766426	0.01
1.790033715	0.223201642766426	0.01
1.790095821	0.223201642766426	0.01
1.790737455	0.232252690846628	0.01
1.792147241	0.225507265031468	0.02
1.795172249	0.177067118329476	0.02
1.796645824	0.161486602486058	0.02
1.808733518	0.163807080208886	0.03
1.809599251	0.163807080208886	0.03
1.812688451	0.0902491889510926	0.03
1.813215031	0.0917531988075155	0.03
1.813240824	0.0917531988075155	0.03
1.813716026	0.0884694195754028	0.03
1.814069382	0.0916837480394769	0.03
1.814069384	0.0916837480394769	0.03
1.814345569	0.0784598753272048	0.03
1.814596154	0.0784598753272048	0.03
1.814621756	0.0784598753272048	0.03
1.814621757	0.0784598753272048	0.03
1.814846808	0.0784598753272048	0.03
1.814872379	0.0784598753272048	0.03
1.815039963	0.0799795530023609	0.03
1.815123071	0.0799795530023609	0.03
1.815169565	0.0799795530023609	0.03
1.815288509	0.0799795530023609	0.03
1.815322808	0.0799795530023609	0.03
1.815373832	0.0799795530023609	0.03
1.815850116	0.0799795530023609	0.03
1.815875562	0.0799795530023609	0.03
1.816374833	0.0639625818104562	0.03
1.816377569	0.0639625818104562	0.03
1.81637757	0.0639625818104562	0.03
1.816879855	0.0639625818104562	0.03
1.817399416	0.0639625818104562	0.03
1.817633804	0.0639625818104562	0.03
1.818036082	0.0639625818104562	0.03
1.819217405	0.160785778421931	0.04
1.819410514	0.160785778421931	0.04
1.819581019	0.160785778421931	0.04
1.81989941	0.160785778421931	0.04
1.820606159	0.161530606897361	0.04
1.823267442	0.0895155239018031	0.04
1.824280416	0.0908584658280785	0.04
1.824759677	0.0777214890314134	0.04
1.829613575	0.0646059175150364	0.04
1.830016016	0.156457171283182	0.05
1.835137623	0.0755874279945136	0.05
1.836263396	0.0597946040689602	0.05
1.83758722	0.0603564602032412	0.05
1.842215909	0.0858643463605999	0.06
1.844053766	0.0869453173524891	0.06
1.860668056	0.0627135972643143	0.07
1.872927722	0.0627135972643143	0.07
1.876458705	0.0615124558381482	0.07
1.877534086	0.0615124558381482	0.07
1.919145255	0.0576480302432379	0.11
1.934242286	0.0521840580344928	0.12
1.93486401	0.0520431228872294	0.13
1.937910579	0.0512132434626202	0.13
1.938319698	0.0512132434626202	0.13
1.939501786	0.0516248482722755	0.13
1.940502926	0.0445786364250401	0.13
1.945075766	0.0488751544251912	0.14
1.956133657	0.0488751544251912	0.15
1.95745413	0.0488751544251912	0.15
1.959079535	0.0492498968293221	0.15
1.961031557	0.0425133081451363	0.15
2.045755957	0.0969684279833366	0.23
2.04617014	0.0755342483990551	0.24
2.057190684	0.0750589781616536	0.25
2.057670659	0.0750589781616536	0.25
2.058434493	0.0750589781616536	0.25
2.058810915	0.0755342483990551	0.25
2.067556414	0.0750589781616536	0.26
2.077653506	0.0750589781616536	0.27
2.07768814	0.0750589781616536	0.27
2.077935092	0.0750589781616536	0.27
2.080200147	0.0701314079985383	0.27
2.112854786	0.0688165380530761	0.3
2.116340052	0.0951404528200918	0.3
2.117539144	0.101861186905617	0.3
2.119081815	0.0727696042793109	0.31
2.122322709	0.067550064833748	0.31
2.21647999	0.0979090123378692	0.4
2.225736601	0.0877007473338557	0.41
2.22607531	0.093380121682156	0.41
2.226678687	0.0969684279833366	0.41
2.230993963	0.0706157532008714	0.42
2.244892022	0.171131756473162	0.43
2.268175967	0.198305714915675	0.41
2.279085054	0.206962442246607	0.4
2.283420782	0.203742183521903	0.39
2.287430653	0.206962442246607	0.39
2.36737444	0.244286212617065	0.31
2.396315913	0.283198379941903	0.28
2.401471639	0.292573764886201	0.28
2.416816988	0.29852257334128	0.27
2.634889835	0.272622684927105	0.1
2.63880046	0.269858056356912	0.1
2.644514931	0.272622684927105	0.09
2.64482266	0.272622684927105	0.09
2.65353762	0.272622684927105	0.08
2.664122924	0.272622684927105	0.07
2.669724846	0.269858056356912	0.07
2.670697515	0.272622684927105	0.06
2.67074212	0.272622684927105	0.06
2.671193019	0.272622684927105	0.06
2.671193179	0.272622684927105	0.06
2.671237705	0.272622684927105	0.06
2.671599486	0.272622684927105	0.06
2.671599646	0.272622684927105	0.06
2.671872794	0.272622684927105	0.06
2.671961685	0.272622684927105	0.06
2.672323822	0.272622684927105	0.06
2.672686057	0.272622684927105	0.06
2.67300408	0.272622684927105	0.06
2.673410821	0.272622684927105	0.06
2.674201502	0.272622684927105	0.06
2.674498542	0.272622684927105	0.06
2.674817434	0.272622684927105	0.06
2.67498819	0.269858056356912	0.06
2.675753192	0.269858056356912	0.06
2.675906626	0.269858056356912	0.06
2.679543675	0.269858056356912	0.06
2.679587204	0.269858056356912	0.06
2.68050645	0.269858056356912	0.06
2.690797174	0.264493669633918	0.06
2.690995907	0.264493669633918	0.06
2.697875326	0.267148936306949	0.06
2.703341222	0.269858056356912	0.06
2.714352711	0.267148936306949	0.07
2.716197088	0.259338398451006	0.08
2.720992773	0.261890666350611	0.08
2.721339166	0.261890666350611	0.08
2.721753239	0.261890666350611	0.08
2.72212898	0.261890666350611	0.08
2.725892101	0.262999938977517	0.08
2.727362573	0.262999938977517	0.08
2.730687704	0.262999938977517	0.08
2.734951629	0.260335119547066	0.08
2.741703646	0.260335119547066	0.08
2.744776734	0.260335119547066	0.09
2.767264537	0.252655114809076	0.11
2.795646082	0.220707889659287	0.13
2.814579483	0.220707889659287	0.15
2.857457722	0.220707889659287	0.19
2.870516676	0.222851923558091	0.2
2.874914635	0.220707889659287	0.21
2.885327778	0.218604717662281	0.22
2.893176138	0.246829840530149	0.23
2.901070252	0.220707889659287	0.23
3.091199805	0.216541250448477	0.42
3.116410384	0.234228828792026	0.45
3.153761559	0.269458172791845	0.49
3.190582361	0.254764778567405	0.52
3.194633906	0.252916910043286	0.53
3.479484296	0.254193334146111	0.81
3.560201153	0.256011765395338	0.890000000000001
3.561529658	0.249063017105283	0.890000000000001
3.561648443	0.213766774621152	0.890000000000001
3.562131134	0.267235477979195	0.890000000000001
3.563861522	0.238742964081466	0.890000000000001
3.565454716	0.225038021880979	0.890000000000001
3.567214517	0.229541462535843	0.890000000000001
3.571210711	0.263244903004762	0.900000000000001
3.571812505	0.232315916624672	0.900000000000001
3.572123566	0.242206228680656	0.900000000000001
3.572497766	0.246402230375436	0.900000000000001
3.579984214	0.224670698570874	0.890000000000001
3.62901857	0.225038021880979	0.910000000000001
3.630972932	0.225038021880979	0.910000000000001
3.631023885	0.227267434802966	0.910000000000001
3.631169027	0.227267434802966	0.910000000000001
3.707141358	0.222851923558091	0.990000000000001
3.778072999	0.220707889659287	1.06
3.963711323	0.227768871910269	1.25
4.078052931	0.333564220175147	1.35
4.452121847	0.320981086035098	1.71
4.45272527	0.320981086035098	1.71
4.453328856	0.320981086035098	1.71
4.453932605	0.320981086035098	1.71
4.464002998	0.320981086035098	1.72
4.475601202	0.317712408241202	1.74
4.478685952	0.317712408241202	1.74
4.480518943	0.317712408241202	1.74
4.536342962	0.320981086035098	1.77
4.537444354	0.320981086035098	1.78
4.537596069	0.320981086035098	1.78
4.550359745	0.320981086035098	1.79
4.773228095	0.317712408241202	1.98
4.848628454	0.317712408241202	2.06
4.895921957	0.317712408241202	2.11
5.341769851	0.366190188612614	2.23
5.342582978	0.366190188612614	2.23
5.343307119	0.366190188612614	2.23
5.346842194	0.366190188612614	2.24
5.445157132	0.360895304700512	2.29999999999999
6.232084175	0.36226527771787	2.65999999999999
6.35095118	0.379554946907653	2.77999999999998
6.358499262	0.379554946907653	2.78999999999998
7	0.371864236051646	2.54999999999999
