thrs	post_p	finalwindow
0	0.0919964147846831	0.19
0.03256001	0.0975313401951884	0.2
0.070216248	0.0988238830545647	0.16
0.082355146	0.0950451017715145	0.16
0.089689176	0.0915446600048368	0.16
0.093809574	0.0915446600048368	0.15
0.098963073	0.08725971131765	0.16
0.103967892	0.0843003153867978	0.16
0.106977596	0.08725971131765	0.15
0.115659216	0.0843003153867978	0.15
0.127200542	0.0833579591289658	0.16
0.127695348	0.0833579591289658	0.16
0.128068503	0.0762025463944392	0.17
0.129609166	0.0852642218192506	0.17
0.14705261	0.0700466128722727	0.15
0.148427326	0.0762025463944392	0.15
0.148447444	0.0762025463944392	0.15
0.151339737	0.0815350695543592	0.15
0.155752372	0.110889894360868	0.15
0.161204767	0.0815350695543592	0.14
0.172569069	0.0981733574293027	0.13
0.178140913	0.0774691985781446	0.12
0.178358463	0.0774691985781446	0.12
0.181430774	0.0821337758457833	0.12
0.181486006	0.0821337758457833	0.12
0.181486035	0.0821337758457833	0.12
0.181824923	0.0821337758457833	0.12
0.191788381	0.083983838127186	0.11
0.194681585	0.116737351185936	0.11
0.205298456	0.124975100299867	0.1
0.206482242	0.124975100299867	0.1
0.22265244	0.111870537427702	0.08
0.222686318	0.111870537427702	0.08
0.223196808	0.12928321533813	0.08
0.226728961	0.128294646294669	0.08
0.226867021	0.128294646294669	0.08
0.226929675	0.128294646294669	0.08
0.226982815	0.128294646294669	0.08
0.227081991	0.130287137438959	0.08
0.227177477	0.130287137438959	0.08
0.227432153	0.128294646294669	0.08
0.230426372	0.116593252587363	0.08
0.237068117	0.115569294003306	0.07
0.241897099	0.113689840068421	0.07
0.242615688	0.0993024337586172	0.06
0.243116147	0.120774652631069	0.06
0.254481698	0.123052352577158	0.05
0.256228734	0.125417614556309	0.05
0.259750174	0.124223725738887	0.05
0.263775407	0.13174866174695	0.04
0.272151172	0.119667132878712	0.05
0.296834617	0.0983499226194413	0.05
0.296839561	0.0983499226194413	0.05
0.296839653	0.0983499226194413	0.05
0.296874128	0.0983499226194413	0.05
0.29691506	0.0983499226194413	0.05
0.296960227	0.0983499226194413	0.05
0.297156652	0.0983499226194413	0.05
0.297161557	0.0983499226194413	0.05
0.29723727	0.0983499226194413	0.05
0.297242165	0.0983499226194413	0.05
0.297345093	0.0983499226194413	0.05
0.29736316	0.0983499226194413	0.05
0.297631463	0.0983499226194413	0.05
0.298033592	0.0983499226194413	0.05
0.29855614	0.0983499226194413	0.05
0.298682719	0.0983499226194413	0.05
0.299120783	0.0983499226194413	0.05
0.29926506	0.0983499226194413	0.05
0.299931082	0.0983499226194413	0.05
0.300128238	0.0983499226194413	0.05
0.300638986	0.0983499226194413	0.05
0.301159527	0.0983499226194413	0.05
0.301373268	0.0983499226194413	0.05
0.30240618	0.0974155108861586	0.05
0.302452098	0.0974155108861586	0.05
0.302493847	0.0974155108861586	0.05
0.302531356	0.0974155108861586	0.05
0.302535608	0.0974155108861586	0.05
0.302694303	0.0974155108861586	0.05
0.302757814	0.0974155108861586	0.05
0.302844832	0.0974155108861586	0.05
0.303037639	0.0974155108861586	0.05
0.305094409	0.100273575320439	0.05
0.307314933	0.0938489181354564	0.05
0.320217262	0.0974155108861586	0.04
0.322066605	0.0964986875326136	0.04
0.322591403	0.0964986875326136	0.04
0.322777267	0.0964986875326136	0.04
0.323165924	0.0955989605913139	0.04
0.324596864	0.0938489181354564	0.04
0.327195424	0.0929977062953508	0.04
0.328591896	0.0929977062953508	0.04
0.330254195	0.0929977062953508	0.04
0.333944256	0.092161796685494	0.04
0.334029253	0.092161796685494	0.04
0.340262381	0.0946430001444546	0.05
0.343625259	0.0946430001444546	0.05
0.345554528	0.0946430001444546	0.05
0.351815198	0.0938489181354564	0.06
0.356200611	0.0908015147708438	0.06
0.356206548	0.0908015147708438	0.06
0.356351443	0.0908015147708438	0.06
0.356490553	0.090070337853518	0.06
0.357086112	0.104355822768889	0.06
0.360733393	0.0872597113176501	0.07
0.362945858	0.0872597113176501	0.07
0.363236679	0.0872597113176501	0.07
0.363936107	0.0872597113176501	0.07
0.366130409	0.0872597113176501	0.07
0.37384574	0.0991994974154209	0.08
0.381649088	0.0749766483967612	0.07
0.382008897	0.0745483319503195	0.07
0.386863037	0.0604012066667401	0.06
0.387745392	0.0707108328573465	0.06
0.389299853	0.0698279705902301	0.06
0.389825341	0.0805287722320868	0.06
0.403209246	0.0863931779747396	0.05
0.412388288	0.0952184788919877	0.04
0.415772448	0.0630267162162007	0.03
0.416416237	0.0702666286612477	0.03
0.418471182	0.0799457329302211	0.03
0.428769674	0.0825193701723562	0.02
0.438307149	0.0881979611135472	0.01
0.438815006	0.0889632143230343	0.01
0.440249622	0.102588840128316	0.01
0.440316292	0.102588840128316	0.01
0.441698853	0.102588840128316	0.01
0.441750067	0.101727599720241	0.01
0.444236336	0.102210259707323	0.01
0.445049535	0.0981733574293027	0.01
0.445117302	0.0981733574293027	0.01
0.445156208	0.0981733574293027	0.01
0.445185067	0.0975313401951884	0.01
0.445185068	0.0975313401951884	0.01
0.445245414	0.0975313401951884	0.01
0.44525283	0.0975313401951884	0.01
0.445252832	0.0975313401951884	0.01
0.445252833	0.0975313401951884	0.01
0.445252835	0.0975313401951884	0.01
0.445305777	0.0975313401951884	0.01
0.44531318	0.0975313401951884	0.01
0.445313187	0.0975313401951884	0.01
0.445313188	0.0975313401951884	0.01
0.44531319	0.0975313401951884	0.01
0.445373562	0.0975313401951884	0.01
0.445479567	0.0962721718201303	0.01
0.445494353	0.0962721718201303	0.01
0.445540001	0.0962721718201303	0.01
0.445554774	0.0956547017070666	0.01
0.445615211	0.0956547017070666	0.01
0.445653547	0.0956547017070666	0.01
0.445675664	0.094443222498245	0.01
0.445691925	0.094443222498245	0.01
0.445736134	0.094443222498245	0.01
0.445857123	0.0926824692496173	0.01
0.445917642	0.0926824692496173	0.01
0.445978177	0.0926824692496173	0.01
0.446038729	0.0926824692496173	0.01
0.446341735	0.0926824692496173	0.01
0.446351359	0.0926824692496173	0.01
0.446395102	0.0926824692496173	0.01
0.446633323	0.0915446600048368	0.01
0.446772341	0.0915446600048368	0.01
0.446888185	0.0904344484158784	0.01
0.446967543	0.0904344484158784	0.01
0.447542535	0.0904344484158784	0.01
0.447876705	0.089889379860052	0.01
0.447928306	0.088818719464661	0.01
0.449051315	0.089889379860052	0.01
0.449552291	0.089889379860052	0.01
0.451750007	0.0915446600048368	0.01
0.452986292	0.0847474118875058	0.01
0.453312195	0.0847474118875058	0.01
0.453670383	0.0847474118875058	0.01
0.45367678	0.0847474118875058	0.01
0.453739439	0.0847474118875058	0.01
0.453782962	0.0847474118875058	0.01
0.453802119	0.0847474118875058	0.01
0.453864814	0.0847474118875058	0.01
0.453927527	0.0847474118875058	0.01
0.453990257	0.0847474118875058	0.01
0.454053004	0.0847474118875058	0.01
0.454159539	0.0847474118875058	0.01
0.454291524	0.0852642218192506	0.01
0.454379121	0.0852642218192506	0.01
0.454423548	0.0852642218192506	0.01
0.454618511	0.0852642218192506	0.01
0.454637485	0.0852642218192506	0.01
0.455180191	0.0863169849444962	0.01
0.455439212	0.079600925157838	0.01
0.455550168	0.0844063385110144	0.01
0.455665947	0.0843003153867978	0.02
0.455804735	0.0843003153867978	0.02
0.456455968	0.0843003153867978	0.02
0.456880284	0.0843003153867978	0.02
0.45760535	0.0838264889086749	0.02
0.457901934	0.0838264889086749	0.02
0.458664131	0.0838264889086749	0.02
0.460382332	0.0852642218192506	0.02
0.462114195	0.0812980238913157	0.02
0.464728436	0.0803634659798895	0.02
0.46499053	0.0799041983547109	0.02
0.472596627	0.0759954537494265	0.03
0.473676694	0.0759954537494265	0.03
0.47699163	0.0738626589777516	0.04
0.478419311	0.0742302923767091	0.04
0.479936634	0.0742302923767091	0.04
0.483671852	0.0713422382782194	0.04
0.483988273	0.0713422382782194	0.04
0.484225862	0.0713422382782194	0.04
0.484927676	0.071708130100176	0.04
0.485999254	0.0781184478965576	0.04
0.48628356	0.0788527192828205	0.04
0.486776039	0.070377155671734	0.05
0.489424331	0.0710476892244219	0.05
0.490830832	0.0717311229932331	0.05
0.50407637	0.0644375709258931	0.06
0.508934563	0.041368439475445	0.06
0.511690912	0.0254685661698853	0.06
0.514645345	0.0629861551546006	0.07
0.51473946	0.0629861551546006	0.07
0.514742139	0.0629861551546006	0.07
0.514971335	0.0629861551546006	0.07
0.515124567	0.0635588039940645	0.07
0.516063638	0.0628917153981036	0.07
0.51682809	0.0532531249591863	0.07
0.518492841	0.0402954264872377	0.07
0.518564452	0.0402954264872377	0.07
0.534226929	0.00855687556625835	0.07
0.534380672	0.00840260328379423	0.07
0.534453117	0.00840260328379423	0.07
0.534888196	0.0330748229987241	0.07
0.536755919	0.00923510372088852	0.06
0.539174229	0.0471022421260481	0.07
0.543234343	0.00914450319331008	0.06
0.544416783	0.00923510372088852	0.06
0.546060858	0.0532531249591863	0.06
0.556645891	0.0550503222188656	0.05
0.556807604	0.0550503222188656	0.05
0.559788571	0.0545897457664357	0.05
0.566766402	0.0606820776368115	0.04
0.568776608	0.059573980457597	0.04
0.572491616	0.059573980457597	0.04
0.57444178	0.061832178093484	0.04
0.59079165	0.0564798933901184	0.05
0.591193432	0.0564798933901184	0.05
0.591819223	0.0555187366141725	0.05
0.593402747	0.0564798933901184	0.05
0.593673806	0.0564798933901184	0.05
0.593673808	0.0564798933901184	0.05
0.593754278	0.0564798933901184	0.05
0.59375428	0.0564798933901184	0.05
0.593824895	0.0564798933901184	0.05
0.593834769	0.0564798933901184	0.05
0.593915284	0.0564798933901184	0.05
0.594036974	0.0564798933901184	0.05
0.594152812	0.0564798933901184	0.05
0.595015574	0.0585056267930185	0.05
0.595196772	0.0585056267930185	0.05
0.595887104	0.0655598214186292	0.04
0.602674298	0.061832178093484	0.04
0.604317115	0.061832178093484	0.04
0.604813246	0.061832178093484	0.04
0.604905308	0.061832178093484	0.04
0.60490531	0.061832178093484	0.04
0.604905312	0.061832178093484	0.04
0.604988853	0.061832178093484	0.04
0.605724938	0.060122923776925	0.04
0.606051871	0.060122923776925	0.04
0.606404306	0.060122923776925	0.04
0.606824709	0.059573980457597	0.04
0.607971158	0.059573980457597	0.04
0.61827716	0.0606820776368115	0.03
0.630942519	0.0759954537494265	0.04
0.635412418	0.0669042958742111	0.05
0.63624959	0.0669042958742111	0.05
0.636422142	0.0669042958742111	0.05
0.637881775	0.0669042958742111	0.05
0.638075882	0.0669042958742111	0.05
0.641599528	0.0691089193180557	0.05
0.64559646	0.0643387320089771	0.06
0.646569798	0.0643387320089771	0.06
0.64801212	0.0643387320089771	0.06
0.648110758	0.0643387320089771	0.06
0.659386285	0.0654940147102401	0.07
0.667879261	0.063703596888385	0.08
0.667969788	0.063703596888385	0.08
0.669490645	0.063703596888385	0.08
0.671132308	0.063703596888385	0.08
0.680410924	0.0803634659798895	0.08
0.680589305	0.0803634659798895	0.08
0.68060848	0.0803634659798895	0.08
0.680702493	0.0803634659798895	0.08
0.680786967	0.0803634659798895	0.08
0.692614054	0.103464787819285	0.09
0.697379755	0.101727599720241	0.1
0.712354258	0.100880699272786	0.11
0.714295462	0.104355822768889	0.11
0.715653707	0.100047783594777	0.12
0.715679053	0.100047783594777	0.12
0.725979546	0.0976295649696093	0.13
0.726772429	0.0960813336333762	0.13
0.735438378	0.0642683182196129	0.13
0.742183791	0.0871029019923846	0.14
0.744518666	0.0910288865449063	0.14
0.7500464	0.0642683182196129	0.13
0.75180067	0.0636414620895912	0.13
0.756100951	0.0606820776368115	0.13
0.763387603	0.0762025463944392	0.13
0.763491091	0.0762025463944392	0.13
0.765321243	0.0734021849727952	0.13
0.766651587	0.0739847981653611	0.13
0.772264397	0.0757666670018319	0.12
0.779184816	0.0777113984385538	0.12
0.779976345	0.0761247545201228	0.12
0.793117932	0.0759161021391209	0.1
0.794958533	0.0778853276150386	0.1
0.8034392	0.0815350695543592	0.09
0.849686346	0.0703373259143864	0.05
0.856064956	0.0706525749402899	0.04
0.864973627	0.0723209400316886	0.03
0.866065884	0.0706525749402899	0.03
0.867661243	0.074616533427183	0.03
0.874413626	0.0743267993884039	0.02
0.875213305	0.0730603203513746	0.02
0.875954975	0.071596375036514	0.02
0.877564409	0.0760781555866411	0.02
0.87832845	0.0758305883180131	0.02
0.880342154	0.0697061260744527	0.02
0.885048106	0.0751079841987947	0.01
0.885800269	0.0745853824960216	0.01
0.888469193	0.0789120577541805	0.01
0.888863234	0.0768306522431211	0.01
0.889209764	0.0760781555866411	0.01
0.889576687	0.074616533427183	0.01
0.889752182	0.074616533427183	0.01
0.889857915	0.074616533427183	0.01
0.890068113	0.0734407402302634	0.01
0.890083013	0.0734407402302634	0.01
0.890218543	0.072752884527873	0.01
0.890218544	0.072752884527873	0.01
0.890309475	0.072301428025642	0.01
0.890339212	0.072301428025642	0.01
0.890354074	0.0725264537365509	0.01
0.890354075	0.0725264537365509	0.01
0.890459913	0.0725264537365509	0.01
0.890474761	0.0725264537365509	0.01
0.890489605	0.0725264537365509	0.01
0.890489606	0.0725264537365509	0.01
0.890506418	0.0725264537365509	0.01
0.890580647	0.0725264537365509	0.01
0.890595481	0.0725264537365509	0.01
0.89061031	0.0725264537365509	0.01
0.890610311	0.0725264537365509	0.01
0.890701414	0.0718555398536642	0.01
0.890716233	0.0718555398536642	0.01
0.890731048	0.0718555398536642	0.01
0.890731049	0.0718555398536642	0.01
0.890737499	0.0718555398536642	0.01
0.890851819	0.0718555398536642	0.01
0.890957836	0.0718555398536642	0.01
0.890972623	0.0718555398536642	0.01
0.891093459	0.0718555398536642	0.01
0.89119957	0.0718555398536642	0.01
0.891214328	0.0718555398536642	0.01
0.891244043	0.0718555398536642	0.01
0.891246709	0.0718555398536642	0.01
0.891320486	0.0718555398536642	0.01
0.891441435	0.0718555398536642	0.01
0.891456164	0.0718555398536642	0.01
0.891521465	0.0716346517964569	0.01
0.891577132	0.0716346517964569	0.01
0.891686849	0.0716346517964569	0.01
0.891698132	0.0716346517964569	0.01
0.891793338	0.0716346517964569	0.01
0.891881522	0.0716346517964569	0.01
0.892012117	0.0716346517964569	0.01
0.892017347	0.0716346517964569	0.01
0.89206133	0.0716346517964569	0.01
0.89216782	0.0716346517964569	0.01
0.892182462	0.0716346517964569	0.01
0.892215798	0.0716346517964569	0.01
0.89229733	0.0711969249223078	0.01
0.892546055	0.0711969249223078	0.01
0.89273031	0.0711969249223078	0.01
0.892952212	0.0762256263811814	0.01
0.89308003	0.0762256263811814	0.01
0.893142511	0.0762256263811814	0.01
0.893172464	0.0759954537494265	0.01
0.893313967	0.0759954537494265	0.01
0.893352088	0.0759954537494265	0.01
0.894085351	0.0755392536592207	0.01
0.894189143	0.0755392536592207	0.01
0.894232534	0.0753132013917922	0.01
0.894482721	0.0753132013917922	0.01
0.895086463	0.0753132013917922	0.01
0.895300675	0.0753132013917922	0.01
0.895638516	0.074865131496833	0.01
0.89592425	0.0755392536592207	0.01
0.896329745	0.0742029348182577	0.01
0.89685771	0.0735523499483273	0.01
0.896928207	0.0733380160913328	0.01
0.89693811	0.0733380160913328	0.01
0.897131294	0.0741248813632724	0.01
0.897197773	0.0739149549287214	0.01
0.897282137	0.0772551737213065	0.01
0.897316929	0.0768306522431211	0.01
0.898155973	0.0693210291183666	0.01
0.898485328	0.0688819402603268	0.01
0.898662437	0.0683050687583526	0.01
0.898755243	0.0680202412796018	0.01
0.89889623	0.06787871647021	0.01
0.898920463	0.06787871647021	0.01
0.899310528	0.067318457833416	0.01
0.899325427	0.067318457833416	0.01
0.899413875	0.0669042958742111	0.01
0.899974537	0.0662252356229529	0.01
0.900031532	0.0662252356229529	0.01
0.900113547	0.0662252356229529	0.01
0.900307304	0.0664951988343606	0.01
0.900690942	0.0557083419662497	0.01
0.90151373	0.0552422381569034	0.01
0.902291602	0.0515967487645589	0.01
0.902860993	0.0485027937445263	0.01
0.902932441	0.0485027937445263	0.01
0.903166806	0.0486837407888649	0.01
0.903685884	0.0415528555809535	0.01
0.903876527	0.0412464021210274	0.01
0.904220945	0.0420211703569272	0.01
0.904508173	0.0429901985954349	0.01
0.904513058	0.0429901985954349	0.01
0.905541598	0.0428256021256146	0.01
0.906154318	0.0429901985954349	0.01
0.906197141	0.0429901985954349	0.01
0.906210372	0.0429901985954349	0.01
0.906508268	0.0431560651711734	0.01
0.906786831	0.0431560651711734	0.01
0.906922556	0.0431560651711734	0.01
0.907060652	0.0434916679022041	0.01
0.90712089	0.0434916679022041	0.01
0.907185931	0.0436614342667059	0.01
0.907198748	0.0438325311646097	0.01
0.907199842	0.0438325311646097	0.01
0.907298438	0.0367959190150007	0.01
0.907311244	0.0367959190150007	0.01
0.907324045	0.0369417486998631	0.01
0.907336843	0.0369417486998631	0.01
0.907336844	0.0369417486998631	0.01
0.907436592	0.0369417486998631	0.01
0.907449378	0.0369417486998631	0.01
0.90746216	0.0369417486998631	0.01
0.9075492	0.0369417486998631	0.01
0.907574745	0.0369417486998631	0.01
0.907587512	0.0369417486998631	0.01
0.907674633	0.0369417486998631	0.01
0.907700146	0.0369417486998631	0.01
0.907712898	0.0369417486998631	0.01
0.907951053	0.0369417486998631	0.01
0.907963774	0.0369417486998631	0.01
0.908076559	0.0369417486998631	0.01
0.908089263	0.0369417486998631	0.01
0.908089264	0.0369417486998631	0.01
0.908151307	0.0369417486998631	0.01
0.90817671	0.0370887388892359	0.01
0.908189407	0.0370887388892359	0.01
0.908214789	0.0370887388892359	0.01
0.908453284	0.0369417486998631	0.01
0.908566283	0.0376885862296638	0.01
0.908691978	0.0378415920951613	0.01
0.908830322	0.0381513613193506	0.01
0.909094444	0.0386256424462238	0.01
0.909207673	0.0384662439094739	0.01
0.909270732	0.0384662439094739	0.01
0.909308419	0.0384662439094739	0.01
0.909346075	0.0391118641261419	0.01
0.909620416	0.0394428701168854	0.01
0.909642167	0.0394428701168854	0.01
0.909838426	0.0389484357861517	0.01
0.909896599	0.0389484357861517	0.01
0.909914657	0.0389484357861517	0.01
0.909925885	0.0389484357861517	0.01
0.910051995	0.0394428701168854	0.01
0.910204731	0.0399500191352019	0.01
0.910267	0.0399500191352019	0.01
0.910467776	0.0402954264872377	0.01
0.911049792	0.0408248836158767	0.01
0.91113001	0.0408248836158767	0.01
0.911351929	0.0408248836158767	0.01
0.911383512	0.0402954264872377	0.01
0.911747931	0.0404703796785408	0.01
0.912488931	0.0392766697417378	0.01
0.912630246	0.0392766697417378	0.01
0.912776305	0.0392766697417378	0.01
0.913006436	0.0318051937184844	0.01
0.913139907	0.0318051937184844	0.01
0.913244462	0.0319414295165599	0.01
0.913630289	0.0318051937184844	0.01
0.913751419	0.0319414295165599	0.01
0.914870556	0.0354883893423506	0.01
0.915026039	0.0354883893423506	0.01
0.915269563	0.0354883893423506	0.01
0.915559183	0.0357912054229636	0.01
0.916912552	0.0370559734033942	0.01
0.918238351	0.0389484357861517	0.02
0.919120121	0.0404996863517446	0.02
0.919655338	0.0413990617340518	0.02
0.919822583	0.0413990617340518	0.02
0.920002472	0.041863896917815	0.02
0.921364075	0.0434916679022041	0.02
0.921783065	0.0436614342667059	0.02
0.922071236	0.0436614342667059	0.02
0.922455062	0.0440049742994131	0.02
0.923473233	0.0372369034913048	0.02
0.924160807	0.0375368126864506	0.02
0.924412009	0.0376885862296638	0.02
0.924507726	0.0376885862296638	0.02
0.924627878	0.0379958453528478	0.02
0.926193857	0.0386256424462238	0.02
0.927872541	0.0296549715986679	0.02
0.929379518	0.037764934185982	0.03
0.93064775	0.038813285175896	0.03
0.933174706	0.0332518065340556	0.03
0.948845214	0.0183011940168156	0.03
0.950306111	0.0266837117723829	0.04
0.951999424	0.0291906276573043	0.04
0.953473419	0.0314033710652017	0.04
0.954119877	0.0324982473370974	0.04
0.955985355	0.0346099242429735	0.04
0.956018846	0.0346099242429735	0.04
0.956296714	0.0346099242429735	0.04
0.956549025	0.0346099242429735	0.04
0.95679317	0.0346099242429735	0.04
0.956793172	0.0346099242429735	0.04
0.957077957	0.0349342043796328	0.04
0.957486775	0.0349342043796328	0.04
0.958321379	0.0352646187225917	0.04
0.959031973	0.0352646187225917	0.04
0.959665139	0.035944559673203	0.04
0.959857154	0.0366512361452129	0.04
0.960819071	0.0373862566373923	0.04
0.960911853	0.0373862566373923	0.04
0.964446178	0.0324982473370974	0.05
0.966653906	0.0346099242429735	0.05
0.966980911	0.0349342043796328	0.05
0.966986309	0.0349342043796328	0.05
0.967144414	0.0349342043796328	0.05
0.967297226	0.0349342043796328	0.05
0.967302571	0.0349342043796328	0.05
0.967302572	0.0349342043796328	0.05
0.967460779	0.0349342043796328	0.05
0.967608447	0.0349342043796328	0.05
0.967772081	0.0349342043796328	0.05
0.967925221	0.0349342043796328	0.05
0.968083686	0.0349342043796328	0.05
0.968237002	0.0349342043796328	0.05
0.968861479	0.0352646187225917	0.05
0.969035555	0.0352646187225917	0.05
0.969666194	0.035944559673203	0.05
0.970292984	0.0373862566373923	0.05
0.973457204	0.0421796299354383	0.06
0.973766743	0.0434916679022041	0.06
0.974203145	0.0421796299354383	0.06
0.985118954	0.0425001615929562	0.06
0.9860103	0.0425001615929562	0.06
1.022530753	0.0467646517337387	0.07
1.023898132	0.0471589816309215	0.07
1.029078227	0.0561558312744558	0.07
1.029659545	0.0561558312744558	0.07
1.030020301	0.0456202610641728	0.08
1.030392053	0.0463768616994095	0.08
1.030397618	0.0463768616994095	0.08
1.031720423	0.0463768616994095	0.08
1.0327094	0.0467646517337387	0.08
1.034014818	0.0441787796227087	0.08
1.034854243	0.0448879507947563	0.08
1.035677928	0.0726394926759317	0.08
1.036124234	0.0768306522431211	0.08
1.038905957	0.0822545737578385	0.08
1.039046839	0.0829868895105925	0.08
1.041709188	0.087670070319147	0.08
1.043349328	0.087670070319147	0.08
1.044012776	0.087670070319147	0.08
1.056246636	0.0801331741220469	0.09
1.058571278	0.0749766483967612	0.1
1.067766296	0.0929134335979615	0.1
1.067971123	0.0732100143231918	0.11
1.068168044	0.0732100143231918	0.11
1.068277144	0.0732100143231918	0.11
1.06860264	0.0737895688439715	0.11
1.068892568	0.0737895688439715	0.11
1.070020858	0.0768306522431211	0.11
1.070326964	0.0768306522431211	0.11
1.076612069	0.0768306522431211	0.11
1.088762574	0.139843268763595	0.11
1.091073782	0.139843268763595	0.11
1.112743253	0.114189806972133	0.1
1.113082372	0.114189806972133	0.1
1.113233383	0.114189806972133	0.1
1.115076799	0.114189806972133	0.1
1.116382888	0.114189806972133	0.1
1.125633627	0.114189806972133	0.1
1.127882011	0.110041882660612	0.1
1.133642817	0.102273979714045	0.1
1.133988353	0.102273979714045	0.1
1.134317617	0.110041882660612	0.11
1.162829766	0.0983499226194413	0.12
1.183360064	0.0993024337586172	0.12
1.187305519	0.0983499226194413	0.12
1.187446683	0.0983499226194413	0.12
1.18762744	0.0983499226194413	0.12
1.192009701	0.0983499226194413	0.13
1.192725439	0.0983499226194413	0.13
1.209751115	0.0801331741220469	0.13
1.209768181	0.0801331741220469	0.13
1.210085375	0.0787786715694585	0.13
1.210771389	0.0787786715694585	0.13
1.21086869	0.0787786715694585	0.13
1.212614931	0.0787786715694585	0.13
1.224141399	0.0801331741220469	0.12
1.22465873	0.0801331741220469	0.12
1.225416562	0.0801331741220469	0.12
1.226416878	0.0801331741220469	0.12
1.226767373	0.0801331741220469	0.12
1.246668032	0.0445305419112515	0.12
1.248955951	0.0445305419112515	0.12
1.265568721	0.0488051240779319	0.1
1.270060331	0.0471589816309215	0.1
1.270253663	0.0463768616994095	0.1
1.270604589	0.0463768616994095	0.1
1.275739262	0.0496720562874201	0.09
1.278899002	0.0441090929994022	0.09
1.289511656	0.00932751748987247	0.08
1.293113698	0.00879920647629717	0.09
1.297280078	0.0339790957464954	0.09
1.302603198	0.0362944583736917	0.09
1.303502827	0.0373862566373923	0.09
1.325958837	0.0356013429892854	0.11
1.33510162	0.0352646187225917	0.11
1.335485912	0.035944559673203	0.11
1.335508208	0.035944559673203	0.11
1.335711503	0.035944559673203	0.11
1.335892556	0.035944559673203	0.11
1.336051433	0.035944559673203	0.11
1.336413828	0.035944559673203	0.11
1.336595099	0.0366512361452129	0.11
1.336665633	0.0366512361452129	0.11
1.336979907	0.0373862566373923	0.11
1.337117106	0.0373862566373923	0.11
1.337161305	0.0373862566373923	0.11
1.337529375	0.0373862566373923	0.11
1.337777279	0.0373862566373923	0.11
1.337887386	0.0373862566373923	0.11
1.340005107	0.0373862566373923	0.11
1.343443085	0.0373862566373923	0.1
1.350085516	0.0349342043796328	0.11
1.360533959	0.0356013429892854	0.1
1.360774481	0.0356013429892854	0.1
1.360981621	0.0356013429892854	0.1
1.36116959	0.0356013429892854	0.1
1.361338457	0.0356013429892854	0.1
1.36135761	0.0356013429892854	0.1
1.361545683	0.0356013429892854	0.1
1.361952473	0.0356013429892854	0.1
1.362110213	0.0356013429892854	0.1
1.362279458	0.0356013429892854	0.1
1.364721715	0.0356013429892854	0.1
1.365659238	0.035944559673203	0.1
1.368077892	0.035944559673203	0.1
1.369707356	0.035944559673203	0.1
1.370127164	0.0362944583736917	0.1
1.373967278	0.0356013429892854	0.11
1.377274175	0.0333708515912151	0.11
1.38563755	0.0342916090596283	0.11
1.385801753	0.0356013429892854	0.11
1.418305639	0.0352646187225917	0.1
1.430594094	0.0349342043796328	0.1
1.434752614	0.0349342043796328	0.1
1.440102642	0.0349342043796328	0.11
1.450674974	0.0330748229987241	0.12
1.450928234	0.0330748229987241	0.12
1.454856842	0.0330748229987241	0.12
1.45657643	0.0330748229987241	0.13
1.484067531	0.0316701151238709	0.15
1.484117024	0.0316701151238709	0.15
1.485917469	0.0269407893121399	0.15
1.488337206	0.0316701151238709	0.16
1.502972103	0.0316701151238709	0.17
1.506038743	0.0269407893121399	0.17
1.511734415	0.0316701151238709	0.18
1.512194724	0.0316701151238709	0.18
1.512403577	0.0316701151238709	0.18
1.513239565	0.0316701151238709	0.18
1.516740221	0.0316701151238709	0.19
1.517647523	0.0316701151238709	0.19
1.519065464	0.0316701151238709	0.19
1.558319819	0.0555975817707371	0.22
1.55916507	0.0550503222188656	0.22
1.56916589	0.185323651907504	0.22
1.595407686	0.186695371818388	0.19
1.595579044	0.186695371818388	0.19
1.611568792	0.221861717640452	0.17
1.718627381	0.299107876904993	0.07
1.730827961	0.286990446579043	0.06
1.75282717	0.286990446579043	0.04
1.758275756	0.301655199230673	0.03
1.768990518	0.304246282271868	0.02
1.777374698	0.315071577143372	0.01
1.77861633	0.315071577143372	0.01
1.780115455	0.30688226345338	0.01
1.780657572	0.30688226345338	0.01
1.780928629	0.304246282271868	0.01
1.78092863	0.304246282271868	0.01
1.781081012	0.304246282271868	0.01
1.781140367	0.304246282271868	0.01
1.781170031	0.304246282271868	0.01
1.781170032	0.304246282271868	0.01
1.781411498	0.304246282271868	0.01
1.781411499	0.304246282271868	0.01
1.781623424	0.304246282271868	0.01
1.781653031	0.304246282271868	0.01
1.7818108	0.304246282271868	0.01
1.781835463	0.304246282271868	0.01
1.781894629	0.304246282271868	0.01
1.782136292	0.304246282271868	0.01
1.782378022	0.304246282271868	0.01
1.782531315	0.304246282271868	0.01
1.782590324	0.304246282271868	0.01
1.782619816	0.304246282271868	0.01
1.783044725	0.304246282271868	0.01
1.783286774	0.304246282271868	0.01
1.783345594	0.304246282271868	0.01
1.783587651	0.304246282271868	0.01
1.783925287	0.304246282271868	0.01
1.784314217	0.304246282271868	0.01
1.78446873	0.304246282271868	0.01
1.784933025	0.301655199230673	0.01
1.785009515	0.301655199230673	0.01
1.785322292	0.320501901494974	0.01
1.785988286	0.317899347254308	0.01
1.789358594	0.302050951034092	0.01
1.789747139	0.299561915864047	0.01
1.790033715	0.299561915864047	0.01
1.790737455	0.303893537762872	0.01
1.794856772	0.275232078916668	0.02
1.795060195	0.259555613704178	0.02
1.795172249	0.250060441887251	0.02
1.795643534	0.239824840704825	0.02
1.796669094	0.225330985361701	0.02
1.799436111	0.211445833580909	0.02
1.801889818	0.124371717313904	0.02
1.808733518	0.205669504589825	0.03
1.809599251	0.205669504589825	0.03
1.813215031	0.132219797243119	0.03
1.813240824	0.132219797243119	0.03
1.813793197	0.129783234988893	0.03
1.814069382	0.130922544924001	0.03
1.814069384	0.130922544924001	0.03
1.814345569	0.124857623386554	0.03
1.814621756	0.127128138099011	0.03
1.814621757	0.127128138099011	0.03
1.814846808	0.127128138099011	0.03
1.814872379	0.127128138099011	0.03
1.815039963	0.130693085501489	0.03
1.815123071	0.130693085501489	0.03
1.815169565	0.130693085501489	0.03
1.815288509	0.130693085501489	0.03
1.815373832	0.131926251117622	0.03
1.815624663	0.131926251117622	0.03
1.815850116	0.131926251117622	0.03
1.815875562	0.131926251117622	0.03
1.816101116	0.0919964147846831	0.03
1.816374833	0.0919964147846831	0.03
1.81637757	0.0919964147846831	0.03
1.816628678	0.0919964147846831	0.03
1.817382419	0.0919964147846831	0.03
1.817633804	0.0919964147846831	0.03
1.818036082	0.0919964147846831	0.03
1.819217405	0.0919964147846831	0.03
1.819410514	0.0929134335979615	0.03
1.819581019	0.0929134335979615	0.03
1.81989941	0.0938489181354564	0.03
1.822065256	0.114954471623181	0.04
1.823267442	0.127949339408708	0.04
1.824280416	0.128663582919861	0.04
1.824985083	0.125982651519851	0.04
1.829051906	0.0902156296719742	0.04
1.829613575	0.0910973202909043	0.04
1.830016016	0.0919964147846831	0.04
1.83758722	0.0893508424387148	0.05
1.837659261	0.0893508424387148	0.05
1.839735229	0.0902156296719742	0.05
1.842215909	0.0938489181354564	0.05
1.844053766	0.0938489181354564	0.05
1.860714054	0.0910973202909043	0.07
1.876458705	0.0555975817707371	0.07
1.917919203	0.0519803937014221	0.11
1.919145255	0.0524680479975584	0.11
1.932723098	0.0428912892359321	0.12
1.933588634	0.0436955467046361	0.12
1.934242286	0.0453980713233637	0.12
1.938319698	0.0501171754678599	0.13
1.939501786	0.0505703443502084	0.13
1.947078383	0.0475600182345342	0.14
1.956133657	0.0475600182345342	0.15
1.95745413	0.0475600182345342	0.15
1.959079535	0.0479679341121333	0.15
2.03833515	0.0569178393707183	0.23
2.039242563	0.0573066514619352	0.23
2.04617014	0.0655598214186292	0.23
2.060706206	0.0498936231298189	0.25
2.077935092	0.0554139569463729	0.27
2.079378601	0.0557824275935936	0.27
2.080200147	0.0498936231298189	0.27
2.112854786	0.0495620091793135	0.3
2.116340052	0.0636414620895912	0.3
2.119081815	0.0539874999137059	0.31
2.122322709	0.0482784927145453	0.31
2.130868897	0.0482784927145453	0.32
2.175983465	0.0606820776368115	0.36
2.21647999	0.0636414620895912	0.4
2.22342495	0.0485930988182937	0.41
2.225736601	0.0564798933901184	0.41
2.22607531	0.0585056267930185	0.41
2.226678687	0.0624237330191594	0.41
2.244892022	0.128294646294669	0.43
2.268175967	0.158242287177593	0.41
2.273953022	0.153435770909684	0.4
2.279085054	0.159369603081655	0.4
2.283420782	0.154647988083874	0.39
2.401471639	0.214024509898556	0.28
2.416816988	0.211346573175408	0.26
2.57811595	0.211263266425894	0.15
2.634889835	0.221294478141245	0.09
2.644514931	0.221294478141245	0.08
2.64482266	0.221294478141245	0.08
2.664122924	0.223416129035787	0.06
2.670697515	0.230764608208331	0.06
2.670831293	0.230764608208331	0.06
2.671148642	0.230764608208331	0.06
2.671193179	0.230764608208331	0.06
2.671237545	0.230764608208331	0.06
2.671237705	0.230764608208331	0.06
2.671599486	0.230764608208331	0.06
2.671599646	0.230764608208331	0.06
2.671872794	0.230764608208331	0.06
2.671961685	0.230764608208331	0.06
2.672323822	0.216413494482693	0.05
2.672686057	0.223416129035787	0.05
2.67300408	0.223416129035787	0.05
2.673410821	0.223416129035787	0.05
2.674201502	0.223416129035787	0.05
2.674498542	0.223416129035787	0.05
2.674640938	0.223416129035787	0.05
2.674817434	0.223416129035787	0.05
2.677404052	0.213196089265643	0.05
2.678640892	0.211263266425894	0.05
2.679543675	0.211263266425894	0.05
2.679587204	0.211263266425894	0.05
2.68050645	0.211263266425894	0.05
2.692790444	0.219212744306449	0.04
2.697875326	0.192710691545494	0.03
2.703341222	0.221861717640452	0.04
2.714352711	0.209365174428162	0.05
2.716197088	0.209365174428162	0.05
2.720992773	0.213196089265643	0.05
2.721223607	0.196223081699101	0.05
2.721339166	0.215931440457453	0.06
2.721714851	0.215931440457453	0.06
2.721753239	0.215931440457453	0.06
2.722090639	0.215931440457453	0.06
2.72212898	0.215931440457453	0.06
2.722504826	0.215931440457453	0.06
2.725138453	0.207500885491722	0.06
2.725892101	0.207500885491722	0.06
2.727362573	0.207500885491722	0.06
2.728457177	0.207500885491722	0.06
2.730687704	0.207500885491722	0.06
2.733911556	0.214024509898556	0.07
2.741703646	0.214024509898556	0.08
2.742221604	0.214024509898556	0.08
2.744776734	0.207500885491722	0.08
2.784781798	0.198656228998849	0.12
2.857457722	0.196977013015757	0.19
2.870516676	0.196977013015757	0.2
2.874914635	0.196977013015757	0.21
3.017087015	0.211131259307526	0.35
3.091199805	0.199901567642396	0.42
3.116410384	0.225578856213142	0.45
3.116832706	0.225578856213142	0.45
3.153761559	0.223911530983036	0.48
3.560201153	0.232721911064233	0.890000000000001
3.561529658	0.240548238136558	0.890000000000001
3.561648443	0.22377369908817	0.890000000000001
3.562131134	0.229520798454845	0.890000000000001
3.563861522	0.210309937843063	0.890000000000001
3.565454716	0.214024509898556	0.890000000000001
3.566965252	0.214024509898556	0.890000000000001
3.567214517	0.214024509898556	0.890000000000001
3.571210711	0.201418486929009	0.890000000000001
3.571812505	0.201418486929009	0.890000000000001
3.572497766	0.211346573175408	0.880000000000001
3.575584373	0.196223081699101	0.880000000000001
3.579984214	0.202022401091128	0.880000000000001
3.62939674	0.208351213052753	0.910000000000001
3.629519691	0.208351213052753	0.910000000000001
3.631023885	0.210309937843063	0.910000000000001
3.633483005	0.202687999788242	0.920000000000001
3.639968026	0.206428636818301	0.920000000000001
4.078052931	0.220994670179624	1.36
4.442577106	0.251251920005633	1.72
4.445571488	0.256370776721279	1.72
4.452121847	0.24598951494803	1.73
4.45272527	0.251251920005633	1.73
4.453328856	0.251251920005633	1.73
4.459832487	0.219139120798384	1.74
4.464002998	0.251251920005633	1.74
4.475601202	0.256370776721279	1.75
4.478685952	0.237052511007647	1.76
4.480518943	0.237052511007647	1.76
4.492707945	0.271586939992744	1.77
4.536342962	0.282564190479998	1.81
4.537444354	0.285448571137894	1.81
4.550359745	0.279737518465722	1.82
4.848628454	0.279737518465722	2.12
4.895921957	0.274250508689316	2.17
5.341769851	0.287707713531283	2.30999999999999
5.342582978	0.287707713531283	2.30999999999999
5.343129076	0.287707713531283	2.30999999999999
5.445157132	0.294704914784122	2.32999999999999
6.2338777	0.275232078916668	2.67999999999999
6.35095118	0.246969607968543	2.78999999999998
6.358499262	0.275232078916668	2.79999999999998
7	0.208174954816973	3.37999999999997
