thrs	post_p	finalwindow
0	0.159960551497363	0.2
0.03256001	0.146304795932026	0.19
0.082355146	0.107556542892358	0.15
0.089689176	0.110042795366449	0.14
0.093809574	0.107556542892358	0.14
0.098963073	0.107556542892358	0.14
0.106977596	0.0966394260019661	0.14
0.113424721	0.0966394260019661	0.13
0.115659216	0.0966394260019661	0.13
0.123778241	0.0956683805728898	0.13
0.128068503	0.0928689043506937	0.13
0.129609166	0.0956683805728898	0.12
0.129730945	0.0956683805728898	0.12
0.130460633	0.0956683805728898	0.12
0.14705261	0.0947166553911499	0.11
0.148447444	0.0947166553911499	0.11
0.151339737	0.0937836795331554	0.11
0.155752372	0.0928689043506937	0.11
0.161204767	0.0937836795331554	0.1
0.172569069	0.0947166553911499	0.09
0.178062567	0.0937836795331554	0.09
0.178113806	0.0937836795331554	0.09
0.178140913	0.0937836795331554	0.09
0.181486006	0.0956683805728898	0.09
0.181486035	0.0956683805728898	0.09
0.181824923	0.0956683805728898	0.09
0.186084933	0.0937836795331554	0.1
0.191788381	0.0947166553911499	0.1
0.194681585	0.0956683805728898	0.1
0.205298456	0.0913833015820878	0.1
0.222049977	0.0903713466483511	0.08
0.222622275	0.0943145452484445	0.08
0.222656148	0.0943145452484445	0.08
0.222686318	0.0943145452484445	0.08
0.222716495	0.0943145452484445	0.08
0.222924291	0.0943145452484445	0.08
0.226694446	0.089261847915843	0.08
0.226867021	0.089261847915843	0.08
0.226923294	0.089261847915843	0.08
0.226929675	0.089261847915843	0.08
0.226957829	0.089261847915843	0.08
0.226982815	0.0662070152331883	0.07
0.227081991	0.0662070152331883	0.07
0.230426372	0.0789987897614202	0.07
0.241897099	0.0802190605883676	0.07
0.24235868	0.0802190605883676	0.07
0.242615688	0.0506829593755061	0.06
0.242941212	0.0506829593755061	0.06
0.243116147	0.0502372483851685	0.06
0.249436037	0.0473240420276149	0.06
0.256228734	0.0530356532733101	0.05
0.256650521	0.0520688427313126	0.05
0.259750174	0.0515985363822149	0.05
0.263775407	0.0515985363822149	0.05
0.287097646	0.0445905256708843	0.06
0.295749179	0.0445905256708843	0.06
0.296834617	0.0425956114201185	0.06
0.296839561	0.0425956114201185	0.06
0.296839653	0.0425956114201185	0.06
0.296879772	0.0425956114201185	0.06
0.296960227	0.0425956114201185	0.06
0.297161557	0.0418467467658858	0.06
0.29723727	0.0418467467658858	0.06
0.29736316	0.0418467467658858	0.06
0.298033592	0.0418467467658858	0.06
0.298432807	0.0418467467658858	0.06
0.29855614	0.0418467467658858	0.06
0.299120783	0.0418467467658858	0.06
0.29926506	0.0418467467658858	0.06
0.299931082	0.0418467467658858	0.06
0.300128238	0.0418467467658858	0.06
0.301159527	0.0414821026229576	0.06
0.302406093	0.0433717669341983	0.06
0.302452098	0.0433717669341983	0.06
0.302453753	0.0433717669341983	0.06
0.302493847	0.0433717669341983	0.06
0.303037639	0.0441767328366001	0.06
0.303998368	0.0450121435968876	0.06
0.305094409	0.0450121435968876	0.06
0.306047128	0.0450121435968876	0.06
0.306464617	0.0445905256708843	0.06
0.308759935	0.0477193557927776	0.05
0.320217262	0.0463262323899156	0.05
0.322066605	0.0463262323899156	0.05
0.322435043	0.0463262323899156	0.05
0.322591403	0.0463262323899156	0.05
0.322777267	0.0463262323899156	0.05
0.323165924	0.0477193557927776	0.04
0.323537089	0.0477193557927776	0.04
0.324596864	0.0477193557927776	0.04
0.327195424	0.0472457639347164	0.04
0.328591896	0.046781480046346	0.04
0.333944256	0.0463262323899156	0.04
0.334029253	0.0463262323899156	0.04
0.338071632	0.0433717669341983	0.05
0.340262381	0.0425956114201185	0.05
0.343625259	0.0425956114201185	0.05
0.343706753	0.0425956114201185	0.05
0.345554528	0.04221785849489	0.05
0.350684009	0.0414821026229576	0.06
0.356206548	0.04221785849489	0.06
0.356351443	0.04221785849489	0.06
0.356437896	0.0418467467658858	0.06
0.357086112	0.0390973004798362	0.07
0.360733393	0.0390973004798362	0.07
0.362945858	0.0390973004798362	0.07
0.366130409	0.0400849343681554	0.07
0.367161303	0.0458797597032499	0.07
0.367663989	0.079659751268861	0.08
0.37384574	0.0859910318825777	0.08
0.382008897	0.0882765922722363	0.07
0.386863037	0.0853741721278704	0.06
0.386909127	0.0905504058739066	0.06
0.387745392	0.0874321648224803	0.06
0.389299853	0.0874321648224803	0.06
0.389825341	0.0956683805728899	0.06
0.395214438	0.0931166139578572	0.06
0.398731854	0.0933240503077156	0.05
0.403209246	0.100140489772194	0.05
0.412388288	0.110468389040522	0.04
0.416416237	0.0999735840571934	0.03
0.418471182	0.107861163111646	0.03
0.423143546	0.11491266956567	0.03
0.428769674	0.111819846763742	0.02
0.438307149	0.116971504730476	0.01
0.438815006	0.117876621387969	0.01
0.440249622	0.126817385109197	0.01
0.440316292	0.126817385109197	0.01
0.441698853	0.126817385109197	0.01
0.441750067	0.126817385109197	0.01
0.444236336	0.110042795366449	0.01
0.444499874	0.107556542892358	0.01
0.445049535	0.105180154519732	0.01
0.445117302	0.114493921139998	0.01
0.445185067	0.113871489681223	0.01
0.445185068	0.113871489681223	0.01
0.445245414	0.113871489681223	0.01
0.44525283	0.113871489681223	0.01
0.445252832	0.113871489681223	0.01
0.445252833	0.113871489681223	0.01
0.445252835	0.113871489681223	0.01
0.445305777	0.113871489681223	0.01
0.44531318	0.113871489681223	0.01
0.445313187	0.113871489681223	0.01
0.445313188	0.113871489681223	0.01
0.44531319	0.113871489681223	0.01
0.445373562	0.113871489681223	0.01
0.445419149	0.113871489681223	0.01
0.445433949	0.113871489681223	0.01
0.445494353	0.113871489681223	0.01
0.445554774	0.113255789167481	0.01
0.445653547	0.113255789167481	0.01
0.445675664	0.113255789167481	0.01
0.445849774	0.11264671100375	0.01
0.445857123	0.11264671100375	0.01
0.445917642	0.11264671100375	0.01
0.445970843	0.11264671100375	0.01
0.445978177	0.11264671100375	0.01
0.446188208	0.112044148918564	0.01
0.446319857	0.112044148918564	0.01
0.446341735	0.112044148918564	0.01
0.446351359	0.112044148918564	0.01
0.446455777	0.112044148918564	0.01
0.44656991	0.109125515192144	0.01
0.446772341	0.109125515192144	0.01
0.446888185	0.109125515192144	0.01
0.446967543	0.109125515192144	0.01
0.447158639	0.109125515192144	0.01
0.447533088	0.109125515192144	0.01
0.447649603	0.109125515192144	0.01
0.449051315	0.122818494544923	0.01
0.449552291	0.122188017666773	0.01
0.449715173	0.122188017666773	0.01
0.452986292	0.114114242135345	0.01
0.453102774	0.114114242135345	0.01
0.453117722	0.114114242135345	0.01
0.453312195	0.11352266500521	0.01
0.453607731	0.11352266500521	0.01
0.45367678	0.11352266500521	0.01
0.453739439	0.11352266500521	0.01
0.453782962	0.11352266500521	0.01
0.453802119	0.11352266500521	0.01
0.453864814	0.11352266500521	0.01
0.453927527	0.11352266500521	0.01
0.453952078	0.11352266500521	0.01
0.453977538	0.11352266500521	0.01
0.453990257	0.11352266500521	0.01
0.454053004	0.11352266500521	0.01
0.454115767	0.11352266500521	0.01
0.454131662	0.11352266500521	0.01
0.454159539	0.11352266500521	0.01
0.454172215	0.11352266500521	0.01
0.454228692	0.11352266500521	0.01
0.454278877	0.114712017089436	0.01
0.454291524	0.114712017089436	0.01
0.454379121	0.114712017089436	0.01
0.454543029	0.115926554193911	0.01
0.454618511	0.115926554193911	0.01
0.454637485	0.115926554193911	0.01
0.455078808	0.118434452505986	0.01
0.455180191	0.119078473855675	0.01
0.455550168	0.139459100909449	0.01
0.455804735	0.147564547396051	0.01
0.456159276	0.117368037787799	0.02
0.456455968	0.117368037787799	0.02
0.457901934	0.116221879734591	0.02
0.458619789	0.114544009740947	0.02
0.459124851	0.114544009740947	0.02
0.460382332	0.116792146828435	0.02
0.462114195	0.109002063428732	0.02
0.46331093	0.109002063428732	0.02
0.47699163	0.0804072464730916	0.03
0.477096915	0.0804072464730916	0.03
0.478409458	0.0852043896976622	0.03
0.478419311	0.0852043896976622	0.03
0.478888149	0.0852043896976622	0.03
0.479732593	0.0964436431147692	0.04
0.483511101	0.0912817215496807	0.04
0.483988273	0.0912817215496807	0.04
0.484458594	0.0920491226530767	0.04
0.484927676	0.0928295361604899	0.04
0.485802156	0.101399557182651	0.04
0.485999254	0.1018061485166	0.04
0.48628356	0.0894461511339306	0.04
0.486776039	0.0735094171536542	0.04
0.489107131	0.0716650560549306	0.04
0.490830832	0.0581234626443845	0.04
0.508934563	0.0713072344468598	0.06
0.511690912	0.0596850158687876	0.06
0.514553924	0.0907301760739184	0.07
0.514645345	0.0907301760739184	0.07
0.51473946	0.0907301760739184	0.07
0.514742139	0.0907301760739184	0.07
0.514839037	0.0907301760739184	0.07
0.514971335	0.0907301760739184	0.07
0.515124567	0.0925679321295658	0.07
0.516063638	0.0975054060256837	0.07
0.51682809	0.0710171182418379	0.07
0.518492841	0.0687333565835016	0.07
0.520735072	0.0574347349567285	0.07
0.534226929	0.0359934135831802	0.06
0.534308248	0.0356564231249399	0.06
0.544416783	0.0359934135831802	0.06
0.55657045	0.084615432325503	0.05
0.556645891	0.084615432325503	0.05
0.556807604	0.084615432325503	0.05
0.559788571	0.0838700599125527	0.05
0.562444529	0.084615432325503	0.05
0.57444178	0.0824180286878616	0.06
0.579525048	0.0893815584973375	0.06
0.583655412	0.0893815584973375	0.06
0.586308239	0.0861466421662005	0.06
0.59079165	0.0852043896976622	0.05
0.591193432	0.0852043896976622	0.05
0.591819223	0.0843655071369038	0.05
0.593573546	0.0843655071369038	0.05
0.593673806	0.0843655071369038	0.05
0.593673808	0.0843655071369038	0.05
0.593754278	0.0843655071369038	0.05
0.593834769	0.0843655071369038	0.05
0.593915284	0.0843655071369038	0.05
0.594152812	0.08273634053039	0.05
0.594237558	0.08273634053039	0.05
0.595015574	0.0843655071369038	0.05
0.596894832	0.0819451269824779	0.05
0.597117526	0.0819451269824779	0.05
0.602674298	0.079659751268861	0.05
0.604317115	0.079659751268861	0.05
0.604813246	0.079659751268861	0.05
0.604905308	0.079659751268861	0.05
0.60490531	0.079659751268861	0.05
0.604988853	0.079659751268861	0.05
0.605724938	0.079659751268861	0.05
0.606051871	0.079659751268861	0.05
0.60631275	0.079659751268861	0.05
0.606824709	0.0819451269824779	0.05
0.607971158	0.0819451269824779	0.05
0.61827716	0.0852043896976622	0.04
0.630942519	0.0928689043506937	0.04
0.635412418	0.0838700599125527	0.05
0.63624959	0.0838700599125527	0.05
0.637031954	0.0853741721278704	0.05
0.637260654	0.0853741721278704	0.05
0.637881775	0.0853741721278704	0.05
0.641599528	0.0853741721278704	0.05
0.644129804	0.079659751268861	0.06
0.64559646	0.079659751268861	0.06
0.646569798	0.0810154194745014	0.06
0.64801212	0.0810154194745014	0.06
0.648110758	0.0810154194745014	0.06
0.667472678	0.0761830096150652	0.08
0.667879261	0.0761830096150652	0.08
0.667879263	0.0761830096150652	0.08
0.669490645	0.0761830096150652	0.08
0.678915807	0.0691417460237096	0.09
0.680589305	0.0691417460237096	0.09
0.68060848	0.0691417460237096	0.09
0.680702493	0.0691417460237096	0.09
0.680786967	0.0691417460237096	0.09
0.690723937	0.0774983910124766	0.09
0.692614054	0.0774983910124766	0.09
0.697379755	0.0754512183556199	0.1
0.7123899	0.0741454828165255	0.11
0.712401774	0.0741454828165255	0.11
0.713541741	0.0761214852743567	0.11
0.71365913	0.0761214852743567	0.11
0.715679053	0.0699109802197035	0.12
0.725609694	0.0699109802197035	0.13
0.72717465	0.0710706652259337	0.13
0.735438378	0.0286041457370233	0.13
0.742183791	0.0682407185608774	0.14
0.744518666	0.0693452151044147	0.14
0.7500464	0.0262392178319744	0.14
0.75180067	0.0864548003193492	0.14
0.756100951	0.0988166719905006	0.14
0.762884543	0.0956683805728898	0.13
0.763387603	0.100463357298962	0.13
0.763491091	0.100463357298962	0.13
0.765321243	0.100340694935388	0.13
0.772093843	0.0906974375097917	0.12
0.778829055	0.0998274907584618	0.12
0.779184816	0.0998274907584618	0.12
0.779976345	0.0995728522803665	0.12
0.794958533	0.108785465383624	0.1
0.797194853	0.105180154519732	0.1
0.8034392	0.110140717969327	0.09
0.812482547	0.0992965423065293	0.08
0.828284953	0.110140717969327	0.07
0.856064956	0.117018795774481	0.04
0.861362559	0.0989837178261735	0.03
0.864973627	0.120527256276311	0.03
0.870144812	0.112297071789724	0.03
0.87832845	0.115156505843995	0.02
0.882218863	0.104411189871279	0.01
0.883236842	0.116792146828435	0.01
0.885048106	0.122568846421334	0.01
0.887670141	0.117398505201209	0.01
0.888469193	0.116266698270814	0.01
0.888863234	0.115156505843995	0.01
0.889014569	0.115156505843995	0.01
0.889576687	0.114791138247358	0.01
0.889752182	0.114791138247358	0.01
0.889857915	0.114791138247358	0.01
0.890068113	0.114791138247358	0.01
0.890083013	0.114791138247358	0.01
0.890218543	0.114791138247358	0.01
0.890218544	0.114791138247358	0.01
0.890228158	0.114791138247358	0.01
0.890309475	0.113352562012295	0.01
0.890354074	0.113352562012295	0.01
0.890354075	0.113352562012295	0.01
0.890407894	0.113352562012295	0.01
0.890419078	0.113352562012295	0.01
0.890459913	0.113352562012295	0.01
0.890474761	0.113352562012295	0.01
0.890489605	0.113352562012295	0.01
0.890489606	0.113352562012295	0.01
0.890506418	0.113352562012295	0.01
0.890580647	0.113352562012295	0.01
0.890595481	0.113352562012295	0.01
0.89061031	0.113352562012295	0.01
0.890610311	0.113352562012295	0.01
0.890716233	0.113352562012295	0.01
0.890731048	0.113352562012295	0.01
0.890731049	0.113352562012295	0.01
0.890822213	0.113352562012295	0.01
0.890837018	0.113352562012295	0.01
0.890851819	0.113352562012295	0.01
0.890928251	0.113352562012295	0.01
0.890957836	0.113352562012295	0.01
0.890972623	0.113352562012295	0.01
0.891093459	0.112998534235348	0.01
0.89119957	0.112998534235348	0.01
0.891214328	0.112998534235348	0.01
0.891244043	0.112998534235348	0.01
0.89133523	0.112998534235348	0.01
0.891382479	0.112998534235348	0.01
0.891441435	0.112998534235348	0.01
0.891456164	0.112998534235348	0.01
0.89149835	0.112998534235348	0.01
0.891521465	0.112998534235348	0.01
0.891562417	0.112998534235348	0.01
0.891686849	0.11264671100375	0.01
0.891698132	0.11264671100375	0.01
0.892012117	0.112297071789724	0.01
0.892182462	0.110580935078648	0.01
0.892215798	0.110580935078648	0.01
0.892245091	0.110919953364568	0.01
0.892546055	0.110580935078648	0.01
0.892924751	0.112817837977402	0.01
0.892951888	0.11247610238941	0.01
0.892952212	0.11247610238941	0.01
0.893016766	0.11247610238941	0.01
0.893313967	0.111798804704091	0.01
0.893352088	0.111798804704091	0.01
0.89420355	0.111129615164957	0.01
0.89422449	0.110798015586663	0.01
0.894332391	0.110798015586663	0.01
0.894482721	0.110798015586663	0.01
0.894690708	0.110140717969327	0.01
0.894913415	0.110140717969327	0.01
0.894970751	0.110140717969327	0.01
0.895081202	0.110468389040522	0.01
0.895086463	0.110468389040522	0.01
0.895840307	0.109169265130439	0.01
0.89592425	0.109169265130439	0.01
0.896329745	0.107587706782323	0.01
0.896396617	0.107587706782323	0.01
0.89685771	0.106660578102771	0.01
0.897197773	0.113284957222066	0.01
0.89799116	0.0950317861354607	0.01
0.898155973	0.0931718400976163	0.01
0.898455429	0.0921696573544797	0.01
0.898662437	0.0919718023950436	0.01
0.898755243	0.0919718023950436	0.01
0.899325427	0.089850168004537	0.01
0.900274359	0.0908022841760536	0.01
0.900307304	0.0908022841760536	0.01
0.901007608	0.0687594820065988	0.01
0.901568195	0.0570618291034243	0.01
0.901947653	0.0570618291034243	0.01
0.902162268	0.0570618291034243	0.01
0.902291602	0.0502372483851685	0.01
0.902860993	0.0416470590339375	0.01
0.902919093	0.0416470590339375	0.01
0.902932441	0.0419809391710252	0.01
0.903166806	0.038937407062917	0.01
0.903876527	0.0315243437317307	0.01
0.904220945	0.0274646856888824	0.01
0.904508173	0.0278084745473711	0.01
0.905345526	0.0279249914574279	0.01
0.905541598	0.0279249914574279	0.01
0.906154318	0.0281609792517965	0.01
0.906210372	0.0275783335843087	0.01
0.906508268	0.0279249914574279	0.01
0.906786831	0.0276929259297578	0.01
0.907060652	0.0278084745473711	0.01
0.90712089	0.0278084745473711	0.01
0.907198748	0.0280424888825143	0.01
0.907298438	0.0278084745473711	0.01
0.907311244	0.0278084745473711	0.01
0.907324045	0.0278084745473711	0.01
0.907336843	0.0278084745473711	0.01
0.907336844	0.0278084745473711	0.01
0.907449378	0.0278084745473711	0.01
0.90746216	0.0278084745473711	0.01
0.907536422	0.0278084745473711	0.01
0.9075492	0.0278084745473711	0.01
0.907574745	0.0278084745473711	0.01
0.907587512	0.0278084745473711	0.01
0.907674633	0.0278084745473711	0.01
0.907700146	0.0278084745473711	0.01
0.907712898	0.0278084745473711	0.01
0.907951053	0.0278084745473711	0.01
0.907963773	0.0278084745473711	0.01
0.907963774	0.0278084745473711	0.01
0.908089263	0.0280424888825143	0.01
0.908089264	0.0280424888825143	0.01
0.908151307	0.0280424888825143	0.01
0.908189407	0.0281609792517965	0.01
0.908202099	0.0281609792517965	0.01
0.908214789	0.0281609792517965	0.01
0.908566283	0.0284009895989279	0.01
0.908577365	0.0284009895989279	0.01
0.908816452	0.0287687753044043	0.01
0.908855181	0.0285225355080231	0.01
0.908956071	0.0285225355080231	0.01
0.909183517	0.0284009895989279	0.01
0.909207673	0.0284009895989279	0.01
0.909270732	0.0284009895989279	0.01
0.909346075	0.0285225355080231	0.01
0.90938549	0.0285225355080231	0.01
0.909620416	0.0285225355080231	0.01
0.909642167	0.0285225355080231	0.01
0.909914657	0.0285225355080231	0.01
0.909925885	0.0285225355080231	0.01
0.910051995	0.0282804752054049	0.01
0.910204731	0.0282804752054049	0.01
0.910467776	0.0287687753044043	0.01
0.910628128	0.0287687753044043	0.01
0.911049792	0.0288934964865303	0.01
0.911062134	0.0288934964865303	0.01
0.91113001	0.0288934964865303	0.01
0.911404622	0.0287687753044043	0.01
0.911518912	0.0287687753044043	0.01
0.911747931	0.0288934964865303	0.01
0.911776598	0.0288934964865303	0.01
0.912015459	0.0290193037839949	0.01
0.912488931	0.0291462114462466	0.01
0.912630246	0.0288934964865303	0.01
0.912707801	0.0288934964865303	0.01
0.912776305	0.0287687753044043	0.01
0.912811242	0.0327440281210939	0.01
0.913139907	0.0290193037839949	0.01
0.914018042	0.0294033861202207	0.01
0.914696902	0.0374894063006054	0.01
0.914870556	0.0374894063006054	0.01
0.914968567	0.0374894063006054	0.01
0.914983658	0.0374894063006054	0.01
0.916024822	0.0379880043453678	0.01
0.916163647	0.0381571640205195	0.01
0.916208994	0.0379880043453678	0.01
0.916688985	0.0390260749133861	0.01
0.916912552	0.0392046276380444	0.01
0.917248255	0.0276355109664923	0.01
0.918816837	0.0394507581959067	0.02
0.918837351	0.0394507581959067	0.02
0.919120121	0.0394507581959067	0.02
0.920002472	0.0395999255624735	0.02
0.921364075	0.040363008964321	0.02
0.922071236	0.0406765407973856	0.02
0.922455062	0.0416470590339375	0.02
0.922504312	0.0416470590339375	0.02
0.922763582	0.0416470590339375	0.02
0.922787758	0.0416470590339375	0.02
0.923473233	0.0381571640205195	0.02
0.924160807	0.0384654785620816	0.02
0.924412009	0.0386215118263301	0.02
0.924507726	0.0386215118263301	0.02
0.924627878	0.038937407062917	0.02
0.925553967	0.0395849580834617	0.02
0.926193857	0.0397502252446936	0.02
0.927872541	0.035857855899799	0.02
0.93064775	0.035445240661446	0.03
0.93220206	0.0360553701148494	0.03
0.933174706	0.033581335382042	0.03
0.934071327	0.0338199061009587	0.03
0.93534835	0.033940467144092	0.03
0.938770844	0.0214185920628943	0.03
0.942896738	0.0300327544215779	0.03
0.948845214	0.0350010248054224	0.03
0.949342587	0.0353256843213091	0.03
0.950306111	0.0359934135831802	0.03
0.951999424	0.0363368346412558	0.03
0.953473419	0.0288934964865303	0.04
0.954119877	0.0293386679117415	0.04
0.955603107	0.0305140161483246	0.04
0.955985355	0.0305140161483246	0.04
0.956549025	0.0320550190411768	0.04
0.956766863	0.0326038668547756	0.04
0.956780018	0.0326038668547756	0.04
0.95679317	0.0326038668547756	0.04
0.957077957	0.0328853996731896	0.04
0.957486775	0.0334633077717846	0.04
0.958321379	0.0334633077717846	0.04
0.959031973	0.034061890813196	0.04
0.959665139	0.0343692852802114	0.04
0.959857154	0.0343692852802114	0.04
0.960819071	0.0350010248054224	0.04
0.964446178	0.0293386679117415	0.05
0.964458654	0.0293386679117415	0.05
0.966290332	0.0320550190411768	0.05
0.966980911	0.0328853996731896	0.05
0.966986309	0.0328853996731896	0.05
0.967302571	0.0334633077717846	0.05
0.967302572	0.0334633077717846	0.05
0.967608447	0.0334633077717846	0.05
0.96761904	0.0334633077717846	0.05
0.967619041	0.0334633077717846	0.05
0.967925221	0.0334633077717846	0.05
0.967935716	0.0334633077717846	0.05
0.968083686	0.0334633077717846	0.05
0.968088909	0.0334633077717846	0.05
0.968237002	0.0334633077717846	0.05
0.968861479	0.034061890813196	0.05
0.970292984	0.0346822784892364	0.05
0.970442597	0.0346822784892364	0.05
0.973457204	0.0280424888825143	0.05
0.97801719	0.0355897808403656	0.06
0.978183481	0.0355897808403656	0.06
0.985118954	0.00952557688340639	0.05
1.019804062	0.0317874667033257	0.07
1.021711423	0.0320550190411768	0.07
1.022530753	0.0323271135394323	0.07
1.023898132	0.0334633077717846	0.07
1.027042278	0.0374075763267438	0.07
1.027349785	0.0377786522907402	0.07
1.028094642	0.0381571640205195	0.07
1.029637844	0.0315243437317307	0.08
1.029659545	0.0315243437317307	0.08
1.030020301	0.0315243437317307	0.08
1.030392053	0.0320550190411768	0.08
1.030397618	0.0320550190411768	0.08
1.030958443	0.0320550190411768	0.08
1.031720423	0.0320550190411768	0.08
1.034014818	0.0312655410362295	0.08
1.036124234	0.0481213295710586	0.08
1.039046839	0.0525478013674877	0.08
1.048661279	0.0481213295710586	0.09
1.049025044	0.0481213295710586	0.09
1.057424783	0.0469352241180556	0.1
1.058571278	0.0481213295710586	0.1
1.067971123	0.0469352241180556	0.11
1.068277144	0.0469352241180556	0.11
1.06860264	0.0477193557927776	0.11
1.068892568	0.0477193557927776	0.11
1.070020858	0.0497993083102678	0.11
1.070326964	0.0497993083102678	0.11
1.088407982	0.0403112229660451	0.13
1.088762574	0.0403112229660451	0.13
1.091073782	0.0427230357875842	0.13
1.112743253	0.0572907342737013	0.13
1.113082372	0.0572907342737013	0.13
1.113233383	0.0572907342737013	0.13
1.115076799	0.0567218806307225	0.13
1.116382888	0.0572907342737013	0.13
1.125633627	0.0572907342737013	0.12
1.13205703	0.0572907342737013	0.12
1.133642817	0.0572907342737013	0.12
1.133988353	0.0572907342737013	0.12
1.134317617	0.0572907342737013	0.12
1.162829766	0.0556174031683056	0.14
1.183360064	0.0526689209912565	0.16
1.187305519	0.0561642124966208	0.15
1.187446683	0.0561642124966208	0.15
1.18762744	0.0556948659992077	0.15
1.192075895	0.0538933863044817	0.15
1.192725439	0.0530356532733101	0.15
1.208724051	0.0377786522907402	0.13
1.208769953	0.0377786522907402	0.13
1.209215802	0.0377786522907402	0.13
1.209751115	0.0377786522907402	0.13
1.209825949	0.0377786522907402	0.13
1.210085375	0.037043719149216	0.13
1.22465873	0.0381571640205195	0.12
1.225416562	0.0381571640205195	0.12
1.226416878	0.0381571640205195	0.12
1.226767373	0.0381571640205195	0.12
1.243346642	0.0346822784892364	0.13
1.245566855	0.0188713928631974	0.12
1.270060331	0.037043719149216	0.11
1.270253663	0.037043719149216	0.11
1.275739262	0.0463262323899156	0.11
1.297280078	0.0463262323899156	0.11
1.302603198	0.0458797597032499	0.12
1.325958837	0.0572907342737013	0.13
1.33510162	0.0561642124966208	0.13
1.335485912	0.0561642124966208	0.13
1.335508208	0.0561642124966208	0.13
1.335711503	0.0561642124966208	0.13
1.335892556	0.0561642124966208	0.13
1.336051433	0.0561642124966208	0.13
1.33638917	0.0561642124966208	0.13
1.336413828	0.0561642124966208	0.13
1.336595099	0.0561642124966208	0.13
1.336665633	0.0561642124966208	0.13
1.337117106	0.0561642124966208	0.13
1.337161305	0.0561642124966208	0.13
1.337529375	0.0561642124966208	0.13
1.337777279	0.0561642124966208	0.13
1.337887386	0.0561642124966208	0.13
1.340005107	0.0561642124966208	0.14
1.342315002	0.0561642124966208	0.14
1.342368518	0.0561642124966208	0.14
1.360533959	0.0843655071369038	0.14
1.360774481	0.0843655071369038	0.14
1.360981621	0.0843655071369038	0.14
1.361338457	0.0843655071369038	0.14
1.36135761	0.0843655071369038	0.14
1.361545683	0.0843655071369038	0.14
1.362279458	0.0843655071369038	0.14
1.364721715	0.0852043896976622	0.14
1.365659238	0.086060122549075	0.14
1.368578346	0.0768037674920091	0.15
1.369020462	0.0768037674920091	0.15
1.370127164	0.0768037674920091	0.15
1.377139612	0.0811689029523437	0.14
1.377274175	0.0811689029523437	0.14
1.377544294	0.0811689029523437	0.14
1.379222918	0.0804072464730916	0.14
1.38563755	0.086060122549075	0.13
1.385801753	0.086060122549075	0.13
1.430594094	0.086060122549075	0.11
1.434752614	0.086060122549075	0.11
1.440102642	0.0835429820189129	0.12
1.450462129	0.0843655071369038	0.12
1.450674974	0.0843655071369038	0.12
1.450928234	0.0843655071369038	0.12
1.454003033	0.0843655071369038	0.12
1.454856842	0.0843655071369038	0.12
1.45657643	0.0843655071369038	0.13
1.457818346	0.0843655071369038	0.13
1.484067531	0.0811689029523437	0.15
1.484117024	0.0811689029523437	0.15
1.485393153	0.0819451269824779	0.15
1.485917469	0.079659751268861	0.16
1.494140559	0.0804072464730916	0.16
1.511734415	0.0804072464730916	0.18
1.511964569	0.0804072464730916	0.18
1.512194724	0.0804072464730916	0.18
1.512403577	0.0804072464730916	0.18
1.516740221	0.0804072464730916	0.19
1.517647523	0.079659751268861	0.19
1.523536021	0.079659751268861	0.19
1.558319819	0.165362651807307	0.23
1.558531046	0.165362651807307	0.23
1.55916507	0.163003424991448	0.23
1.56916589	0.190005125823912	0.22
1.595407686	0.202484238509325	0.19
1.595579044	0.200957885357246	0.19
1.611568792	0.201447736926644	0.18
1.652341299	0.204497696985055	0.14
1.707257935	0.226577450207879	0.09
1.718627381	0.252753543145177	0.07
1.745720251	0.238752614322529	0.05
1.768990518	0.257823482186166	0.02
1.778615293	0.236633361058181	0.02
1.77861633	0.236633361058181	0.02
1.780627841	0.255263340869249	0.01
1.780657571	0.255263340869249	0.01
1.780657572	0.255263340869249	0.01
1.780839524	0.252753543145177	0.01
1.780928629	0.252753543145177	0.01
1.78092863	0.252753543145177	0.01
1.781170031	0.252753543145177	0.01
1.781170032	0.252753543145177	0.01
1.781411499	0.252753543145177	0.01
1.781623424	0.252753543145177	0.01
1.781653031	0.252753543145177	0.01
1.7818108	0.252753543145177	0.01
1.781835463	0.252753543145177	0.01
1.781894629	0.252753543145177	0.01
1.782136292	0.247879153173156	0.01
1.782136293	0.247879153173156	0.01
1.782378022	0.247879153173156	0.01
1.782590324	0.247879153173156	0.01
1.782619816	0.247879153173156	0.01
1.783345594	0.247879153173156	0.01
1.783587651	0.247879153173156	0.01
1.783829774	0.247879153173156	0.01
1.783925287	0.247879153173156	0.01
1.784314217	0.247879153173156	0.01
1.78446873	0.247879153173156	0.01
1.785009515	0.245511787360139	0.01
1.785322292	0.252310549338738	0.01
1.785497332	0.252310549338738	0.01
1.785988286	0.249944964362789	0.01
1.787927091	0.238752614322529	0.01
1.788266632	0.238752614322529	0.01
1.788780487	0.245344418940494	0.01
1.788872102	0.245344418940494	0.01
1.789747139	0.238752614322529	0.01
1.790095821	0.238752614322529	0.01
1.790737455	0.245344418940494	0.01
1.79204453	0.23882636927151	0.02
1.794856772	0.205211900595498	0.02
1.795060195	0.198526047216289	0.02
1.795643534	0.1863813483552	0.02
1.796645824	0.179782503334783	0.02
1.796669094	0.179782503334783	0.02
1.796696941	0.179782503334783	0.02
1.799436111	0.174630175095256	0.02
1.809599251	0.159960551497362	0.03
1.813215031	0.0783487063973429	0.03
1.813240824	0.0783487063973429	0.03
1.813793197	0.0810154194745014	0.03
1.814069382	0.0824180286878616	0.03
1.814069384	0.0824180286878616	0.03
1.814345569	0.0676347635733066	0.03
1.814596154	0.0694857961667732	0.03
1.814621756	0.0694857961667732	0.03
1.814621757	0.0694857961667732	0.03
1.814846808	0.0694857961667732	0.03
1.814872379	0.0694857961667732	0.03
1.815039963	0.0701255295124859	0.03
1.815123071	0.0701255295124859	0.03
1.815288509	0.0701255295124859	0.03
1.815322808	0.0707771519550284	0.03
1.815850116	0.0714409980316095	0.03
1.816101116	0.0458797597032499	0.03
1.81637757	0.0458797597032499	0.03
1.816628678	0.0450121435968876	0.03
1.816879855	0.0450121435968876	0.03
1.817633804	0.0450121435968876	0.03
1.818363245	0.0477193557927776	0.03
1.819217405	0.158298340860422	0.04
1.819410514	0.158298340860422	0.04
1.819581019	0.158298340860422	0.04
1.81989941	0.158298340860422	0.04
1.820606159	0.158298340860422	0.04
1.822065256	0.0767412368470531	0.04
1.823267442	0.074662316031939	0.04
1.823345161	0.074662316031939	0.04
1.824280416	0.0783487063973429	0.04
1.824985083	0.0658797913660843	0.04
1.829051906	0.0472457639347164	0.04
1.83758722	0.0425956114201185	0.05
1.846490238	0.0425956114201185	0.06
1.860668056	0.0454418106997712	0.07
1.860714054	0.0454418106997712	0.07
1.872927722	0.0437705492502899	0.08
1.876458705	0.0359934135831802	0.08
1.917919203	0.0374075763267438	0.12
1.919145255	0.037043719149216	0.12
1.932723098	0.0374075763267438	0.12
1.934242286	0.0445905256708843	0.13
1.93486401	0.0445905256708843	0.13
1.945075766	0.0437705492502899	0.14
1.947078383	0.0437705492502899	0.14
1.961031557	0.0353256843213091	0.15
2.03833515	0.0440405032646972	0.23
2.045755957	0.0427230357875842	0.24
2.04617014	0.0427230357875842	0.24
2.049316864	0.0424058937157023	0.24
2.057190684	0.0424058937157023	0.25
2.058810915	0.0424058937157023	0.25
2.060706206	0.0355897808403656	0.25
2.07768814	0.0424058937157023	0.27
2.080200147	0.0355897808403656	0.27
2.112854786	0.034809077808777	0.3
2.119081815	0.0411830519234332	0.31
2.201956234	0.034061890813196	0.39
2.21647999	0.0405977020767542	0.41
2.22342495	0.0345563996027152	0.41
2.22607531	0.0467158976327969	0.42
2.226980498	0.0467158976327969	0.42
2.244892022	0.086933218539164	0.43
2.268175967	0.130685601909324	0.41
2.273953022	0.126071059297539	0.4
2.279085054	0.135865872030612	0.4
2.283420782	0.127193871472894	0.39
2.287430653	0.136951601875203	0.39
2.36737444	0.127762811087768	0.31
2.396315913	0.134194078436338	0.28
2.401471639	0.164568691252034	0.28
2.416816988	0.163003424991448	0.27
2.57811595	0.174630175095256	0.15
2.634889835	0.183022465093469	0.09
2.644514931	0.183022465093469	0.08
2.664122924	0.186609662794639	0.06
2.670697515	0.188796240550319	0.06
2.671193019	0.188796240550319	0.06
2.671193179	0.188796240550319	0.06
2.671237545	0.188796240550319	0.06
2.671237705	0.188796240550319	0.06
2.671599486	0.188796240550319	0.06
2.671599646	0.188796240550319	0.06
2.671872794	0.188796240550319	0.06
2.671961685	0.188796240550319	0.06
2.672323822	0.178948858966367	0.05
2.672686057	0.186609662794639	0.05
2.67300408	0.186609662794639	0.05
2.673366554	0.186609662794639	0.05
2.673410821	0.186609662794639	0.05
2.674201502	0.186609662794639	0.05
2.674498542	0.186609662794639	0.05
2.67498819	0.186609662794639	0.05
2.675753192	0.179570579692552	0.05
2.67595059	0.179570579692552	0.05
2.677404052	0.179570579692552	0.05
2.678640892	0.174630175095256	0.05
2.679543675	0.174630175095256	0.05
2.68050645	0.174630175095256	0.05
2.681604422	0.188796240550319	0.05
2.690797174	0.183442263997217	0.04
2.692790444	0.180736739766511	0.03
2.697875326	0.166164310416616	0.03
2.703341222	0.173870874706829	0.04
2.714352711	0.164095963990115	0.05
2.720992773	0.164095963990115	0.05
2.721339166	0.169450208828916	0.06
2.721714851	0.169450208828916	0.06
2.721753239	0.169450208828916	0.06
2.722090639	0.169450208828916	0.06
2.72212898	0.169450208828916	0.06
2.722504826	0.169450208828916	0.06
2.725138453	0.161315666734548	0.06
2.728042156	0.161315666734548	0.06
2.728457177	0.161315666734548	0.06
2.730687704	0.161315666734548	0.06
2.734951629	0.159960551497363	0.07
2.741703646	0.159960551497363	0.08
2.742221604	0.159960551497363	0.08
2.744776734	0.153512714688125	0.08
2.767264537	0.153512714688125	0.1
2.784781798	0.145312376103456	0.12
2.795646082	0.145312376103456	0.13
2.814579483	0.145312376103456	0.15
2.874914635	0.145312376103456	0.21
2.884109016	0.151477417733783	0.22
2.893176138	0.165762511874766	0.23
2.901070252	0.161137611937931	0.23
3.116410384	0.18479865746559	0.45
3.116832706	0.18479865746559	0.45
3.153761559	0.190588777744701	0.48
3.190582361	0.182560706591791	0.5
3.194633906	0.182560706591791	0.51
3.560201153	0.199953036945484	0.840000000000001
3.561529658	0.196032163518387	0.850000000000001
3.561648443	0.196032163518387	0.850000000000001
3.562131134	0.196032163518387	0.850000000000001
3.565454716	0.199953036945484	0.850000000000001
3.566965252	0.199953036945484	0.850000000000001
3.567214517	0.199953036945484	0.850000000000001
3.571210711	0.201972884354827	0.850000000000001
3.571812505	0.196032163518387	0.860000000000001
3.572123566	0.196032163518387	0.860000000000001
3.572497766	0.196032163518387	0.860000000000001
3.62939674	0.236130326601149	0.900000000000001
3.629519691	0.236130326601149	0.900000000000001
3.630972932	0.221422669045751	0.900000000000001
3.631169027	0.221422669045751	0.900000000000001
3.631970124	0.221422669045751	0.900000000000001
3.639968026	0.212815234387275	0.900000000000001
3.707141358	0.212815234387275	0.970000000000001
3.778072999	0.210766931699268	1.04
3.963711323	0.240910170053545	1.15
4.078052931	0.290662004884678	1.27
4.442577106	0.316215595089829	1.33
4.445571488	0.316215595089829	1.33
4.452121847	0.316215595089829	1.34
4.45272527	0.316215595089829	1.34
4.453328856	0.316215595089829	1.34
4.453932605	0.316215595089829	1.34
4.459832487	0.316215595089829	1.35
4.464002998	0.316215595089829	1.35
4.475601202	0.316215595089829	1.36
4.480518943	0.316215595089829	1.37
4.536342962	0.316215595089829	1.42
4.536969429	0.316215595089829	1.43
4.537444354	0.316215595089829	1.43
4.537596069	0.316215595089829	1.43
4.773228095	0.309415028866774	1.48
4.848628454	0.309415028866774	1.4
4.895921957	0.309415028866774	1.35
5.341769851	0.294462711014862	1.79
5.342582978	0.294462711014862	1.79
5.343129076	0.294462711014862	1.79
5.343307119	0.294462711014862	1.79
5.346842194	0.294462711014862	1.79
5.443653327	0.294462711014862	1.89
5.445157132	0.294462711014862	1.89
6.232084175	0.294056707155812	2.27
6.2338777	0.294056707155812	2.28
6.234722781	0.294056707155812	2.28
6.244676548	0.294056707155812	2.29
6.35095118	0.267203097392958	2.17
6.358499262	0.267203097392958	2.14
7	0.248778728499847	2.54999999999999
