thrs	post_p	finalwindow
0	0.125157741367153	0.23
0.082355146	0.101048291634913	0.18
0.089689176	0.102362852508277	0.17
0.098963073	0.0972996755124029	0.18
0.103967892	0.0972996755124029	0.17
0.106977596	0.0972996755124029	0.18
0.113424721	0.0949513838677999	0.18
0.115659216	0.0949513838677999	0.18
0.123778241	0.104686069071168	0.18
0.127200542	0.0691014472591047	0.17
0.128068503	0.0720544516182872	0.17
0.129609166	0.0962921387434018	0.17
0.129730945	0.0962921387434018	0.17
0.130460633	0.0948633265115117	0.17
0.148427326	0.0720544516182872	0.15
0.148782099	0.0909281042921191	0.15
0.151339737	0.0934762966072315	0.15
0.155752372	0.102756022255528	0.15
0.161204767	0.0934762966072315	0.14
0.178062567	0.0720544516182872	0.12
0.178113806	0.0720544516182872	0.12
0.178140913	0.0720544516182872	0.12
0.178189211	0.0720544516182872	0.12
0.178358463	0.0720544516182872	0.12
0.181486006	0.0927978814527032	0.12
0.181486035	0.0927978814527032	0.12
0.191788381	0.0927978814527032	0.11
0.194681585	0.105345631388262	0.11
0.206482242	0.103391414888122	0.1
0.222622275	0.080849077279164	0.08
0.222656148	0.080849077279164	0.08
0.222686318	0.080849077279164	0.08
0.222716495	0.080249391892128	0.08
0.222812147	0.086910742587635	0.08
0.222924291	0.0934762966072315	0.08
0.226867021	0.0871081060513298	0.08
0.226923294	0.0871081060513298	0.08
0.226929675	0.0871081060513298	0.08
0.226957829	0.0871081060513298	0.08
0.226982815	0.0871081060513298	0.08
0.227081991	0.0871081060513298	0.08
0.230426372	0.0709712694869806	0.07
0.237068117	0.0832333485666047	0.07
0.241897099	0.0584864024254076	0.06
0.24235868	0.0584864024254076	0.06
0.242875367	0.0820757438761851	0.06
0.243116147	0.080071217172725	0.06
0.254481698	0.0807284242618468	0.05
0.256228734	0.0775460201487073	0.05
0.259750174	0.0781622688321124	0.05
0.263775407	0.0920629083959824	0.04
0.272151172	0.0860657350808221	0.04
0.287097646	0.0844240743503358	0.04
0.296044019	0.0886515331812025	0.03
0.296834617	0.0886515331812025	0.03
0.296839561	0.0886515331812025	0.03
0.296839653	0.0886515331812025	0.03
0.296874128	0.0886515331812025	0.03
0.296879772	0.0886515331812025	0.03
0.29691506	0.0886515331812025	0.03
0.296960227	0.0886515331812025	0.03
0.297156652	0.0886515331812025	0.03
0.297161557	0.0886515331812025	0.03
0.297207868	0.0877725074657329	0.03
0.29723727	0.0877725074657329	0.03
0.297242165	0.0877725074657329	0.03
0.297345093	0.0877725074657329	0.03
0.29736316	0.0877725074657329	0.03
0.297631463	0.0877725074657329	0.03
0.298432807	0.0877725074657329	0.03
0.29855614	0.0877725074657329	0.03
0.298682719	0.0860657350808221	0.03
0.299120783	0.0860657350808221	0.03
0.29926506	0.0860657350808221	0.03
0.300128238	0.0860657350808221	0.03
0.300638986	0.0860657350808221	0.03
0.301159527	0.0860657350808221	0.03
0.301373268	0.0860657350808221	0.03
0.302397905	0.0877725074657329	0.03
0.302406093	0.0877725074657329	0.03
0.30240618	0.0877725074657329	0.03
0.302443572	0.0877725074657329	0.03
0.302452098	0.0877725074657329	0.03
0.302493847	0.0877725074657329	0.03
0.302694303	0.0877725074657329	0.03
0.302757814	0.0877725074657329	0.03
0.302844832	0.0877725074657329	0.03
0.303037639	0.0877725074657329	0.03
0.303062807	0.0877725074657329	0.03
0.304168238	0.0860657350808221	0.03
0.305094409	0.0860657350808221	0.03
0.306047128	0.0860657350808221	0.03
0.306464617	0.0860657350808221	0.03
0.319078068	0.086910742587635	0.03
0.320217262	0.086910742587635	0.03
0.322435043	0.0860657350808221	0.03
0.322591403	0.0860657350808221	0.03
0.322777267	0.0860657350808221	0.03
0.323097253	0.0860657350808221	0.03
0.323537089	0.0860657350808221	0.03
0.323808824	0.0860657350808221	0.03
0.327195424	0.0777503538334038	0.04
0.328591896	0.0777503538334038	0.04
0.334029253	0.0777503538334038	0.04
0.343706753	0.080071217172725	0.05
0.350684009	0.0769394127343126	0.06
0.356206548	0.0757542306223444	0.06
0.356351443	0.0757542306223444	0.06
0.356437896	0.0757542306223444	0.06
0.357086112	0.0938192375858841	0.06
0.362945858	0.0724080872087726	0.07
0.363236679	0.0724080872087726	0.07
0.367161303	0.0920629083959824	0.07
0.381649088	0.0740005211704588	0.07
0.382008897	0.0740005211704588	0.07
0.389222512	0.0694340513306035	0.06
0.389299853	0.0694340513306035	0.06
0.389825341	0.0810354031467698	0.06
0.398731854	0.0712634397560386	0.05
0.403209246	0.0805250605275678	0.05
0.411578949	0.0895483435726431	0.04
0.412388288	0.0895483435726431	0.04
0.415094538	0.114707931771777	0.04
0.415772448	0.0455698497109827	0.03
0.418471182	0.0718789260145565	0.03
0.419019267	0.0713574429704105	0.03
0.423143546	0.0850323050645514	0.03
0.428769674	0.0781622688321124	0.02
0.438307149	0.0834687990632706	0.01
0.438815006	0.0834687990632706	0.01
0.440249622	0.0977023969068826	0.01
0.440316292	0.0977023969068826	0.01
0.441750067	0.0977023969068826	0.01
0.444499874	0.116297885181753	0.01
0.444770984	0.113473194974042	0.01
0.445049535	0.113473194974042	0.01
0.445117302	0.123937366138425	0.01
0.445156208	0.123937366138425	0.01
0.445185067	0.123198124539311	0.01
0.445185068	0.123198124539311	0.01
0.44525283	0.123198124539311	0.01
0.445252832	0.123198124539311	0.01
0.445252833	0.123198124539311	0.01
0.445252835	0.123198124539311	0.01
0.445305777	0.123198124539311	0.01
0.445313188	0.123198124539311	0.01
0.44531319	0.123198124539311	0.01
0.445373562	0.123198124539311	0.01
0.445479567	0.122467649270173	0.01
0.445494353	0.122467649270173	0.01
0.445540001	0.122467649270173	0.01
0.445554774	0.121032381296209	0.01
0.445578303	0.121032381296209	0.01
0.445653547	0.121032381296209	0.01
0.445675664	0.119630365068095	0.01
0.445736134	0.124617144618743	0.01
0.445857123	0.124617144618743	0.01
0.445917642	0.124617144618743	0.01
0.446038729	0.124617144618743	0.01
0.446188208	0.123903571839082	0.01
0.446319857	0.123903571839082	0.01
0.446341735	0.123903571839082	0.01
0.446351359	0.123903571839082	0.01
0.446394864	0.123903571839082	0.01
0.446395102	0.123903571839082	0.01
0.446455777	0.123903571839082	0.01
0.446465528	0.121811057478929	0.01
0.446772341	0.121811057478929	0.01
0.446888185	0.120454876192456	0.01
0.447158639	0.120454876192456	0.01
0.447533088	0.120454876192456	0.01
0.447542535	0.120454876192456	0.01
0.447876705	0.120454876192456	0.01
0.447928306	0.120454876192456	0.01
0.448701687	0.120454876192456	0.01
0.449051315	0.121129170949796	0.01
0.449552291	0.121129170949796	0.01
0.452986292	0.115612659482994	0.01
0.453102774	0.115612659482994	0.01
0.453117722	0.115612659482994	0.01
0.453312195	0.114969132613163	0.01
0.453607731	0.114969132613163	0.01
0.45367678	0.114969132613163	0.01
0.453739439	0.114969132613163	0.01
0.453802119	0.114969132613163	0.01
0.453864805	0.114969132613163	0.01
0.453864814	0.114969132613163	0.01
0.453927527	0.114969132613163	0.01
0.453952078	0.114969132613163	0.01
0.453990257	0.114969132613163	0.01
0.454131662	0.114969132613163	0.01
0.454159539	0.114969132613163	0.01
0.454278877	0.114969132613163	0.01
0.454297847	0.114969132613163	0.01
0.454379121	0.114969132613163	0.01
0.454423548	0.114969132613163	0.01
0.454543029	0.115612659482994	0.01
0.454618511	0.115612659482994	0.01
0.454637485	0.115612659482994	0.01
0.455078808	0.118941467330123	0.01
0.455180191	0.120327289356272	0.01
0.455439212	0.147031632474878	0.01
0.455550168	0.15522124997137	0.01
0.455665947	0.162776763764022	0.01
0.455678249	0.166009010295272	0.01
0.456159276	0.11232610166732	0.02
0.456455968	0.11232610166732	0.02
0.456880284	0.11232610166732	0.02
0.458022431	0.110041173538844	0.02
0.460382332	0.108387565471924	0.02
0.462114195	0.103973103019146	0.02
0.46331093	0.103973103019146	0.02
0.464728436	0.103452338536649	0.02
0.46499053	0.105567336267545	0.02
0.472596627	0.10043410516947	0.03
0.473676694	0.10043410516947	0.03
0.474072423	0.10043410516947	0.03
0.47699163	0.113703334366134	0.03
0.477096915	0.113703334366134	0.03
0.478409458	0.0971904179509814	0.04
0.479732593	0.096755830434388	0.04
0.483511101	0.0936066447520284	0.04
0.484225862	0.0936066447520284	0.04
0.486776039	0.106742399513453	0.04
0.490830832	0.0920629083959824	0.04
0.499369323	0.0985179243102481	0.05
0.508934563	0.0923510490933032	0.06
0.511690912	0.0787883904797175	0.06
0.514553924	0.0854721490193852	0.07
0.514645345	0.0854721490193852	0.07
0.514971335	0.086910742587635	0.07
0.51502476	0.086910742587635	0.07
0.515124567	0.0883985915144971	0.07
0.51682809	0.088925555730233	0.07
0.518492841	0.0882098304682597	0.07
0.518564452	0.0882098304682597	0.07
0.529143364	0.0183899421359002	0.07
0.536755919	0.062513480279588	0.07
0.539174229	0.0601250716291819	0.07
0.543234343	0.0615357024569621	0.07
0.544416783	0.062513480279588	0.07
0.546060858	0.0736276662765552	0.06
0.556645891	0.0772415254795263	0.05
0.556807604	0.0772415254795263	0.05
0.55802857	0.0757542306223444	0.05
0.559788571	0.0743231298242819	0.05
0.568776608	0.0736276662765552	0.06
0.572491616	0.0743231298242819	0.06
0.583655412	0.0772415254795263	0.06
0.586308239	0.0757542306223444	0.06
0.59079165	0.0729450973866586	0.06
0.591193432	0.0729450973866586	0.06
0.591819223	0.0729450973866586	0.06
0.593673806	0.0729450973866586	0.06
0.593673808	0.0729450973866586	0.06
0.593754277	0.0729450973866586	0.06
0.593754278	0.0729450973866586	0.06
0.59375428	0.0729450973866586	0.06
0.593824895	0.0729450973866586	0.06
0.593915284	0.0729450973866586	0.06
0.594237558	0.0729450973866586	0.06
0.594318181	0.0729450973866586	0.06
0.595015574	0.0729450973866586	0.06
0.595196772	0.0729450973866586	0.06
0.596894832	0.0736276662765552	0.06
0.597117526	0.0722750678270012	0.06
0.602148457	0.0722750678270012	0.06
0.604317115	0.0736276662765552	0.06
0.604813246	0.0757542306223444	0.06
0.604905308	0.0757542306223444	0.06
0.60490531	0.0757542306223444	0.06
0.604988853	0.0757542306223444	0.06
0.605716504	0.0757542306223444	0.06
0.605724938	0.0757542306223444	0.06
0.606824709	0.0764906489419438	0.06
0.607971158	0.0729450973866586	0.06
0.608524688	0.0729450973866586	0.06
0.608756287	0.0729450973866586	0.06
0.630942519	0.112370972913197	0.05
0.636066531	0.113367290714788	0.05
0.637260654	0.115413885229796	0.05
0.637881775	0.115413885229796	0.05
0.638075882	0.115413885229796	0.05
0.641599528	0.122022415933392	0.05
0.644129804	0.109484392956721	0.06
0.64559646	0.109484392956721	0.06
0.646569798	0.111392014640126	0.06
0.64801212	0.111392014640126	0.06
0.648110758	0.111392014640126	0.06
0.648827538	0.111392014640126	0.06
0.65703705	0.115937132052244	0.07
0.659386285	0.115937132052244	0.07
0.667472678	0.112618406990001	0.08
0.667879261	0.112618406990001	0.08
0.667879263	0.112618406990001	0.08
0.669490645	0.112618406990001	0.08
0.678915807	0.132695923264565	0.08
0.680589305	0.132695923264565	0.08
0.68060848	0.132695923264565	0.08
0.680702493	0.132695923264565	0.08
0.692614054	0.128566075795408	0.09
0.696262833	0.122177878888367	0.1
0.697379755	0.12423555278388	0.1
0.712354258	0.1163944654966	0.11
0.7123899	0.1163944654966	0.11
0.712401774	0.1163944654966	0.11
0.713541741	0.1163944654966	0.11
0.71365913	0.1163944654966	0.11
0.715653707	0.0836265075063878	0.11
0.715679053	0.0836265075063878	0.11
0.717816093	0.086910742587635	0.11
0.719314887	0.0877725074657329	0.11
0.725609694	0.0877725074657329	0.11
0.725979546	0.0877725074657329	0.11
0.726772429	0.0877725074657329	0.11
0.742183791	0.085237000870877	0.12
0.744518666	0.085237000870877	0.12
0.7500464	0.0836265075063878	0.12
0.75180067	0.085237000870877	0.12
0.763284143	0.0784393121945176	0.12
0.763387603	0.0784393121945176	0.12
0.763491091	0.0784393121945176	0.12
0.765321243	0.0757542306223444	0.12
0.766651587	0.0764081184017791	0.12
0.7676628	0.0764081184017791	0.12
0.772093843	0.0957769341699705	0.12
0.779184816	0.0836265075063878	0.11
0.779976345	0.0371384957976074	0.11
0.786383987	0.0881721749542787	0.11
0.797194853	0.0900166625413105	0.1
0.812482547	0.0895483435726431	0.08
0.817085993	0.0873125781579627	0.08
0.828284953	0.0900452029921433	0.07
0.856064956	0.0922579036100723	0.04
0.861362559	0.0905791932796343	0.03
0.864973627	0.0972608785938582	0.03
0.875213305	0.0963389464117983	0.02
0.877564409	0.0952387027214675	0.02
0.882218863	0.0924623532815716	0.01
0.88244613	0.0981667514259656	0.01
0.882485476	0.0981667514259656	0.01
0.883236842	0.103888754416164	0.01
0.883671839	0.103185592667332	0.01
0.884296127	0.10113208228758	0.01
0.885048106	0.098837279276836	0.01
0.886381245	0.0975721230200378	0.01
0.887670141	0.0982105110624456	0.01
0.888469193	0.0972996755124029	0.01
0.889014569	0.0949513838677999	0.01
0.889752182	0.0943819157197329	0.01
0.889857915	0.0943819157197329	0.01
0.890083013	0.0940997355137486	0.01
0.890218544	0.0940997355137486	0.01
0.890228158	0.0940997355137486	0.01
0.890339212	0.0929876883654421	0.01
0.890354074	0.0929876883654421	0.01
0.890354075	0.0929876883654421	0.01
0.890407894	0.0929876883654421	0.01
0.890419078	0.0929876883654421	0.01
0.890459913	0.0929876883654421	0.01
0.890474761	0.0929876883654421	0.01
0.890489605	0.0929876883654421	0.01
0.890489606	0.0929876883654421	0.01
0.890506418	0.0929876883654421	0.01
0.890580647	0.0929876883654421	0.01
0.890595481	0.0929876883654421	0.01
0.89061031	0.0929876883654421	0.01
0.890610311	0.0929876883654421	0.01
0.89068659	0.0929876883654421	0.01
0.890701414	0.0929876883654421	0.01
0.890716233	0.0929876883654421	0.01
0.890731048	0.0929876883654421	0.01
0.890731049	0.0929876883654421	0.01
0.890737499	0.0929876883654421	0.01
0.890822213	0.0929876883654421	0.01
0.890837018	0.0929876883654421	0.01
0.890851819	0.0929876883654421	0.01
0.890957836	0.0929876883654421	0.01
0.890972623	0.0929876883654421	0.01
0.891093459	0.0924414633144213	0.01
0.89119957	0.0924414633144213	0.01
0.891214328	0.0924414633144213	0.01
0.89133523	0.0924414633144213	0.01
0.891382479	0.0924414633144213	0.01
0.891441435	0.0924414633144213	0.01
0.891456164	0.0924414633144213	0.01
0.89149835	0.0924414633144213	0.01
0.891577132	0.0916340529550961	0.01
0.891686849	0.0916340529550961	0.01
0.891698132	0.0916340529550961	0.01
0.891793338	0.0916340529550961	0.01
0.892182462	0.0913680413608001	0.01
0.892215798	0.0913680413608001	0.01
0.892245091	0.0919016180201211	0.01
0.89229733	0.0919016180201211	0.01
0.892307805	0.0919016180201211	0.01
0.89273031	0.0938192375858841	0.01
0.892924751	0.0961823902810137	0.01
0.892951888	0.0958982116174059	0.01
0.89308003	0.0958982116174059	0.01
0.893142511	0.0958982116174059	0.01
0.893172464	0.0958982116174059	0.01
0.893320622	0.0964682581843775	0.01
0.893395592	0.0964682581843775	0.01
0.894189143	0.0956157072646756	0.01
0.89422449	0.0950556626507545	0.01
0.894232534	0.0950556626507545	0.01
0.894332391	0.0953348624693422	0.01
0.894482721	0.0953348624693422	0.01
0.894511483	0.0947780933985675	0.01
0.894690708	0.0936838396700021	0.01
0.894906463	0.0936838396700021	0.01
0.894970751	0.0936838396700021	0.01
0.895081202	0.094502140470263	0.01
0.895086463	0.094502140470263	0.01
0.89539422	0.094502140470263	0.01
0.895524497	0.0996587571130794	0.01
0.895638516	0.0996587571130794	0.01
0.896329745	0.0985179243102482	0.01
0.896396617	0.0988006768156938	0.01
0.89685771	0.0976792944709002	0.01
0.896928207	0.0974029150149352	0.01
0.89693811	0.0974029150149352	0.01
0.897197773	0.100698780666148	0.01
0.897282137	0.102192410843162	0.01
0.897316929	0.101650791542919	0.01
0.898155973	0.0987283305048413	0.01
0.898455429	0.0970698228033144	0.01
0.898485328	0.097274082581505	0.01
0.898755243	0.0954661160666385	0.01
0.89889623	0.0944904334325371	0.01
0.899310528	0.0929701559496002	0.01
0.899325427	0.0929701559496002	0.01
0.899974537	0.0918616689176807	0.01
0.900274359	0.0924125884836096	0.01
0.900307304	0.0924125884836096	0.01
0.901007608	0.0798545196180481	0.01
0.90151373	0.072816516608158	0.01
0.901568195	0.072816516608158	0.01
0.901947653	0.0738580367880149	0.01
0.902860993	0.0685312774448859	0.01
0.902919093	0.0685312774448859	0.01
0.902932441	0.0690376269740652	0.01
0.903876527	0.0592200402296861	0.01
0.904039961	0.0587776654319226	0.01
0.904220945	0.0589980235966231	0.01
0.904508173	0.0605880405746718	0.01
0.904513058	0.0608222090606975	0.01
0.905424433	0.0612960186026283	0.01
0.906154318	0.0622661342562813	0.01
0.906197141	0.0620207378585246	0.01
0.906210372	0.0620207378585246	0.01
0.906508268	0.062513480279588	0.01
0.906786831	0.0622661342562813	0.01
0.906922556	0.0622661342562813	0.01
0.906983581	0.0630141148834468	0.01
0.907060652	0.0630141148834468	0.01
0.90712089	0.0630141148834468	0.01
0.907185931	0.0630141148834468	0.01
0.907198748	0.0635228328127474	0.01
0.907199842	0.0635228328127474	0.01
0.907298438	0.0595487039632907	0.01
0.907311244	0.0595487039632907	0.01
0.907324045	0.059790032777952	0.01
0.907336843	0.059790032777952	0.01
0.907336844	0.059790032777952	0.01
0.907436592	0.059790032777952	0.01
0.907449378	0.059790032777952	0.01
0.90746216	0.059790032777952	0.01
0.907536422	0.059790032777952	0.01
0.9075492	0.059790032777952	0.01
0.907574745	0.059790032777952	0.01
0.907587512	0.059790032777952	0.01
0.907674633	0.059790032777952	0.01
0.907712898	0.059790032777952	0.01
0.907951053	0.059790032777952	0.01
0.907963773	0.059790032777952	0.01
0.907963774	0.059790032777952	0.01
0.908076559	0.059790032777952	0.01
0.908089263	0.059790032777952	0.01
0.908089264	0.059790032777952	0.01
0.908151307	0.059790032777952	0.01
0.908189407	0.0602786064555361	0.01
0.908202099	0.0602786064555361	0.01
0.908214789	0.0602786064555361	0.01
0.908289632	0.0600333255843308	0.01
0.908453284	0.0600333255843308	0.01
0.908566283	0.0610266241638302	0.01
0.908578929	0.0610266241638302	0.01
0.908691978	0.0610266241638302	0.01
0.908729307	0.0610266241638302	0.01
0.908816452	0.0617934399557212	0.01
0.908830322	0.0617934399557212	0.01
0.908855181	0.0617934399557212	0.01
0.909094444	0.0620533455623251	0.01
0.909195105	0.0620533455623251	0.01
0.909207673	0.0620533455623251	0.01
0.909270732	0.0620533455623251	0.01
0.909346075	0.0625797714571566	0.01
0.90938549	0.0625797714571566	0.01
0.909446878	0.0625797714571566	0.01
0.909620416	0.0625797714571566	0.01
0.909896599	0.0625797714571566	0.01
0.909914657	0.0625797714571566	0.01
0.909925885	0.0625797714571566	0.01
0.910014581	0.0628463480996846	0.01
0.910051995	0.0628463480996846	0.01
0.910267	0.0628463480996846	0.01
0.910467776	0.0639357595644639	0.01
0.911062134	0.0644947524483775	0.01
0.91113001	0.0644947524483775	0.01
0.911404622	0.0644947524483775	0.01
0.911747931	0.0653518126872456	0.01
0.912488931	0.0642140395001584	0.01
0.912811242	0.0718480396413672	0.01
0.912967277	0.0684998771038322	0.01
0.913139907	0.0684998771038322	0.01
0.913244462	0.0684998771038322	0.01
0.913751419	0.0684998771038322	0.01
0.914018042	0.0691014472591047	0.01
0.914696902	0.071944647809628	0.01
0.914870556	0.071944647809628	0.01
0.914968567	0.071944647809628	0.01
0.914983658	0.071944647809628	0.01
0.915026039	0.071944647809628	0.01
0.915269563	0.071944647809628	0.01
0.916163647	0.064114376156183	0.01
0.916688985	0.0650226411574307	0.01
0.916912552	0.0659570094989225	0.01
0.917248255	0.0529263278200399	0.01
0.918238351	0.0631628899874725	0.02
0.918483627	0.0634023969160803	0.02
0.922071236	0.0683249329492443	0.02
0.922455062	0.0683249329492443	0.02
0.922763582	0.0683249329492443	0.02
0.922787758	0.0683249329492443	0.02
0.924627878	0.0679086906210359	0.02
0.927872541	0.025016207871803	0.02
0.929379518	0.0602062572126615	0.03
0.93064775	0.0608637209379516	0.03
0.93220206	0.0617630058920154	0.03
0.934071327	0.0596691243610132	0.03
0.93534835	0.0610581946589632	0.03
0.938770844	0.013954453658347	0.03
0.941112169	0.0172604093730072	0.03
0.942896738	0.0191043427053657	0.03
0.944027825	0.0506439703925534	0.04
0.948845214	0.0317445632271676	0.04
0.949342587	0.0339350852819402	0.04
0.953473419	0.0443373193884393	0.04
0.955603107	0.0487307287119297	0.04
0.956018846	0.0487307287119297	0.04
0.956296714	0.0492184369057765	0.04
0.956766863	0.0561617755823103	0.05
0.95679317	0.0567334538996814	0.05
0.956793172	0.0567334538996814	0.05
0.957016096	0.0575140448994594	0.05
0.957486775	0.0288009677869628	0.05
0.958321379	0.0291135563652831	0.05
0.959857154	0.0356574561486034	0.05
0.960819071	0.038146771904409	0.05
0.964446178	0.0459960635933918	0.05
0.964458654	0.0459960635933918	0.05
0.966290332	0.0492184369057765	0.05
0.966653906	0.0492184369057765	0.05
0.966980911	0.0561617755823103	0.06
0.966980912	0.0561617755823103	0.06
0.967144414	0.0507419476956018	0.06
0.967297223	0.0463629830136667	0.06
0.967297226	0.0463629830136667	0.06
0.967302571	0.0465317068086335	0.06
0.967302572	0.0465317068086335	0.06
0.96746078	0.0262397588978113	0.06
0.96761904	0.0296697693325432	0.06
0.967772081	0.0301241271235344	0.06
0.967925221	0.0301241271235344	0.06
0.967935716	0.0301241271235344	0.06
0.968083686	0.0258943494733408	0.06
0.968088909	0.0258943494733408	0.06
0.968237002	0.0281149081981978	0.06
0.968861479	0.030945544774584	0.06
0.969035555	0.030945544774584	0.06
0.969666194	0.0325859368407241	0.06
0.970292984	0.0344099748449985	0.06
0.973457204	0.0367225111816724	0.06
0.973766743	0.0369987910462331	0.06
0.974203145	0.0367225111816724	0.06
0.97801719	0.038146771904409	0.06
0.981915796	0.0289422173017041	0.05
0.985118954	0.0275891535505274	0.05
0.9860103	0.0273335817108358	0.05
1.019804062	0.0342303418198956	0.07
1.022530753	0.0339350852819402	0.07
1.023898132	0.0345307812869241	0.07
1.027349785	0.0389782330580704	0.07
1.029078227	0.0336448787027025	0.08
1.029271857	0.0336448787027025	0.08
1.029637844	0.0339350852819402	0.08
1.029659545	0.0339350852819402	0.08
1.030392053	0.0339350852819402	0.08
1.030397618	0.0339350852819402	0.08
1.030958443	0.0339350852819402	0.08
1.031720423	0.0339350852819402	0.08
1.032104884	0.0339350852819402	0.08
1.033463082	0.0312404181485117	0.08
1.034014818	0.0317445632271676	0.08
1.034376329	0.031490473046056	0.08
1.034854243	0.031490473046056	0.08
1.035677928	0.0317445632271676	0.08
1.036124234	0.0322652465672943	0.08
1.038905957	0.0357871971891096	0.08
1.039046839	0.0357871971891096	0.08
1.041709188	0.0371384957976074	0.08
1.044012776	0.0371384957976074	0.08
1.056246636	0.0364503268459301	0.09
1.06860264	0.0342303418198956	0.11
1.088762574	0.0412967203491363	0.13
1.091073782	0.0424859591333781	0.13
1.112743253	0.0573496554687746	0.13
1.113082372	0.0573496554687746	0.13
1.113233383	0.0573496554687746	0.13
1.11414031	0.056797692944826	0.13
1.116382888	0.0292289139111305	0.13
1.125633627	0.0292289139111305	0.12
1.127882011	0.0281149081981978	0.12
1.137302108	0.0292289139111305	0.11
1.162829766	0.0254477052662632	0.14
1.183360064	0.0196776614987266	0.16
1.187305519	0.0252301117854061	0.15
1.192009701	0.0254477052662632	0.15
1.192075895	0.0254477052662632	0.15
1.192725439	0.0252301117854061	0.15
1.203309389	0.0263569522869146	0.14
1.208724051	0.0180524101852988	0.13
1.208769953	0.0180524101852988	0.13
1.209751115	0.0180524101852988	0.13
1.209825949	0.0180524101852988	0.13
1.210085375	0.0180524101852988	0.13
1.212614931	0.0178882482946544	0.13
1.224141399	0.0178882482946544	0.12
1.22465873	0.0178882482946544	0.12
1.225416562	0.0178882482946544	0.12
1.226416878	0.0178882482946544	0.12
1.226767373	0.0178882482946544	0.12
1.243346642	0.0194827697194222	0.11
1.245566855	0.0194827697194222	0.11
1.246668032	0.0194827697194222	0.11
1.265568721	0.0410097409828741	0.1
1.268447511	0.0400088344817618	0.1
1.270060331	0.0384449850737418	0.1
1.270604589	0.0194827697194222	0.09
1.275739262	0.0410097409828741	0.09
1.278899002	0.0410097409828741	0.09
1.293113698	0.0295213472821912	0.08
1.297280078	0.0292289139111305	0.08
1.302603198	0.0289422173017041	0.08
1.303502827	0.0289422173017041	0.08
1.325958837	0.0492184369057765	0.1
1.33510162	0.0473239226672373	0.11
1.335508208	0.0477837452019776	0.11
1.335711503	0.0477837452019776	0.11
1.335892556	0.0477837452019776	0.11
1.336051433	0.0477837452019776	0.11
1.33625481	0.0477837452019776	0.11
1.33638917	0.0477837452019776	0.11
1.336413828	0.0477837452019776	0.11
1.336595099	0.0492184369057765	0.11
1.336665633	0.0492184369057765	0.11
1.336979907	0.0509170688463342	0.12
1.337117106	0.0509170688463342	0.12
1.337161305	0.0509170688463342	0.12
1.337524247	0.0509170688463342	0.12
1.337777279	0.0509170688463342	0.12
1.337887386	0.0509170688463342	0.12
1.342315002	0.0573496554687746	0.11
1.343443085	0.0573496554687746	0.11
1.346883901	0.0552037648321381	0.11
1.350085516	0.0552037648321381	0.11
1.360533959	0.0584864024254076	0.1
1.360774481	0.0584864024254076	0.1
1.360981621	0.0584864024254076	0.1
1.36116959	0.0584864024254076	0.1
1.361338457	0.0584864024254076	0.1
1.36135761	0.0584864024254076	0.1
1.362110213	0.0584864024254076	0.1
1.362279458	0.0584864024254076	0.1
1.365659238	0.0590718439444338	0.1
1.368077892	0.0590718439444338	0.1
1.369020462	0.0584864024254076	0.11
1.369707356	0.0584864024254076	0.11
1.373967278	0.0584864024254076	0.11
1.379222918	0.056797692944826	0.11
1.38563755	0.0590718439444338	0.11
1.430594094	0.0573496554687746	0.1
1.448119954	0.0546921515756833	0.12
1.450462129	0.0536968562877514	0.12
1.450928234	0.0536968562877514	0.12
1.454003033	0.0536968562877514	0.12
1.45657643	0.0536968562877514	0.13
1.484067531	0.0536968562877514	0.15
1.484117024	0.0536968562877514	0.15
1.485917469	0.0527371385946267	0.16
1.488337206	0.0536968562877514	0.16
1.494140559	0.0527371385946267	0.16
1.511964569	0.0527371385946267	0.18
1.512194724	0.0527371385946267	0.18
1.513239565	0.0527371385946267	0.18
1.515375804	0.0532126705433238	0.18
1.517647523	0.0522700304941397	0.19
1.519065464	0.0522700304941397	0.19
1.558319819	0.12982310084229	0.23
1.558531046	0.12982310084229	0.23
1.561070241	0.125290601382545	0.22
1.56916589	0.153011660243501	0.22
1.652341299	0.168397479350843	0.14
1.707257935	0.183939316726738	0.09
1.730827961	0.201205990970624	0.06
1.75282717	0.195492873785699	0.04
1.77861633	0.192104359153323	0.02
1.780115455	0.190413869754081	0.02
1.780627841	0.190413869754081	0.02
1.780657572	0.190413869754081	0.02
1.780839524	0.207263082755931	0.01
1.780928629	0.207263082755931	0.01
1.78092863	0.207263082755931	0.01
1.781081012	0.207263082755931	0.01
1.781140367	0.207263082755931	0.01
1.781170031	0.207263082755931	0.01
1.781170032	0.207263082755931	0.01
1.781381862	0.207263082755931	0.01
1.781411499	0.207263082755931	0.01
1.781623424	0.207263082755931	0.01
1.781653031	0.207263082755931	0.01
1.781894629	0.207263082755931	0.01
1.782136293	0.207263082755931	0.01
1.782378022	0.199264874048672	0.01
1.782531315	0.199264874048672	0.01
1.782590324	0.199264874048672	0.01
1.782619816	0.199264874048672	0.01
1.783044725	0.199264874048672	0.01
1.783345594	0.199264874048672	0.01
1.783587651	0.199264874048672	0.01
1.783925287	0.199264874048672	0.01
1.784013316	0.199264874048672	0.01
1.784314217	0.199264874048672	0.01
1.784506241	0.199264874048672	0.01
1.784933025	0.197360852756028	0.01
1.785009515	0.197360852756028	0.01
1.785988286	0.199177530978927	0.01
1.786357195	0.199177530978927	0.01
1.788780487	0.193825133665132	0.01
1.788872102	0.193825133665132	0.01
1.78918715	0.193825133665132	0.01
1.789358594	0.193825133665132	0.01
1.790033715	0.192104359153323	0.01
1.790737455	0.195492873785699	0.01
1.792147241	0.204189627268824	0.02
1.794856772	0.165529669140439	0.02
1.795060195	0.157784578021266	0.02
1.795172249	0.150731872063722	0.02
1.796645824	0.135971724115854	0.02
1.796669094	0.135971724115854	0.02
1.796696941	0.135971724115854	0.02
1.799436111	0.143891787276756	0.02
1.809599251	0.0562562538790605	0.02
1.812688451	0.0746050079068069	0.03
1.813215031	0.0751752274065733	0.03
1.813240824	0.0751752274065733	0.03
1.813716026	0.0769394127343126	0.03
1.813793197	0.0769394127343126	0.03
1.814069384	0.0775460201487073	0.03
1.814345569	0.070336852431421	0.03
1.814621756	0.0630141148834468	0.03
1.814621757	0.0630141148834468	0.03
1.814846808	0.0630141148834468	0.03
1.814872379	0.0630141148834468	0.03
1.815039963	0.0650994928643756	0.03
1.815123071	0.0650994928643756	0.03
1.815288509	0.0650994928643756	0.03
1.815322808	0.0650994928643756	0.03
1.815624663	0.0650994928643756	0.03
1.815875562	0.0650994928643756	0.03
1.816101116	0.0574293842299389	0.03
1.816374833	0.0579124512639978	0.03
1.816377569	0.0579124512639978	0.03
1.81637757	0.0579124512639978	0.03
1.816628678	0.0569543093763142	0.03
1.816879855	0.0569543093763142	0.03
1.817382419	0.0569543093763142	0.03
1.817633804	0.0569543093763142	0.03
1.818036082	0.0569543093763142	0.03
1.819410514	0.0604550377982895	0.03
1.819581019	0.0604550377982895	0.03
1.82134289	0.0620906535192375	0.03
1.822065256	0.0620906535192375	0.03
1.823267442	0.0644142986241048	0.03
1.823345161	0.0644142986241048	0.03
1.824280416	0.0644142986241048	0.03
1.824985083	0.0650226411574307	0.03
1.828939845	0.0584037138678806	0.04
1.830016016	0.0594116744446367	0.04
1.835137623	0.0552037648321381	0.04
1.837659261	0.056797692944826	0.04
1.839735229	0.0573496554687746	0.04
1.844053766	0.0573496554687746	0.04
1.846490238	0.0573496554687746	0.04
1.860714054	0.0389782330580704	0.05
1.876458705	0.0518111243696638	0.07
1.877534086	0.0518111243696638	0.07
1.917919203	0.0492184369057765	0.11
1.932723098	0.0472481445913946	0.12
1.933588634	0.0500533456463329	0.12
1.93486401	0.0601250716291819	0.13
1.937910579	0.0596691243610132	0.13
1.938309591	0.0596691243610132	0.13
1.940502926	0.0454295283144238	0.13
1.945075766	0.0646832618905187	0.14
1.956133657	0.0646832618905187	0.15
1.95745413	0.0646832618905187	0.15
1.959079535	0.0646832618905187	0.15
1.961031557	0.0510428972685529	0.15
2.039242563	0.0815522558080187	0.23
2.045755957	0.101284785481511	0.23
2.04617014	0.103217348003447	0.23
2.049316864	0.079523419549798	0.24
2.057190684	0.079523419549798	0.25
2.057670659	0.079523419549798	0.25
2.058434493	0.079523419549798	0.25
2.067556414	0.079523419549798	0.26
2.077371996	0.079523419549798	0.27
2.077653506	0.079523419549798	0.27
2.07768814	0.079523419549798	0.27
2.112854786	0.0672752894830249	0.3
2.114638141	0.0796585371503136	0.3
2.117539144	0.0780668246086684	0.31
2.119081815	0.0780668246086684	0.31
2.130868897	0.0668595458129338	0.32
2.21647999	0.102241935302534	0.4
2.225736601	0.0958982116174059	0.41
2.22607531	0.096755830434388	0.41
2.226678687	0.104211551315762	0.41
2.226980498	0.106258544361198	0.41
2.230993963	0.0668595458129338	0.42
2.244892022	0.171105453381321	0.43
2.268175967	0.223388300409306	0.41
2.273953022	0.225438664415719	0.4
2.283420782	0.232798531412154	0.39
2.287430653	0.233659786676682	0.39
2.396315913	0.293580044282131	0.29
2.401471639	0.293580044282131	0.29
2.65353762	0.258074506811876	0.07
2.664122924	0.258074506811876	0.06
2.669724846	0.236661662800645	0.06
2.670697515	0.236661662800645	0.06
2.67074212	0.236661662800645	0.06
2.670831293	0.236661662800645	0.06
2.671193019	0.236661662800645	0.06
2.671193179	0.236661662800645	0.06
2.671237545	0.236661662800645	0.06
2.671237705	0.236661662800645	0.06
2.671599486	0.236661662800645	0.06
2.671599646	0.236661662800645	0.06
2.671872794	0.253989065880328	0.05
2.671961685	0.253989065880328	0.05
2.672323822	0.246904696522957	0.05
2.672686057	0.258074506811876	0.05
2.67300408	0.258074506811876	0.05
2.674201502	0.258074506811876	0.05
2.674640938	0.258074506811876	0.05
2.674817434	0.258074506811876	0.05
2.67498819	0.258074506811876	0.05
2.675906626	0.255760419309024	0.05
2.677404052	0.251254549890773	0.05
2.679543675	0.236661662800645	0.05
2.68050645	0.236661662800645	0.05
2.681604422	0.236661662800645	0.05
2.700424629	0.227839695969587	0.03
2.703341222	0.238908222723185	0.04
2.714352711	0.222921660060801	0.05
2.716197088	0.222921660060801	0.05
2.720992773	0.220280072513418	0.05
2.721339166	0.233242719034872	0.06
2.721753239	0.233242719034872	0.06
2.722090639	0.233242719034872	0.06
2.72212898	0.233242719034872	0.06
2.722504826	0.233242719034872	0.06
2.725138453	0.219370246170669	0.06
2.727362573	0.219370246170669	0.06
2.728042156	0.219370246170669	0.06
2.728457177	0.219370246170669	0.06
2.733911556	0.231413461749207	0.07
2.734951629	0.219370246170669	0.07
2.742221604	0.231413461749207	0.08
2.744776734	0.219370246170669	0.08
2.758261585	0.219370246170669	0.09
2.767264537	0.219370246170669	0.1
2.784781798	0.209363975829105	0.12
2.884109016	0.216156189916887	0.22
2.885327778	0.204695524229799	0.22
2.893176138	0.214584222491268	0.23
2.901070252	0.201861461401606	0.23
3.017087015	0.203185298275321	0.35
3.091199805	0.202038664527371	0.42
3.116832706	0.206727743550929	0.45
3.479484296	0.136646388937796	0.77
3.557717034	0.136646388937796	0.850000000000001
3.560201153	0.136646388937796	0.850000000000001
3.561648443	0.136646388937796	0.850000000000001
3.563861522	0.136646388937796	0.850000000000001
3.565454716	0.136646388937796	0.860000000000001
3.571210711	0.136646388937796	0.860000000000001
3.571812505	0.136646388937796	0.860000000000001
3.572123566	0.136646388937796	0.860000000000001
3.572497766	0.136646388937796	0.860000000000001
3.575584373	0.133987118532714	0.870000000000001
3.62901857	0.159305777369462	0.910000000000001
3.62939674	0.159305777369462	0.910000000000001
3.6300627	0.159305777369462	0.910000000000001
3.630972932	0.159305777369462	0.910000000000001
3.631023885	0.16569565726762	0.910000000000001
3.633483005	0.175802942203956	0.910000000000001
3.707141358	0.177566189565448	0.980000000000001
3.778072999	0.158086489312207	1.06
3.82876748	0.155703061831993	1.11
3.963711323	0.170717232303487	1.24
4.078052931	0.197360852756028	1.35
4.442577106	0.181015695834968	1.72
4.452121847	0.190413869754081	1.73
4.45272527	0.181015695834968	1.73
4.453932605	0.181015695834968	1.73
4.459832487	0.164376999149965	1.74
4.464002998	0.181015695834968	1.74
4.475601202	0.182696885516517	1.75
4.478685952	0.162022396692074	1.76
4.480518943	0.162022396692074	1.76
4.536342962	0.185600072449752	1.8
4.536969429	0.185600072449752	1.8
4.537444354	0.185600072449752	1.8
4.773228095	0.187461888897762	1.89
4.895921957	0.187461888897762	2.02
5.341769851	0.208363532217599	2.08
5.342582978	0.208363532217599	2.08
5.445157132	0.208363532217599	1.97
6.234722781	0.144991660516518	2.60999999999999
6.244676548	0.144991660516518	2.61999999999999
6.35095118	0.144991660516518	2.72999999999999
6.358499262	0.144991660516518	2.72999999999999
7	0.177566189565448	2.92999999999998
