thrs	post_p	finalwindow
0	0.152124751044061	0.23
0.03256001	0.152124751044061	0.2
0.070216248	0.147874607991023	0.17
0.082355146	0.136438898193476	0.17
0.089689176	0.122256995618026	0.17
0.106977596	0.122256995618026	0.15
0.113424721	0.120861140088886	0.16
0.115659216	0.120861140088886	0.16
0.123778241	0.119496798797229	0.17
0.127200542	0.0983932599836915	0.17
0.127695348	0.0998272655153148	0.17
0.129609166	0.1130195512056	0.17
0.148427326	0.107923047587008	0.15
0.148447444	0.115874507388012	0.15
0.151339737	0.110301894974832	0.15
0.155752372	0.134883390853683	0.15
0.161204767	0.110301894974832	0.14
0.172569069	0.111916575490532	0.13
0.178140913	0.108847815467955	0.12
0.181486035	0.110301894974832	0.12
0.191788381	0.111193141163888	0.11
0.194681585	0.13765282682537	0.11
0.205298456	0.138601418423589	0.1
0.206482242	0.13765282682537	0.1
0.222049977	0.0702969006496414	0.08
0.222622275	0.0777553276179452	0.08
0.22265244	0.0777553276179452	0.08
0.222656148	0.0777553276179452	0.08
0.222686318	0.0777553276179452	0.08
0.222716495	0.0771258681401128	0.08
0.222812147	0.100257020928077	0.08
0.222924291	0.107711866765375	0.08
0.223196808	0.107711866765375	0.08
0.226694446	0.106051714375093	0.08
0.226728961	0.106051714375093	0.08
0.226867021	0.106051714375093	0.08
0.226923294	0.106051714375093	0.08
0.226957829	0.106051714375093	0.08
0.227081991	0.106051714375093	0.08
0.227177477	0.106051714375093	0.08
0.237068117	0.085654795499262	0.07
0.241897099	0.0849672784761282	0.07
0.242875367	0.0817589612329866	0.06
0.249436037	0.0797069010201918	0.06
0.254481698	0.083919474468752	0.05
0.256228734	0.0846652454548143	0.05
0.256259656	0.0846652454548143	0.05
0.256650521	0.0861972718365418	0.05
0.272151172	0.0854243902439024	0.05
0.287097646	0.0854243902439024	0.06
0.296044019	0.0920255108475507	0.05
0.296834617	0.0920255108475507	0.05
0.296839561	0.0920255108475507	0.05
0.296839653	0.0920255108475507	0.05
0.296879772	0.0920255108475507	0.05
0.29691506	0.0920255108475507	0.05
0.296919994	0.0920255108475507	0.05
0.296960227	0.0920255108475507	0.05
0.297161557	0.0920255108475507	0.05
0.297207868	0.0920255108475507	0.05
0.29723727	0.0920255108475507	0.05
0.297242165	0.0920255108475507	0.05
0.297631463	0.0920255108475507	0.05
0.298062423	0.0920255108475507	0.05
0.298432807	0.0920255108475507	0.05
0.29855614	0.0920255108475507	0.05
0.29926506	0.0920255108475507	0.05
0.299931082	0.0929230830696854	0.05
0.300128238	0.0929230830696854	0.05
0.300638986	0.0929230830696854	0.05
0.301373268	0.0929230830696854	0.05
0.302397905	0.0920255108475507	0.05
0.302406093	0.0920255108475507	0.05
0.30240618	0.0920255108475507	0.05
0.302443572	0.0920255108475507	0.05
0.302452098	0.0920255108475507	0.05
0.302493847	0.0920255108475507	0.05
0.302531356	0.0920255108475507	0.05
0.302694303	0.0920255108475507	0.05
0.302757814	0.0920255108475507	0.05
0.302844832	0.0920255108475507	0.05
0.303998368	0.0920255108475507	0.05
0.306047128	0.0831867269634263	0.06
0.307314933	0.0790455818972384	0.06
0.319078068	0.0861972718365418	0.05
0.322066605	0.0861972718365418	0.05
0.322435043	0.0869842664902656	0.05
0.323097253	0.0929230830696854	0.04
0.323165924	0.0929230830696854	0.04
0.323808824	0.0929230830696854	0.04
0.328591896	0.0877857643303838	0.04
0.330254195	0.0877857643303838	0.04
0.333944256	0.0877857643303838	0.04
0.334029253	0.0877857643303838	0.04
0.338071632	0.083919474468752	0.05
0.340262381	0.0824666647460714	0.05
0.343625259	0.0824666647460714	0.05
0.343706753	0.0824666647460714	0.05
0.345554528	0.0817589612329866	0.05
0.351815198	0.0817589612329866	0.06
0.356200611	0.0797069010201918	0.06
0.356206548	0.0797069010201918	0.06
0.356351443	0.0797069010201918	0.06
0.357959666	0.0758970363587044	0.07
0.360733393	0.0758970363587044	0.07
0.362945858	0.0758970363587044	0.07
0.363936107	0.0758970363587044	0.07
0.366130409	0.0765065182574943	0.07
0.367161303	0.0886021699948333	0.07
0.386863037	0.0670582382130865	0.06
0.386909127	0.0670582382130865	0.06
0.387745392	0.0637538689455956	0.06
0.389222512	0.0617261201329815	0.06
0.389299853	0.0617261201329815	0.06
0.395214438	0.0772362076107737	0.06
0.412388288	0.0752971884706049	0.04
0.415094538	0.0886506670089633	0.04
0.415772448	0.0708853140079594	0.03
0.416416237	0.0864817985817461	0.03
0.418471182	0.0822079049067119	0.03
0.419019267	0.0816315908391576	0.03
0.438815006	0.0891296542380912	0.01
0.440316292	0.0852160039370529	0.01
0.441750067	0.0845969008092384	0.01
0.445049535	0.0915831959244948	0.01
0.445117302	0.0967533344457201	0.01
0.445156208	0.0967533344457201	0.01
0.445185067	0.0967533344457201	0.01
0.445185068	0.0967533344457201	0.01
0.445245414	0.0967533344457201	0.01
0.44525283	0.0967533344457201	0.01
0.445252832	0.0967533344457201	0.01
0.445252835	0.0967533344457201	0.01
0.445305777	0.0967533344457201	0.01
0.445313187	0.0967533344457201	0.01
0.445313188	0.0967533344457201	0.01
0.44531319	0.0967533344457201	0.01
0.445373562	0.0967533344457201	0.01
0.445479567	0.0967533344457201	0.01
0.445494353	0.0967533344457201	0.01
0.445540001	0.0967533344457201	0.01
0.445554774	0.0962359250504324	0.01
0.445578303	0.0962359250504324	0.01
0.445615211	0.0962359250504324	0.01
0.445736134	0.0997322641767324	0.01
0.445849774	0.113865642641862	0.01
0.445917642	0.113865642641862	0.01
0.445970843	0.113865642641862	0.01
0.446319857	0.113865642641862	0.01
0.446341735	0.113865642641862	0.01
0.446351359	0.113865642641862	0.01
0.446395102	0.113865642641862	0.01
0.446633323	0.113285376374856	0.01
0.446967543	0.112710994266468	0.01
0.447158639	0.112710994266468	0.01
0.447533088	0.112710994266468	0.01
0.447542535	0.112710994266468	0.01
0.447649603	0.112142407266218	0.01
0.447928306	0.112142407266218	0.01
0.448791313	0.115697380109772	0.01
0.449051315	0.117447819682451	0.01
0.449715173	0.116858484196643	0.01
0.451750007	0.118043129518612	0.01
0.452986292	0.107375691133809	0.01
0.453102774	0.107375691133809	0.01
0.453312195	0.106833858751244	0.01
0.453607731	0.106833858751244	0.01
0.453670383	0.106833858751244	0.01
0.45367678	0.106833858751244	0.01
0.453739439	0.106833858751244	0.01
0.453782962	0.106833858751244	0.01
0.453789353	0.106833858751244	0.01
0.453802119	0.106833858751244	0.01
0.453864814	0.106833858751244	0.01
0.453952078	0.106833858751244	0.01
0.453990257	0.106833858751244	0.01
0.454053004	0.106833858751244	0.01
0.454115767	0.106833858751244	0.01
0.454159539	0.106833858751244	0.01
0.454172215	0.106833858751244	0.01
0.454266222	0.106833858751244	0.01
0.454291524	0.106833858751244	0.01
0.454297847	0.106833858751244	0.01
0.454379121	0.106833858751244	0.01
0.454423548	0.106833858751244	0.01
0.454637485	0.106833858751244	0.01
0.455078808	0.107375691133809	0.01
0.455550168	0.130205526903241	0.01
0.455665947	0.140049075321586	0.01
0.455678249	0.140049075321586	0.01
0.455755613	0.141385166582448	0.01
0.455804735	0.141385166582448	0.01
0.456455968	0.109188036296874	0.02
0.456880284	0.109188036296874	0.02
0.45760535	0.107673559014589	0.02
0.458619789	0.107673559014589	0.02
0.458664131	0.107673559014589	0.02
0.459124851	0.109188036296874	0.02
0.460382332	0.109702374124858	0.02
0.462114195	0.10073404593113	0.02
0.46331093	0.10073404593113	0.02
0.46499053	0.0970402881611266	0.02
0.472596627	0.0944429823303583	0.03
0.474072423	0.0944429823303583	0.03
0.47699163	0.10337213316407	0.03
0.477096915	0.10337213316407	0.03
0.479732593	0.0934200872027012	0.04
0.479936634	0.0934200872027012	0.04
0.483511101	0.086353529442068	0.04
0.483671852	0.086353529442068	0.04
0.483988273	0.086353529442068	0.04
0.484225862	0.086353529442068	0.04
0.484458594	0.086353529442068	0.04
0.484927676	0.086353529442068	0.04
0.485802156	0.098262782241774	0.04
0.486776039	0.0871289029616245	0.04
0.489424331	0.0989787137117181	0.04
0.499369323	0.1013647401173	0.05
0.50407637	0.0861618375781069	0.06
0.508934563	0.0918889595691161	0.06
0.511690912	0.095724020136179	0.06
0.514553924	0.0826455091083733	0.06
0.514971335	0.0834600028146697	0.06
0.51502476	0.0834600028146697	0.06
0.516063638	0.0887672767364518	0.07
0.51682809	0.0805885842403739	0.07
0.518492841	0.0856015148086131	0.07
0.518564452	0.0856015148086131	0.07
0.520735072	0.0894985300617224	0.07
0.534308248	0.0364288686033137	0.06
0.534453117	0.0364288686033137	0.06
0.534888196	0.0364288686033137	0.06
0.536755919	0.0343596223423876	0.06
0.539174229	0.0349264524727408	0.06
0.543234343	0.0355122982792572	0.06
0.544416783	0.0370666608230705	0.06
0.546060858	0.0406227519286337	0.05
0.55657045	0.0563883741122312	0.05
0.556645891	0.0563883741122312	0.05
0.556807604	0.0563883741122312	0.05
0.55802857	0.0559625121999269	0.05
0.559788571	0.0563883741122312	0.05
0.562444529	0.0568207671483038	0.05
0.568776608	0.0653381207806231	0.04
0.572491616	0.0653381207806231	0.04
0.574371638	0.047989095321795	0.04
0.57444178	0.047989095321795	0.04
0.583655412	0.0522529879812371	0.04
0.586308239	0.0484281825396185	0.05
0.59079165	0.0488753790130465	0.05
0.591193432	0.0488753790130465	0.05
0.591819223	0.0488753790130465	0.05
0.593573546	0.0497950152263316	0.05
0.593673806	0.0497950152263316	0.05
0.593673808	0.0497950152263316	0.05
0.593754277	0.0497950152263316	0.05
0.593754278	0.0497950152263316	0.05
0.59375428	0.0497950152263316	0.05
0.593915284	0.0497950152263316	0.05
0.594036974	0.0497950152263316	0.05
0.594152812	0.0497950152263316	0.05
0.594237558	0.0497950152263316	0.05
0.595196772	0.051742170404196	0.05
0.595887104	0.051742170404196	0.05
0.596219211	0.0527739920781576	0.05
0.597117526	0.051742170404196	0.05
0.604813246	0.047989095321795	0.05
0.604905308	0.047989095321795	0.05
0.60490531	0.047989095321795	0.05
0.604905312	0.047989095321795	0.05
0.604988853	0.047989095321795	0.05
0.605716504	0.047989095321795	0.05
0.605724938	0.047989095321795	0.05
0.606824709	0.0497950152263316	0.05
0.630942519	0.0565317720620964	0.05
0.63624959	0.0570394599698348	0.05
0.637031954	0.0586187505021021	0.05
0.637881775	0.0586187505021021	0.05
0.646569798	0.0565317720620964	0.06
0.64801212	0.0565317720620964	0.06
0.648110758	0.0565317720620964	0.06
0.667472678	0.0810633009556464	0.08
0.667879261	0.0810633009556464	0.08
0.667879263	0.0810633009556464	0.08
0.667969788	0.0810633009556464	0.08
0.669490645	0.0810633009556464	0.08
0.671132308	0.0816888583711488	0.08
0.678915807	0.0742410210718973	0.09
0.680410924	0.0742410210718973	0.09
0.680589305	0.0742410210718973	0.09
0.68060848	0.0742410210718973	0.09
0.680702493	0.0742410210718973	0.09
0.680786967	0.0742410210718973	0.09
0.692614054	0.0737239708598838	0.1
0.696262833	0.0826455091083733	0.1
0.697379755	0.0826455091083733	0.1
0.712354258	0.0788004076284757	0.11
0.7123899	0.0788004076284757	0.11
0.712401774	0.0788004076284757	0.11
0.713541741	0.0788004076284757	0.11
0.71365913	0.0788004076284757	0.11
0.715679053	0.0739815925734115	0.12
0.719314887	0.0780739261242284	0.12
0.725979546	0.0739815925734115	0.13
0.726772429	0.0746335933398748	0.13
0.735438378	0.0674955256758417	0.14
0.742183791	0.0691489015762114	0.14
0.75180067	0.1130195512056	0.14
0.756122282	0.0522529879812371	0.13
0.762884543	0.112811090306622	0.13
0.763284143	0.114093703774523	0.13
0.763491091	0.113496981575234	0.13
0.766651587	0.110323462668894	0.13
0.772093843	0.116200653292247	0.12
0.778829055	0.109213014027166	0.12
0.779976345	0.10627143953974	0.12
0.786383987	0.113415420053527	0.11
0.797194853	0.116217008788496	0.1
0.799403767	0.110456830251393	0.1
0.8034392	0.122967084421449	0.09
0.812482547	0.1150441930707	0.08
0.817085993	0.110424823849364	0.08
0.828284953	0.110105777054516	0.07
0.849686346	0.10978856857102	0.05
0.856064956	0.119421904659518	0.04
0.861362559	0.112573221877349	0.03
0.861783488	0.126734147789228	0.03
0.864973627	0.122100310393931	0.03
0.866065884	0.12017509724485	0.03
0.870144812	0.110424823849364	0.03
0.875213305	0.122492778907002	0.02
0.875954975	0.121322870174455	0.02
0.880342154	0.111393155306239	0.02
0.882218863	0.130434721650699	0.01
0.882485476	0.129977136206874	0.01
0.883236842	0.130460237551009	0.01
0.883671839	0.129573080498752	0.01
0.884296127	0.12740709293189	0.01
0.885800269	0.125312329523643	0.01
0.887670141	0.122887778588671	0.01
0.888469193	0.122100310393931	0.01
0.888863234	0.119048837759848	0.01
0.889576687	0.115793256776751	0.01
0.889752182	0.115793256776751	0.01
0.889857915	0.115793256776751	0.01
0.890068113	0.115093829012379	0.01
0.890083013	0.115093829012379	0.01
0.890218543	0.114747274162514	0.01
0.890218544	0.114747274162514	0.01
0.890228158	0.114747274162514	0.01
0.890339212	0.114402800044884	0.01
0.890354074	0.114747274162514	0.01
0.890354075	0.114747274162514	0.01
0.890407894	0.114747274162514	0.01
0.890419078	0.114747274162514	0.01
0.890459913	0.114747274162514	0.01
0.890474761	0.114747274162514	0.01
0.890489605	0.114747274162514	0.01
0.890489606	0.114747274162514	0.01
0.890506418	0.114747274162514	0.01
0.890580647	0.114747274162514	0.01
0.890595481	0.114747274162514	0.01
0.89061031	0.114747274162514	0.01
0.890610311	0.114747274162514	0.01
0.890716233	0.11406038797635	0.01
0.890731048	0.11406038797635	0.01
0.890731049	0.11406038797635	0.01
0.890851819	0.11406038797635	0.01
0.890957836	0.11406038797635	0.01
0.890972623	0.11406038797635	0.01
0.891093459	0.113045340559227	0.01
0.89119957	0.113045340559227	0.01
0.891214328	0.113045340559227	0.01
0.891244043	0.113045340559227	0.01
0.891246709	0.113045340559227	0.01
0.891441435	0.113045340559227	0.01
0.891456164	0.113045340559227	0.01
0.89149835	0.113045340559227	0.01
0.891521465	0.113045340559227	0.01
0.891577132	0.113045340559227	0.01
0.891686849	0.113045340559227	0.01
0.891698132	0.113045340559227	0.01
0.891793338	0.113045340559227	0.01
0.891881522	0.113045340559227	0.01
0.892012117	0.112048200026497	0.01
0.89206133	0.112048200026497	0.01
0.89216782	0.112048200026497	0.01
0.892182462	0.112048200026497	0.01
0.892307805	0.112378619886785	0.01
0.892568748	0.113045340559227	0.01
0.89273031	0.113045340559227	0.01
0.892952212	0.112378619886785	0.01
0.89308003	0.112378619886785	0.01
0.893172464	0.112048200026497	0.01
0.893320622	0.112378619886785	0.01
0.893395592	0.112378619886785	0.01
0.894189143	0.111719717495891	0.01
0.89422449	0.111393155306239	0.01
0.894232534	0.111393155306239	0.01
0.894511483	0.111068496666871	0.01
0.894906463	0.110745724982293	0.01
0.894970751	0.110745724982293	0.01
0.895081202	0.110745724982293	0.01
0.895086463	0.110745724982293	0.01
0.895300675	0.110745724982293	0.01
0.89592425	0.111068496666871	0.01
0.896928207	0.110105777054516	0.01
0.897131294	0.109473182556306	0.01
0.897197773	0.108229552632957	0.01
0.897316929	0.104090851876198	0.01
0.89799116	0.0971887780952431	0.01
0.898155973	0.0947045080903349	0.01
0.898485328	0.0943027581523116	0.01
0.898662437	0.0931177026979686	0.01
0.89889623	0.0925362742294446	0.01
0.898920463	0.0925362742294446	0.01
0.899310528	0.0917722377451645	0.01
0.899325427	0.0917722377451645	0.01
0.899413875	0.0912074391427535	0.01
0.899974537	0.0899162283171001	0.01
0.900113547	0.0902814000373615	0.01
0.900274359	0.0913949313181078	0.01
0.900690942	0.07283028838156	0.01
0.901007608	0.0627447343711964	0.01
0.901947653	0.0412560335272207	0.01
0.902932441	0.0375783745356097	0.01
0.903166806	0.0375783745356097	0.01
0.903685884	0.0335430544163114	0.01
0.904039961	0.0335430544163114	0.01
0.904220945	0.0336764430733227	0.01
0.904508173	0.0342207779518617	0.01
0.904513058	0.0343596223423876	0.01
0.906197141	0.0344995979929546	0.01
0.906210372	0.0340830511625862	0.01
0.906786831	0.0339464285347769	0.01
0.907060652	0.0340830511625862	0.01
0.907185931	0.0342207779518617	0.01
0.907198748	0.0343596223423876	0.01
0.907298438	0.0343596223423876	0.01
0.907336843	0.0346407187858387	0.01
0.907336844	0.0346407187858387	0.01
0.907436592	0.0346407187858387	0.01
0.907449378	0.0346407187858387	0.01
0.90746216	0.0346407187858387	0.01
0.907536422	0.0346407187858387	0.01
0.907587512	0.0346407187858387	0.01
0.907700146	0.0346407187858387	0.01
0.907712898	0.0346407187858387	0.01
0.907951053	0.0346407187858387	0.01
0.907963773	0.0343596223423876	0.01
0.907963774	0.0343596223423876	0.01
0.908076559	0.0344995979929546	0.01
0.908089263	0.0344995979929546	0.01
0.908089264	0.0344995979929546	0.01
0.908151307	0.0344995979929546	0.01
0.90817671	0.0346407187858387	0.01
0.908189407	0.0346407187858387	0.01
0.908202099	0.0346407187858387	0.01
0.908214789	0.0346407187858387	0.01
0.908289632	0.0343596223423876	0.01
0.908566283	0.0340830511625862	0.01
0.908577365	0.0340830511625862	0.01
0.908578929	0.0340830511625862	0.01
0.908691978	0.0344995979929546	0.01
0.908816452	0.0344995979929546	0.01
0.908943472	0.0349264524727408	0.01
0.909183517	0.0347829988313911	0.01
0.909207673	0.0347829988313911	0.01
0.909308419	0.0347829988313911	0.01
0.909346075	0.0353640019966079	0.01
0.90938549	0.0353640019966079	0.01
0.909434338	0.0356618435380098	0.01
0.909446878	0.0356618435380098	0.01
0.909620416	0.0356618435380098	0.01
0.909642167	0.0356618435380098	0.01
0.909838426	0.0355122982792572	0.01
0.909896599	0.0355122982792572	0.01
0.909914657	0.0355122982792572	0.01
0.909925885	0.0355122982792572	0.01
0.910051995	0.0356618435380098	0.01
0.910467776	0.0359647446344149	0.01
0.910628128	0.0359647446344149	0.01
0.911049792	0.0367449973413617	0.01
0.911062134	0.0367449973413617	0.01
0.91113001	0.0367449973413617	0.01
0.911351929	0.0367449973413617	0.01
0.911383512	0.0367449973413617	0.01
0.911404622	0.0367449973413617	0.01
0.911518912	0.0367449973413617	0.01
0.911632099	0.0367449973413617	0.01
0.911747931	0.0367449973413617	0.01
0.911776598	0.0367449973413617	0.01
0.912015459	0.0372296137151204	0.01
0.912488931	0.0370666608230705	0.01
0.912707801	0.0369051281943209	0.01
0.912776305	0.0369051281943209	0.01
0.913006436	0.0416893058354721	0.01
0.913139907	0.0416893058354721	0.01
0.913244462	0.0418725336747978	0.01
0.914696902	0.0420573792261659	0.01
0.914968567	0.0420573792261659	0.01
0.915026039	0.0420573792261659	0.01
0.916024822	0.0420573792261659	0.01
0.916163647	0.0420573792261659	0.01
0.916208994	0.0422438640086547	0.01
0.916688985	0.0424320099247095	0.01
0.916912552	0.0426218392687181	0.01
0.917957453	0.0358126536182203	0.01
0.918238351	0.0317014224025202	0.01
0.918456927	0.0378621233882169	0.02
0.918483627	0.0378621233882169	0.02
0.919120121	0.0392665792692552	0.02
0.919655338	0.0401604041919722	0.02
0.920002472	0.040467457695831	0.02
0.922455062	0.04190937268495	0.02
0.922504312	0.04190937268495	0.02
0.922787758	0.04190937268495	0.02
0.923268187	0.042413119949815	0.02
0.924412009	0.0429291245494882	0.02
0.924507726	0.0429291245494882	0.02
0.924627878	0.0434578393677365	0.02
0.927872541	0.0400086182001852	0.02
0.929379518	0.0366813334171846	0.03
0.93064775	0.0370666608230705	0.03
0.93220206	0.0377271837878445	0.03
0.933174706	0.0381349193010877	0.03
0.934700606	0.0386924764848561	0.03
0.938446291	0.024873270842134	0.03
0.938770844	0.0262616817483323	0.03
0.941112169	0.0310808948504754	0.03
0.944027825	0.0183911942884649	0.03
0.947518522	0.020140784696619	0.03
0.948845214	0.0377271837878445	0.04
0.949342587	0.038645391433482	0.04
0.950306111	0.0431039275736333	0.04
0.951999424	0.0322650707394313	0.04
0.954119877	0.0352169391082817	0.04
0.954191796	0.0352169391082817	0.04
0.955985355	0.0364288686033137	0.04
0.956296714	0.0380663524561866	0.04
0.956780018	0.0384116747213546	0.04
0.95679317	0.0384116747213546	0.04
0.956793172	0.0384116747213546	0.04
0.957077957	0.0387633195851482	0.04
0.957486775	0.0387633195851482	0.04
0.959031973	0.0379526206716491	0.05
0.959642592	0.0403645861580481	0.05
0.960039043	0.0425267127592709	0.05
0.960819071	0.0436970270568591	0.05
0.960911853	0.0436970270568591	0.05
0.964446178	0.0352169391082817	0.05
0.964458654	0.0352169391082817	0.05
0.966290332	0.0380663524561866	0.05
0.966653906	0.0380663524561866	0.05
0.966980911	0.0387633195851482	0.05
0.966980912	0.0387633195851482	0.05
0.966986309	0.0387633195851482	0.05
0.967297226	0.0387633195851482	0.05
0.967302572	0.0387633195851482	0.05
0.96746078	0.0387633195851482	0.05
0.967608447	0.0387633195851482	0.05
0.96761904	0.0387633195851482	0.05
0.967925221	0.0387633195851482	0.05
0.967935716	0.0387633195851482	0.05
0.968083686	0.0394862846359167	0.05
0.968237002	0.0394862846359167	0.05
0.969035555	0.0368515963941624	0.06
0.970292984	0.0408842413349095	0.06
0.973766743	0.0304112129140395	0.06
0.974203145	0.0301943528697739	0.06
0.97801719	0.0325128171076497	0.06
0.981915796	0.0346407187858387	0.06
0.9860103	0.0271021401026171	0.06
1.019804062	0.0361181329760311	0.07
1.021711423	0.0361181329760311	0.07
1.022530753	0.0364288686033137	0.07
1.027349785	0.0406227519286337	0.07
1.029271857	0.041417451134464	0.07
1.029659545	0.0422438640086547	0.07
1.030392053	0.0361181329760311	0.08
1.030397618	0.0361181329760311	0.08
1.031720423	0.0361181329760311	0.08
1.032104884	0.0364288686033137	0.08
1.0327094	0.0364288686033137	0.08
1.034014818	0.0352169391082817	0.08
1.034376329	0.0361181329760311	0.08
1.034854243	0.0361181329760311	0.08
1.039046839	0.0484281825396185	0.08
1.041709188	0.051241243493465	0.08
1.043349328	0.051241243493465	0.08
1.044012776	0.051241243493465	0.08
1.048661279	0.0439997398773877	0.09
1.049025044	0.0439997398773877	0.09
1.056246636	0.0484281825396185	0.09
1.057424783	0.0436369836364536	0.1
1.058571278	0.0439997398773877	0.1
1.067766296	0.0436369836364536	0.11
1.067971123	0.0436369836364536	0.11
1.068168044	0.0436369836364536	0.11
1.068277144	0.0436369836364536	0.11
1.06860264	0.0436369836364536	0.11
1.068892568	0.0436369836364536	0.11
1.070326964	0.0451251214739216	0.11
1.088407982	0.0354528307674895	0.13
1.088762574	0.051742170404196	0.12
1.091073782	0.051241243493465	0.12
1.112743253	0.0317014224025202	0.1
1.113082372	0.0317014224025202	0.1
1.113233383	0.0317014224025202	0.1
1.115076799	0.0317014224025202	0.1
1.116382888	0.0317014224025202	0.1
1.125633627	0.0317014224025202	0.1
1.127882011	0.0304841934873449	0.11
1.13205703	0.0313880920429462	0.11
1.133642817	0.0317014224025202	0.11
1.134317617	0.0317014224025202	0.11
1.137302108	0.0296308977334708	0.11
1.162829766	0.0310808948504754	0.13
1.183360064	0.0301943528697739	0.15
1.187305519	0.0297697807885596	0.15
1.187446683	0.0297697807885596	0.15
1.18762744	0.0291548478660348	0.15
1.192075895	0.0293569832195096	0.15
1.192725439	0.0283733961193111	0.15
1.203309389	0.0308544143087937	0.14
1.208724051	0.0177736108232134	0.13
1.209215802	0.0177736108232134	0.13
1.209825949	0.0177736108232134	0.13
1.210085375	0.0176256418441917	0.13
1.212614931	0.0169212762551928	0.13
1.22465873	0.0173369740683816	0.12
1.245566855	0.0100760066597549	0.1
1.246668032	0.0100760066597549	0.1
1.252855937	0.0101728368062437	0.09
1.265568721	0.010271546081187	0.08
1.270253663	0.0101728368062437	0.09
1.270604589	0.0100760066597549	0.09
1.275739262	0.0349264524727408	0.09
1.278899002	0.0373940056845159	0.09
1.285172518	0.041417451134464	0.08
1.293113698	0.0422438640086547	0.08
1.297280078	0.0410162525233543	0.08
1.325958837	0.0709701781453884	0.08
1.33510162	0.0677268648866062	0.09
1.335485912	0.0677268648866062	0.09
1.335508208	0.0677268648866062	0.09
1.335711503	0.0689879554256201	0.09
1.335892556	0.0689879554256201	0.09
1.33625481	0.0689879554256201	0.09
1.33638917	0.0689879554256201	0.09
1.336413828	0.0689879554256201	0.09
1.336595099	0.0689879554256201	0.09
1.336665633	0.0689879554256201	0.09
1.337161305	0.0723561791395345	0.09
1.337524247	0.0723561791395345	0.09
1.337529375	0.0723561791395345	0.09
1.338686534	0.0737973937996149	0.08
1.340005107	0.0737973937996149	0.08
1.342315002	0.0737973937996149	0.08
1.342368518	0.0737973937996149	0.08
1.360533959	0.0702969006496414	0.09
1.360774481	0.0683515938541791	0.09
1.360981621	0.0759726900095596	0.09
1.361338457	0.0759726900095596	0.09
1.36135761	0.0759726900095596	0.09
1.361545683	0.0759726900095596	0.09
1.362110213	0.0759726900095596	0.09
1.364721715	0.0759726900095596	0.09
1.365659238	0.0752971884706049	0.09
1.368077892	0.0759726900095596	0.09
1.369020462	0.07666042129962	0.09
1.369707356	0.07666042129962	0.09
1.370127164	0.07666042129962	0.09
1.377139612	0.0788004076284757	0.08
1.377544294	0.0795405360057027	0.08
1.379222918	0.0795405360057027	0.08
1.38563755	0.0795405360057027	0.07
1.385801753	0.0795405360057027	0.07
1.418305639	0.0907976519926782	0.09
1.434752614	0.0810633009556464	0.1
1.436494579	0.0810633009556464	0.11
1.448119954	0.0786540317456828	0.12
1.450462129	0.0786540317456828	0.12
1.450674974	0.0786540317456828	0.12
1.450928234	0.0786540317456828	0.12
1.454856842	0.0786540317456828	0.12
1.484117024	0.0758366218354366	0.15
1.485393153	0.076939012812073	0.15
1.485917469	0.0877857643303838	0.15
1.488337206	0.0758366218354366	0.16
1.502972103	0.0752971884706049	0.17
1.506038743	0.0869842664902656	0.17
1.511734415	0.0752971884706049	0.18
1.511964569	0.0752971884706049	0.18
1.512194724	0.0752971884706049	0.18
1.512403577	0.0752971884706049	0.18
1.516740221	0.0938383367165534	0.18
1.519065464	0.0752971884706049	0.19
1.558319819	0.112348501212155	0.22
1.55916507	0.112348501212155	0.22
1.561070241	0.204922478805918	0.22
1.595407686	0.199105408745807	0.19
1.595579044	0.199105408745807	0.19
1.611568792	0.237423805288618	0.17
1.652341299	0.21818671090878	0.14
1.718627381	0.265332224316722	0.07
1.730827961	0.250194918329046	0.06
1.745720251	0.267895773116836	0.04
1.768990518	0.2699995171329	0.02
1.777374698	0.279844661120652	0.01
1.778615293	0.274833948828149	0.01
1.77861633	0.274833948828149	0.01
1.780115455	0.260823550026283	0.01
1.780657572	0.260823550026283	0.01
1.780839524	0.260823550026283	0.01
1.780928629	0.260823550026283	0.01
1.78092863	0.260823550026283	0.01
1.781081012	0.260823550026283	0.01
1.781170031	0.260823550026283	0.01
1.781170032	0.260823550026283	0.01
1.781411499	0.260823550026283	0.01
1.781623424	0.260823550026283	0.01
1.781653031	0.260823550026283	0.01
1.781835463	0.260823550026283	0.01
1.781894629	0.260823550026283	0.01
1.782136292	0.256465543362304	0.01
1.782136293	0.256465543362304	0.01
1.782378022	0.256465543362304	0.01
1.782531315	0.256465543362304	0.01
1.782619816	0.256465543362304	0.01
1.783103602	0.256465543362304	0.01
1.783286774	0.256465543362304	0.01
1.783345594	0.256465543362304	0.01
1.78377107	0.256465543362304	0.01
1.784314217	0.256465543362304	0.01
1.78446873	0.256465543362304	0.01
1.784506241	0.256465543362304	0.01
1.785009515	0.256465543362304	0.01
1.785988286	0.262983451964337	0.01
1.786357195	0.262983451964337	0.01
1.787927091	0.247743129527056	0.01
1.788780487	0.251955016012512	0.01
1.78918715	0.251955016012512	0.01
1.789358594	0.251955016012512	0.01
1.789747139	0.251955016012512	0.01
1.790033715	0.251955016012512	0.01
1.79204453	0.260823550026283	0.02
1.795060195	0.202588084142677	0.02
1.796669094	0.178654586410288	0.02
1.812688451	0.104298039387547	0.03
1.813215031	0.106200519661118	0.03
1.814069382	0.100257020928077	0.03
1.814069384	0.100257020928077	0.03
1.814345569	0.101215632025841	0.03
1.814596154	0.0929230830696854	0.03
1.814621756	0.0929230830696854	0.03
1.814621757	0.0929230830696854	0.03
1.814846808	0.0929230830696854	0.03
1.814872379	0.0929230830696854	0.03
1.815123071	0.0938383367165534	0.03
1.815169565	0.0938383367165534	0.03
1.815288509	0.0938383367165534	0.03
1.815373832	0.0938383367165534	0.03
1.815875562	0.0938383367165534	0.03
1.816101116	0.0842907104221217	0.03
1.816377569	0.188152295458251	0.04
1.81637757	0.188152295458251	0.04
1.816628678	0.0842907104221217	0.03
1.819217405	0.181573063970435	0.04
1.819410514	0.181573063970435	0.04
1.81989941	0.181573063970435	0.04
1.820606159	0.182467292395831	0.04
1.82134289	0.119048837759848	0.04
1.822065256	0.0877857643303838	0.04
1.823345161	0.0915831959244949	0.04
1.824985083	0.0886021699948333	0.04
1.828541204	0.0826455091083733	0.04
1.829613575	0.1739027624991	0.05
1.830016016	0.1739027624991	0.05
1.835137623	0.0854243902439024	0.05
1.836263396	0.07666042129962	0.05
1.839735229	0.0834600028146697	0.05
1.842215909	0.0858442353986283	0.06
1.844053766	0.0915831959244949	0.06
1.846490238	0.0773607174986708	0.06
1.860668056	0.0826455091083733	0.07
1.860714054	0.0826455091083733	0.07
1.872927722	0.0818467591923095	0.08
1.876458705	0.0737973937996149	0.07
1.877534086	0.0730696805889087	0.07
1.917919203	0.0723561791395345	0.11
1.919145255	0.0723561791395345	0.11
1.938309591	0.0752971884706049	0.13
1.945075766	0.0733408849369158	0.14
1.947078383	0.0733408849369158	0.14
1.956133657	0.0733408849369158	0.15
2.03833515	0.0810633009556464	0.23
2.045755957	0.0783365461403162	0.24
2.04617014	0.0783365461403162	0.24
2.049316864	0.0783365461403162	0.24
2.057190684	0.0783365461403162	0.25
2.058434493	0.0783365461403162	0.25
2.058810915	0.0783365461403162	0.25
2.060706206	0.0783365461403162	0.25
2.07768814	0.0783365461403162	0.27
2.077935092	0.0783365461403162	0.27
2.112854786	0.0767868032864226	0.3
2.114638141	0.089817148160785	0.3
2.116340052	0.112348501212155	0.3
2.119081815	0.0757872632637384	0.31
2.122322709	0.0757872632637384	0.31
2.175983465	0.110221580534754	0.36
2.201956234	0.0743358103885958	0.39
2.21647999	0.11344304346826	0.4
2.225736601	0.104298039387547	0.41
2.22607531	0.106200519661118	0.41
2.226678687	0.114559122445604	0.41
2.226980498	0.114559122445604	0.41
2.244892022	0.119048837759848	0.43
2.268175967	0.113720019496781	0.41
2.273953022	0.124243811873878	0.41
2.279085054	0.122492778907002	0.4
2.283420782	0.130117589405092	0.4
2.36737444	0.168190907092098	0.33
2.396315913	0.1645386182479	0.32
2.416816988	0.148730111299375	0.31
2.57811595	0.151399508693073	0.3
2.634889835	0.157402746818149	0.26
2.63880046	0.157402746818149	0.26
2.65353762	0.155857743214389	0.26
2.664122924	0.155857743214389	0.27
2.669724846	0.155857743214389	0.28
2.670697515	0.155857743214389	0.28
2.670831293	0.155857743214389	0.28
2.671193179	0.155857743214389	0.28
2.671237545	0.155857743214389	0.28
2.671237705	0.155857743214389	0.28
2.671599646	0.155857743214389	0.28
2.671872794	0.155857743214389	0.28
2.671961685	0.155857743214389	0.28
2.672323822	0.155857743214389	0.28
2.672686057	0.155857743214389	0.28
2.674498542	0.155857743214389	0.28
2.674640938	0.155857743214389	0.28
2.67595059	0.155857743214389	0.28
2.677404052	0.155857743214389	0.29
2.678640892	0.155857743214389	0.29
2.679587204	0.155857743214389	0.29
2.68050645	0.155857743214389	0.29
2.684222358	0.155857743214389	0.29
2.690797174	0.155857743214389	0.3
2.690995907	0.155857743214389	0.3
2.692790444	0.155857743214389	0.3
2.700424629	0.155857743214389	0.31
2.714352711	0.155857743214389	0.32
2.716197088	0.155857743214389	0.32
2.720992773	0.155857743214389	0.33
2.721339166	0.155857743214389	0.33
2.721753239	0.155857743214389	0.33
2.722090639	0.155857743214389	0.33
2.72212898	0.155857743214389	0.33
2.722504826	0.155857743214389	0.33
2.725892101	0.155857743214389	0.33
2.727362573	0.155857743214389	0.34
2.733911556	0.155857743214389	0.34
2.741703646	0.15434277509247	0.35
2.742221604	0.15434277509247	0.35
2.744776734	0.15434277509247	0.35
2.758261585	0.157402746818149	0.35
2.767264537	0.1645386182479	0.35
2.784781798	0.1645386182479	0.34
2.870516676	0.1645386182479	0.3
2.874914635	0.1645386182479	0.3
2.893176138	0.1645386182479	0.32
2.901070252	0.1645386182479	0.33
3.091199805	0.195056649568849	0.47
3.116410384	0.1813755355289	0.45
3.116832706	0.1813755355289	0.45
3.560201153	0.204413705699195	0.890000000000001
3.561529658	0.195720993052754	0.890000000000001
3.561648443	0.197547235517202	0.890000000000001
3.562131134	0.207311298418411	0.890000000000001
3.566965252	0.203515430596497	0.890000000000001
3.567214517	0.203515430596497	0.890000000000001
3.568359469	0.195720993052754	0.890000000000001
3.571210711	0.187772494353257	0.890000000000001
3.575584373	0.184330690740514	0.890000000000001
3.579984214	0.184330690740514	0.890000000000001
3.62901857	0.162955559216882	0.910000000000001
3.629519691	0.162955559216882	0.910000000000001
3.6300627	0.162955559216882	0.910000000000001
3.630972932	0.162955559216882	0.910000000000001
3.631023885	0.166152736795165	0.910000000000001
3.631970124	0.152673258999498	0.920000000000001
3.639968026	0.159879101445337	0.920000000000001
3.963711323	0.156490233042981	1.25
4.442577106	0.174722865205204	1.73
4.445571488	0.179158528312805	1.73
4.452121847	0.205206226384713	1.73
4.453328856	0.174722865205204	1.74
4.453932605	0.174722865205204	1.74
4.459832487	0.182242910558316	1.74
4.464002998	0.174722865205204	1.75
4.475601202	0.180394305021645	1.76
4.478685952	0.183370372377907	1.76
4.492707945	0.207214676810699	1.76
4.536342962	0.198914846754317	1.8
4.536969429	0.198914846754317	1.8
4.550359745	0.195056649568849	1.81
4.773228095	0.203236336448353	2.04
4.848628454	0.195056649568849	2.11
4.895921957	0.195056649568849	2.16
5.342582978	0.228262360941127	2.24
5.343307119	0.228262360941127	2.24
5.443653327	0.22402489901331	2.29
6.232084175	0.14539224611153	2.60999999999999
6.2338777	0.14539224611153	2.60999999999999
6.234722781	0.14539224611153	2.60999999999999
6.244676548	0.14539224611153	2.61999999999999
6.35095118	0.14539224611153	2.72999999999999
6.358499262	0.14539224611153	2.72999999999999
7	0.1645386182479	2.55999999999999
