thrs	post_p	finalwindow
0	0.0970745499580861	0.23
0.03256001	0.0939332635053285	0.2
0.089689176	0.0765853940033785	0.18
0.098963073	0.075588261084418	0.19
0.103967892	0.0875582412789076	0.2
0.106977596	0.0632379916787876	0.19
0.115659216	0.0843768781748874	0.19
0.127695348	0.0659043608431297	0.17
0.129609166	0.0882235208202114	0.17
0.130460633	0.0866435301627023	0.17
0.14705261	0.0837681475970121	0.16
0.148427326	0.0823813679809472	0.15
0.148447444	0.0823813679809472	0.15
0.148782099	0.0808516569126451	0.15
0.155752372	0.0843768781748874	0.15
0.161204767	0.0866435301627023	0.14
0.178062567	0.0831681373877235	0.12
0.178140913	0.0831681373877235	0.12
0.178189211	0.0831681373877235	0.12
0.178358463	0.0831681373877235	0.12
0.181430774	0.0874263875816454	0.12
0.181486006	0.0874263875816454	0.12
0.181824923	0.0874263875816454	0.12
0.186084933	0.0843768781748874	0.12
0.191788381	0.0874263875816454	0.11
0.194681585	0.0856212720866753	0.11
0.206482242	0.0862573355768199	0.1
0.222656148	0.0829305331527925	0.08
0.222686318	0.0829305331527925	0.08
0.222697977	0.0815329374981768	0.08
0.222716495	0.0815329374981768	0.08
0.222812147	0.0815329374981768	0.08
0.226728961	0.0827371371402717	0.08
0.226867021	0.0827371371402717	0.08
0.226923294	0.0827371371402717	0.08
0.226929675	0.0827371371402717	0.08
0.226957829	0.0827371371402717	0.08
0.227432153	0.0833853258069682	0.08
0.230426372	0.0769916523825205	0.08
0.237068117	0.0715513689256635	0.07
0.241897099	0.0703945943285071	0.07
0.24235868	0.0703945943285071	0.07
0.242615688	0.0703945943285071	0.07
0.242941212	0.0776091862337754	0.06
0.243116147	0.0753430217402558	0.06
0.249436037	0.0711858137743872	0.06
0.256228734	0.0739043651722479	0.05
0.263775407	0.0739043651722479	0.05
0.272151172	0.0711858137743872	0.05
0.295749179	0.0596635936227263	0.07
0.296834617	0.054870458507549	0.06
0.296839561	0.054870458507549	0.06
0.296839653	0.054870458507549	0.06
0.296919994	0.054870458507549	0.06
0.297161557	0.055394003599786	0.06
0.29723727	0.055394003599786	0.06
0.297242165	0.055394003599786	0.06
0.297345093	0.055394003599786	0.06
0.297631463	0.055394003599786	0.06
0.298033592	0.055394003599786	0.06
0.298062423	0.055394003599786	0.06
0.29855614	0.055394003599786	0.06
0.299120783	0.055394003599786	0.06
0.29926506	0.055394003599786	0.06
0.299931082	0.055394003599786	0.06
0.300128238	0.055394003599786	0.06
0.302406093	0.0559276357216767	0.06
0.30240618	0.0559276357216767	0.06
0.302443572	0.0559276357216767	0.06
0.302452098	0.0559276357216767	0.06
0.302453753	0.0559276357216767	0.06
0.302535608	0.0559276357216767	0.06
0.302694303	0.0564716492257507	0.06
0.302844832	0.0564716492257507	0.06
0.303037639	0.0575920561906005	0.06
0.303062807	0.0575920561906005	0.06
0.303998368	0.0570263500298157	0.06
0.304168238	0.0570263500298157	0.06
0.305094409	0.0570263500298157	0.06
0.306047128	0.0570263500298157	0.06
0.308759935	0.0543567171162974	0.06
0.320217262	0.0564716492257507	0.05
0.322066605	0.0564716492257507	0.05
0.322435043	0.0570263500298157	0.05
0.322591403	0.0570263500298157	0.05
0.322777267	0.0570263500298157	0.05
0.323097253	0.0570263500298157	0.05
0.323537089	0.0570263500298157	0.05
0.328591896	0.0570263500298157	0.04
0.330254195	0.0570263500298157	0.04
0.333944256	0.0559276357216767	0.04
0.338071632	0.0711858137743872	0.05
0.340262381	0.0680565139893207	0.05
0.345554528	0.0668804980552873	0.05
0.350684009	0.0668804980552873	0.06
0.351815198	0.064646322347457	0.06
0.356200611	0.0601270332817616	0.06
0.356206548	0.0601270332817616	0.06
0.356351443	0.0601270332817616	0.06
0.356437896	0.0592072434055503	0.06
0.356490553	0.0592072434055503	0.06
0.360733393	0.0574495800311534	0.07
0.362945858	0.0574495800311534	0.07
0.363236679	0.0574495800311534	0.07
0.363936107	0.0574495800311534	0.07
0.366130409	0.0583151703988701	0.07
0.367161303	0.064646322347457	0.07
0.367663989	0.0622690337860036	0.07
0.37384574	0.100321238096326	0.08
0.381649088	0.0943695139006579	0.07
0.382008897	0.0939332635053285	0.07
0.389299853	0.0951650620365828	0.06
0.389825341	0.0994501063613408	0.06
0.395214438	0.108765921188883	0.06
0.411578949	0.114593118028841	0.04
0.415094538	0.121441874152004	0.04
0.415772448	0.0849945206217902	0.03
0.416416237	0.0957931561999706	0.03
0.418471182	0.104657733305547	0.03
0.428769674	0.109253259668552	0.02
0.438307149	0.123159376871445	0.01
0.438815006	0.12229459566605	0.01
0.440249622	0.127329581437959	0.01
0.440316292	0.127329581437959	0.01
0.441698853	0.127329581437959	0.01
0.441750067	0.126453768240663	0.01
0.444236336	0.124151801456559	0.01
0.444499874	0.119485813914645	0.01
0.444770984	0.117591767221858	0.01
0.445049535	0.117591767221858	0.01
0.445185067	0.130921738777243	0.01
0.445185068	0.130921738777243	0.01
0.445245414	0.130921738777243	0.01
0.445252832	0.130921738777243	0.01
0.445252833	0.130921738777243	0.01
0.445252835	0.130921738777243	0.01
0.445305777	0.130921738777243	0.01
0.44531318	0.130921738777243	0.01
0.445313187	0.130921738777243	0.01
0.44531319	0.130921738777243	0.01
0.445373562	0.130921738777243	0.01
0.445433949	0.130921738777243	0.01
0.445479567	0.130921738777243	0.01
0.445494353	0.130921738777243	0.01
0.445540001	0.130921738777243	0.01
0.445554774	0.13024394130393	0.01
0.445615211	0.13024394130393	0.01
0.445691925	0.134579165166058	0.01
0.445736134	0.134579165166058	0.01
0.445849774	0.14239496026132	0.01
0.445917642	0.14239496026132	0.01
0.445970843	0.14239496026132	0.01
0.445978177	0.14239496026132	0.01
0.446188208	0.140259680809235	0.01
0.446319857	0.140259680809235	0.01
0.446341735	0.140259680809235	0.01
0.446394864	0.140259680809235	0.01
0.446395102	0.140259680809235	0.01
0.446455777	0.140259680809235	0.01
0.446465528	0.140259680809235	0.01
0.44656991	0.140259680809235	0.01
0.446772341	0.140259680809235	0.01
0.446888185	0.138871386274789	0.01
0.447158639	0.138871386274789	0.01
0.447542535	0.138871386274789	0.01
0.447876705	0.137510305143283	0.01
0.447928306	0.136175645023699	0.01
0.448791313	0.144212706178132	0.01
0.449051315	0.144909400694253	0.01
0.449552291	0.144212706178132	0.01
0.451750007	0.14704046715496	0.01
0.452986292	0.140893510159565	0.01
0.453117722	0.140893510159565	0.01
0.453670383	0.140212957269453	0.01
0.45367678	0.140212957269453	0.01
0.453739439	0.140212957269453	0.01
0.453789353	0.140212957269453	0.01
0.453864805	0.140212957269453	0.01
0.453864814	0.140212957269453	0.01
0.453977538	0.140212957269453	0.01
0.453990257	0.140212957269453	0.01
0.454053004	0.140212957269453	0.01
0.454115767	0.140212957269453	0.01
0.454131662	0.140212957269453	0.01
0.454159539	0.140212957269453	0.01
0.454172215	0.140212957269453	0.01
0.454228692	0.140212957269453	0.01
0.454266222	0.140893510159565	0.01
0.454278877	0.140893510159565	0.01
0.454297847	0.140893510159565	0.01
0.454379121	0.140893510159565	0.01
0.454618511	0.141580701683023	0.01
0.454637485	0.141580701683023	0.01
0.455078808	0.143683093852423	0.01
0.455550168	0.159331807651746	0.01
0.455678249	0.16358502604792	0.01
0.455755613	0.171201822199825	0.01
0.455804735	0.171201822199825	0.01
0.456133439	0.165403084843236	0.01
0.456880284	0.135729437291548	0.02
0.45760535	0.135118031338787	0.02
0.457901934	0.135118031338787	0.02
0.458022431	0.135118031338787	0.02
0.458619789	0.135118031338787	0.02
0.458664131	0.135118031338787	0.02
0.459124851	0.135729437291548	0.02
0.460382332	0.134512108955443	0.02
0.462114195	0.131331814075278	0.02
0.46331093	0.131331814075278	0.02
0.46499053	0.128997316882661	0.02
0.472596627	0.122985443592421	0.03
0.473676694	0.122985443592421	0.03
0.477096915	0.11173332487232	0.03
0.478409458	0.120280626658239	0.03
0.478419311	0.120280626658239	0.03
0.479732593	0.115406667853225	0.03
0.479936634	0.115406667853225	0.03
0.483511101	0.115636535962585	0.04
0.483671852	0.115636535962585	0.04
0.483988273	0.115636535962585	0.04
0.484927676	0.117035207058922	0.04
0.485802156	0.123067771759665	0.04
0.485999254	0.116290546202805	0.04
0.486776039	0.105381433798777	0.04
0.490830832	0.100433205409705	0.04
0.499369323	0.10870773257873	0.05
0.511690912	0.0984860670439353	0.06
0.514553924	0.110597424793704	0.07
0.514645345	0.110597424793704	0.07
0.51473946	0.110597424793704	0.07
0.514971335	0.110993883612649	0.07
0.51502476	0.110993883612649	0.07
0.515124567	0.112608556114967	0.07
0.516063638	0.106647732288066	0.07
0.51682809	0.0964696547743878	0.07
0.518492841	0.0957931561999706	0.07
0.520735072	0.0918111455207413	0.07
0.534226929	0.0634354132239383	0.07
0.534308248	0.0634354132239383	0.07
0.534380672	0.0634354132239383	0.07
0.534888196	0.0882235208202114	0.07
0.536755919	0.0909889056205834	0.07
0.539174229	0.0856212720866753	0.07
0.543234343	0.0869029201770535	0.07
0.544416783	0.0875582412789076	0.07
0.546060858	0.114270900697991	0.06
0.55657045	0.115406667853225	0.05
0.556645891	0.115406667853225	0.05
0.566766402	0.104032600524581	0.06
0.572491616	0.103108779474493	0.06
0.57444178	0.103108779474493	0.06
0.579525048	0.102201221275591	0.06
0.586308239	0.101309500240405	0.06
0.59079165	0.0942382139014813	0.05
0.591819223	0.0933292454705924	0.05
0.593673806	0.0942382139014813	0.05
0.593673808	0.0942382139014813	0.05
0.593754277	0.0942382139014813	0.05
0.59375428	0.0942382139014813	0.05
0.593834769	0.0942382139014813	0.05
0.594152812	0.0933292454705924	0.05
0.594237558	0.0933292454705924	0.05
0.595015574	0.0970745499580861	0.05
0.595196772	0.0970745499580861	0.05
0.595887104	0.0970745499580861	0.05
0.597117526	0.0874263875816454	0.06
0.602148457	0.0942382139014813	0.05
0.604813246	0.0942382139014813	0.05
0.604905308	0.0942382139014813	0.05
0.604905312	0.0942382139014813	0.05
0.605724938	0.0942382139014813	0.05
0.606051871	0.0942382139014813	0.05
0.60631275	0.0942382139014813	0.05
0.606404306	0.0942382139014813	0.05
0.606824709	0.0933292454705924	0.06
0.607971158	0.0882235208202114	0.06
0.608524688	0.0882235208202114	0.06
0.608756287	0.0882235208202114	0.06
0.61827716	0.0924376443140273	0.05
0.624510489	0.103694756447224	0.05
0.630942519	0.0979680636750918	0.06
0.635412418	0.0970745499580861	0.06
0.636066531	0.0970745499580861	0.06
0.63624959	0.0970745499580861	0.06
0.636422142	0.09619718744529	0.06
0.637031954	0.09619718744529	0.06
0.637260654	0.09619718744529	0.06
0.637881775	0.0953355421341176	0.06
0.638075882	0.0953355421341176	0.06
0.641599528	0.100750098567828	0.06
0.644129804	0.100750098567828	0.06
0.64801212	0.101712891277892	0.06
0.648110758	0.101712891277892	0.06
0.648827538	0.101712891277892	0.06
0.659386285	0.104320192807235	0.07
0.667879261	0.100970660161832	0.08
0.667879263	0.100970660161832	0.08
0.669490645	0.100970660161832	0.08
0.680702493	0.0776091862337754	0.08
0.690723937	0.0788744570975595	0.09
0.692614054	0.080181667396883	0.09
0.696262833	0.0475068392820859	0.09
0.697379755	0.0769916523825205	0.1
0.712354258	0.0479779596785708	0.1
0.7123899	0.0479779596785708	0.1
0.712401774	0.0479779596785708	0.1
0.715679053	0.0470448812650575	0.1
0.719314887	0.0470448812650575	0.1
0.725609694	0.0479779596785708	0.1
0.725869057	0.0479779596785708	0.1
0.725979546	0.0479779596785708	0.1
0.726772429	0.0479779596785708	0.1
0.742183791	0.0479779596785708	0.11
0.744518666	0.0479779596785708	0.11
0.75180067	0.0457113843953431	0.12
0.756100951	0.0470448812650575	0.12
0.762884543	0.0484585177719059	0.12
0.763284143	0.0479779596785708	0.12
0.763387603	0.0479779596785708	0.12
0.763491091	0.0479779596785708	0.12
0.765321243	0.0457113843953431	0.12
0.766651587	0.0452835274182181	0.12
0.7676628	0.0452835274182181	0.12
0.772093843	0.101477008759432	0.12
0.772264397	0.102486087790932	0.12
0.778829055	0.102326897011799	0.12
0.779184816	0.10207585386528	0.12
0.779976345	0.0387542375925747	0.11
0.794958533	0.11114566421987	0.1
0.797194853	0.105655408552721	0.1
0.799403767	0.10350268605337	0.1
0.8034392	0.113130380228906	0.09
0.812482547	0.103926183984237	0.08
0.817085993	0.106124449560641	0.08
0.828284953	0.107301308656819	0.07
0.856064956	0.11644218987609	0.04
0.861783488	0.115983060222409	0.03
0.866065884	0.117559074156975	0.03
0.870144812	0.110162515614534	0.03
0.874413626	0.123481071496968	0.02
0.875954975	0.117559074156975	0.02
0.877564409	0.114627141381117	0.02
0.87832845	0.114627141381117	0.02
0.880342154	0.109506334863428	0.02
0.882218863	0.113433638411484	0.01
0.883236842	0.119724568156614	0.01
0.883671839	0.12396489419324	0.01
0.884296127	0.125589920979102	0.01
0.885048106	0.124737796087432	0.01
0.886381245	0.119468934246577	0.01
0.888863234	0.11644218987609	0.01
0.889576687	0.114627141381117	0.01
0.889752182	0.114627141381117	0.01
0.889857915	0.114627141381117	0.01
0.890218543	0.113916867419483	0.01
0.890218544	0.113916867419483	0.01
0.890309475	0.112867808732117	0.01
0.890339212	0.112867808732117	0.01
0.890354074	0.113215341514133	0.01
0.890354075	0.113215341514133	0.01
0.890474761	0.113215341514133	0.01
0.890489605	0.113215341514133	0.01
0.890489606	0.113215341514133	0.01
0.890506418	0.113215341514133	0.01
0.890580647	0.113215341514133	0.01
0.890595481	0.113215341514133	0.01
0.89061031	0.113215341514133	0.01
0.890610311	0.113215341514133	0.01
0.89068659	0.113215341514133	0.01
0.890701414	0.112867808732117	0.01
0.890716233	0.112867808732117	0.01
0.890731048	0.112867808732117	0.01
0.890731049	0.112867808732117	0.01
0.890737499	0.112867808732117	0.01
0.890837018	0.112867808732117	0.01
0.890851819	0.112867808732117	0.01
0.890957836	0.112867808732117	0.01
0.890972622	0.112867808732117	0.01
0.890972623	0.112867808732117	0.01
0.891093459	0.11252240303671	0.01
0.89119957	0.11252240303671	0.01
0.891214328	0.11252240303671	0.01
0.891244043	0.11252240303671	0.01
0.891246709	0.11252240303671	0.01
0.891320486	0.11252240303671	0.01
0.891456164	0.11252240303671	0.01
0.891562417	0.11252240303671	0.01
0.891577132	0.11252240303671	0.01
0.891686849	0.11252240303671	0.01
0.891698132	0.11252240303671	0.01
0.891793338	0.11252240303671	0.01
0.891881522	0.11252240303671	0.01
0.892012117	0.112179104959129	0.01
0.892017347	0.112179104959129	0.01
0.892182462	0.112179104959129	0.01
0.892215798	0.112179104959129	0.01
0.892245091	0.112867808732117	0.01
0.892546055	0.11252240303671	0.01
0.892568748	0.11252240303671	0.01
0.89273031	0.11252240303671	0.01
0.892924751	0.120336757398858	0.01
0.892951888	0.119972841197094	0.01
0.892952212	0.119972841197094	0.01
0.893142511	0.119972841197094	0.01
0.893313967	0.120336757398858	0.01
0.893320622	0.120336757398858	0.01
0.893352088	0.120336757398858	0.01
0.893395592	0.120336757398858	0.01
0.894189143	0.119611119432163	0.01
0.89420355	0.119611119432163	0.01
0.894232534	0.119251572314847	0.01
0.894906463	0.119611119432163	0.01
0.895081202	0.120336757398858	0.01
0.895086463	0.120336757398858	0.01
0.895300675	0.120336757398858	0.01
0.895840307	0.122911051059003	0.01
0.89592425	0.122911051059003	0.01
0.896329745	0.122540434297896	0.01
0.896396617	0.122911051059003	0.01
0.89685771	0.122540434297896	0.01
0.89693811	0.122540434297896	0.01
0.897131294	0.1225146607038	0.01
0.897197773	0.121797376060459	0.01
0.898455429	0.107410697489594	0.01
0.898485328	0.107410697489594	0.01
0.898755243	0.106685623028829	0.01
0.898920463	0.106926224372676	0.01
0.899310528	0.104799103218278	0.01
0.899325427	0.104799103218278	0.01
0.899413875	0.104108745865231	0.01
0.899974537	0.103880643512298	0.01
0.900113547	0.103653538519058	0.01
0.900274359	0.104567969046266	0.01
0.900307304	0.104567969046266	0.01
0.900690942	0.0870030995921521	0.01
0.901007608	0.0939332635053285	0.01
0.901947653	0.072003775740468	0.01
0.902291602	0.0708599931463172	0.01
0.902860993	0.0661188097732528	0.01
0.902932441	0.0664213936275818	0.01
0.903876527	0.0536038929386657	0.01
0.904039961	0.0533575642018709	0.01
0.904220945	0.0495873312326927	0.01
0.904508173	0.0498194342792113	0.01
0.904513058	0.0498194342792113	0.01
0.905424433	0.0507699890961777	0.01
0.906210372	0.0505289659259423	0.01
0.906786831	0.051258999961427	0.01
0.906983581	0.05150705506259	0.01
0.907060652	0.05150705506259	0.01
0.90712089	0.05150705506259	0.01
0.907185931	0.0522658373791518	0.01
0.907198748	0.0525237573750771	0.01
0.907199842	0.0525237573750771	0.01
0.907311244	0.0520104380581127	0.01
0.907324045	0.0520104380581127	0.01
0.907336843	0.0520104380581127	0.01
0.907336844	0.0520104380581127	0.01
0.907436592	0.0520104380581127	0.01
0.907449378	0.0520104380581127	0.01
0.90746216	0.0520104380581127	0.01
0.907536422	0.0520104380581127	0.01
0.9075492	0.0520104380581127	0.01
0.907574745	0.0520104380581127	0.01
0.907587512	0.0520104380581127	0.01
0.907674633	0.0520104380581127	0.01
0.907700146	0.0520104380581127	0.01
0.907712898	0.0520104380581127	0.01
0.907951053	0.0520104380581127	0.01
0.907963774	0.0520104380581127	0.01
0.908089263	0.0520104380581127	0.01
0.908089264	0.0520104380581127	0.01
0.908151307	0.0520104380581127	0.01
0.908189407	0.0520104380581127	0.01
0.908202099	0.0520104380581127	0.01
0.908566283	0.0525237573750771	0.01
0.908691978	0.0525237573750771	0.01
0.908729307	0.0525237573750771	0.01
0.908816452	0.0527842355478202	0.01
0.908943472	0.0525237573750771	0.01
0.908956071	0.0525237573750771	0.01
0.909094444	0.0525237573750771	0.01
0.909183517	0.0522658373791518	0.01
0.909195105	0.0522658373791518	0.01
0.909207673	0.0522658373791518	0.01
0.909270732	0.0522658373791518	0.01
0.909308419	0.0522658373791518	0.01
0.909346075	0.0527842355478202	0.01
0.909446878	0.053313020188375	0.01
0.909620416	0.053313020188375	0.01
0.909642167	0.053313020188375	0.01
0.909914657	0.0530473101469457	0.01
0.910014581	0.053313020188375	0.01
0.910628128	0.0544030230148415	0.01
0.911049792	0.0549649111644345	0.01
0.911062134	0.0549649111644345	0.01
0.91113001	0.0549649111644345	0.01
0.911404622	0.0549649111644345	0.01
0.911747931	0.0549649111644345	0.01
0.911776598	0.0549649111644345	0.01
0.912707801	0.0546825237127697	0.01
0.912776305	0.0538525066099396	0.01
0.912811242	0.0538525066099396	0.01
0.912967277	0.0399544257952338	0.01
0.913006436	0.0399544257952338	0.01
0.913139907	0.0399544257952338	0.01
0.913244462	0.0399544257952338	0.01
0.913630289	0.0391462076574186	0.01
0.914018042	0.0395461877040303	0.01
0.914696902	0.0449562471481911	0.01
0.914968567	0.0449562471481911	0.01
0.914983658	0.0449562471481911	0.01
0.915269563	0.0449562471481911	0.01
0.915559183	0.0401617219425639	0.01
0.916024822	0.0401617219425639	0.01
0.916208994	0.0395461877040303	0.01
0.916912552	0.0399544257952338	0.01
0.917248255	0.0284859779833701	0.01
0.918483627	0.0603457779414858	0.02
0.918816837	0.0603457779414858	0.02
0.919120121	0.0605977288786005	0.02
0.919822583	0.0616269284618774	0.02
0.922071236	0.0637938958461502	0.02
0.922455062	0.0640755291867677	0.02
0.922763582	0.0640755291867677	0.02
0.923268187	0.0521591167900455	0.02
0.923473233	0.0521591167900455	0.02
0.924160807	0.052871636678281	0.02
0.924412009	0.0531134890434156	0.02
0.926193857	0.0493573808403016	0.02
0.927872541	0.0403711803437764	0.02
0.929379518	0.0568031671553891	0.03
0.93064775	0.0568031671553891	0.03
0.93220206	0.0570263500298157	0.03
0.933174706	0.0465171578874639	0.03
0.934071327	0.0470830343420829	0.03
0.934700606	0.0472747317631212	0.03
0.93534835	0.0472747317631212	0.03
0.938770844	0.0240591260329087	0.03
0.947518522	0.0345971875965276	0.03
0.949342587	0.0349092383080223	0.03
0.950306111	0.0352269693612272	0.03
0.954191796	0.0287682890561731	0.03
0.955603107	0.0284859779833701	0.03
0.956018846	0.0376240513450731	0.03
0.956296714	0.0387542375925747	0.03
0.956780018	0.0387542375925747	0.03
0.95679317	0.0387542375925747	0.03
0.957016096	0.0387542375925747	0.03
0.957486775	0.0387542375925747	0.03
0.959031973	0.0414077740838283	0.04
0.959642592	0.0417652368639293	0.04
0.959665139	0.0417652368639293	0.04
0.959857154	0.042128925157801	0.04
0.960911853	0.042128925157801	0.04
0.964446178	0.0376240513450731	0.04
0.964458654	0.0376240513450731	0.04
0.966290332	0.0387542375925747	0.04
0.966653906	0.0387542375925747	0.04
0.966980911	0.0387542375925747	0.04
0.966986309	0.0387542375925747	0.04
0.967139043	0.0387542375925747	0.04
0.967144414	0.0387542375925747	0.04
0.967297223	0.0387542375925747	0.04
0.967297226	0.0387542375925747	0.04
0.967302571	0.0387542375925747	0.04
0.967302572	0.0387542375925747	0.04
0.967460779	0.0387542375925747	0.04
0.96746078	0.0387542375925747	0.04
0.967608447	0.0387542375925747	0.04
0.96761904	0.0387542375925747	0.04
0.967619041	0.0387542375925747	0.04
0.967772081	0.0387542375925747	0.04
0.967925221	0.0400370869309588	0.05
0.968083686	0.0400370869309588	0.05
0.968861479	0.0414077740838283	0.05
0.969666194	0.0417652368639293	0.05
0.970292984	0.0417652368639293	0.05
0.970442597	0.0417652368639293	0.05
0.973457204	0.0444514002794703	0.05
0.97801719	0.0376240513450731	0.05
0.978183481	0.0376240513450731	0.05
0.981915796	0.0352269693612272	0.05
0.985118954	0.00930674856189689	0.05
0.9860103	0.0093971337756287	0.05
1.019804062	0.00913109584287227	0.06
1.023898132	0.00958327534473281	0.06
1.027042278	0.00827237895031958	0.07
1.027349785	0.00827237895031958	0.07
1.029271857	0.00849013502118909	0.07
1.029659545	0.00864178844588205	0.07
1.030392053	0.00904573265050367	0.07
1.030397618	0.00904573265050367	0.07
1.030958443	0.0092180855026863	0.07
1.031531241	0.0092180855026863	0.07
1.031720423	0.0092180855026863	0.07
1.033463082	0.0092180855026863	0.07
1.034376329	0.0092180855026863	0.07
1.036124234	0.0093971337756287	0.07
1.038905957	0.0077428094344139	0.08
1.039046839	0.00786874194695538	0.08
1.043349328	0.00849013502118909	0.08
1.044012776	0.00849013502118909	0.08
1.048661279	0.00727696305282393	0.09
1.049025044	0.00727696305282393	0.09
1.054783865	0.00806551362346587	0.09
1.056246636	0.00806551362346587	0.09
1.057424783	0.0093971337756287	0.09
1.067766296	0.00722264422472124	0.11
1.068277144	0.00722264422472124	0.11
1.06860264	0.00722264422472124	0.11
1.068892568	0.00722264422472124	0.11
1.070020858	0.0077428094344139	0.11
1.070326964	0.0077428094344139	0.11
1.088407982	0.0179292818111283	0.12
1.088762574	0.0177646951421037	0.12
1.091073782	0.0182677770743572	0.12
1.112743253	0.00967913915775386	0.12
1.113082372	0.00967913915775386	0.12
1.113233383	0.00967913915775386	0.12
1.11414031	0.00967913915775386	0.12
1.125633627	0.00967913915775386	0.11
1.127882011	0.00967913915775386	0.11
1.13205703	0.00913109584287227	0.12
1.134317617	0.00904573265050367	0.12
1.136767134	0.0093971337756287	0.11
1.137302108	0.00958327534473281	0.11
1.162829766	0.0092180855026863	0.13
1.183360064	0.00904573265050367	0.15
1.187305519	0.0230558885296476	0.15
1.18762744	0.0226953665026169	0.15
1.192075895	0.0234280494227665	0.15
1.192725439	0.0230558885296476	0.15
1.203309389	0.0257106193988465	0.14
1.208724051	0.0284859779833701	0.13
1.209215802	0.0284859779833701	0.13
1.209751115	0.0284859779833701	0.13
1.210085375	0.0282091538568934	0.13
1.21086869	0.0282091538568934	0.13
1.212614931	0.0276713387823099	0.13
1.224141399	0.0287682890561731	0.12
1.225416562	0.0287682890561731	0.12
1.243346642	0.0269019980828974	0.12
1.245566855	0.0264124382563636	0.12
1.246668032	0.0261742798146334	0.12
1.252855937	0.0290562518438457	0.11
1.265568721	0.0287682890561731	0.1
1.268447511	0.0282091538568934	0.1
1.270060331	0.0259403778962382	0.1
1.270253663	0.0257106193988465	0.1
1.270604589	0.0257106193988465	0.1
1.275739262	0.0287682890561731	0.09
1.278899002	0.0331170357692099	0.1
1.285172518	0.0336936340122087	0.1
1.303502827	0.0387542375925747	0.1
1.335485912	0.0452835274182181	0.12
1.335508208	0.0452835274182181	0.12
1.335711503	0.0452835274182181	0.12
1.335892556	0.0452835274182181	0.12
1.33625481	0.0452835274182181	0.12
1.33638917	0.0452835274182181	0.12
1.336413828	0.0452835274182181	0.12
1.336595099	0.0452835274182181	0.12
1.337161305	0.0452835274182181	0.12
1.337529375	0.0452835274182181	0.12
1.337777279	0.0452835274182181	0.12
1.340005107	0.0448636056211017	0.12
1.342315002	0.0475068392820859	0.11
1.342368518	0.0475068392820859	0.11
1.350085516	0.0470448812650575	0.11
1.360533959	0.0470448812650575	0.12
1.360774481	0.0470448812650575	0.12
1.360981621	0.0470448812650575	0.12
1.36116959	0.0470448812650575	0.12
1.361338457	0.0470448812650575	0.12
1.36135761	0.0470448812650575	0.12
1.361545683	0.0470448812650575	0.12
1.362279458	0.0470448812650575	0.12
1.364721715	0.0470448812650575	0.12
1.365659238	0.0570263500298157	0.12
1.368578346	0.0575920561906005	0.12
1.369020462	0.0575920561906005	0.12
1.369707356	0.0575920561906005	0.12
1.370127164	0.0575920561906005	0.12
1.377274175	0.0564716492257507	0.12
1.377544294	0.0564716492257507	0.12
1.38563755	0.0559276357216767	0.12
1.418305639	0.0575920561906005	0.14
1.434752614	0.0575920561906005	0.13
1.436494579	0.0575920561906005	0.13
1.448119954	0.0575920561906005	0.12
1.450462129	0.0559276357216767	0.12
1.450674974	0.0559276357216767	0.12
1.450928234	0.0559276357216767	0.12
1.457818346	0.0559276357216767	0.13
1.484117024	0.0538525066099396	0.15
1.485393153	0.0538525066099396	0.15
1.488337206	0.0538525066099396	0.16
1.494140559	0.0538525066099396	0.16
1.502972103	0.0538525066099396	0.17
1.506038743	0.0538525066099396	0.18
1.511964569	0.0538525066099396	0.18
1.512194724	0.0538525066099396	0.18
1.512821455	0.0538525066099396	0.18
1.513239565	0.0538525066099396	0.18
1.519065464	0.0519258587246662	0.19
1.558531046	0.147329354459222	0.23
1.55916507	0.144809461058384	0.23
1.56916589	0.156576685617829	0.22
1.595579044	0.178055350984467	0.19
1.611568792	0.206416983051189	0.17
1.707257935	0.231788487492313	0.08
1.730827961	0.214102865340143	0.06
1.75282717	0.220843056618032	0.04
1.758275756	0.237678399848375	0.03
1.77492366	0.262800180964865	0.01
1.777374698	0.250404307331706	0.01
1.778615293	0.248189524020148	0.01
1.780627841	0.23371908633983	0.01
1.780657571	0.23371908633983	0.01
1.780657572	0.23371908633983	0.01
1.780839524	0.229889522142691	0.01
1.780928629	0.229889522142691	0.01
1.78092863	0.229889522142691	0.01
1.781081012	0.229889522142691	0.01
1.781140367	0.229889522142691	0.01
1.781170031	0.229889522142691	0.01
1.781170032	0.229889522142691	0.01
1.781381862	0.229889522142691	0.01
1.781411499	0.229889522142691	0.01
1.781623424	0.229889522142691	0.01
1.781653031	0.229889522142691	0.01
1.7818108	0.229889522142691	0.01
1.781835463	0.229889522142691	0.01
1.781894629	0.229889522142691	0.01
1.782136292	0.229889522142691	0.01
1.782136293	0.229889522142691	0.01
1.782378022	0.229889522142691	0.01
1.782531315	0.229889522142691	0.01
1.782619816	0.229889522142691	0.01
1.783044725	0.229889522142691	0.01
1.783103602	0.229889522142691	0.01
1.783286774	0.229889522142691	0.01
1.783345594	0.229889522142691	0.01
1.783587651	0.229889522142691	0.01
1.783925287	0.229889522142691	0.01
1.784314217	0.229889522142691	0.01
1.78446873	0.229889522142691	0.01
1.784933025	0.231788487492313	0.01
1.785009515	0.231788487492313	0.01
1.785322292	0.235946347284557	0.01
1.785988286	0.235946347284557	0.01
1.788266632	0.222594939371293	0.01
1.788780487	0.224374838708947	0.01
1.788872102	0.224374838708947	0.01
1.790033715	0.220843056618032	0.01
1.790095821	0.220843056618032	0.01
1.790737455	0.227493238947258	0.01
1.794856772	0.186313215630785	0.02
1.795060195	0.181796411434451	0.02
1.795172249	0.173389427618352	0.02
1.796669094	0.162142278920264	0.02
1.796696941	0.162142278920264	0.02
1.799436111	0.160461727701607	0.02
1.808733518	0.0387542375925747	0.02
1.812688451	0.0605977288786005	0.03
1.813215031	0.0615615803518734	0.03
1.813716026	0.0556214510290958	0.03
1.813793197	0.0556214510290958	0.03
1.814069382	0.0556214510290958	0.03
1.814069384	0.0556214510290958	0.03
1.814345569	0.0570263500298157	0.03
1.814621756	0.0575105548316137	0.03
1.814621757	0.0575105548316137	0.03
1.814872379	0.0575105548316137	0.03
1.815039963	0.0600603873143384	0.03
1.815123071	0.0600603873143384	0.03
1.815288509	0.0600603873143384	0.03
1.815322808	0.0617017821022014	0.03
1.815373832	0.0617017821022014	0.03
1.815850116	0.0617017821022014	0.03
1.815875562	0.0617017821022014	0.03
1.81637757	0.0533575642018709	0.03
1.816628678	0.0533575642018709	0.03
1.817399416	0.0533575642018709	0.03
1.817633804	0.0533575642018709	0.03
1.818036082	0.0533575642018709	0.03
1.818363245	0.0538525066099396	0.03
1.819217405	0.0559276357216767	0.03
1.819395454	0.0559276357216767	0.03
1.819410514	0.0559276357216767	0.03
1.819581019	0.0559276357216767	0.03
1.82134289	0.105930811600461	0.04
1.823267442	0.0596635936227263	0.04
1.823345161	0.0525979170131448	0.04
1.824280416	0.0542841097559607	0.04
1.824759677	0.0560819956699144	0.04
1.824985083	0.0575105548316137	0.04
1.828541204	0.05239447996619	0.04
1.828939845	0.0543567171162974	0.04
1.829051906	0.0543567171162974	0.04
1.830016016	0.0543567171162974	0.04
1.836263396	0.0479779596785708	0.04
1.837659261	0.0479779596785708	0.04
1.839735229	0.0514655459577871	0.05
1.844053766	0.0538525066099396	0.05
1.860668056	0.0479779596785708	0.06
1.872927722	0.0452835274182181	0.07
1.876458705	0.0440467006341504	0.07
1.877534086	0.0436493035319939	0.07
1.917919203	0.0428756403525103	0.11
1.919145255	0.0432590130858321	0.11
1.932723098	0.0519258587246662	0.12
1.937910579	0.0480573897032198	0.13
1.938309591	0.0480573897032198	0.13
1.938319698	0.0480573897032198	0.13
1.939501786	0.0484585177719059	0.13
1.945075766	0.0472747317631212	0.14
1.947078383	0.0472747317631212	0.14
1.956133657	0.0472747317631212	0.15
1.95745413	0.0472747317631212	0.15
2.045755957	0.0610223550931463	0.24
2.049316864	0.0605977288786005	0.24
2.057670659	0.0601789713794332	0.25
2.058810915	0.0605977288786005	0.25
2.067556414	0.0601789713794332	0.26
2.077653506	0.0601789713794332	0.27
2.077935092	0.0601789713794332	0.27
2.117539144	0.0577831273422689	0.31
2.119081815	0.0581690985118829	0.31
2.130868897	0.0581690985118829	0.32
2.21647999	0.0577831273422689	0.41
2.225736601	0.0725196207553228	0.41
2.22607531	0.0768388014016699	0.41
2.226678687	0.0843768781748874	0.42
2.226980498	0.0843768781748874	0.42
2.230993963	0.0849057329522109	0.42
2.268175967	0.174883823419759	0.41
2.279085054	0.185063763765191	0.4
2.287430653	0.188193679040299	0.39
2.36737444	0.208112114543951	0.31
2.396315913	0.231708737797007	0.29
2.401471639	0.229419632613696	0.29
2.416816988	0.239055301778598	0.29
2.634889835	0.227175314189729	0.11
2.63880046	0.229419632613696	0.1
2.644514931	0.227175314189729	0.1
2.65353762	0.227175314189729	0.09
2.669724846	0.229419632613696	0.07
2.670697515	0.229419632613696	0.07
2.67074212	0.229419632613696	0.07
2.670831293	0.229419632613696	0.07
2.671193179	0.229419632613696	0.07
2.671237545	0.229419632613696	0.07
2.671237705	0.229419632613696	0.07
2.671599486	0.229419632613696	0.07
2.671599646	0.229419632613696	0.07
2.671961685	0.227175314189729	0.07
2.672323822	0.227175314189729	0.07
2.672686057	0.227175314189729	0.07
2.67300408	0.227175314189729	0.07
2.673410821	0.227175314189729	0.07
2.674201502	0.227175314189729	0.07
2.674498542	0.227175314189729	0.07
2.674640938	0.227175314189729	0.07
2.67498819	0.229419632613696	0.06
2.675753192	0.229419632613696	0.06
2.675906626	0.229419632613696	0.06
2.67595059	0.229419632613696	0.06
2.678640892	0.229419632613696	0.06
2.679587204	0.229419632613696	0.06
2.68050645	0.229419632613696	0.06
2.684222358	0.227175314189729	0.06
2.690797174	0.227175314189729	0.06
2.692790444	0.227175314189729	0.06
2.697875326	0.220698310304172	0.07
2.700424629	0.220698310304172	0.07
2.703341222	0.220698310304172	0.07
2.716197088	0.229419632613696	0.08
2.720992773	0.231708737797007	0.08
2.721339166	0.231708737797007	0.08
2.721714851	0.231708737797007	0.08
2.721753239	0.231708737797007	0.08
2.722090639	0.231708737797007	0.08
2.72212898	0.231708737797007	0.08
2.725892101	0.229419632613696	0.09
2.728042156	0.229419632613696	0.09
2.728457177	0.229419632613696	0.09
2.730687704	0.231708737797007	0.09
2.733911556	0.231708737797007	0.09
2.734951629	0.229419632613696	0.1
2.741703646	0.231708737797007	0.1
2.767264537	0.181333665684771	0.12
2.870516676	0.181333665684771	0.2
2.874914635	0.179562559392266	0.21
2.884109016	0.179562559392266	0.22
2.885327778	0.179562559392266	0.22
2.901070252	0.192932800104466	0.24
3.017087015	0.185873396724263	0.35
3.116410384	0.185063763765191	0.45
3.116832706	0.185063763765191	0.45
3.153761559	0.196143777988402	0.49
3.190582361	0.194782239595047	0.52
3.194633906	0.193439473220902	0.53
3.479484296	0.190808724749989	0.81
3.561529658	0.194782239595047	0.890000000000001
3.561648443	0.187904773201997	0.890000000000001
3.563861522	0.146281205802232	0.890000000000001
3.565454716	0.151676587182113	0.890000000000001
3.566965252	0.159007556360115	0.890000000000001
3.567214517	0.159007556360115	0.890000000000001
3.568359469	0.159007556360115	0.890000000000001
3.571210711	0.145848865809682	0.890000000000001
3.572123566	0.145848865809682	0.890000000000001
3.572497766	0.145848865809682	0.890000000000001
3.575584373	0.145848865809682	0.890000000000001
3.579984214	0.145848865809682	0.890000000000001
3.62901857	0.130824478973384	0.910000000000001
3.62939674	0.130824478973384	0.910000000000001
3.629519691	0.130824478973384	0.910000000000001
3.630972932	0.130824478973384	0.910000000000001
3.631169027	0.13210023778454	0.910000000000001
3.633483005	0.128345484455102	0.920000000000001
3.707141358	0.129573125761222	0.990000000000001
4.078052931	0.194782239595047	1.35
4.445571488	0.184982802868769	1.68
4.452121847	0.184982802868769	1.69
4.45272527	0.184982802868769	1.69
4.453328856	0.184982802868769	1.69
4.453932605	0.184982802868769	1.69
4.459832487	0.184982802868769	1.7
4.464002998	0.184982802868769	1.7
4.475601202	0.184982802868769	1.71
4.480518943	0.184982802868769	1.72
4.492707945	0.184982802868769	1.73
4.536342962	0.181333665684771	1.7
4.537444354	0.181333665684771	1.7
4.550359745	0.181333665684771	1.69
4.773228095	0.184982802868769	1.66
4.895921957	0.184982802868769	1.78
5.341769851	0.177926952295832	1.93
5.342582978	0.177926952295832	1.93
5.343129076	0.177926952295832	1.93
5.343307119	0.177926952295832	1.93
5.346842194	0.177926952295832	1.93
5.443653327	0.183894370953138	1.95
5.445157132	0.183894370953138	1.95
6.232084175	0.123159376871445	2.60999999999999
6.234722781	0.123159376871445	2.60999999999999
6.244676548	0.123159376871445	2.61999999999999
6.358499262	0.123159376871445	2.72999999999999
7	0.144039578031101	2.54999999999999
