thrs	post_p	finalwindow
0	0.0534515487875105	0.23
0.03256001	0.0534515487875105	0.2
0.070216248	0.0471724946368116	0.18
0.082355146	0.0471724946368116	0.17
0.093809574	0.0432233095983593	0.17
0.098963073	0.0442825217125281	0.16
0.103967892	0.0432233095983593	0.16
0.106977596	0.0432233095983593	0.16
0.115659216	0.0422135852389857	0.17
0.123778241	0.0407844584027112	0.17
0.128068503	0.0525630931726268	0.17
0.129609166	0.0572626156751446	0.17
0.129730945	0.0572626156751446	0.17
0.130460633	0.0572626156751446	0.17
0.14705261	0.0329709215944917	0.15
0.148447444	0.0596243861736016	0.15
0.151339737	0.0555037758608517	0.15
0.172569069	0.0598217719121351	0.13
0.178062567	0.0530035981293142	0.12
0.178140913	0.0530035981293142	0.12
0.178189211	0.0530035981293142	0.12
0.181430774	0.0555037758608517	0.12
0.181486006	0.0555037758608517	0.12
0.181486035	0.0555037758608517	0.12
0.181824923	0.0555037758608517	0.12
0.206482242	0.062927650914323	0.1
0.222622275	0.0669099119024394	0.08
0.222656148	0.0669099119024394	0.08
0.222686318	0.0669099119024394	0.08
0.222697977	0.0649849341891823	0.08
0.222716495	0.0649849341891823	0.08
0.222812147	0.0649849341891823	0.08
0.222924291	0.0710218923083357	0.08
0.226867021	0.0667302140631351	0.08
0.226923294	0.0667302140631351	0.08
0.226982815	0.0667302140631351	0.08
0.227177477	0.0681019586759859	0.08
0.241897099	0.0627290641861714	0.07
0.24235868	0.0627290641861714	0.07
0.242615688	0.048221507856813	0.06
0.242875367	0.0539071355343799	0.06
0.242941212	0.0539071355343799	0.06
0.249436037	0.0489051061344122	0.06
0.256228734	0.0500665210745992	0.05
0.256259656	0.0500665210745992	0.05
0.256650521	0.0504660157236313	0.05
0.259750174	0.0492862107144815	0.05
0.263775407	0.0612112977748535	0.04
0.272151172	0.062419519206385	0.04
0.287097646	0.0612112977748535	0.04
0.295749179	0.0583859340995189	0.04
0.296044019	0.0583859340995189	0.04
0.296839561	0.0612112977748535	0.04
0.296839653	0.0612112977748535	0.04
0.296874128	0.0612112977748535	0.04
0.296879772	0.0612112977748535	0.04
0.29691506	0.0612112977748535	0.04
0.296960227	0.0612112977748535	0.04
0.297156652	0.0612112977748535	0.04
0.297161557	0.0612112977748535	0.04
0.29723727	0.0612112977748535	0.04
0.297345093	0.0612112977748535	0.04
0.29736316	0.0612112977748535	0.04
0.297631463	0.0612112977748535	0.04
0.298033592	0.0612112977748535	0.04
0.298432807	0.0612112977748535	0.04
0.29855614	0.0612112977748535	0.04
0.298682719	0.0612112977748535	0.04
0.29926506	0.0612112977748535	0.04
0.300638986	0.0630416945993588	0.03
0.301159527	0.0630416945993588	0.03
0.301373268	0.0630416945993588	0.03
0.302406093	0.0606245591030665	0.04
0.30240618	0.0606245591030665	0.04
0.302452098	0.0606245591030665	0.04
0.302531356	0.0606245591030665	0.04
0.302535608	0.0606245591030665	0.04
0.302694303	0.0606245591030665	0.04
0.302844832	0.0606245591030665	0.04
0.303037639	0.0606245591030665	0.04
0.303062807	0.0606245591030665	0.04
0.304168238	0.0636763981107188	0.03
0.305094409	0.0636763981107188	0.03
0.306047128	0.0636763981107188	0.03
0.307314933	0.0636763981107188	0.03
0.308759935	0.0636763981107188	0.03
0.319078068	0.062419519206385	0.03
0.320217262	0.062419519206385	0.03
0.320290117	0.062419519206385	0.03
0.322066605	0.0612112977748535	0.03
0.322591403	0.0612112977748535	0.03
0.322777267	0.0612112977748535	0.03
0.323165924	0.0612112977748535	0.03
0.324596864	0.0612112977748535	0.03
0.327195424	0.0521298498072344	0.04
0.328591896	0.0521298498072344	0.04
0.330254195	0.0521298498072344	0.04
0.333944256	0.0517036899433032	0.04
0.340262381	0.0568125374986877	0.05
0.343625259	0.0568125374986877	0.05
0.343706753	0.0568125374986877	0.05
0.351815198	0.0559332780553804	0.06
0.356206548	0.0559332780553804	0.06
0.356351443	0.0559332780553804	0.06
0.356437896	0.0550808195511884	0.06
0.356490553	0.0550808195511884	0.06
0.357086112	0.0632782200801637	0.06
0.357959666	0.0432233095983593	0.06
0.362945858	0.0511806893094849	0.07
0.363236679	0.0511806893094849	0.07
0.363936107	0.0511806893094849	0.07
0.366130409	0.0526725315506248	0.07
0.367161303	0.0611373350951223	0.07
0.37384574	0.0839650268527929	0.08
0.381649088	0.0850311750106011	0.07
0.386909127	0.0858163680247658	0.06
0.389222512	0.0819257111831271	0.06
0.389299853	0.0819257111831271	0.06
0.389825341	0.0907232147743507	0.06
0.395214438	0.0832118160457083	0.06
0.411578949	0.108232296519566	0.04
0.412388288	0.106810650423515	0.04
0.415094538	0.0951631051325465	0.04
0.415772448	0.0644058911263924	0.03
0.416416237	0.0905289818776742	0.03
0.418471182	0.0957437105623874	0.03
0.428769674	0.097816791394363	0.02
0.438307149	0.107091984010406	0.01
0.438815006	0.107091984010406	0.01
0.440249622	0.11782638954565	0.01
0.440316292	0.11782638954565	0.01
0.441698853	0.11782638954565	0.01
0.441750067	0.116045994520178	0.01
0.444499874	0.0981710645383528	0.01
0.444770984	0.0955749132646685	0.01
0.445049535	0.0955749132646685	0.01
0.445117302	0.0998763751333739	0.01
0.445185067	0.097816791394363	0.01
0.445185068	0.097816791394363	0.01
0.445245414	0.097816791394363	0.01
0.445252832	0.097816791394363	0.01
0.445252833	0.097816791394363	0.01
0.445252835	0.097816791394363	0.01
0.44531318	0.097816791394363	0.01
0.445313188	0.097816791394363	0.01
0.44531319	0.097816791394363	0.01
0.445373562	0.097816791394363	0.01
0.445433949	0.097816791394363	0.01
0.445479567	0.096818527963386	0.01
0.445494353	0.096818527963386	0.01
0.445540001	0.096818527963386	0.01
0.445554774	0.096818527963386	0.01
0.445578303	0.096818527963386	0.01
0.445615211	0.096818527963386	0.01
0.445736134	0.100453219253591	0.01
0.445849774	0.102987641969897	0.01
0.445857123	0.102987641969897	0.01
0.445917642	0.102987641969897	0.01
0.445970843	0.102987641969897	0.01
0.445978177	0.102987641969897	0.01
0.446038729	0.102987641969897	0.01
0.446188208	0.101976873836586	0.01
0.446319857	0.101976873836586	0.01
0.446341735	0.101976873836586	0.01
0.446351359	0.101976873836586	0.01
0.446394864	0.101976873836586	0.01
0.446395102	0.101976873836586	0.01
0.446455777	0.101976873836586	0.01
0.44656991	0.101976873836586	0.01
0.446772341	0.101976873836586	0.01
0.446888185	0.100985753161698	0.01
0.446967543	0.100985753161698	0.01
0.447533088	0.100985753161698	0.01
0.447542535	0.100985753161698	0.01
0.447876705	0.099534675997756	0.01
0.447928306	0.0990602064186681	0.01
0.448701687	0.105262102373449	0.01
0.448791313	0.105262102373449	0.01
0.449051315	0.105754930206347	0.01
0.449552291	0.105262102373449	0.01
0.449715173	0.105262102373449	0.01
0.451750007	0.107773269790978	0.01
0.452986292	0.0990602064186681	0.01
0.453102774	0.0990602064186681	0.01
0.453117722	0.0990602064186681	0.01
0.453312195	0.0985902388554745	0.01
0.453607731	0.0985902388554745	0.01
0.453670383	0.0985902388554745	0.01
0.45367678	0.0985902388554745	0.01
0.453739439	0.0985902388554745	0.01
0.453782962	0.0985902388554745	0.01
0.453789353	0.0985902388554745	0.01
0.453864805	0.0985902388554745	0.01
0.453864814	0.0985902388554745	0.01
0.453952078	0.0985902388554745	0.01
0.453990257	0.0985902388554745	0.01
0.454053004	0.0985902388554745	0.01
0.454115767	0.0985902388554745	0.01
0.454131662	0.0985902388554745	0.01
0.454159539	0.0985902388554745	0.01
0.454172215	0.0985902388554745	0.01
0.454266222	0.0985902388554745	0.01
0.454297847	0.0985902388554745	0.01
0.454543029	0.100013712594116	0.01
0.454618511	0.100013712594116	0.01
0.455078808	0.100013712594116	0.01
0.455180191	0.101976873836586	0.01
0.455439212	0.106399599432975	0.01
0.455665947	0.116929415246379	0.01
0.455678249	0.116929415246379	0.01
0.455755613	0.118737231740606	0.01
0.455804735	0.118737231740606	0.01
0.456159276	0.120012880552855	0.01
0.456880284	0.0920773645178104	0.01
0.45760535	0.0894261949948435	0.01
0.457901934	0.0903201423391738	0.01
0.458022431	0.0912321428082274	0.01
0.458619789	0.0912321428082274	0.01
0.458664131	0.0912321428082274	0.01
0.459124851	0.0979581933738946	0.02
0.462114195	0.0920402902219502	0.02
0.46331093	0.0920402902219502	0.02
0.464728436	0.0920402902219502	0.02
0.46499053	0.0920402902219502	0.02
0.472596627	0.0632782200801637	0.02
0.473676694	0.0529296686223266	0.02
0.474072423	0.0863064296728474	0.03
0.47699163	0.067409108497571	0.03
0.478409458	0.0711235418673145	0.03
0.478419311	0.0711235418673145	0.03
0.479732593	0.0591365739627262	0.03
0.483511101	0.0473786300793047	0.03
0.484458594	0.0828649229760793	0.04
0.484927676	0.0845506704911517	0.04
0.485802156	0.0928872995169001	0.04
0.485999254	0.0918115552410179	0.04
0.489107131	0.0684301863941306	0.04
0.489424331	0.0684301863941306	0.04
0.490830832	0.0559332780553804	0.04
0.499369323	0.0671812806777907	0.05
0.50407637	0.053983822785933	0.05
0.508934563	0.0641460872245975	0.06
0.514553924	0.053983822785933	0.06
0.514645345	0.0789431722244081	0.07
0.514742139	0.0789431722244081	0.07
0.514839037	0.0795221797072457	0.07
0.514971335	0.0795221797072457	0.07
0.534226929	0.0315325763922127	0.07
0.534308248	0.0315325763922127	0.07
0.534453117	0.0309917741637904	0.07
0.534888196	0.0394489281106037	0.07
0.536755919	0.034880174999255	0.06
0.544416783	0.035920193731911	0.06
0.546060858	0.0394489281106037	0.06
0.559788571	0.040510166768193	0.05
0.566766402	0.0432233095983593	0.05
0.568776608	0.0432233095983593	0.04
0.572491616	0.0432233095983593	0.04
0.57444178	0.0355666974965291	0.04
0.579525048	0.0424117383453936	0.05
0.586308239	0.034880174999255	0.05
0.591193432	0.032672849934482	0.05
0.591819223	0.032672849934482	0.05
0.593402747	0.032672849934482	0.05
0.593573546	0.032672849934482	0.05
0.593673806	0.032672849934482	0.05
0.593673808	0.032672849934482	0.05
0.593754278	0.032672849934482	0.05
0.59375428	0.032672849934482	0.05
0.593824895	0.032672849934482	0.05
0.593834769	0.032672849934482	0.05
0.593915284	0.032672849934482	0.05
0.594152812	0.032672849934482	0.05
0.595015574	0.0345467573947434	0.05
0.595196772	0.0345467573947434	0.05
0.596219211	0.034880174999255	0.05
0.596894832	0.034880174999255	0.05
0.597117526	0.035920193731911	0.04
0.602674298	0.0355666974965291	0.04
0.604317115	0.0355666974965291	0.04
0.604813246	0.0355666974965291	0.04
0.604905308	0.0355666974965291	0.04
0.604905312	0.0355666974965291	0.04
0.605716504	0.0355666974965291	0.04
0.605724938	0.0355666974965291	0.04
0.606051871	0.0355666974965291	0.04
0.606404306	0.0355666974965291	0.04
0.606824709	0.0338986861771244	0.05
0.607971158	0.0335836838365659	0.05
0.608524688	0.035920193731911	0.04
0.608756287	0.035920193731911	0.04
0.61827716	0.0329709215944917	0.05
0.635412418	0.0387717955689165	0.05
0.636066531	0.0387717955689165	0.05
0.63624959	0.0387717955689165	0.05
0.636422142	0.0391074309765729	0.05
0.637031954	0.0391074309765729	0.05
0.637260654	0.0391074309765729	0.05
0.638075882	0.0391074309765729	0.05
0.648110758	0.0371764794703301	0.06
0.648827538	0.0371764794703301	0.06
0.65703705	0.0403293462182989	0.07
0.659386285	0.040031539292064	0.07
0.667879261	0.0397380983604139	0.08
0.667879263	0.0397380983604139	0.08
0.667969788	0.0397380983604139	0.08
0.669490645	0.0397380983604139	0.08
0.671132308	0.0394489281106037	0.08
0.678915807	0.0372787382909632	0.09
0.680589305	0.0372787382909632	0.09
0.68060848	0.0372787382909632	0.09
0.680702493	0.0372787382909632	0.09
0.689921535	0.0256413163670167	0.09
0.690723937	0.0256413163670167	0.09
0.696262833	0.0242641153114231	0.1
0.697379755	0.024483282442192	0.1
0.7123899	0.0238373455238391	0.11
0.713541741	0.0240488372064018	0.11
0.714295462	0.0240488372064018	0.11
0.715679053	0.022089035407248	0.12
0.717816093	0.0230273129844393	0.12
0.719314887	0.0230273129844393	0.12
0.725979546	0.0217347905736628	0.13
0.726772429	0.0219104812418653	0.13
0.72717465	0.0222705236511285	0.13
0.744518666	0.0198269826400861	0.14
0.7500464	0.0181053220036552	0.13
0.756100951	0.0164564912693799	0.13
0.762884543	0.0775794335105576	0.13
0.763387603	0.0844537537441846	0.13
0.763491091	0.0844537537441846	0.13
0.766651587	0.081711985618783	0.13
0.7676628	0.0859407989270433	0.13
0.772093843	0.0726485481058003	0.12
0.772264397	0.0780902994556727	0.12
0.778829055	0.0857418822863804	0.12
0.786383987	0.0836727037295509	0.11
0.793117932	0.082420272839146	0.1
0.794958533	0.0877351732724741	0.1
0.797194853	0.0859775421774167	0.1
0.799403767	0.0876903571220844	0.1
0.817085993	0.0871872178836025	0.08
0.828284953	0.0919463124952617	0.07
0.849686346	0.0936569995253109	0.05
0.856064956	0.0930089133064762	0.04
0.864973627	0.0962213770360875	0.03
0.870144812	0.0949184165703947	0.03
0.875213305	0.0964991281480457	0.02
0.875954975	0.0951261794882442	0.02
0.87832845	0.0994735927183664	0.02
0.880342154	0.0956917094625505	0.02
0.882218863	0.0891321320071985	0.01
0.88244613	0.090935943301647	0.01
0.882485476	0.090935943301647	0.01
0.883236842	0.0980189194475086	0.01
0.885048106	0.0984892099675858	0.01
0.885800269	0.097626354944313	0.01
0.887670141	0.101478893545757	0.01
0.889014569	0.0997551983307817	0.01
0.889857915	0.0991935725568615	0.01
0.890083013	0.0991935725568615	0.01
0.890218543	0.0989151244946237	0.01
0.890218544	0.0989151244946237	0.01
0.890228158	0.0989151244946237	0.01
0.890339212	0.0986382353295086	0.01
0.890354074	0.0991935725568615	0.01
0.890354075	0.0991935725568615	0.01
0.890407894	0.0991935725568615	0.01
0.890459913	0.0991935725568615	0.01
0.890489605	0.0991935725568615	0.01
0.890489606	0.0991935725568615	0.01
0.890506418	0.0991935725568615	0.01
0.890580647	0.0991935725568615	0.01
0.890595481	0.0991935725568615	0.01
0.89061031	0.0991935725568615	0.01
0.890610311	0.0991935725568615	0.01
0.89068659	0.0991935725568615	0.01
0.890701414	0.0991935725568615	0.01
0.890716233	0.0991935725568615	0.01
0.890731048	0.0991935725568615	0.01
0.890731049	0.0991935725568615	0.01
0.890822213	0.0991935725568615	0.01
0.890837018	0.0991935725568615	0.01
0.890851819	0.0991935725568615	0.01
0.890957836	0.0991935725568615	0.01
0.890972622	0.0991935725568615	0.01
0.890972623	0.0991935725568615	0.01
0.891093459	0.0991935725568615	0.01
0.891214328	0.0991935725568615	0.01
0.891244043	0.0991935725568615	0.01
0.891320486	0.0991935725568615	0.01
0.89133523	0.0991935725568615	0.01
0.891382479	0.0991935725568615	0.01
0.891441435	0.0991935725568615	0.01
0.891456164	0.0991935725568615	0.01
0.891521465	0.0989151244946237	0.01
0.891562417	0.0989151244946237	0.01
0.891577132	0.098362892006784	0.01
0.891698132	0.098362892006784	0.01
0.892017347	0.0980890816170783	0.01
0.89216782	0.0972767210906326	0.01
0.892182462	0.0972767210906326	0.01
0.892215798	0.0972767210906326	0.01
0.892245091	0.0975460087139684	0.01
0.89229733	0.0972767210906326	0.01
0.892546055	0.0980890816170783	0.01
0.892568748	0.0980890816170783	0.01
0.89273031	0.0980890816170783	0.01
0.892793389	0.0980890816170783	0.01
0.892952212	0.10203793769624	0.01
0.89308003	0.10203793769624	0.01
0.893142511	0.10203793769624	0.01
0.893172464	0.101478893545757	0.01
0.893352088	0.101757647796637	0.01
0.894085351	0.100651719511774	0.01
0.894189143	0.100651719511774	0.01
0.894232534	0.100651719511774	0.01
0.894332391	0.100651719511774	0.01
0.894482721	0.100651719511774	0.01
0.894511483	0.100651719511774	0.01
0.894906463	0.100378983360467	0.01
0.894913415	0.100378983360467	0.01
0.894970751	0.100378983360467	0.01
0.895086463	0.100651719511774	0.01
0.895300675	0.100651719511774	0.01
0.89539422	0.100651719511774	0.01
0.895638516	0.107226779979756	0.01
0.895840307	0.107808341309156	0.01
0.89685771	0.106938345866816	0.01
0.896928207	0.106938345866816	0.01
0.897282137	0.108075939231879	0.01
0.897316929	0.107239355892678	0.01
0.898455429	0.102128169364656	0.01
0.898485328	0.102128169364656	0.01
0.898662437	0.101694399593973	0.01
0.898755243	0.100414920369403	0.01
0.89889623	0.0997871787113115	0.01
0.898920463	0.0997871787113115	0.01
0.899310528	0.0991672369187695	0.01
0.899325427	0.0991672369187695	0.01
0.900113547	0.0967626314389849	0.01
0.900274359	0.0973527836006057	0.01
0.90151373	0.101058508347899	0.01
0.901568195	0.101478893545757	0.01
0.901947653	0.101042409231615	0.01
0.902162268	0.100180609050242	0.01
0.902291602	0.0920402902219502	0.01
0.902860993	0.0862552537827252	0.01
0.902919093	0.0862552537827252	0.01
0.902932441	0.0862552537827252	0.01
0.903166806	0.0878527662929914	0.01
0.903685884	0.0719902523943674	0.01
0.903876527	0.0719902523943674	0.01
0.904039961	0.0719902523943674	0.01
0.904513058	0.0759035428172689	0.01
0.905424433	0.07666121508749	0.01
0.906154318	0.077434166101969	0.01
0.906210372	0.0759035428172689	0.01
0.906786831	0.0751607007077141	0.01
0.906983581	0.0759035428172689	0.01
0.907060652	0.0759035428172689	0.01
0.907185931	0.0759035428172689	0.01
0.907198748	0.0759035428172689	0.01
0.907199842	0.0759035428172689	0.01
0.907298438	0.0675771667647666	0.01
0.907311244	0.0675771667647666	0.01
0.907324045	0.0679158098226076	0.01
0.907336843	0.0679158098226076	0.01
0.907336844	0.0679158098226076	0.01
0.907436592	0.0679158098226076	0.01
0.907449378	0.0679158098226076	0.01
0.90746216	0.0679158098226076	0.01
0.9075492	0.0679158098226076	0.01
0.907574745	0.0679158098226076	0.01
0.907587512	0.0679158098226076	0.01
0.907712898	0.0679158098226076	0.01
0.907951053	0.0679158098226076	0.01
0.907963773	0.067241884047996	0.01
0.907963774	0.067241884047996	0.01
0.908076559	0.067241884047996	0.01
0.908089263	0.067241884047996	0.01
0.908089264	0.067241884047996	0.01
0.908151307	0.067241884047996	0.01
0.908214789	0.067241884047996	0.01
0.908453284	0.0669099119024394	0.01
0.908566283	0.0665812015362642	0.01
0.908578929	0.0665812015362642	0.01
0.908691978	0.0669099119024394	0.01
0.908729307	0.0669099119024394	0.01
0.908816452	0.0675771667647666	0.01
0.908830322	0.067241884047996	0.01
0.908956071	0.0679158098226076	0.01
0.909195105	0.0675771667647666	0.01
0.909270732	0.0675771667647666	0.01
0.909308419	0.0675771667647666	0.01
0.909346075	0.0682578639940275	0.01
0.90938549	0.0682578639940275	0.01
0.909434338	0.0682578639940275	0.01
0.909620416	0.0682578639940275	0.01
0.909642167	0.0682578639940275	0.01
0.909838426	0.0679158098226076	0.01
0.910014581	0.0675771667647666	0.01
0.910051995	0.0675771667647666	0.01
0.910267	0.0679158098226076	0.01
0.910467776	0.0682578639940275	0.01
0.911351929	0.0682578639940275	0.01
0.911383512	0.067241884047996	0.01
0.911518912	0.0675771667647666	0.01
0.911632099	0.0682578639940275	0.01
0.911776598	0.0682578639940275	0.01
0.912015459	0.0679158098226076	0.01
0.912707801	0.0686033810795643	0.01
0.912776305	0.0682578639940275	0.01
0.912811242	0.0682578639940275	0.01
0.913006436	0.0603132580406278	0.01
0.913139907	0.0603132580406278	0.01
0.913630289	0.0609390903385314	0.01
0.914696902	0.0612569022853998	0.01
0.914983658	0.0612569022853998	0.01
0.915269563	0.0612569022853998	0.01
0.916163647	0.047796353267626	0.01
0.916208994	0.0472959600934406	0.01
0.916688985	0.047544840100255	0.01
0.917957453	0.0269143366397936	0.01
0.918238351	0.0570516950251864	0.02
0.918456927	0.0572928745741454	0.02
0.918483627	0.0572928745741454	0.02
0.918816837	0.058530019562781	0.02
0.918837351	0.058530019562781	0.02
0.919120121	0.0595588800702041	0.02
0.919822583	0.0600869948433225	0.02
0.920002472	0.0600869948433225	0.02
0.921364075	0.0603545800068565	0.02
0.921783065	0.0611718287564817	0.02
0.922455062	0.0625842286834915	0.02
0.922763582	0.0625842286834915	0.02
0.924412009	0.0568125374986877	0.02
0.924507726	0.0568125374986877	0.02
0.924627878	0.0570886673205732	0.02
0.925553967	0.044500624402457	0.02
0.926193857	0.0447208861488042	0.02
0.929379518	0.0536631938417523	0.03
0.93064775	0.053241566610779	0.03
0.93220206	0.0545268042481491	0.03
0.934071327	0.0494046715025082	0.03
0.934700606	0.049613353902734	0.03
0.93534835	0.049613353902734	0.03
0.941112169	0.00717628300551215	0.03
0.947518522	0.0142129407401853	0.04
0.948845214	0.00598739704720631	0.04
0.949342587	0.00619258048200334	0.04
0.951999424	0	0.04
0.953473419	0	0.04
0.954119877	0	0.04
0.954191796	0	0.04
0.955603107	0	0.04
0.955985355	0	0.04
0.956018846	0	0.04
0.956766863	0.0346129299997024	0.05
0.956793172	0.0347460386363423	0.05
0.957016096	0.034880174999255	0.05
0.957077957	0.0351515788845474	0.05
0.957486775	0.0142129407401853	0.05
0.958321379	0.00554634601969334	0.05
0.959031973	0.00602733871819398	0.05
0.959857154	0.00674753950160492	0.05
0.960039043	0.00684984972862753	0.05
0.960911853	0.00706406900161946	0.05
0.966290332	0	0.05
0.966980911	0.034090540054028	0.06
0.966980912	0.034090540054028	0.06
0.966986309	0.0342196536759094	0.06
0.967139043	0.0344808373230577	0.06
0.967297226	0.0286572064357021	0.06
0.967302572	0.0288862550534921	0.06
0.967460779	0.0131765616971095	0.06
0.96746078	0.0131765616971095	0.06
0.967608447	0.0149168980015024	0.06
0.96761904	0.0149168980015024	0.06
0.967619041	0.0149168980015024	0.06
0.968088909	0.00519552042129722	0.06
0.968861479	0.00575843862456058	0.06
0.970292984	0.019541107030524	0.06
0.970442597	0.019401238524305	0.06
0.978183481	0.015338969500296	0.06
0.985118954	0.0136064969974892	0.07
1.019804062	0.0338986861771244	0.09
1.021711423	0.0342196536759094	0.09
1.022530753	0.034880174999255	0.09
1.023898132	0.0335836838365659	0.09
1.027349785	0.0345467573947434	0.09
1.029271857	0.0345467573947434	0.09
1.030020301	0.0345467573947434	0.09
1.030397618	0.0345467573947434	0.09
1.031531241	0.034880174999255	0.09
1.031720423	0.034880174999255	0.09
1.032104884	0.034880174999255	0.09
1.0327094	0.034880174999255	0.09
1.033463082	0.034880174999255	0.09
1.034376329	0.034880174999255	0.09
1.034854243	0.034880174999255	0.09
1.036124234	0.0345467573947434	0.09
1.038905957	0.035920193731911	0.09
1.041709188	0.0362807872821609	0.09
1.044012776	0.0332744818922148	0.1
1.048661279	0.0338986861771244	0.1
1.049025044	0.0345467573947434	0.1
1.058571278	0.0338986861771244	0.11
1.067766296	0.0304692093062248	0.12
1.067971123	0.0304692093062248	0.12
1.068168044	0.0304692093062248	0.12
1.06860264	0.0304692093062248	0.12
1.070020858	0.0312598364528265	0.12
1.088762574	0.0583859340995189	0.13
1.091073782	0.0618095046267476	0.13
1.112743253	0.0543705553038393	0.15
1.113082372	0.0543705553038393	0.15
1.113233383	0.0543705553038393	0.15
1.116382888	0.0543705553038393	0.15
1.125633627	0.0517036899433032	0.16
1.13205703	0.0504660157236313	0.17
1.133642817	0.0496733016392997	0.17
1.134317617	0.0496733016392997	0.17
1.187305519	0.0596243861736016	0.16
1.187446683	0.0601203131594857	0.16
1.192009701	0.0473786300793047	0.16
1.192725439	0.048221507856813	0.16
1.208724051	0.0563067487418541	0.16
1.209751115	0.0558098863540634	0.16
1.209768181	0.0558098863540634	0.16
1.209825949	0.0558098863540634	0.16
1.210085375	0.0558098863540634	0.16
1.21086869	0.0543705553038393	0.16
1.225416562	0.0436408551277132	0.14
1.226416878	0.0436408551277132	0.14
1.226767373	0.0436408551277132	0.14
1.245566855	0.044500624402457	0.13
1.246668032	0.045394951154696	0.13
1.248955951	0.0440665464884931	0.13
1.265568721	0.0707061018243212	0.12
1.268447511	0.0852093782670836	0.12
1.270604589	0.045394951154696	0.11
1.275739262	0.0868474658396902	0.11
1.278899002	0.0852093782670836	0.11
1.285172518	0.0707061018243212	0.1
1.293113698	0.0852093782670836	0.11
1.297280078	0.0852093782670836	0.11
1.302603198	0.0836319408411292	0.12
1.303502827	0.0836319408411292	0.12
1.335485912	0.0589299465166052	0.13
1.335508208	0.0589299465166052	0.13
1.335711503	0.0589299465166052	0.13
1.335892556	0.0589299465166052	0.13
1.33625481	0.0589299465166052	0.13
1.33638917	0.0589299465166052	0.13
1.336413828	0.0589299465166052	0.13
1.336595099	0.0589299465166052	0.13
1.336665633	0.0589299465166052	0.13
1.337117106	0.0589299465166052	0.13
1.337161305	0.0589299465166052	0.13
1.337524247	0.0589299465166052	0.13
1.338686534	0.0589299465166052	0.13
1.342368518	0.0589299465166052	0.14
1.343443085	0.0589299465166052	0.14
1.346883901	0.0578518739208661	0.14
1.360981621	0.062419519206385	0.14
1.36116959	0.062419519206385	0.14
1.36135761	0.062419519206385	0.14
1.361545683	0.062419519206385	0.14
1.362279458	0.062419519206385	0.14
1.368578346	0.057327495354641	0.15
1.369707356	0.0568125374986877	0.15
1.370127164	0.0568125374986877	0.15
1.377139612	0.0612112977748535	0.14
1.377274175	0.0612112977748535	0.14
1.379222918	0.0594841919792521	0.14
1.384187356	0.0589299465166052	0.14
1.38563755	0.0612112977748535	0.14
1.385801753	0.0612112977748535	0.14
1.418305639	0.062419519206385	0.15
1.430594094	0.0636763981107188	0.14
1.434752614	0.0630416945993588	0.15
1.436494579	0.0636763981107188	0.15
1.440102642	0.0636763981107188	0.15
1.450462129	0.0636763981107188	0.15
1.450674974	0.0636763981107188	0.15
1.450928234	0.0636763981107188	0.15
1.454003033	0.062419519206385	0.16
1.454856842	0.062419519206385	0.16
1.45657643	0.062419519206385	0.16
1.484067531	0.062419519206385	0.19
1.484117024	0.062419519206385	0.19
1.488337206	0.0636763981107188	0.19
1.511734415	0.0636763981107188	0.21
1.512403577	0.0636763981107188	0.21
1.512821455	0.0606245591030665	0.22
1.515375804	0.0612112977748535	0.22
1.516740221	0.0612112977748535	0.22
1.517647523	0.062419519206385	0.22
1.519065464	0.062419519206385	0.22
1.523536021	0.0636763981107188	0.21
1.558319819	0.158707254786141	0.23
1.55916507	0.157977008023718	0.23
1.561070241	0.12101753976246	0.22
1.56916589	0.176477727302831	0.22
1.595407686	0.178202396176002	0.19
1.595579044	0.17588966489365	0.19
1.730827961	0.213795059404213	0.06
1.745720251	0.239648467523802	0.04
1.75282717	0.210580316009286	0.04
1.758275756	0.235352576930168	0.03
1.77492366	0.268091820015909	0.01
1.778615293	0.252313534651195	0.01
1.77861633	0.252313534651195	0.01
1.780627841	0.229565650027352	0.01
1.780657572	0.229565650027352	0.01
1.780839524	0.227699400668382	0.01
1.780928629	0.227699400668382	0.01
1.78092863	0.227699400668382	0.01
1.781081012	0.227699400668382	0.01
1.781140367	0.227699400668382	0.01
1.781170031	0.227699400668382	0.01
1.781170032	0.227699400668382	0.01
1.781381862	0.227699400668382	0.01
1.781411498	0.227699400668382	0.01
1.781411499	0.227699400668382	0.01
1.781623424	0.227699400668382	0.01
1.781653031	0.227699400668382	0.01
1.7818108	0.227699400668382	0.01
1.781835463	0.227699400668382	0.01
1.781894629	0.227699400668382	0.01
1.782136292	0.227699400668382	0.01
1.782378022	0.224056475400261	0.01
1.782531315	0.224056475400261	0.01
1.782619816	0.224056475400261	0.01
1.783044725	0.224056475400261	0.01
1.783103602	0.224056475400261	0.01
1.783286774	0.224056475400261	0.01
1.783345594	0.224056475400261	0.01
1.783587651	0.224056475400261	0.01
1.78377107	0.224056475400261	0.01
1.783829774	0.224056475400261	0.01
1.784013316	0.224056475400261	0.01
1.784314217	0.224056475400261	0.01
1.78446873	0.224056475400261	0.01
1.784506241	0.224056475400261	0.01
1.785009515	0.225863249897197	0.01
1.785322292	0.225863249897197	0.01
1.785497332	0.225863249897197	0.01
1.785988286	0.222278377792973	0.01
1.786357195	0.222278377792973	0.01
1.787927091	0.217109477735195	0.01
1.788872102	0.220528279717013	0.01
1.789747139	0.220528279717013	0.01
1.790033715	0.220528279717013	0.01
1.790095821	0.220528279717013	0.01
1.790737455	0.227699400668382	0.01
1.792147241	0.214306250645287	0.02
1.794856772	0.178894230765088	0.02
1.795643534	0.16904971339246	0.02
1.796645824	0.166304206217223	0.02
1.796696941	0.166304206217223	0.02
1.801889818	0.0764386693592892	0.02
1.809599251	0.0335836838365659	0.02
1.813215031	0.0671812806777907	0.03
1.813240824	0.0671812806777907	0.03
1.814069382	0.0606245591030665	0.03
1.814069384	0.0606245591030665	0.03
1.814345569	0.0610799320242989	0.03
1.814596154	0.0550808195511884	0.03
1.814621756	0.0550808195511884	0.03
1.814621757	0.0550808195511884	0.03
1.814846808	0.0550808195511884	0.03
1.814872379	0.0550808195511884	0.03
1.815123071	0.0555037758608517	0.03
1.815169565	0.0555037758608517	0.03
1.815322808	0.0559332780553804	0.03
1.815373832	0.0559332780553804	0.03
1.815624663	0.0568125374986877	0.03
1.815875562	0.0568125374986877	0.03
1.816374833	0.0508719370096534	0.03
1.81637757	0.0508719370096534	0.03
1.816879855	0.0508719370096534	0.03
1.817382419	0.0508719370096534	0.03
1.817399416	0.0508719370096534	0.03
1.817633804	0.0508719370096534	0.03
1.818036082	0.0521298498072344	0.03
1.818363245	0.0521298498072344	0.03
1.819217405	0.0525630931726268	0.03
1.819395454	0.0525630931726268	0.03
1.819410514	0.0525630931726268	0.03
1.820606159	0.0636763981107188	0.02
1.82134289	0.0636763981107188	0.02
1.822065256	0.0578518739208661	0.03
1.823267442	0.0589299465166052	0.03
1.824280416	0.0589299465166052	0.03
1.824759677	0.0589299465166052	0.03
1.824985083	0.0594841919792521	0.03
1.828541204	0.062419519206385	0.03
1.829051906	0.062419519206385	0.03
1.829613575	0.062419519206385	0.03
1.830016016	0.062419519206385	0.03
1.835137623	0.062419519206385	0.03
1.836263396	0.062419519206385	0.03
1.83758722	0.062419519206385	0.03
1.837659261	0.062419519206385	0.03
1.839735229	0.053983822785933	0.03
1.842215909	0.053983822785933	0.03
1.844053766	0.0612112977748535	0.04
1.860668056	0.0529296686223266	0.05
1.860714054	0.0529296686223266	0.05
1.876458705	0.0568125374986877	0.07
1.877534086	0.0563067487418541	0.07
1.933588634	0.0553217160978992	0.12
1.937910579	0.0591365739627262	0.13
1.938309591	0.0591365739627262	0.13
1.938319698	0.0591365739627262	0.13
1.939501786	0.0591365739627262	0.13
1.947078383	0.0694826735691823	0.14
1.956133657	0.0694826735691823	0.15
1.95745413	0.0694826735691823	0.15
1.961031557	0.0629719521719418	0.15
2.03833515	0.0774041491102199	0.23
2.039242563	0.0774041491102199	0.23
2.045755957	0.0876903571220844	0.23
2.04617014	0.0885497699841177	0.23
2.049316864	0.0768973975394051	0.24
2.058810915	0.0768973975394051	0.25
2.077371996	0.0768973975394051	0.27
2.07768814	0.0768973975394051	0.27
2.077935092	0.0768973975394051	0.27
2.080200147	0.071404584398886	0.27
2.114638141	0.0740376005171895	0.3
2.116340052	0.0836319408411292	0.3
2.119081815	0.0739909614102001	0.31
2.122322709	0.0686903076016469	0.31
2.175983465	0.0836319408411292	0.36
2.201956234	0.0682578639940275	0.39
2.21647999	0.0844132907748113	0.4
2.22342495	0.0704763011344607	0.41
2.225736601	0.0821118464300771	0.41
2.22607531	0.0828649229760793	0.41
2.226980498	0.0868474658396902	0.41
2.230993963	0.0721723956759787	0.42
2.244892022	0.189206250305153	0.43
2.268175967	0.247301085640959	0.41
2.273953022	0.246789355393356	0.4
2.36737444	0.282558434481576	0.31
2.396315913	0.295290004374634	0.28
2.401471639	0.304818177438041	0.28
2.57811595	0.33226064625379	0.16
2.63880046	0.323931023567584	0.09
2.644514931	0.342195310402626	0.09
2.64482266	0.342195310402626	0.09
2.65353762	0.336217859465258	0.08
2.664122924	0.345640215779187	0.07
2.67074212	0.339633658814432	0.06
2.670831293	0.339633658814432	0.06
2.671148642	0.339633658814432	0.06
2.671193019	0.339633658814432	0.06
2.671193179	0.339633658814432	0.06
2.671237545	0.339633658814432	0.06
2.671237705	0.339633658814432	0.06
2.671599486	0.339633658814432	0.06
2.671599646	0.339633658814432	0.06
2.672323822	0.339633658814432	0.06
2.672686057	0.339633658814432	0.06
2.67300408	0.339633658814432	0.06
2.673366554	0.339633658814432	0.06
2.673410821	0.339633658814432	0.06
2.674201502	0.345640215779187	0.06
2.674498542	0.345640215779187	0.06
2.674640938	0.345640215779187	0.06
2.674817434	0.345640215779187	0.06
2.67498819	0.335507480283669	0.06
2.675753192	0.335507480283669	0.06
2.677404052	0.335507480283669	0.06
2.678640892	0.327283542500638	0.05
2.679543675	0.327283542500638	0.05
2.679587204	0.327283542500638	0.05
2.681604422	0.339633658814432	0.05
2.690797174	0.338818396311482	0.05
2.690995907	0.338818396311482	0.05
2.692790444	0.338818396311482	0.05
2.700424629	0.346677792519553	0.04
2.703341222	0.346677792519553	0.04
2.714352711	0.317427897692313	0.05
2.720992773	0.301733477019186	0.05
2.721223607	0.323215165267992	0.06
2.721339166	0.323215165267992	0.06
2.721753239	0.323215165267992	0.06
2.72212898	0.323215165267992	0.06
2.722504826	0.323215165267992	0.06
2.727362573	0.308148476225826	0.06
2.728457177	0.308148476225826	0.06
2.730687704	0.308148476225826	0.06
2.733911556	0.320120130275664	0.07
2.734951629	0.308148476225826	0.07
2.744776734	0.308148476225826	0.08
2.758261585	0.308148476225826	0.09
2.767264537	0.308148476225826	0.1
2.784781798	0.275888143927141	0.12
2.870516676	0.275888143927141	0.2
2.874914635	0.275888143927141	0.21
2.884109016	0.287126619009232	0.22
2.885327778	0.275888143927141	0.22
2.893176138	0.290143241745721	0.23
2.901070252	0.270134969395403	0.23
3.116410384	0.275587607400175	0.45
3.194633906	0.255851097719854	0.53
3.560201153	0.258559967006561	0.890000000000001
3.561529658	0.243538105946943	0.890000000000001
3.561648443	0.231462744163978	0.890000000000001
3.565454716	0.199018190838538	0.890000000000001
3.566965252	0.201030967691021	0.890000000000001
3.567214517	0.201030967691021	0.890000000000001
3.568359469	0.193662843194758	0.890000000000001
3.571812505	0.247301085640959	0.900000000000001
3.572497766	0.245674234646492	0.900000000000001
3.575584373	0.197045319383456	0.900000000000001
3.62901857	0.162206305767425	0.930000000000001
3.629519691	0.162206305767425	0.930000000000001
3.631023885	0.169688624702077	0.940000000000001
3.631169027	0.169688624702077	0.940000000000001
3.631970124	0.169688624702077	0.940000000000001
3.633483005	0.162206305767425	0.940000000000001
3.778072999	0.189530057801756	1.08
4.445571488	0.218056010716414	1.72
4.452121847	0.212525496417657	1.72
4.45272527	0.212525496417657	1.72
4.453328856	0.212525496417657	1.72
4.464002998	0.218056010716414	1.74
4.475601202	0.218056010716414	1.75
4.492707945	0.220181561937502	1.76
4.536342962	0.221984768347149	1.78
4.536969429	0.221984768347149	1.78
4.537596069	0.221984768347149	1.78
4.773228095	0.217531019749206	2.02
4.848628454	0.217531019749206	2.1
4.895921957	0.217531019749206	2.14
5.341769851	0.259121730821325	2.44999999999999
5.342582978	0.259121730821325	2.44999999999999
5.343129076	0.259121730821325	2.44999999999999
5.443653327	0.268756363871112	2.35999999999999
5.445157132	0.268756363871112	2.35999999999999
6.232084175	0.27770521900159	2.66999999999999
6.2338777	0.27770521900159	2.66999999999999
6.244676548	0.27770521900159	2.67999999999999
6.35095118	0.269871288516885	2.77999999999998
6.358499262	0.269871288516885	2.78999999999998
7	0.280943366782167	3.36999999999997
