thrs	post_p	finalwindow
0	0.135038308778954	0.23
0.03256001	0.133209403525619	0.2
0.070216248	0.135038308778954	0.16
0.082355146	0.131429376222338	0.17
0.093809574	0.118736342491515	0.17
0.098963073	0.121674066684117	0.16
0.106977596	0.117320042630317	0.17
0.113424721	0.117320042630317	0.17
0.115659216	0.114586443783982	0.18
0.123778241	0.115937132052244	0.18
0.127695348	0.0887404050846297	0.17
0.129609166	0.111392014640126	0.17
0.130460633	0.110429966113542	0.17
0.14705261	0.0929327755500816	0.15
0.148447444	0.104631478150421	0.15
0.148782099	0.10371206705952	0.15
0.151339737	0.107641008381309	0.15
0.155752372	0.113430147514166	0.15
0.161204767	0.107641008381309	0.14
0.178113806	0.0912091744518645	0.12
0.178140913	0.0912091744518645	0.12
0.181430774	0.110429966113542	0.12
0.181486006	0.110429966113542	0.12
0.186084933	0.115089247632809	0.12
0.191788381	0.111392014640126	0.11
0.194681585	0.117670940538351	0.11
0.206482242	0.116797602245666	0.1
0.222049977	0.0985179243102482	0.08
0.222622275	0.096755830434388	0.08
0.22265244	0.096755830434388	0.08
0.222656148	0.096755830434388	0.08
0.222686318	0.096755830434388	0.08
0.222697977	0.096755830434388	0.08
0.222716495	0.096755830434388	0.08
0.222812147	0.104631478150421	0.08
0.222924291	0.112370972913197	0.08
0.223196808	0.109484392956721	0.08
0.226728961	0.104134394667413	0.08
0.226867021	0.104134394667413	0.08
0.226923294	0.104134394667413	0.08
0.226929675	0.104134394667413	0.08
0.226957829	0.104134394667413	0.08
0.227177477	0.107641008381309	0.08
0.230426372	0.0969002604596182	0.08
0.243116147	0.0849099588136966	0.07
0.254481698	0.0729450973866586	0.06
0.256228734	0.0787883904797175	0.05
0.256650521	0.0787883904797175	0.05
0.259750174	0.0750318569106959	0.05
0.263775407	0.0750318569106959	0.05
0.272151172	0.0750318569106959	0.05
0.287097646	0.0596691243610132	0.07
0.296044019	0.0667564115278792	0.07
0.296839561	0.0590718439444338	0.06
0.296839653	0.0590718439444338	0.06
0.296874128	0.0590718439444338	0.06
0.296879772	0.0590718439444338	0.06
0.296919994	0.0590718439444338	0.06
0.296960227	0.0590718439444338	0.06
0.297156652	0.0590718439444338	0.06
0.297207868	0.0590718439444338	0.06
0.29723727	0.0590718439444338	0.06
0.297631463	0.0590718439444338	0.06
0.298432807	0.0590718439444338	0.06
0.298682719	0.0590718439444338	0.06
0.299120783	0.0590718439444338	0.06
0.300128238	0.0590718439444338	0.06
0.300638986	0.0590718439444338	0.06
0.301159527	0.0590718439444338	0.06
0.302397905	0.0590718439444338	0.06
0.302406093	0.0590718439444338	0.06
0.302443572	0.0590718439444338	0.06
0.302452098	0.0590718439444338	0.06
0.302531356	0.0590718439444338	0.06
0.302757814	0.0590718439444338	0.06
0.302844832	0.0590718439444338	0.06
0.303037639	0.0584864024254076	0.06
0.303062807	0.0584864024254076	0.06
0.303998368	0.0579124512639978	0.06
0.304168238	0.0579124512639978	0.06
0.306047128	0.0579124512639978	0.06
0.306464617	0.0573496554687746	0.06
0.307314933	0.0573496554687746	0.06
0.308759935	0.0573496554687746	0.06
0.319078068	0.0656425838817271	0.07
0.320290117	0.0650226411574307	0.07
0.322435043	0.0650226411574307	0.07
0.322777267	0.0650226411574307	0.07
0.323097253	0.0650226411574307	0.07
0.323165924	0.0650226411574307	0.07
0.323808824	0.0650226411574307	0.07
0.327195424	0.0689284946017802	0.07
0.328591896	0.0689284946017802	0.07
0.333944256	0.0689284946017802	0.07
0.338071632	0.0689284946017802	0.07
0.340262381	0.0689284946017802	0.07
0.343706753	0.0689284946017802	0.07
0.350684009	0.0669186228935019	0.07
0.351815198	0.0669186228935019	0.07
0.356200611	0.0656425838817271	0.07
0.356206548	0.0656425838817271	0.07
0.362945858	0.0662744617885781	0.07
0.363236679	0.0662744617885781	0.07
0.363936107	0.0662744617885781	0.07
0.366130409	0.0682452557522157	0.07
0.37384574	0.0917269421754961	0.08
0.381649088	0.0867282756364885	0.07
0.389222512	0.0877056115876896	0.06
0.398731854	0.0914701705328428	0.05
0.403209246	0.0978180732017569	0.05
0.412388288	0.107770617653135	0.04
0.419019267	0.0953348624693422	0.03
0.423143546	0.100059841465418	0.03
0.428769674	0.0977023969068826	0.02
0.438307149	0.102808673204667	0.01
0.441698853	0.110429966113542	0.01
0.444236336	0.0949513838677999	0.01
0.444770984	0.0927137713229405	0.01
0.445049535	0.0927137713229405	0.01
0.445117302	0.103108050708935	0.01
0.445156208	0.103108050708935	0.01
0.445185067	0.103108050708935	0.01
0.445185068	0.103108050708935	0.01
0.44525283	0.103108050708935	0.01
0.445252832	0.103108050708935	0.01
0.445252833	0.103108050708935	0.01
0.445252835	0.103108050708935	0.01
0.445305777	0.103108050708935	0.01
0.44531318	0.103108050708935	0.01
0.445313187	0.103108050708935	0.01
0.445313188	0.103108050708935	0.01
0.44531319	0.103108050708935	0.01
0.445373562	0.103108050708935	0.01
0.445479567	0.101337490078811	0.01
0.445494353	0.101337490078811	0.01
0.445540001	0.101337490078811	0.01
0.445554774	0.100190516058034	0.01
0.445578303	0.100190516058034	0.01
0.445615211	0.100190516058034	0.01
0.445653547	0.100190516058034	0.01
0.445675664	0.0990692151851994	0.01
0.445691925	0.113703334366134	0.01
0.445736134	0.113703334366134	0.01
0.445849774	0.113703334366134	0.01
0.445917642	0.113703334366134	0.01
0.445978177	0.113703334366134	0.01
0.446038729	0.113703334366134	0.01
0.446188208	0.111856049086573	0.01
0.446455777	0.111856049086573	0.01
0.446465528	0.111856049086573	0.01
0.44656991	0.111856049086573	0.01
0.446888185	0.111856049086573	0.01
0.447158639	0.111856049086573	0.01
0.447533088	0.111856049086573	0.01
0.449552291	0.109484392956721	0.01
0.449715173	0.109484392956721	0.01
0.452986292	0.109484392956721	0.01
0.453117722	0.109484392956721	0.01
0.453312195	0.108335883491813	0.01
0.453607731	0.108335883491813	0.01
0.453670383	0.108335883491813	0.01
0.45367678	0.108335883491813	0.01
0.453739439	0.108335883491813	0.01
0.453782962	0.108335883491813	0.01
0.453789353	0.108335883491813	0.01
0.453802119	0.108335883491813	0.01
0.453864805	0.108335883491813	0.01
0.453864814	0.108335883491813	0.01
0.453927527	0.108335883491813	0.01
0.453952078	0.108335883491813	0.01
0.453977538	0.108335883491813	0.01
0.453990257	0.108335883491813	0.01
0.454053004	0.108335883491813	0.01
0.454115767	0.108335883491813	0.01
0.454131662	0.108335883491813	0.01
0.454172215	0.108335883491813	0.01
0.454228692	0.108335883491813	0.01
0.454291524	0.11006782818788	0.01
0.454379121	0.11006782818788	0.01
0.454423548	0.11006782818788	0.01
0.454637485	0.11006782818788	0.01
0.455078808	0.110657514909862	0.01
0.455439212	0.135971724115854	0.01
0.455550168	0.146068295089237	0.01
0.455665947	0.153177143986963	0.01
0.455678249	0.154682763522388	0.01
0.456133439	0.104499136937162	0.02
0.456159276	0.104499136937162	0.02
0.45760535	0.103452338536649	0.02
0.458022431	0.103452338536649	0.02
0.459124851	0.103452338536649	0.02
0.460382332	0.103452338536649	0.02
0.46331093	0.103973103019146	0.02
0.464728436	0.103973103019146	0.02
0.46499053	0.104499136937162	0.02
0.473676694	0.0980502494826001	0.03
0.474072423	0.0980502494826001	0.03
0.477096915	0.085237000870877	0.03
0.478409458	0.0886515331812025	0.03
0.483511101	0.0895483435726431	0.04
0.484225862	0.0895483435726431	0.04
0.484927676	0.0915325327648514	0.04
0.485999254	0.0977646501245782	0.04
0.48628356	0.0930793540767414	0.04
0.486776039	0.0794246242706734	0.04
0.489107131	0.0744794652398729	0.04
0.489424331	0.0738580367880149	0.04
0.490830832	0.0667564115278792	0.04
0.499369323	0.0740433737488977	0.05
0.50407637	0.0866786448180443	0.06
0.508934563	0.0693450442452468	0.06
0.511690912	0.0632957255264024	0.06
0.514553924	0.0853116802665721	0.07
0.514839037	0.0859897302830109	0.07
0.51502476	0.0859897302830109	0.07
0.515124567	0.0877329657545852	0.07
0.516063638	0.0895483435726431	0.07
0.51682809	0.0712634397560386	0.07
0.518492841	0.0669837283825883	0.07
0.520735072	0.0611108848008372	0.07
0.529143364	0.0357871971891096	0.07
0.534226929	0.0354645988844778	0.07
0.534308248	0.0354645988844778	0.07
0.534453117	0.0351477646482784	0.07
0.536755919	0.0615357024569621	0.07
0.539174229	0.0601250716291819	0.07
0.543234343	0.0382208906282628	0.06
0.544416783	0.0389782330580704	0.06
0.546060858	0.0684998771038322	0.06
0.55657045	0.0716172352064633	0.05
0.55802857	0.0709712694869806	0.05
0.566766402	0.0691014472591047	0.06
0.568776608	0.0691014472591047	0.06
0.572491616	0.0716172352064633	0.06
0.574371638	0.0716172352064633	0.06
0.586308239	0.0729450973866586	0.06
0.59079165	0.0709712694869806	0.06
0.591193432	0.0709712694869806	0.06
0.591819223	0.0689284946017802	0.05
0.593402747	0.0709712694869806	0.06
0.593673806	0.0709712694869806	0.06
0.593673808	0.0709712694869806	0.06
0.593754277	0.0709712694869806	0.06
0.593754278	0.0709712694869806	0.06
0.59375428	0.0709712694869806	0.06
0.593824895	0.0709712694869806	0.06
0.593915284	0.0709712694869806	0.06
0.594036974	0.0709712694869806	0.06
0.594152812	0.0709712694869806	0.06
0.594318181	0.0644142986241048	0.06
0.595015574	0.0650226411574307	0.06
0.595196772	0.0650226411574307	0.06
0.596219211	0.0650226411574307	0.06
0.596894832	0.0656425838817271	0.06
0.597117526	0.0656425838817271	0.06
0.602148457	0.0662744617885781	0.06
0.602674298	0.0662744617885781	0.06
0.604317115	0.0669186228935019	0.06
0.604813246	0.0682452557522157	0.06
0.604905308	0.0682452557522157	0.06
0.60490531	0.0682452557522157	0.06
0.604905312	0.0682452557522157	0.06
0.604988853	0.0682452557522157	0.06
0.605716504	0.0682452557522157	0.06
0.606404306	0.0638172337104958	0.07
0.607971158	0.0689284946017802	0.06
0.608756287	0.0689284946017802	0.06
0.61827716	0.0620906535192375	0.07
0.630942519	0.0656425838817271	0.06
0.635412418	0.0669186228935019	0.06
0.636066531	0.0669186228935019	0.06
0.63624959	0.0669186228935019	0.06
0.636422142	0.0669186228935019	0.06
0.637031954	0.0669186228935019	0.06
0.637260654	0.0669186228935019	0.06
0.638075882	0.0662744617885781	0.06
0.641599528	0.0662744617885781	0.06
0.646569798	0.0675754288750992	0.06
0.648110758	0.0675754288750992	0.06
0.648827538	0.0675754288750992	0.06
0.667879263	0.0645653145869358	0.08
0.678915807	0.0587776654319226	0.09
0.680410924	0.0587776654319226	0.09
0.680589305	0.0587776654319226	0.09
0.68060848	0.0587776654319226	0.09
0.680702493	0.0587776654319226	0.09
0.680786967	0.0587776654319226	0.09
0.689921535	0.0570723396921047	0.1
0.690723937	0.0570723396921047	0.1
0.692614054	0.0587776654319226	0.1
0.697379755	0.0477837452019776	0.1
0.712354258	0.046430325488338	0.11
0.712401774	0.046430325488338	0.11
0.713541741	0.0473239226672373	0.11
0.71365913	0.0473239226672373	0.11
0.714295462	0.0473239226672373	0.11
0.715653707	0.0420620121104011	0.12
0.715679053	0.0420620121104011	0.12
0.725869057	0.0410097409828741	0.13
0.726772429	0.0413545988740548	0.13
0.72717465	0.0439411597047355	0.13
0.735438378	0.0393682718849604	0.14
0.744518666	0.0396859685562614	0.14
0.75180067	0.0673719656324734	0.14
0.756100951	0.009458798773023	0.13
0.756122282	0.009458798773023	0.13
0.762884543	0.0732259988538429	0.13
0.763284143	0.0742296432068697	0.13
0.763387603	0.0738580367880149	0.13
0.763491091	0.0733075513861847	0.13
0.765321243	0.070336852431421	0.13
0.766651587	0.0701695855653178	0.13
0.778829055	0.0698534269468266	0.12
0.786383987	0.0724080872087726	0.11
0.793117932	0.0813965090577495	0.1
0.794958533	0.0775460201487073	0.1
0.797194853	0.0738580367880149	0.1
0.799403767	0.0725114067086929	0.1
0.8034392	0.0811725888670526	0.09
0.812482547	0.0815894262566771	0.08
0.817085993	0.0749579141279293	0.08
0.828284953	0.0767393137624822	0.07
0.849686346	0.0771405579567124	0.05
0.866065884	0.0825508247817033	0.03
0.867661243	0.0820757438761851	0.03
0.870144812	0.076342222087253	0.03
0.875213305	0.0850111857355652	0.02
0.875954975	0.0832738486660177	0.02
0.877564409	0.0827664101990396	0.02
0.87832845	0.0818480761960112	0.02
0.882218863	0.0856493633365572	0.01
0.883236842	0.0915605158598698	0.01
0.883671839	0.0901141683578082	0.01
0.884296127	0.0892680874413429	0.01
0.885048106	0.0865590800021779	0.01
0.886381245	0.0847585696341701	0.01
0.887670141	0.0846663194873232	0.01
0.888469193	0.0837055854235587	0.01
0.888863234	0.0823046816448954	0.01
0.889576687	0.0811725888670526	0.01
0.889752182	0.0811725888670526	0.01
0.889857915	0.0811725888670526	0.01
0.890068113	0.080071217172725	0.01
0.890218543	0.0792114076876497	0.01
0.890218544	0.0792114076876497	0.01
0.890228158	0.0792114076876497	0.01
0.890309475	0.0792114076876497	0.01
0.890354074	0.0792114076876497	0.01
0.890354075	0.0792114076876497	0.01
0.890419078	0.0792114076876497	0.01
0.890459913	0.0792114076876497	0.01
0.890474761	0.0792114076876497	0.01
0.890489605	0.0792114076876497	0.01
0.890489606	0.0792114076876497	0.01
0.890580647	0.0792114076876497	0.01
0.890595481	0.0792114076876497	0.01
0.89061031	0.0792114076876497	0.01
0.890610311	0.0792114076876497	0.01
0.890701414	0.0789993328058773	0.01
0.890716233	0.0789993328058773	0.01
0.890731048	0.0789993328058773	0.01
0.890731049	0.0789993328058773	0.01
0.890737499	0.0789993328058773	0.01
0.890837018	0.0789993328058773	0.01
0.890851819	0.0789993328058773	0.01
0.890928251	0.0789993328058773	0.01
0.890957836	0.0789993328058773	0.01
0.890972622	0.0789993328058773	0.01
0.890972623	0.0789993328058773	0.01
0.891093459	0.0785785716609534	0.01
0.89119957	0.0785785716609534	0.01
0.891214328	0.0785785716609534	0.01
0.891244043	0.0785785716609534	0.01
0.891246709	0.0785785716609534	0.01
0.891382479	0.0785785716609534	0.01
0.891441435	0.0785785716609534	0.01
0.891456164	0.0785785716609534	0.01
0.89149835	0.0785785716609534	0.01
0.891577132	0.0781622688321124	0.01
0.891686849	0.0781622688321124	0.01
0.891698132	0.0781622688321124	0.01
0.891881522	0.0781622688321124	0.01
0.892012117	0.0779557672011693	0.01
0.892017347	0.0779557672011693	0.01
0.89206133	0.0779557672011693	0.01
0.89216782	0.0777503538334038	0.01
0.892182462	0.0777503538334038	0.01
0.892245091	0.0781622688321124	0.01
0.892307805	0.0781622688321124	0.01
0.892793389	0.0781622688321124	0.01
0.892924751	0.0829408968425078	0.01
0.892951888	0.0827229031890333	0.01
0.892952212	0.0827229031890333	0.01
0.893016766	0.0827229031890333	0.01
0.89308003	0.0827229031890333	0.01
0.893142511	0.0827229031890333	0.01
0.893320622	0.0827229031890333	0.01
0.893395592	0.0827229031890333	0.01
0.894085351	0.0822903356236667	0.01
0.894511483	0.0822903356236667	0.01
0.894690708	0.0822903356236667	0.01
0.894906463	0.0822903356236667	0.01
0.894913415	0.0822903356236667	0.01
0.894970751	0.0822903356236667	0.01
0.895081202	0.0829408968425078	0.01
0.895086463	0.0829408968425078	0.01
0.895300675	0.0829408968425078	0.01
0.895524497	0.0825060524376027	0.01
0.895638516	0.0825060524376027	0.01
0.895840307	0.0825060524376027	0.01
0.89592425	0.0825060524376027	0.01
0.896396617	0.0825060524376027	0.01
0.896928207	0.0818622684164103	0.01
0.89693811	0.0818622684164103	0.01
0.897197773	0.0877228036438657	0.01
0.897282137	0.0933505810721569	0.01
0.89799116	0.0884502120893508	0.01
0.898155973	0.0872026185929703	0.01
0.898455429	0.0861609302288316	0.01
0.898485328	0.086332813230429	0.01
0.898755243	0.0848101188970655	0.01
0.899310528	0.0825453952430752	0.01
0.899325427	0.0825453952430752	0.01
0.899413875	0.0820757438761851	0.01
0.899974537	0.080849077279164	0.01
0.900031532	0.0805481184280398	0.01
0.900113547	0.080849077279164	0.01
0.900690942	0.0779786579276334	0.01
0.901007608	0.0850794552481097	0.01
0.901568195	0.0754899455360103	0.01
0.901947653	0.0762883914026972	0.01
0.902162268	0.077103907908074	0.01
0.902860993	0.0651846458571132	0.01
0.902932441	0.0654128134031092	0.01
0.903166806	0.0630702363661116	0.01
0.903685884	0.0632957255264024	0.01
0.903876527	0.0628463480996846	0.01
0.904039961	0.0626240437387508	0.01
0.904220945	0.0632957255264024	0.01
0.905345526	0.0649204540284032	0.01
0.906154318	0.0661329954271834	0.01
0.906508268	0.0661329954271834	0.01
0.906922556	0.0649204540284032	0.01
0.906983581	0.0658868771049329	0.01
0.907060652	0.0658868771049329	0.01
0.90712089	0.0658868771049329	0.01
0.907185931	0.0658868771049329	0.01
0.907198748	0.0673916929966203	0.01
0.907199842	0.0673916929966203	0.01
0.907298438	0.0636437271277369	0.01
0.907324045	0.0636437271277369	0.01
0.907336843	0.0636437271277369	0.01
0.907336844	0.0636437271277369	0.01
0.907449378	0.0636437271277369	0.01
0.90746216	0.0636437271277369	0.01
0.907574745	0.0636437271277369	0.01
0.907587512	0.0636437271277369	0.01
0.907674633	0.0636437271277369	0.01
0.907712898	0.0636437271277369	0.01
0.907951053	0.0636437271277369	0.01
0.907963773	0.0631628899874725	0.01
0.907963774	0.0631628899874725	0.01
0.908076559	0.0634023969160803	0.01
0.908089263	0.0634023969160803	0.01
0.908089264	0.0634023969160803	0.01
0.90817671	0.0641319413191651	0.01
0.908202099	0.0641319413191651	0.01
0.908214789	0.0641319413191651	0.01
0.908289632	0.0641319413191651	0.01
0.908566283	0.0656425838817271	0.01
0.908577365	0.0656425838817271	0.01
0.908578929	0.0656425838817271	0.01
0.908691978	0.0656425838817271	0.01
0.908729307	0.0656425838817271	0.01
0.908816452	0.0661620714627097	0.01
0.908830322	0.065901303932404	0.01
0.908855181	0.0653858872905531	0.01
0.908956071	0.0653858872905531	0.01
0.909094444	0.0653858872905531	0.01
0.909183517	0.0653858872905531	0.01
0.909195105	0.0653858872905531	0.01
0.909207673	0.0653858872905531	0.01
0.909308419	0.0653858872905531	0.01
0.909346075	0.065901303932404	0.01
0.909434338	0.0666898469587984	0.01
0.909446878	0.0666898469587984	0.01
0.909838426	0.0664249108744651	0.01
0.909896599	0.0664249108744651	0.01
0.909914657	0.0664249108744651	0.01
0.909925885	0.0664249108744651	0.01
0.910014581	0.067226110303204	0.01
0.910467776	0.0688879256045655	0.01
0.911062134	0.069750028620109	0.01
0.911351929	0.069750028620109	0.01
0.911383512	0.069750028620109	0.01
0.911404622	0.069750028620109	0.01
0.911632099	0.070336852431421	0.01
0.911776598	0.070336852431421	0.01
0.912015459	0.070336852431421	0.01
0.912488931	0.070336852431421	0.01
0.912630246	0.070336852431421	0.01
0.912707801	0.070336852431421	0.01
0.912776305	0.0694602733854505	0.01
0.912967277	0.0620533455623251	0.01
0.913139907	0.0620533455623251	0.01
0.913244462	0.0623154467497634	0.01
0.913630289	0.0617934399557212	0.01
0.913751419	0.0620533455623251	0.01
0.914018042	0.0623154467497634	0.01
0.914696902	0.0661948125785244	0.01
0.914870556	0.0661948125785244	0.01
0.914968567	0.0661948125785244	0.01
0.914983658	0.0661948125785244	0.01
0.915026039	0.0661948125785244	0.01
0.915559183	0.066474425928809	0.01
0.916163647	0.0667564115278792	0.01
0.916208994	0.0661948125785244	0.01
0.916688985	0.066474425928809	0.01
0.916912552	0.066474425928809	0.01
0.917248255	0.0449451362189983	0.01
0.917957453	0.0372792595778138	0.01
0.918456927	0.0336448787027025	0.01
0.918816837	0.0371384957976074	0.01
0.918837351	0.0378531495328625	0.01
0.919822583	0.0644477966446748	0.02
0.921783065	0.0679086906210359	0.02
0.922071236	0.0681701755105512	0.02
0.922763582	0.0684336818981226	0.02
0.923268187	0.0615357024569621	0.02
0.923473233	0.0615357024569621	0.02
0.924160807	0.062513480279588	0.02
0.924507726	0.0627627992551882	0.02
0.924627878	0.0627627992551882	0.02
0.925553967	0.0632674512458599	0.02
0.926193857	0.0635228328127474	0.02
0.927872541	0.0341708801995532	0.02
0.93064775	0.0602786064555361	0.03
0.93220206	0.0615357024569621	0.03
0.93534835	0.0556593430054852	0.03
0.938770844	0.0222355961241277	0.03
0.942896738	0.00806305021050622	0.03
0.948845214	0.0267391078310132	0.04
0.949342587	0.0287728831675795	0.04
0.950306111	0.0317445632271676	0.04
0.954119877	0.0165349816456214	0.04
0.955603107	0.017727045152366	0.04
0.955985355	0.017727045152366	0.04
0.956018846	0.017727045152366	0.04
0.956766863	0.0185634859888111	0.04
0.956780018	0.0185634859888111	0.04
0.95679317	0.0185634859888111	0.04
0.957016096	0.0191043427053657	0.04
0.957077957	0.0191043427053657	0.04
0.957486775	0.0192917005798269	0.04
0.959031973	0.0271824988320977	0.05
0.959642592	0.03000160991258	0.05
0.959857154	0.0303721881975493	0.05
0.960911853	0.0321597479038766	0.05
0.964446178	0.0165349816456214	0.05
0.964458654	0.0165349816456214	0.05
0.966653906	0.0182196130367831	0.05
0.966980911	0.0191043427053657	0.05
0.966980912	0.0191043427053657	0.05
0.966986309	0.0191043427053657	0.05
0.967144414	0.0191043427053657	0.05
0.967297223	0.0192917005798269	0.05
0.967297226	0.0192917005798269	0.05
0.967302571	0.0192917005798269	0.05
0.967302572	0.0192917005798269	0.05
0.967460779	0.0192917005798269	0.05
0.967608447	0.0192917005798269	0.05
0.96761904	0.0192917005798269	0.05
0.967925221	0.0192917005798269	0.05
0.968083686	0.0196776614987266	0.05
0.968861479	0.0258943494733408	0.06
0.969035555	0.0260314162281465	0.06
0.969666194	0.0282765645010563	0.06
0.970442597	0.0402897873138337	0.06
0.973766743	0.0275248135811217	0.06
0.978183481	0.03075203570183	0.06
0.9860103	0.0292289139111305	0.05
1.021711423	0.0435520168012261	0.07
1.022530753	0.0435520168012261	0.07
1.023898132	0.0435520168012261	0.07
1.027042278	0.0417053058889052	0.08
1.027349785	0.0417053058889052	0.08
1.028094642	0.0417053058889052	0.08
1.029271857	0.0420620121104011	0.08
1.029659545	0.0424248728004632	0.08
1.030020301	0.0424248728004632	0.08
1.030392053	0.0435520168012261	0.08
1.030397618	0.0435520168012261	0.08
1.030958443	0.0435520168012261	0.08
1.031531241	0.0435520168012261	0.08
1.031720423	0.0435520168012261	0.08
1.032104884	0.0435520168012261	0.08
1.033463082	0.0420620121104011	0.08
1.034014818	0.0420620121104011	0.08
1.034376329	0.0417053058889052	0.08
1.034854243	0.0417053058889052	0.08
1.035677928	0.0500533456463329	0.08
1.036124234	0.0518111243696638	0.08
1.039046839	0.0584864024254076	0.08
1.041709188	0.0488113410884362	0.09
1.043349328	0.048017023724926	0.09
1.049025044	0.0536968562877514	0.09
1.057424783	0.0527371385946267	0.1
1.067766296	0.0527371385946267	0.11
1.068168044	0.0527371385946267	0.11
1.068892568	0.0527371385946267	0.11
1.088407982	0.0693450442452468	0.13
1.088762574	0.0693450442452468	0.13
1.091073782	0.0718789260145565	0.13
1.113082372	0.0895483435726431	0.14
1.113233383	0.0895483435726431	0.14
1.11414031	0.0985179243102482	0.13
1.115076799	0.0985179243102482	0.13
1.127882011	0.0886515331812025	0.12
1.13205703	0.0860657350808221	0.12
1.133642817	0.085237000870877	0.12
1.136767134	0.085237000870877	0.12
1.137302108	0.085237000870877	0.12
1.162829766	0.0805814476064571	0.14
1.183360064	0.0773796351780095	0.16
1.187305519	0.0805814476064571	0.15
1.187446683	0.0805814476064571	0.15
1.18762744	0.0798545196180481	0.15
1.192009701	0.0813217318537752	0.15
1.192075895	0.0813217318537752	0.15
1.192725439	0.0805814476064571	0.15
1.203309389	0.0836265075063878	0.14
1.208724051	0.0644142986241048	0.14
1.209215802	0.0675754288750992	0.14
1.209751115	0.0675754288750992	0.14
1.209768181	0.0675754288750992	0.14
1.210771389	0.0669186228935019	0.14
1.21086869	0.0669186228935019	0.14
1.212614931	0.0669186228935019	0.14
1.224141399	0.0689284946017802	0.13
1.226416878	0.0689284946017802	0.13
1.226767373	0.0689284946017802	0.13
1.243346642	0.0722750678270012	0.12
1.246668032	0.070336852431421	0.12
1.248955951	0.0697136770808101	0.12
1.252855937	0.0780072902470781	0.11
1.265568721	0.0780072902470781	0.1
1.268447511	0.0757542306223444	0.1
1.270253663	0.0729450973866586	0.1
1.270604589	0.0729450973866586	0.1
1.275739262	0.0780072902470781	0.09
1.289511656	0.085237000870877	0.1
1.303502827	0.0871674900028518	0.12
1.335485912	0.0532126705433238	0.13
1.335508208	0.0532126705433238	0.13
1.335711503	0.0532126705433238	0.13
1.335892556	0.0532126705433238	0.13
1.336051433	0.0532126705433238	0.13
1.33638917	0.0532126705433238	0.13
1.336413828	0.0532126705433238	0.13
1.336595099	0.0532126705433238	0.13
1.336979907	0.0532126705433238	0.13
1.337529375	0.0532126705433238	0.13
1.338686534	0.0532126705433238	0.13
1.342368518	0.0590718439444338	0.13
1.343443085	0.0532126705433238	0.14
1.346883901	0.0518111243696638	0.14
1.350085516	0.0541899342215147	0.14
1.360533959	0.056797692944826	0.14
1.360774481	0.056797692944826	0.14
1.360981621	0.056797692944826	0.14
1.36116959	0.056797692944826	0.14
1.36135761	0.056797692944826	0.14
1.361545683	0.056797692944826	0.14
1.361952473	0.056797692944826	0.14
1.362110213	0.056797692944826	0.14
1.364721715	0.0590718439444338	0.13
1.365659238	0.0590718439444338	0.13
1.368077892	0.0590718439444338	0.13
1.369020462	0.0590718439444338	0.13
1.377544294	0.0590718439444338	0.13
1.379222918	0.0513602060729191	0.14
1.384187356	0.056797692944826	0.13
1.385801753	0.0562562538790605	0.13
1.430594094	0.0590718439444338	0.1
1.434752614	0.0590718439444338	0.1
1.448119954	0.0562562538790605	0.12
1.450462129	0.0557250401603367	0.12
1.450674974	0.0557250401603367	0.12
1.454003033	0.0557250401603367	0.12
1.454856842	0.0557250401603367	0.12
1.45657643	0.0557250401603367	0.13
1.457818346	0.0557250401603367	0.13
1.484067531	0.0541899342215147	0.15
1.484117024	0.0541899342215147	0.15
1.485917469	0.0541899342215147	0.16
1.488337206	0.0541899342215147	0.16
1.494140559	0.0536968562877514	0.16
1.506038743	0.0536968562877514	0.18
1.511964569	0.0536968562877514	0.18
1.512194724	0.0536968562877514	0.18
1.512403577	0.0536968562877514	0.18
1.512821455	0.0536968562877514	0.18
1.513239565	0.0536968562877514	0.18
1.515375804	0.0536968562877514	0.18
1.516740221	0.0536968562877514	0.19
1.517647523	0.0536968562877514	0.19
1.519065464	0.0536968562877514	0.19
1.523536021	0.0536968562877514	0.19
1.558531046	0.158328851492577	0.23
1.55916507	0.156173980451696	0.23
1.561070241	0.143116324864785	0.22
1.56916589	0.172227009162156	0.22
1.595407686	0.172446619398925	0.19
1.611568792	0.147898662583351	0.17
1.652341299	0.201544495039569	0.14
1.745720251	0.246904696522957	0.04
1.75282717	0.236661662800645	0.04
1.758275756	0.265275030262786	0.03
1.77492366	0.240655169693521	0.02
1.777374698	0.275524905075097	0.01
1.778615293	0.272888889024696	0.01
1.780115455	0.249060632066524	0.01
1.780627841	0.249060632066524	0.01
1.780657571	0.249060632066524	0.01
1.780657572	0.249060632066524	0.01
1.780928629	0.246904696522957	0.01
1.78092863	0.246904696522957	0.01
1.781170031	0.246904696522957	0.01
1.781170032	0.246904696522957	0.01
1.781381862	0.246904696522957	0.01
1.781411498	0.246904696522957	0.01
1.781411499	0.246904696522957	0.01
1.781623424	0.246904696522957	0.01
1.781653031	0.246904696522957	0.01
1.7818108	0.246904696522957	0.01
1.781835463	0.246904696522957	0.01
1.781894629	0.246904696522957	0.01
1.782136293	0.24478576537056	0.01
1.782378022	0.242702894003095	0.01
1.782531315	0.242702894003095	0.01
1.782590324	0.242702894003095	0.01
1.782619816	0.242702894003095	0.01
1.783044725	0.242702894003095	0.01
1.783286774	0.242702894003095	0.01
1.78377107	0.242702894003095	0.01
1.783829774	0.242702894003095	0.01
1.784013316	0.242702894003095	0.01
1.784314217	0.242702894003095	0.01
1.784506241	0.242702894003095	0.01
1.784933025	0.24478576537056	0.01
1.785497332	0.240655169693521	0.01
1.785988286	0.238641710260391	0.01
1.786357195	0.238641710260391	0.01
1.787927091	0.228469750512507	0.01
1.788780487	0.230380996834712	0.01
1.788872102	0.230380996834712	0.01
1.78918715	0.230380996834712	0.01
1.789358594	0.230380996834712	0.01
1.789747139	0.228469750512507	0.01
1.790033715	0.228469750512507	0.01
1.790095821	0.228469750512507	0.01
1.790737455	0.240437818247929	0.01
1.79204453	0.22905949354321	0.02
1.792147241	0.22905949354321	0.02
1.795172249	0.166229063535296	0.02
1.795643534	0.160793981826955	0.02
1.796645824	0.153276606158141	0.02
1.799436111	0.143580596067942	0.02
1.808733518	0.0172604093730072	0.02
1.813215031	0.0191043427053657	0.02
1.813240824	0.0191043427053657	0.02
1.813716026	0.0191043427053657	0.02
1.813793197	0.0191043427053657	0.02
1.814069382	0.0191043427053657	0.02
1.814069384	0.0191043427053657	0.02
1.814345569	0.0191043427053657	0.02
1.814596154	0.0191043427053657	0.02
1.814621756	0.0191043427053657	0.02
1.814621757	0.0191043427053657	0.02
1.814846808	0.0191043427053657	0.02
1.814872379	0.0191043427053657	0.02
1.815123071	0.0191043427053657	0.02
1.815288509	0.0194827697194222	0.02
1.815322808	0.0194827697194222	0.02
1.815373832	0.0194827697194222	0.02
1.815624663	0.0194827697194222	0.02
1.815850116	0.0196776614987266	0.02
1.815875562	0.0196776614987266	0.02
1.816101116	0.0196776614987266	0.02
1.816374833	0.0385958469852213	0.02
1.816377569	0.0385958469852213	0.02
1.81637757	0.0385958469852213	0.02
1.816879855	0.0393682718849604	0.02
1.817382419	0.0393682718849604	0.02
1.817399416	0.0393682718849604	0.02
1.817633804	0.0393682718849604	0.02
1.818036082	0.0393682718849604	0.02
1.818363245	0.0393682718849604	0.02
1.819217405	0.0393682718849604	0.02
1.819395454	0.0393682718849604	0.02
1.820606159	0.0385958469852213	0.02
1.82134289	0.0385958469852213	0.02
1.822065256	0.0385958469852213	0.02
1.823345161	0.0382208906282628	0.02
1.824280416	0.0378531495328625	0.02
1.824985083	0.0378531495328625	0.02
1.828541204	0.0374924174194968	0.02
1.828939845	0.0378531495328625	0.02
1.829613575	0.0378531495328625	0.02
1.836263396	0.0371384957976074	0.03
1.839735229	0.0374924174194968	0.03
1.842215909	0.0374924174194968	0.03
1.844053766	0.0351477646482784	0.04
1.846490238	0.0351477646482784	0.04
1.860714054	0.0354645988844778	0.05
1.872927722	0.0336448787027025	0.06
1.876458705	0.0305135262406021	0.07
1.877534086	0.0300474369022364	0.07
1.917919203	0.0289422173017041	0.11
1.919145255	0.0291567085803771	0.11
1.932723098	0.0424859591333781	0.12
1.933588634	0.0437457228586415	0.12
1.934242286	0.0472481445913946	0.12
1.93486401	0.0482525911368411	0.12
1.937910579	0.0399006303781978	0.13
1.938309591	0.0399006303781978	0.13
1.938319698	0.0399006303781978	0.13
1.940502926	0.0401722455020202	0.13
1.945075766	0.0482525911368411	0.13
1.947078383	0.0508074767804539	0.14
1.956133657	0.0508074767804539	0.15
1.95745413	0.0508074767804539	0.15
1.959079535	0.0511376774682613	0.15
2.03833515	0.0765970219736067	0.23
2.04617014	0.111392014640126	0.23
2.049316864	0.118260458272357	0.23
2.057190684	0.110429966113542	0.24
2.057670659	0.119737058256622	0.24
2.058810915	0.113703334366134	0.24
2.060706206	0.117087271037057	0.24
2.067556414	0.115413885229796	0.25
2.077371996	0.110429966113542	0.26
2.077653506	0.119737058256622	0.26
2.077935092	0.119737058256622	0.26
2.079378601	0.114809368721365	0.26
2.080200147	0.115937132052244	0.26
2.112854786	0.115937132052244	0.29
2.116340052	0.104134394667413	0.3
2.117539144	0.111392014640126	0.3
2.119081815	0.109484392956721	0.3
2.122322709	0.114809368721365	0.3
2.130868897	0.112618406990001	0.31
2.175983465	0.102465390681083	0.36
2.21647999	0.10585866996649	0.4
2.22342495	0.115937132052244	0.4
2.22607531	0.101650791542919	0.41
2.226678687	0.104989453213382	0.41
2.226980498	0.10585866996649	0.41
2.230993963	0.110509501664627	0.41
2.244892022	0.114809368721365	0.42
2.268175967	0.174899821750728	0.41
2.273953022	0.172227009162156	0.4
2.279085054	0.184064489887892	0.4
2.283420782	0.177890586978506	0.39
2.287430653	0.184064489887892	0.39
2.36737444	0.201205990970624	0.31
2.401471639	0.212169135727489	0.32
2.416816988	0.209109622597372	0.31
2.634889835	0.197360852756028	0.24
2.63880046	0.195400402599607	0.24
2.65353762	0.191594069000058	0.24
2.669724846	0.195400402599607	0.22
2.67074212	0.195400402599607	0.22
2.670831293	0.195400402599607	0.22
2.671193179	0.195400402599607	0.22
2.671237545	0.195400402599607	0.22
2.671237705	0.195400402599607	0.22
2.671599486	0.195400402599607	0.22
2.671599646	0.195400402599607	0.22
2.671961685	0.195400402599607	0.22
2.672323822	0.195400402599607	0.22
2.672686057	0.195400402599607	0.22
2.673366554	0.193478516959468	0.22
2.673410821	0.193478516959468	0.22
2.674201502	0.197360852756028	0.21
2.674640938	0.197360852756028	0.21
2.674817434	0.197360852756028	0.21
2.67498819	0.197360852756028	0.21
2.675753192	0.195400402599607	0.21
2.675906626	0.195400402599607	0.21
2.67595059	0.195400402599607	0.21
2.677404052	0.195400402599607	0.21
2.681604422	0.195400402599607	0.21
2.684222358	0.197360852756028	0.2
2.697875326	0.195400402599607	0.19
2.700424629	0.195400402599607	0.19
2.703341222	0.193478516959468	0.19
2.714352711	0.197360852756028	0.17
2.716197088	0.195400402599607	0.17
2.720992773	0.195400402599607	0.17
2.721223607	0.195400402599607	0.17
2.721339166	0.195400402599607	0.17
2.721753239	0.195400402599607	0.17
2.72212898	0.195400402599607	0.17
2.722504826	0.195400402599607	0.17
2.725138453	0.197360852756028	0.16
2.727362573	0.195400402599607	0.16
2.728042156	0.195400402599607	0.16
2.728457177	0.195400402599607	0.16
2.733911556	0.193478516959468	0.16
2.734951629	0.197360852756028	0.15
2.741703646	0.195400402599607	0.15
2.744776734	0.197360852756028	0.14
2.758261585	0.195400402599607	0.13
2.767264537	0.195400402599607	0.13
2.795646082	0.195400402599607	0.13
2.857457722	0.191594069000058	0.19
2.870516676	0.193478516959468	0.2
2.874914635	0.191594069000058	0.21
2.884109016	0.189745975363107	0.22
2.885327778	0.189745975363107	0.22
2.893176138	0.197360852756028	0.23
2.901070252	0.185600072449752	0.23
3.017087015	0.193659923334118	0.35
3.091199805	0.181985224793962	0.42
3.116410384	0.208631940645376	0.45
3.190582361	0.217028054145576	0.52
3.194633906	0.185600072449752	0.52
3.479484296	0.229928420666138	0.81
3.560201153	0.233506404949669	0.890000000000001
3.561529658	0.235101126254655	0.890000000000001
3.561648443	0.242702894003095	0.890000000000001
3.562131134	0.276670280662789	0.890000000000001
3.565454716	0.238356820243109	0.890000000000001
3.566965252	0.246904696522957	0.890000000000001
3.568359469	0.23338462971219	0.890000000000001
3.571210711	0.231273937388983	0.890000000000001
3.571812505	0.23338462971219	0.890000000000001
3.572123566	0.249311819087782	0.880000000000001
3.572497766	0.249311819087782	0.880000000000001
3.575584373	0.237723740991388	0.880000000000001
3.579984214	0.237723740991388	0.880000000000001
3.62901857	0.240437818247929	0.910000000000001
3.62939674	0.240437818247929	0.910000000000001
3.629519691	0.240437818247929	0.910000000000001
3.6300627	0.240437818247929	0.910000000000001
3.630972932	0.240437818247929	0.910000000000001
3.631023885	0.242555473009713	0.910000000000001
3.631970124	0.244543611328257	0.910000000000001
3.639968026	0.238356820243109	0.920000000000001
3.82876748	0.240655169693521	1.11
3.963711323	0.244450106824504	1.24
4.442577106	0.276670280662789	1.69
4.445571488	0.276670280662789	1.69
4.452121847	0.276670280662789	1.7
4.45272527	0.276670280662789	1.7
4.453932605	0.276670280662789	1.7
4.459832487	0.276670280662789	1.71
4.464002998	0.276670280662789	1.71
4.475601202	0.276670280662789	1.72
4.478685952	0.276670280662789	1.73
4.480518943	0.276670280662789	1.73
4.536342962	0.276670280662789	1.75
4.537444354	0.276670280662789	1.75
4.537596069	0.276670280662789	1.75
4.550359745	0.276670280662789	1.76
4.848628454	0.276670280662789	2.06
4.895921957	0.276670280662789	2.11
5.342582978	0.318231725702762	2.26
5.343307119	0.318231725702762	2.26
5.443653327	0.31406493055067	2.26
6.232084175	0.329659771825264	2.66999999999999
6.234722781	0.334534818489584	2.66999999999999
7	0.317153832278439	3.36999999999997
