thrs	post_p	finalwindow
0	0.165389445306807	0.21
0.070216248	0.111982646190683	0.17
0.089689176	0.104923985582494	0.16
0.093809574	0.0998870019435236	0.17
0.098963073	0.101100358568263	0.16
0.103967892	0.0998870019435236	0.16
0.106977596	0.0975456132921201	0.17
0.115659216	0.0975456132921201	0.17
0.123778241	0.0962440764935253	0.18
0.127200542	0.0754410370505438	0.17
0.128068503	0.0771504745007624	0.17
0.129730945	0.0829608613587001	0.17
0.130460633	0.0816585297451315	0.17
0.14705261	0.0761311125650669	0.15
0.148427326	0.0771504745007624	0.15
0.148447444	0.0771504745007624	0.15
0.148782099	0.0758996889308451	0.15
0.151339737	0.0816585297451315	0.15
0.155752372	0.0929372805178334	0.15
0.161204767	0.0816585297451315	0.14
0.172569069	0.0921457842521837	0.13
0.178062567	0.0771504745007624	0.12
0.178113806	0.0771504745007624	0.12
0.178140913	0.0771504745007624	0.12
0.178189211	0.0771504745007624	0.12
0.178358463	0.0771504745007624	0.12
0.181430774	0.0810225776673633	0.12
0.181486035	0.0810225776673633	0.12
0.181824923	0.0810225776673633	0.12
0.191788381	0.0823045440700025	0.11
0.206482242	0.0983435706151526	0.1
0.222622275	0.103617707767124	0.08
0.22265244	0.103617707767124	0.08
0.222656148	0.103617707767124	0.08
0.222686318	0.103617707767124	0.08
0.222697977	0.102764776967688	0.08
0.223196808	0.107745092066411	0.08
0.226728961	0.103617707767124	0.08
0.226867021	0.103617707767124	0.08
0.227081991	0.104417692127973	0.08
0.227432153	0.104417692127973	0.08
0.230426372	0.0604612908795531	0.07
0.237068117	0.0791059079731886	0.07
0.242615688	0.0791059079731886	0.07
0.242941212	0.0791059079731886	0.07
0.243116147	0.0791059079731886	0.07
0.254481698	0.0519131909692205	0.06
0.256259656	0.0519131909692205	0.06
0.259750174	0.0514002238720175	0.06
0.272151172	0.0467779761905511	0.06
0.287097646	0.039647284690347	0.07
0.295749179	0.042567254584911	0.07
0.296044019	0.042567254584911	0.07
0.296834617	0.0489802918966108	0.06
0.296839561	0.0489802918966108	0.06
0.296874128	0.0489802918966108	0.06
0.296879772	0.0489802918966108	0.06
0.29691506	0.0489802918966108	0.06
0.296919994	0.0489802918966108	0.06
0.296960227	0.0489802918966108	0.06
0.297161557	0.0485233938387424	0.06
0.297207868	0.0485233938387424	0.06
0.29723727	0.0485233938387424	0.06
0.297242165	0.0485233938387424	0.06
0.297345093	0.0485233938387424	0.06
0.29736316	0.0485233938387424	0.06
0.297631463	0.0485233938387424	0.06
0.298033592	0.0480749410762266	0.06
0.298062423	0.0480749410762266	0.06
0.29855614	0.0480749410762266	0.06
0.298682719	0.0480749410762266	0.06
0.299120783	0.0480749410762266	0.06
0.29926506	0.0480749410762266	0.06
0.300128238	0.0480749410762266	0.06
0.301373268	0.0476347015992684	0.06
0.302397905	0.0476347015992684	0.06
0.30240618	0.0476347015992684	0.06
0.302452098	0.0476347015992684	0.06
0.302694303	0.0485233938387424	0.06
0.302757814	0.0485233938387424	0.06
0.303037639	0.0489802918966108	0.06
0.303998368	0.0489802918966108	0.06
0.304168238	0.0489802918966108	0.06
0.305094409	0.0489802918966108	0.06
0.308759935	0.0519131909692205	0.05
0.319078068	0.0489802918966108	0.05
0.322591403	0.049920396468449	0.05
0.323097253	0.049920396468449	0.05
0.323165924	0.049920396468449	0.05
0.323808824	0.049920396468449	0.05
0.324596864	0.0519131909692205	0.04
0.327195424	0.0504041128273517	0.04
0.328591896	0.0504041128273517	0.04
0.330254195	0.0504041128273517	0.04
0.340262381	0.0556132761273486	0.05
0.343706753	0.0556132761273486	0.05
0.345554528	0.0551221756474203	0.05
0.350684009	0.054165543481446	0.06
0.351815198	0.0536995718724801	0.06
0.356200611	0.0523485503557483	0.06
0.356206548	0.0523485503557483	0.06
0.356351443	0.0523485503557483	0.06
0.356437896	0.0510638408994794	0.06
0.356490553	0.0510638408994794	0.06
0.357086112	0.0604612908795531	0.06
0.357959666	0.0475621110478571	0.07
0.360733393	0.0472024518193436	0.07
0.363236679	0.0472024518193436	0.07
0.363936107	0.0472024518193436	0.07
0.366130409	0.0486747431177865	0.07
0.367161303	0.0571405238282504	0.07
0.381649088	0.0766452457246995	0.07
0.382008897	0.0766452457246995	0.07
0.386863037	0.0749186635821646	0.06
0.387745392	0.0780694329078414	0.06
0.389825341	0.0818727380946347	0.06
0.395214438	0.0976949615359327	0.06
0.398731854	0.0802193357478941	0.05
0.411578949	0.0971660120203165	0.04
0.412388288	0.0971660120203165	0.04
0.415094538	0.111331366968736	0.04
0.415772448	0.0648588341494812	0.03
0.416416237	0.0864059771345672	0.03
0.418471182	0.0904510745286798	0.03
0.419019267	0.0886719968927994	0.03
0.423143546	0.0954676583898303	0.03
0.428769674	0.0935803353166391	0.02
0.438307149	0.1060552998907	0.01
0.438815006	0.104417692127973	0.01
0.440249622	0.110705908939931	0.01
0.440316292	0.110705908939931	0.01
0.441698853	0.110705908939931	0.01
0.441750067	0.110705908939931	0.01
0.444236336	0.113754861829004	0.01
0.444499874	0.111195219677649	0.01
0.444770984	0.108153222796978	0.01
0.445049535	0.108153222796978	0.01
0.445117302	0.123127422052864	0.01
0.445156208	0.123127422052864	0.01
0.445185068	0.121816774335699	0.01
0.445245414	0.121816774335699	0.01
0.44525283	0.121816774335699	0.01
0.445252832	0.121816774335699	0.01
0.445252833	0.121816774335699	0.01
0.445252835	0.121816774335699	0.01
0.445313187	0.121816774335699	0.01
0.445313188	0.121816774335699	0.01
0.44531319	0.121816774335699	0.01
0.445373562	0.121816774335699	0.01
0.445494353	0.121816774335699	0.01
0.445540001	0.121816774335699	0.01
0.445554774	0.121171858616549	0.01
0.445578303	0.121171858616549	0.01
0.445653547	0.121171858616549	0.01
0.445691925	0.125985764497149	0.01
0.445736134	0.125985764497149	0.01
0.445849774	0.130747219976823	0.01
0.445857123	0.130747219976823	0.01
0.445917642	0.130747219976823	0.01
0.445970843	0.130747219976823	0.01
0.445978177	0.130747219976823	0.01
0.446319857	0.128064793996001	0.01
0.446351359	0.128064793996001	0.01
0.446394864	0.128064793996001	0.01
0.446633323	0.127411297549085	0.01
0.446888185	0.12549022124511	0.01
0.446967543	0.12549022124511	0.01
0.447158639	0.12549022124511	0.01
0.447649603	0.12549022124511	0.01
0.447876705	0.12549022124511	0.01
0.448701687	0.127489364762681	0.01
0.448791313	0.127489364762681	0.01
0.449051315	0.128751579622504	0.01
0.449552291	0.128117363426435	0.01
0.453117722	0.120893585476085	0.01
0.453312195	0.120893585476085	0.01
0.453607731	0.120893585476085	0.01
0.453670383	0.120893585476085	0.01
0.45367678	0.120893585476085	0.01
0.453739439	0.120893585476085	0.01
0.453782962	0.120893585476085	0.01
0.453864805	0.120893585476085	0.01
0.453864814	0.120893585476085	0.01
0.453927527	0.120893585476085	0.01
0.453952078	0.120893585476085	0.01
0.453990257	0.120893585476085	0.01
0.454159539	0.120893585476085	0.01
0.454266222	0.122127645203547	0.01
0.454278877	0.122127645203547	0.01
0.454291524	0.122127645203547	0.01
0.454379121	0.122127645203547	0.01
0.454543029	0.123387158874627	0.01
0.454618511	0.123387158874627	0.01
0.454637485	0.123387158874627	0.01
0.455078808	0.125325905308493	0.01
0.455180191	0.127326550249871	0.01
0.455550168	0.151569915351804	0.01
0.455678249	0.158355446929738	0.01
0.455755613	0.164237559586572	0.01
0.456133439	0.123260039658671	0.02
0.456159276	0.123260039658671	0.02
0.456455968	0.123260039658671	0.02
0.456880284	0.123260039658671	0.02
0.457901934	0.122102717157073	0.02
0.458022431	0.122102717157073	0.02
0.458619789	0.120406916544191	0.02
0.458664131	0.120406916544191	0.02
0.459124851	0.121532167639699	0.02
0.460382332	0.121532167639699	0.02
0.462114195	0.11398301969923	0.02
0.46499053	0.112907344170885	0.02
0.472596627	0.110629465948194	0.02
0.47699163	0.105366761455242	0.03
0.477096915	0.105366761455242	0.03
0.478409458	0.11000911084706	0.03
0.478419311	0.11000911084706	0.03
0.479732593	0.104564472836287	0.03
0.479936634	0.104564472836287	0.03
0.483988273	0.0984992727585124	0.04
0.484225862	0.0984992727585124	0.04
0.484458594	0.099316937520173	0.04
0.484927676	0.100569209178898	0.04
0.485802156	0.116596724383642	0.04
0.48628356	0.104360140960552	0.04
0.486776039	0.100536705293797	0.04
0.489107131	0.101925773353126	0.04
0.490830832	0.0934627551928053	0.04
0.499369323	0.102053958009651	0.05
0.50407637	0.095311476663076	0.06
0.508934563	0.0942323510113416	0.06
0.511690912	0.0882381091599647	0.06
0.514645345	0.0945893341731475	0.07
0.51473946	0.0945893341731475	0.07
0.514742139	0.0945893341731475	0.07
0.514971335	0.0949490323597939	0.07
0.51502476	0.0949490323597939	0.07
0.515124567	0.0967893537520323	0.07
0.51682809	0.0912795626242391	0.07
0.518492841	0.089257195321398	0.07
0.520735072	0.0852262469855183	0.07
0.529143364	0.0294105284139444	0.07
0.534226929	0.0288664989010338	0.07
0.534308248	0.0288664989010338	0.07
0.534380672	0.0286019624823313	0.07
0.534453117	0.0286019624823313	0.07
0.536755919	0.070208488406613	0.07
0.544416783	0.070208488406613	0.07
0.55657045	0.0914706459469793	0.05
0.556645891	0.0914706459469793	0.05
0.556807604	0.0914706459469793	0.05
0.55802857	0.090585702188956	0.05
0.559788571	0.090585702188956	0.05
0.562444529	0.0914706459469793	0.05
0.568776608	0.0864059771345672	0.06
0.572491616	0.0864059771345672	0.06
0.574371638	0.0864059771345672	0.06
0.579525048	0.0864059771345672	0.06
0.59079165	0.0833300250999591	0.06
0.593673806	0.0833300250999591	0.06
0.593673808	0.0833300250999591	0.06
0.593754277	0.0833300250999591	0.06
0.59375428	0.0833300250999591	0.06
0.593824895	0.0833300250999591	0.06
0.593834769	0.0833300250999591	0.06
0.594152812	0.0833300250999591	0.06
0.594237558	0.0840782974378425	0.06
0.595015574	0.0775498430042165	0.06
0.595196772	0.0775498430042165	0.06
0.595887104	0.0775498430042165	0.06
0.597117526	0.0790224546341862	0.06
0.602148457	0.0805520763570193	0.05
0.602674298	0.0805520763570193	0.05
0.604317115	0.0805520763570193	0.05
0.604813246	0.0805520763570193	0.05
0.604905308	0.0805520763570193	0.05
0.60490531	0.0805520763570193	0.05
0.604905312	0.0805520763570193	0.05
0.604988853	0.0805520763570193	0.05
0.605716504	0.0805520763570193	0.05
0.60631275	0.0805520763570193	0.05
0.606404306	0.0805520763570193	0.05
0.607971158	0.0740977480872413	0.06
0.608524688	0.0740977480872413	0.06
0.61827716	0.0805520763570193	0.05
0.624510489	0.0821420841188463	0.05
0.630942519	0.0775498430042165	0.05
0.635412418	0.0775498430042165	0.05
0.636066531	0.0775498430042165	0.05
0.63624959	0.0775498430042165	0.05
0.636422142	0.0775498430042165	0.05
0.637260654	0.0775498430042165	0.05
0.637881775	0.0775498430042165	0.05
0.638075882	0.0775498430042165	0.05
0.644129804	0.0721701751724403	0.06
0.64801212	0.0721701751724403	0.06
0.648110758	0.0721701751724403	0.06
0.648827538	0.0721701751724403	0.06
0.659386285	0.0729432469485828	0.07
0.667472678	0.0707389113039498	0.08
0.667879263	0.0707389113039498	0.08
0.667969788	0.0707389113039498	0.08
0.671132308	0.070208488406613	0.08
0.680589305	0.0711999800915106	0.08
0.68060848	0.0711999800915106	0.08
0.680702493	0.0711999800915106	0.08
0.689921535	0.0642862935825385	0.09
0.690723937	0.0637237727561932	0.09
0.692614054	0.0648588341494812	0.09
0.697379755	0.0610526447250517	0.1
0.712354258	0.0605450676611642	0.11
0.7123899	0.0605450676611642	0.11
0.712401774	0.0605450676611642	0.11
0.71365913	0.0615688042421104	0.11
0.714295462	0.0615688042421104	0.11
0.715679053	0.0572153449519263	0.12
0.717816093	0.0585964405773453	0.12
0.719314887	0.0585964405773453	0.12
0.725609694	0.0102964695835078	0.12
0.72717465	0.05766841912385	0.13
0.735438378	0.00999957125431635	0.13
0.744518666	0.0103993927406034	0.13
0.7500464	0.0103993927406034	0.13
0.75180067	0.0101955637293327	0.13
0.756100951	0.00999957125431635	0.13
0.763387603	0.0847005897509928	0.13
0.763491091	0.084492137987998	0.13
0.765321243	0.0824626958804376	0.13
0.766651587	0.0810991347025583	0.13
0.7676628	0.0823812183801053	0.13
0.772264397	0.0861751001363139	0.12
0.779976345	0.0825735306201096	0.12
0.786383987	0.0861890575538025	0.11
0.793117932	0.0921457842521837	0.1
0.797194853	0.0879555351464517	0.1
0.799403767	0.0881281886074598	0.1
0.8034392	0.0952784128783991	0.09
0.812482547	0.0933864864287429	0.08
0.828284953	0.091960669216195	0.07
0.849686346	0.0944917071672501	0.05
0.856064956	0.0975456132921201	0.04
0.861783488	0.103974800372074	0.03
0.870144812	0.0950147261488246	0.03
0.874413626	0.103617707767124	0.02
0.875213305	0.101718158678827	0.02
0.877564409	0.0991299148237615	0.02
0.880342154	0.0944917071672501	0.02
0.882218863	0.101525621123829	0.01
0.882485476	0.104660101788754	0.01
0.883236842	0.104287827926614	0.01
0.885800269	0.102029898833228	0.01
0.887670141	0.101473883702065	0.01
0.888863234	0.0997056960990004	0.01
0.889014569	0.0991299148237615	0.01
0.889857915	0.0982786046798296	0.01
0.890068113	0.0979980746461514	0.01
0.890083013	0.0979980746461514	0.01
0.890218543	0.0977191415643951	0.01
0.890218544	0.0977191415643951	0.01
0.890309475	0.0966191091012885	0.01
0.890339212	0.0966191091012885	0.01
0.890354074	0.0971660120203165	0.01
0.890354075	0.0971660120203165	0.01
0.890407894	0.0971660120203165	0.01
0.890459913	0.0971660120203165	0.01
0.890474761	0.0971660120203165	0.01
0.890489605	0.0971660120203165	0.01
0.890489606	0.0971660120203165	0.01
0.890580647	0.0971660120203165	0.01
0.890595481	0.0971660120203165	0.01
0.89061031	0.0971660120203165	0.01
0.890610311	0.0971660120203165	0.01
0.89068659	0.0971660120203165	0.01
0.890716233	0.0971660120203165	0.01
0.890731048	0.0971660120203165	0.01
0.890731049	0.0971660120203165	0.01
0.890737499	0.0971660120203165	0.01
0.890822213	0.0971660120203165	0.01
0.890851819	0.0971660120203165	0.01
0.890928251	0.0971660120203165	0.01
0.890957836	0.0971660120203165	0.01
0.890972623	0.0971660120203165	0.01
0.891093459	0.0968917888224949	0.01
0.89119957	0.0968917888224949	0.01
0.891214328	0.0968917888224949	0.01
0.891244043	0.0968917888224949	0.01
0.891246709	0.0968917888224949	0.01
0.891320486	0.0968917888224949	0.01
0.89133523	0.0968917888224949	0.01
0.891382479	0.0968917888224949	0.01
0.891441435	0.0968917888224949	0.01
0.891456164	0.0968917888224949	0.01
0.89149835	0.0968917888224949	0.01
0.891521465	0.0968917888224949	0.01
0.891698132	0.0966191091012885	0.01
0.891881522	0.0966191091012885	0.01
0.892012117	0.0963479598619851	0.01
0.892017347	0.0963479598619851	0.01
0.89206133	0.0963479598619851	0.01
0.892182462	0.0963479598619851	0.01
0.892245091	0.0966191091012885	0.01
0.892568748	0.0960783282553361	0.01
0.89273031	0.0960783282553361	0.01
0.892793389	0.0960783282553361	0.01
0.892924751	0.0987024241446926	0.01
0.892951888	0.0987024241446926	0.01
0.893016766	0.0987024241446926	0.01
0.89308003	0.0987024241446926	0.01
0.893313967	0.0989786135703039	0.01
0.893352088	0.0989786135703039	0.01
0.893395592	0.0989786135703039	0.01
0.89422449	0.0968114292666984	0.01
0.894332391	0.0968114292666984	0.01
0.894511483	0.096547185888423	0.01
0.894913415	0.096547185888423	0.01
0.894970751	0.096547185888423	0.01
0.895081202	0.096547185888423	0.01
0.895086463	0.096547185888423	0.01
0.895300675	0.096547185888423	0.01
0.89539422	0.0962843810695942	0.01
0.895524497	0.101374007393779	0.01
0.895638516	0.101100358568263	0.01
0.895840307	0.101374007393779	0.01
0.89592425	0.101374007393779	0.01
0.896329745	0.100828183139823	0.01
0.896396617	0.100828183139823	0.01
0.89685771	0.100020379192979	0.01
0.896928207	0.100020379192979	0.01
0.897131294	0.101166785732193	0.01
0.897197773	0.0998546125976803	0.01
0.897282137	0.0980737355239048	0.01
0.897316929	0.0973298007475451	0.01
0.89799116	0.0906284727280778	0.01
0.898155973	0.0891137529225431	0.01
0.898485328	0.0883752228757547	0.01
0.898662437	0.0876488333469807	0.01
0.898920463	0.0865813656448658	0.01
0.899325427	0.085884049280363	0.01
0.899413875	0.0912275874686371	0.01
0.900031532	0.0905061010841541	0.01
0.900113547	0.0914097599864261	0.01
0.900274359	0.0925182591595524	0.01
0.900307304	0.0925182591595524	0.01
0.901007608	0.0811950346866604	0.01
0.901568195	0.0686342900316905	0.01
0.901947653	0.0697164823835513	0.01
0.902291602	0.0688849034575296	0.01
0.902860993	0.0688849034575296	0.01
0.903685884	0.06183017073335	0.01
0.904039961	0.0610526447250517	0.01
0.904220945	0.0610526447250517	0.01
0.904508173	0.0615688042421104	0.01
0.905345526	0.0620937657451494	0.01
0.905424433	0.0628982106159702	0.01
0.905541598	0.0631710109264604	0.01
0.906154318	0.0631710109264604	0.01
0.906210372	0.0626277563186829	0.01
0.906786831	0.0631710109264604	0.01
0.906983581	0.0631710109264604	0.01
0.907060652	0.0631710109264604	0.01
0.90712089	0.0631710109264604	0.01
0.907185931	0.0634461879083063	0.01
0.907198748	0.0640037972131277	0.01
0.907298438	0.059442639649397	0.01
0.907311244	0.059442639649397	0.01
0.907324045	0.0597050509818788	0.01
0.907336843	0.0597050509818788	0.01
0.907336844	0.0597050509818788	0.01
0.907449378	0.0597050509818788	0.01
0.90746216	0.0597050509818788	0.01
0.907536422	0.0597050509818788	0.01
0.907574745	0.0597050509818788	0.01
0.907587512	0.0597050509818788	0.01
0.907674633	0.0597050509818788	0.01
0.907712898	0.0597050509818788	0.01
0.907951053	0.0597050509818788	0.01
0.908089263	0.0597050509818788	0.01
0.908089264	0.0597050509818788	0.01
0.908189407	0.0602368860968218	0.01
0.908202099	0.0602368860968218	0.01
0.908566283	0.0605063726235882	0.01
0.908577365	0.0605063726235882	0.01
0.908578929	0.0605063726235882	0.01
0.908691978	0.0607782812326404	0.01
0.908816452	0.0607782812326404	0.01
0.908830322	0.0605063726235882	0.01
0.908855181	0.0599697894330411	0.01
0.908943472	0.0605063726235882	0.01
0.908956071	0.0605063726235882	0.01
0.909094444	0.0605063726235882	0.01
0.909207673	0.0605063726235882	0.01
0.909308419	0.0605063726235882	0.01
0.909346075	0.0610526447250517	0.01
0.90938549	0.0610526447250517	0.01
0.909409249	0.0610526447250517	0.01
0.909446878	0.0613294964968597	0.01
0.909642167	0.0613294964968597	0.01
0.909896599	0.0605063726235882	0.01
0.909914657	0.0605063726235882	0.01
0.909925885	0.0605063726235882	0.01
0.910014581	0.0602368860968218	0.01
0.910051995	0.0605063726235882	0.01
0.910204731	0.0607782812326404	0.01
0.910467776	0.0618908015193172	0.01
0.910628128	0.0618908015193172	0.01
0.911049792	0.0621753246606963	0.01
0.91113001	0.0621753246606963	0.01
0.911351929	0.0621753246606963	0.01
0.911518912	0.0621753246606963	0.01
0.911632099	0.0624624758919427	0.01
0.911776598	0.0624624758919427	0.01
0.912015459	0.0627522917948068	0.01
0.912488931	0.0633400673688565	0.01
0.912630246	0.0633400673688565	0.01
0.912707801	0.0633400673688565	0.01
0.912811242	0.0633400673688565	0.01
0.912967277	0.0587540224744617	0.01
0.913244462	0.0587540224744617	0.01
0.913630289	0.0582061593409925	0.01
0.913751419	0.0587540224744617	0.01
0.914018042	0.0587540224744617	0.01
0.914696902	0.0681994896388334	0.01
0.914870556	0.0681994896388334	0.01
0.915026039	0.0681994896388334	0.01
0.915269563	0.0681994896388334	0.01
0.915559183	0.0595954318825367	0.01
0.916024822	0.0595954318825367	0.01
0.916163647	0.0598812828058634	0.01
0.916208994	0.0595954318825367	0.01
0.916912552	0.060755528875282	0.01
0.917248255	0.0610526447250517	0.01
0.917957453	0.0678816396565413	0.01
0.918456927	0.0615341222361584	0.02
0.918816837	0.0620232542338588	0.02
0.918837351	0.0620232542338588	0.02
0.919655338	0.0632807947838774	0.02
0.919822583	0.0632807947838774	0.02
0.920002472	0.0632807947838774	0.02
0.922455062	0.0665175897885322	0.02
0.923268187	0.0615688042421104	0.02
0.924160807	0.0623596179014928	0.02
0.924412009	0.0634461879083063	0.02
0.924507726	0.0634461879083063	0.02
0.924627878	0.0637237727561932	0.02
0.926193857	0.0558621225751189	0.02
0.929379518	0.0578823184833843	0.03
0.93064775	0.0587540224744617	0.03
0.93220206	0.0591997950259699	0.03
0.934071327	0.0569914671158202	0.03
0.934700606	0.0581287261355613	0.03
0.93534835	0.0583616462971831	0.03
0.938446291	0.0468984739216162	0.03
0.938770844	0.0487834290854828	0.03
0.942896738	0.0185644596475724	0.03
0.944027825	0.0192515187270068	0.03
0.947518522	0.0401444943771905	0.04
0.949342587	0.0542833026972825	0.04
0.953473419	0.0262008792135329	0.04
0.954191796	0.0273488213778563	0.04
0.955603107	0.0299754578072193	0.04
0.955985355	0.0299754578072193	0.04
0.956296714	0.0308647518706823	0.04
0.957016096	0.0483845198155002	0.05
0.957077957	0.0487332060809563	0.05
0.957486775	0.0401444943771905	0.05
0.958321379	0.0482981264981327	0.05
0.959665139	0.0355795557633426	0.05
0.959857154	0.0355795557633426	0.05
0.960911853	0.0379134611037848	0.05
0.966290332	0.0308647518706823	0.05
0.966980911	0.0477019052075335	0.06
0.966980912	0.0477019052075335	0.06
0.966986309	0.048212041151249	0.06
0.967139043	0.0448294839106613	0.06
0.967297223	0.0468481911710541	0.06
0.967302572	0.0472024518193436	0.06
0.96746078	0.0381218504169893	0.06
0.967619041	0.0421789516095432	0.06
0.967772081	0.0439612593125401	0.06
0.967925221	0.0439612593125401	0.06
0.968083686	0.0444306228117769	0.06
0.968088909	0.0444306228117769	0.06
0.968237002	0.0472024518193436	0.06
0.968861479	0.050343136251928	0.06
0.969035555	0.0509596223040948	0.06
0.970292984	0.0423937964272107	0.06
0.970442597	0.0423937964272107	0.06
0.973457204	0.0322188732408779	0.06
0.974203145	0.0324702661267846	0.06
0.97801719	0.0355188198130184	0.06
0.985118954	0.019614478539047	0.06
0.9860103	0.019614478539047	0.06
1.023898132	0.0203830655525353	0.07
1.027042278	0.01907502998467	0.08
1.027349785	0.01907502998467	0.08
1.028094642	0.019614478539047	0.08
1.029637844	0.0198011396022632	0.08
1.029659545	0.0198011396022632	0.08
1.030020301	0.0198011396022632	0.08
1.030958443	0.0198011396022632	0.08
1.031531241	0.0198011396022632	0.08
1.033463082	0.0185644596475724	0.08
1.034014818	0.01907502998467	0.08
1.034376329	0.0192515187270068	0.08
1.034854243	0.0192515187270068	0.08
1.036124234	0.0294105284139444	0.08
1.038905957	0.0311730261403091	0.08
1.039046839	0.0311730261403091	0.08
1.041709188	0.0266482944849098	0.09
1.044012776	0.0266482944849098	0.09
1.058571278	0.0288664989010338	0.1
1.068277144	0.0286019624823313	0.11
1.06860264	0.0288664989010338	0.11
1.070020858	0.0296903060690785	0.11
1.088407982	0.039951791127576	0.13
1.088762574	0.039951791127576	0.13
1.091073782	0.041218073945646	0.13
1.112743253	0.0494458760811415	0.14
1.113082372	0.0494458760811415	0.14
1.115076799	0.0519131909692205	0.14
1.116382888	0.0519131909692205	0.14
1.125633627	0.0494458760811415	0.15
1.127882011	0.0489802918966108	0.15
1.133642817	0.0411365842483796	0.14
1.133988353	0.0411365842483796	0.14
1.134317617	0.0411365842483796	0.14
1.136767134	0.040733921698924	0.14
1.187305519	0.042567254584911	0.15
1.18762744	0.0415472870689377	0.15
1.192009701	0.041218073945646	0.15
1.192075895	0.041218073945646	0.15
1.192725439	0.041218073945646	0.15
1.203309389	0.0440077489400286	0.14
1.208724051	0.0472024518193436	0.13
1.208769953	0.0472024518193436	0.13
1.209215802	0.0472024518193436	0.13
1.210771389	0.0467779761905511	0.13
1.21086869	0.0467779761905511	0.13
1.212614931	0.0467779761905511	0.13
1.22465873	0.0504041128273517	0.12
1.225416562	0.0504041128273517	0.12
1.226416878	0.0504041128273517	0.12
1.226767373	0.0504041128273517	0.12
1.243346642	0.0467779761905511	0.12
1.245566855	0.0459515232844691	0.12
1.246668032	0.0463610668512127	0.12
1.248955951	0.0459515232844691	0.12
1.265568721	0.0494458760811415	0.1
1.270060331	0.0467779761905511	0.1
1.270253663	0.0467779761905511	0.1
1.270604589	0.0467779761905511	0.1
1.275739262	0.0489802918966108	0.09
1.285172518	0.0308647518706823	0.09
1.302603198	0.0395718819833775	0.1
1.303502827	0.039951791127576	0.1
1.325958837	0.040733921698924	0.11
1.33510162	0.039951791127576	0.11
1.335485912	0.0403390656043868	0.11
1.335508208	0.0403390656043868	0.11
1.335711503	0.0403390656043868	0.11
1.335892556	0.0403390656043868	0.11
1.33625481	0.0403390656043868	0.11
1.33638917	0.0403390656043868	0.11
1.336595099	0.040733921698924	0.11
1.336665633	0.040733921698924	0.11
1.336979907	0.0411365842483796	0.11
1.337117106	0.0411365842483796	0.11
1.337161305	0.0411365842483796	0.11
1.337524247	0.0411365842483796	0.11
1.337529375	0.0411365842483796	0.11
1.338686534	0.0411365842483796	0.11
1.340005107	0.0411365842483796	0.11
1.360533959	0.039951791127576	0.12
1.360774481	0.039951791127576	0.12
1.360981621	0.039951791127576	0.12
1.36116959	0.039951791127576	0.12
1.361338457	0.039951791127576	0.12
1.36135761	0.039951791127576	0.12
1.361545683	0.039951791127576	0.12
1.361952473	0.039951791127576	0.12
1.362110213	0.039951791127576	0.12
1.362279458	0.039951791127576	0.12
1.364721715	0.040733921698924	0.12
1.365659238	0.0519131909692205	0.12
1.368077892	0.0485233938387424	0.13
1.368578346	0.0514002238720175	0.12
1.369020462	0.0519131909692205	0.12
1.369707356	0.0519131909692205	0.12
1.373967278	0.0519131909692205	0.12
1.377139612	0.0519131909692205	0.12
1.377274175	0.0519131909692205	0.12
1.377544294	0.0519131909692205	0.12
1.418305639	0.0514002238720175	0.11
1.430594094	0.0519131909692205	0.1
1.434752614	0.0519131909692205	0.1
1.436494579	0.0519131909692205	0.11
1.440102642	0.0519131909692205	0.11
1.454856842	0.0489802918966108	0.12
1.45657643	0.0489802918966108	0.13
1.457818346	0.0489802918966108	0.13
1.485393153	0.0472024518193436	0.15
1.488337206	0.0467779761905511	0.16
1.502972103	0.0467779761905511	0.17
1.512194724	0.0467779761905511	0.18
1.512403577	0.0467779761905511	0.18
1.512821455	0.0467779761905511	0.18
1.513239565	0.0467779761905511	0.18
1.515375804	0.0472024518193436	0.18
1.516740221	0.0467779761905511	0.19
1.517647523	0.0467779761905511	0.19
1.523536021	0.0467779761905511	0.19
1.558319819	0.138863172309966	0.23
1.558531046	0.138863172309966	0.23
1.55916507	0.138863172309966	0.23
1.56916589	0.156998210217632	0.22
1.595407686	0.164301132139886	0.19
1.611568792	0.174372997411311	0.18
1.718627381	0.223457104326253	0.07
1.745720251	0.210029165026772	0.04
1.768990518	0.229135842975405	0.02
1.77492366	0.228043973871783	0.01
1.777374698	0.23109344355297	0.01
1.780115455	0.225318481625941	0.01
1.780627841	0.225318481625941	0.01
1.780657571	0.225318481625941	0.01
1.780657572	0.225318481625941	0.01
1.780839524	0.221626229074311	0.01
1.780928629	0.221626229074311	0.01
1.78092863	0.221626229074311	0.01
1.781081012	0.221626229074311	0.01
1.781170031	0.221626229074311	0.01
1.781170032	0.221626229074311	0.01
1.781381862	0.221626229074311	0.01
1.781411498	0.221626229074311	0.01
1.781411499	0.221626229074311	0.01
1.781623424	0.221626229074311	0.01
1.781653031	0.221626229074311	0.01
1.781835463	0.221626229074311	0.01
1.781894629	0.221626229074311	0.01
1.782136292	0.216309298001519	0.01
1.782136293	0.216309298001519	0.01
1.782378022	0.214593229444099	0.01
1.782531315	0.214593229444099	0.01
1.782590324	0.214593229444099	0.01
1.782619816	0.214593229444099	0.01
1.783103602	0.214593229444099	0.01
1.783286774	0.214593229444099	0.01
1.783345594	0.214593229444099	0.01
1.783829774	0.214593229444099	0.01
1.784013316	0.214593229444099	0.01
1.784314217	0.214593229444099	0.01
1.78446873	0.214593229444099	0.01
1.784933025	0.218053034076502	0.01
1.785009515	0.218053034076502	0.01
1.785497332	0.224556412042246	0.01
1.785988286	0.224556412042246	0.01
1.786357195	0.224556412042246	0.01
1.788266632	0.201605932146827	0.01
1.789358594	0.201605932146827	0.01
1.790033715	0.201605932146827	0.01
1.790095821	0.201605932146827	0.01
1.790737455	0.208126229250145	0.01
1.79204453	0.213986927921732	0.02
1.792147241	0.213986927921732	0.02
1.794856772	0.199799089341249	0.02
1.795060195	0.201086365282208	0.02
1.796645824	0.187778262414376	0.02
1.796696941	0.187778262414376	0.02
1.809599251	0.16153742139609	0.03
1.812688451	0.118093919494314	0.03
1.813215031	0.119134168480242	0.03
1.813793197	0.111982646190683	0.03
1.814069384	0.114028284482513	0.03
1.814345569	0.0888662085580006	0.03
1.814596154	0.0897177173493341	0.03
1.814621756	0.0897177173493341	0.03
1.814621757	0.0897177173493341	0.03
1.814872379	0.0897177173493341	0.03
1.815039963	0.16296071789334	0.04
1.815123071	0.16296071789334	0.04
1.815322808	0.16296071789334	0.04
1.815373832	0.16296071789334	0.04
1.815850116	0.16296071789334	0.04
1.816101116	0.16296071789334	0.04
1.816377569	0.16296071789334	0.04
1.81637757	0.16296071789334	0.04
1.816879855	0.16296071789334	0.04
1.817382419	0.154347711390846	0.04
1.817399416	0.154347711390846	0.04
1.817633804	0.154347711390846	0.04
1.818363245	0.154347711390846	0.04
1.819217405	0.154347711390846	0.04
1.81989941	0.154347711390846	0.04
1.820606159	0.155114806073614	0.04
1.823267442	0.115079388432931	0.04
1.823345161	0.107175876578973	0.04
1.824759677	0.0864059771345672	0.04
1.828541204	0.149899880615249	0.05
1.829613575	0.149899880615249	0.05
1.830016016	0.149899880615249	0.05
1.836263396	0.0616556805394285	0.05
1.83758722	0.149899880615249	0.06
1.837659261	0.149899880615249	0.06
1.839735229	0.149899880615249	0.06
1.842215909	0.100536705293797	0.06
1.860668056	0.144238424704759	0.08
1.876458705	0.0519131909692205	0.08
1.877534086	0.0532415491384448	0.09
1.917919203	0.0510638408994794	0.13
1.932723098	0.0415472870689377	0.12
1.934242286	0.0489802918966108	0.13
1.937910579	0.0480749410762266	0.13
1.938309591	0.0480749410762266	0.13
1.938319698	0.0480749410762266	0.13
1.939501786	0.0480749410762266	0.13
1.940502926	0.0388333349185821	0.13
1.945075766	0.0455491519967085	0.14
1.947078383	0.0455491519967085	0.14
1.95745413	0.0455491519967085	0.15
1.959079535	0.0455491519967085	0.15
2.03833515	0.0821420841188463	0.22
2.039242563	0.0792276097876654	0.23
2.045755957	0.0728014589566547	0.23
2.04617014	0.0747633592671065	0.23
2.058434493	0.0782792236317786	0.24
2.058810915	0.0782792236317786	0.24
2.060706206	0.0705789447988698	0.25
2.067556414	0.0768339291656163	0.25
2.07768814	0.0775498430042165	0.26
2.077935092	0.0775498430042165	0.26
2.080200147	0.0821420841188463	0.26
2.116340052	0.0691711537040143	0.3
2.117539144	0.0721701751724403	0.3
2.119081815	0.0734438840713673	0.3
2.122322709	0.0790224546341862	0.3
2.130868897	0.0790224546341862	0.31
2.175983465	0.0669456210190939	0.36
2.201956234	0.0790224546341862	0.38
2.22342495	0.0829608613587001	0.4
2.225736601	0.0658857081144653	0.41
2.22607531	0.0664114358378618	0.41
2.226678687	0.0686010126198034	0.41
2.226980498	0.0697508510631507	0.41
2.244892022	0.0932934379231888	0.41
2.268175967	0.142936803801446	0.41
2.279085054	0.145798448479024	0.4
2.287430653	0.148777016247204	0.39
2.396315913	0.195333209006145	0.28
2.401471639	0.198889651169896	0.28
2.416816988	0.214512190806761	0.26
2.634889835	0.154213128640415	0.09
2.644514931	0.154213128640415	0.08
2.65353762	0.154213128640415	0.07
2.669724846	0.149015784549793	0.06
2.670697515	0.184746840201012	0.06
2.67074212	0.184746840201012	0.06
2.670831293	0.184746840201012	0.06
2.671148642	0.184746840201012	0.06
2.671193019	0.184746840201012	0.06
2.671193179	0.184746840201012	0.06
2.671237545	0.184746840201012	0.06
2.671237705	0.184746840201012	0.06
2.671599486	0.184746840201012	0.06
2.671599646	0.184746840201012	0.06
2.671872794	0.159786118378563	0.05
2.671961685	0.159786118378563	0.05
2.672323822	0.155569610435142	0.05
2.67300408	0.154213128640415	0.05
2.673410821	0.154213128640415	0.05
2.674201502	0.154213128640415	0.05
2.674640938	0.154213128640415	0.05
2.674817434	0.154213128640415	0.05
2.67498819	0.154213128640415	0.05
2.675753192	0.154213128640415	0.05
2.675906626	0.151569915351804	0.05
2.678640892	0.149015784549793	0.05
2.681604422	0.184746840201012	0.05
2.684222358	0.155569610435142	0.04
2.690797174	0.172234628092009	0.04
2.690995907	0.172234628092009	0.04
2.692790444	0.142377902153107	0.03
2.697875326	0.13858471137961	0.03
2.700424629	0.13858471137961	0.03
2.703341222	0.168061171546944	0.04
2.714352711	0.164085185991594	0.05
2.716197088	0.164085185991594	0.05
2.720992773	0.162333389068557	0.05
2.721223607	0.151569915351804	0.05
2.721339166	0.162801336473681	0.06
2.721714851	0.162801336473681	0.06
2.721753239	0.162801336473681	0.06
2.722090639	0.162801336473681	0.06
2.72212898	0.162801336473681	0.06
2.722504826	0.162801336473681	0.06
2.725892101	0.162801336473681	0.06
2.727362573	0.162801336473681	0.06
2.728457177	0.162801336473681	0.06
2.730687704	0.164085185991594	0.06
2.734951629	0.162801336473681	0.07
2.741703646	0.16153742139609	0.08
2.742221604	0.16153742139609	0.08
2.744776734	0.16153742139609	0.08
2.767264537	0.159067565814514	0.1
2.814579483	0.156672099451591	0.15
2.857457722	0.155501219833245	0.19
2.885327778	0.154347711390846	0.22
2.893176138	0.16479403905423	0.23
3.017087015	0.16130972414481	0.35
3.091199805	0.150013642091655	0.42
3.116410384	0.169983327100402	0.45
3.153761559	0.191901721398502	0.48
3.190582361	0.197820388651922	0.52
3.194633906	0.193602261115248	0.52
3.479484296	0.20044066053763	0.79
3.557717034	0.185914022777074	0.860000000000001
3.560201153	0.20044066053763	0.870000000000001
3.561529658	0.194236397925354	0.870000000000001
3.561648443	0.194236397925354	0.870000000000001
3.562131134	0.194236397925354	0.870000000000001
3.563861522	0.185914022777074	0.870000000000001
3.568359469	0.214129926155446	0.880000000000001
3.571812505	0.20837435885808	0.880000000000001
3.572497766	0.227052195366102	0.880000000000001
3.579984214	0.211889011015142	0.880000000000001
3.62901857	0.223457104326253	0.910000000000001
3.629519691	0.223457104326253	0.910000000000001
3.6300627	0.223457104326253	0.910000000000001
3.630972932	0.223457104326253	0.910000000000001
3.707141358	0.223457104326253	0.990000000000001
3.778072999	0.221626229074311	1.06
3.82876748	0.218053034076502	1.11
3.963711323	0.2112415020515	1.25
4.078052931	0.241549288906948	1.36
4.442577106	0.302398379972343	1.72
4.445571488	0.302398379972343	1.72
4.452121847	0.293856919023707	1.73
4.45272527	0.302398379972343	1.73
4.453328856	0.302398379972343	1.73
4.453932605	0.302398379972343	1.73
4.459832487	0.241549288906948	1.74
4.464002998	0.302398379972343	1.74
4.478685952	0.23786743733566	1.76
4.480518943	0.23786743733566	1.76
4.492707945	0.293856919023707	1.77
4.536342962	0.299496584107535	1.81
4.536969429	0.299496584107535	1.81
4.537596069	0.302398379972343	1.81
4.773228095	0.285784722836517	2.05
4.895921957	0.291115991778956	2.17
5.341769851	0.302398379972343	2.36999999999999
5.342582978	0.302398379972343	2.36999999999999
6.234722781	0.316184035954123	2.66999999999999
6.244676548	0.316184035954123	2.67999999999999
6.35095118	0.305199799373329	2.77999999999998
6.358499262	0.305199799373329	2.78999999999998
7	0.267684432990314	3.29999999999997
