thrs	post_p	finalwindow
0	0.056269875864683	0.23
0.03256001	0.056269875864683	0.2
0.082355146	0.0533510913948392	0.16
0.089689176	0.0513532754170244	0.16
0.093809574	0.0513532754170244	0.16
0.103967892	0.0441836585881253	0.16
0.113424721	0.0451535117201306	0.15
0.115659216	0.0441836585881253	0.15
0.123778241	0.0437141896352606	0.15
0.127695348	0.0437141896352606	0.15
0.128068503	0.0437141896352606	0.15
0.129609166	0.0437141896352606	0.15
0.14705261	0.0354317158894493	0.15
0.148427326	0.0489111991602458	0.15
0.148447444	0.0566016565376679	0.15
0.148782099	0.0557254679681706	0.15
0.151339737	0.0517221933819873	0.15
0.161204767	0.0517221933819873	0.14
0.172569069	0.0551386581963292	0.13
0.178140913	0.049699001895508	0.12
0.178358463	0.049699001895508	0.12
0.181486006	0.0524761627841799	0.12
0.181486035	0.0524761627841799	0.12
0.181824923	0.0524761627841799	0.12
0.186084933	0.0658110908626965	0.12
0.191788381	0.0524761627841799	0.11
0.205298456	0.0679861563856538	0.1
0.206482242	0.0675397170150733	0.1
0.222622275	0.0446633207435001	0.08
0.22265244	0.0446633207435001	0.08
0.222656148	0.0446633207435001	0.08
0.222686318	0.0446633207435001	0.08
0.222697977	0.044342397119151	0.08
0.222716495	0.044342397119151	0.08
0.222812147	0.044342397119151	0.08
0.226694446	0.056269875864683	0.08
0.226867021	0.056269875864683	0.08
0.226929675	0.056269875864683	0.08
0.226982815	0.056269875864683	0.08
0.227081991	0.0566573340742414	0.08
0.227177477	0.0566573340742414	0.08
0.227432153	0.00988700546158251	0.07
0.237068117	0.0517221933819873	0.07
0.241897099	0.038053517003786	0.06
0.24235868	0.038053517003786	0.06
0.242875367	0.0584393769168797	0.06
0.249436037	0.0566016565376679	0.06
0.254481698	0.0594037253418159	0.05
0.256259656	0.0604004345296461	0.05
0.256650521	0.0609114377478609	0.05
0.259750174	0.0598979338810106	0.05
0.263775407	0.0598979338810106	0.05
0.272151172	0.0594037253418159	0.05
0.287097646	0.0604004345296461	0.05
0.295749179	0.0609974467637505	0.05
0.296834617	0.0609974467637505	0.05
0.296839561	0.0609974467637505	0.05
0.296874128	0.0609974467637505	0.05
0.296879772	0.0609974467637505	0.05
0.29691506	0.0609974467637505	0.05
0.296919994	0.0609974467637505	0.05
0.297156652	0.0609974467637505	0.05
0.297207868	0.0609974467637505	0.05
0.29723727	0.0609974467637505	0.05
0.297345093	0.0609974467637505	0.05
0.29736316	0.0609974467637505	0.05
0.298033592	0.0609974467637505	0.05
0.298062423	0.0609974467637505	0.05
0.298432807	0.0609974467637505	0.05
0.298682719	0.0609974467637505	0.05
0.29926506	0.0609974467637505	0.05
0.299931082	0.0616063788376897	0.05
0.300128238	0.0616063788376897	0.05
0.300638986	0.0616063788376897	0.05
0.301159527	0.0609974467637505	0.05
0.302406093	0.0604004345296461	0.05
0.30240618	0.0604004345296461	0.05
0.302443572	0.0604004345296461	0.05
0.302452098	0.0604004345296461	0.05
0.302531356	0.0604004345296461	0.05
0.302535608	0.0604004345296461	0.05
0.302694303	0.0604004345296461	0.05
0.302844832	0.0604004345296461	0.05
0.303037639	0.0604004345296461	0.05
0.303998368	0.0604004345296461	0.05
0.305094409	0.0540520269054965	0.06
0.306464617	0.0609974467637505	0.05
0.307314933	0.0531214686536316	0.06
0.308759935	0.0609974467637505	0.05
0.320290117	0.0598149955316239	0.05
0.322591403	0.0604004345296461	0.05
0.322777267	0.0604004345296461	0.05
0.323097253	0.0604004345296461	0.05
0.323537089	0.0604004345296461	0.05
0.323808824	0.0604004345296461	0.05
0.324596864	0.0598149955316239	0.05
0.327195424	0.0616063788376897	0.04
0.328591896	0.0609974467637505	0.04
0.330254195	0.0609974467637505	0.04
0.333944256	0.0604004345296461	0.04
0.340262381	0.071408231470917	0.05
0.343706753	0.071408231470917	0.05
0.345554528	0.0707938521404489	0.05
0.350684009	0.0695962727969119	0.06
0.351815198	0.0695962727969119	0.06
0.356206548	0.0690125497648662	0.06
0.356437896	0.0678739941477688	0.06
0.356490553	0.0678739941477688	0.06
0.357086112	0.0812840841893165	0.06
0.357959666	0.0636721886344453	0.07
0.360733393	0.062701784914809	0.07
0.363936107	0.062701784914809	0.07
0.366130409	0.0631832609941019	0.07
0.367161303	0.0753307460917361	0.07
0.367663989	0.0797092422644654	0.07
0.37384574	0.0632403918114889	0.08
0.381649088	0.0555106430236463	0.07
0.386863037	0.0622275913352352	0.06
0.386909127	0.0622275913352352	0.06
0.387745392	0.0607572312048917	0.06
0.389222512	0.0596992669634244	0.06
0.389299853	0.0596992669634244	0.06
0.395214438	0.0573150928637779	0.06
0.398731854	0.062606368918321	0.05
0.403209246	0.0614836217346222	0.05
0.412388288	0.0684385369807086	0.04
0.415772448	0.0424512185873736	0.03
0.416416237	0.0540520269054965	0.03
0.418471182	0.0595265113392041	0.03
0.419019267	0.0586775167411199	0.03
0.428769674	0.062701784914809	0.02
0.440249622	0.0684385369807086	0.01
0.440316292	0.0684385369807086	0.01
0.441750067	0.0684385369807086	0.01
0.444236336	0.0588640826821473	0.01
0.444770984	0.0567007146121832	0.01
0.445049535	0.0567007146121832	0.01
0.445117302	0.062606368918321	0.01
0.445156208	0.062606368918321	0.01
0.445185067	0.0622275913352352	0.01
0.445185068	0.0622275913352352	0.01
0.445245414	0.0622275913352352	0.01
0.44525283	0.0622275913352352	0.01
0.445252832	0.0622275913352352	0.01
0.445252833	0.0622275913352352	0.01
0.445252835	0.0622275913352352	0.01
0.445305777	0.0622275913352352	0.01
0.44531318	0.0622275913352352	0.01
0.445313187	0.0622275913352352	0.01
0.445313188	0.0622275913352352	0.01
0.44531319	0.0622275913352352	0.01
0.445373562	0.0622275913352352	0.01
0.445419149	0.0622275913352352	0.01
0.445494353	0.0614836217346222	0.01
0.445554774	0.0611182682583694	0.01
0.445615211	0.0611182682583694	0.01
0.445691925	0.0607572312048917	0.01
0.445736134	0.0607572312048917	0.01
0.445849774	0.0607572312048917	0.01
0.445917642	0.0607572312048917	0.01
0.445970843	0.0607572312048917	0.01
0.446038729	0.0607572312048917	0.01
0.446188208	0.0604004345296461	0.01
0.446319857	0.0604004345296461	0.01
0.446341735	0.0604004345296461	0.01
0.446394864	0.0604004345296461	0.01
0.446455777	0.0604004345296461	0.01
0.446465528	0.0596992669634244	0.01
0.446633323	0.0596992669634244	0.01
0.447533088	0.0593547526582776	0.01
0.447542535	0.0593547526582776	0.01
0.447649603	0.0590141918052267	0.01
0.447876705	0.0590141918052267	0.01
0.448701687	0.0641687421709328	0.01
0.448791313	0.0641687421709328	0.01
0.449715173	0.0638068485748123	0.01
0.452986292	0.0590141918052267	0.01
0.453102774	0.0590141918052267	0.01
0.453117722	0.0590141918052267	0.01
0.453607731	0.0590141918052267	0.01
0.45367678	0.0590141918052267	0.01
0.453739439	0.0590141918052267	0.01
0.453789353	0.0590141918052267	0.01
0.453802119	0.0590141918052267	0.01
0.453864805	0.0590141918052267	0.01
0.453864814	0.0590141918052267	0.01
0.453927527	0.0590141918052267	0.01
0.453977538	0.0590141918052267	0.01
0.453990257	0.0590141918052267	0.01
0.454131662	0.0590141918052267	0.01
0.454159539	0.0590141918052267	0.01
0.454228692	0.0590141918052267	0.01
0.454266222	0.0596992669634244	0.01
0.454291524	0.0596992669634244	0.01
0.454297847	0.0596992669634244	0.01
0.454543029	0.0596992669634244	0.01
0.454637485	0.0596992669634244	0.01
0.455078808	0.0607572312048917	0.01
0.455180191	0.061853369507448	0.01
0.455439212	0.0623991932171178	0.02
0.455550168	0.0623991932171178	0.02
0.455665947	0.0623991932171178	0.02
0.456159276	0.0623991932171178	0.02
0.456455968	0.0623991932171178	0.02
0.456880284	0.0623991932171178	0.02
0.45760535	0.0620569306977725	0.02
0.457901934	0.0620569306977725	0.02
0.458619789	0.0607246210498266	0.02
0.459124851	0.0604004345296461	0.02
0.460382332	0.0607246210498266	0.02
0.472596627	0.0523997781090674	0.03
0.474072423	0.0523997781090674	0.03
0.47699163	0.0535404463328987	0.04
0.478409458	0.0535404463328987	0.04
0.478419311	0.0535404463328987	0.04
0.478888149	0.0530384587727265	0.04
0.479732593	0.0530384587727265	0.04
0.479936634	0.0530384587727265	0.04
0.483511101	0.0486797055463791	0.04
0.483671852	0.0486797055463791	0.04
0.484225862	0.0486797055463791	0.04
0.484458594	0.0491449050040844	0.04
0.484927676	0.049619081450377	0.04
0.485802156	0.0509294677610918	0.04
0.486776039	0.0293626547159564	0.04
0.489424331	0.056269875864683	0.05
0.499369323	0.0387707357126702	0.05
0.508934563	0.0363714318614468	0.06
0.511690912	0.0366958462261768	0.06
0.514553924	0.0491235667703028	0.07
0.514645345	0.0491235667703028	0.07
0.51473946	0.0491235667703028	0.07
0.514839037	0.0495538829296897	0.07
0.514971335	0.0495538829296897	0.07
0.51502476	0.0495538829296897	0.07
0.515124567	0.0502136810613286	0.07
0.516063638	0.0449889235375584	0.07
0.518492841	0.0345393351595607	0.07
0.518564452	0.0345393351595607	0.07
0.520735072	0.0354317158894493	0.07
0.529143364	0.0690953385590338	0.07
0.534308248	0.0677941045802307	0.07
0.543234343	0.133658775504324	0.07
0.544416783	0.134630743531036	0.07
0.546060858	0.160271686206318	0.06
0.55657045	0.160271686206318	0.05
0.556807604	0.160271686206318	0.05
0.55802857	0.15889612358849	0.05
0.562444529	0.15889612358849	0.05
0.568776608	0.178851477959714	0.04
0.574371638	0.177140202483675	0.05
0.57444178	0.177140202483675	0.05
0.583655412	0.175461364082271	0.05
0.593402747	0.162674025545254	0.05
0.593573546	0.162674025545254	0.05
0.593673806	0.162674025545254	0.05
0.593673808	0.162674025545254	0.05
0.593754278	0.162674025545254	0.05
0.59375428	0.162674025545254	0.05
0.593824895	0.162674025545254	0.05
0.593834769	0.162674025545254	0.05
0.594237558	0.162674025545254	0.05
0.594318181	0.162674025545254	0.05
0.595015574	0.167344762763619	0.05
0.596219211	0.168961854406896	0.05
0.597117526	0.164201696046916	0.05
0.602148457	0.158256937401133	0.05
0.602674298	0.158256937401133	0.05
0.604317115	0.158256937401133	0.05
0.604813246	0.158256937401133	0.05
0.604905308	0.158256937401133	0.05
0.604905312	0.158256937401133	0.05
0.604988853	0.158256937401133	0.05
0.606051871	0.158256937401133	0.05
0.60631275	0.158256937401133	0.05
0.606404306	0.158256937401133	0.05
0.607971158	0.172291643426769	0.04
0.608524688	0.167344762763619	0.04
0.608756287	0.167344762763619	0.04
0.61827716	0.172291643426769	0.04
0.624510489	0.172291643426769	0.04
0.630942519	0.166020644382066	0.04
0.635412418	0.156214639128827	0.05
0.636422142	0.156214639128827	0.05
0.637031954	0.156214639128827	0.05
0.637881775	0.156214639128827	0.05
0.638075882	0.156214639128827	0.05
0.641599528	0.156214639128827	0.05
0.64559646	0.149890853723796	0.06
0.646569798	0.149890853723796	0.06
0.648110758	0.149890853723796	0.06
0.648827538	0.149890853723796	0.06
0.659386285	0.14004436534411	0.07
0.667472678	0.137096933336198	0.08
0.667879261	0.137096933336198	0.08
0.667879263	0.137096933336198	0.08
0.667969788	0.137096933336198	0.08
0.669490645	0.137096933336198	0.08
0.678915807	0.128109450589659	0.08
0.680589305	0.128109450589659	0.08
0.68060848	0.128109450589659	0.08
0.680702493	0.128109450589659	0.08
0.692614054	0.120057381633274	0.09
0.696262833	0.111080822942336	0.1
0.697379755	0.11016560500828	0.1
0.712354258	0.107508256552014	0.11
0.712401774	0.107508256552014	0.11
0.713541741	0.108379679698759	0.11
0.71365913	0.108379679698759	0.11
0.714295462	0.108379679698759	0.11
0.715653707	0.102560453423126	0.12
0.715679053	0.102560453423126	0.12
0.717816093	0.10497608653863	0.12
0.719314887	0.10497608653863	0.12
0.725609694	0.100253493180494	0.13
0.726772429	0.101010861260242	0.13
0.735438378	0.0197685892305705	0.13
0.742183791	0.0952540633843839	0.14
0.7500464	0.020155991904692	0.13
0.75180067	0.0197685892305705	0.13
0.756122282	0.0188622476789705	0.13
0.762884543	0.0949833993070014	0.13
0.763491091	0.100710537247166	0.13
0.766651587	0.0961675245610876	0.13
0.772264397	0.0919580528956715	0.12
0.779976345	0.0994171696941308	0.12
0.786383987	0.0996830993008535	0.11
0.793117932	0.103148194814776	0.1
0.794958533	0.106762784333821	0.1
0.797194853	0.101495123162186	0.1
0.799403767	0.10281676406235	0.1
0.8034392	0.109337790715752	0.09
0.812482547	0.097075176600785	0.08
0.828284953	0.110774065337976	0.07
0.849686346	0.112325033236512	0.05
0.856064956	0.115300664939647	0.04
0.861362559	0.117835485932672	0.03
0.866065884	0.115651063635185	0.03
0.870144812	0.112640453143453	0.03
0.875213305	0.121174817283584	0.02
0.875954975	0.116715155632518	0.02
0.877564409	0.120780373456858	0.02
0.880342154	0.113920048620948	0.02
0.882218863	0.111855201710672	0.01
0.882485476	0.111855201710672	0.01
0.883236842	0.121436389236916	0.01
0.884296127	0.128109450589659	0.01
0.885048106	0.124342210496897	0.01
0.885800269	0.121951440449785	0.01
0.888469193	0.123002556925988	0.01
0.889014569	0.120057381633274	0.01
0.889209764	0.120057381633274	0.01
0.889576687	0.11793942396927	0.01
0.889857915	0.11793942396927	0.01
0.890083013	0.11793942396927	0.01
0.890218543	0.116908222627336	0.01
0.890218544	0.116908222627336	0.01
0.890228158	0.116908222627336	0.01
0.890339212	0.116908222627336	0.01
0.890354074	0.11759367482077	0.01
0.890354075	0.11759367482077	0.01
0.890407894	0.11759367482077	0.01
0.890419078	0.11759367482077	0.01
0.890459913	0.11759367482077	0.01
0.890474761	0.11759367482077	0.01
0.890489605	0.11759367482077	0.01
0.890489606	0.11759367482077	0.01
0.890580647	0.11759367482077	0.01
0.89061031	0.11759367482077	0.01
0.890610311	0.11759367482077	0.01
0.890701414	0.117249946931073	0.01
0.890716233	0.117249946931073	0.01
0.890731048	0.117249946931073	0.01
0.890731049	0.117249946931073	0.01
0.890737499	0.117249946931073	0.01
0.890822213	0.117249946931073	0.01
0.890837018	0.117249946931073	0.01
0.890851819	0.117249946931073	0.01
0.890928251	0.117249946931073	0.01
0.890957836	0.117249946931073	0.01
0.890972622	0.117249946931073	0.01
0.890972623	0.117249946931073	0.01
0.891093459	0.116908222627336	0.01
0.89119957	0.116908222627336	0.01
0.891214328	0.116908222627336	0.01
0.891246709	0.116908222627336	0.01
0.89133523	0.116908222627336	0.01
0.891382479	0.116908222627336	0.01
0.891441435	0.116908222627336	0.01
0.891456164	0.116908222627336	0.01
0.891521465	0.116230715110555	0.01
0.891562417	0.116230715110555	0.01
0.891577132	0.116230715110555	0.01
0.891686849	0.116230715110555	0.01
0.891698132	0.116230715110555	0.01
0.891793338	0.116230715110555	0.01
0.892012117	0.115894897567128	0.01
0.89206133	0.115894897567128	0.01
0.892182462	0.115229050563523	0.01
0.892546055	0.115561014943097	0.01
0.89273031	0.115561014943097	0.01
0.892793389	0.115561014943097	0.01
0.892951888	0.115229050563523	0.01
0.892952212	0.115229050563523	0.01
0.893016766	0.115229050563523	0.01
0.89308003	0.115229050563523	0.01
0.893313967	0.115561014943097	0.01
0.893320622	0.115561014943097	0.01
0.893352088	0.115561014943097	0.01
0.894085351	0.114244502991641	0.01
0.894189143	0.114244502991641	0.01
0.89420355	0.114244502991641	0.01
0.89422449	0.114244502991641	0.01
0.894332391	0.11457081079053	0.01
0.894482721	0.11457081079053	0.01
0.894511483	0.114244502991641	0.01
0.894906463	0.113920048620948	0.01
0.894913415	0.113920048620948	0.01
0.894970751	0.113920048620948	0.01
0.895081202	0.114244502991641	0.01
0.895086463	0.114244502991641	0.01
0.895300675	0.114244502991641	0.01
0.89539422	0.113597431931964	0.01
0.895524497	0.116171806625206	0.01
0.895638516	0.115844692232083	0.01
0.895840307	0.116171806625206	0.01
0.89592425	0.116171806625206	0.01
0.896329745	0.114554451136532	0.01
0.896396617	0.114554451136532	0.01
0.896928207	0.114236369109656	0.01
0.89693811	0.114236369109656	0.01
0.897282137	0.113322354179984	0.01
0.89799116	0.106868373490073	0.01
0.898155973	0.104556911014885	0.01
0.898485328	0.103660082948414	0.01
0.898662437	0.102778508975118	0.01
0.898755243	0.102127106359182	0.01
0.89889623	0.101483908823605	0.01
0.898920463	0.101483908823605	0.01
0.899310528	0.0996020251763793	0.01
0.899325427	0.0996020251763793	0.01
0.899413875	0.103402151198058	0.01
0.900113547	0.101938118059519	0.01
0.900690942	0.0804889606495764	0.01
0.901007608	0.0820950739858808	0.01
0.90151373	0.0735931653071564	0.01
0.901947653	0.0773814889799471	0.01
0.902162268	0.0786268553701235	0.01
0.902291602	0.0789444856276516	0.01
0.902932441	0.067044429681569	0.01
0.903685884	0.055858496355323	0.01
0.903876527	0.055858496355323	0.01
0.904039961	0.0556261117500592	0.01
0.904508173	0.0528938140311447	0.01
0.904513058	0.0533510913948392	0.01
0.905345526	0.0540520269054965	0.01
0.905424433	0.0545296398900107	0.01
0.905541598	0.0547716256311757	0.01
0.906154318	0.0565275898229472	0.01
0.906210372	0.056269875864683	0.01
0.906508268	0.0570501651316634	0.01
0.906983581	0.056269875864683	0.01
0.907060652	0.056269875864683	0.01
0.90712089	0.056269875864683	0.01
0.907185931	0.056269875864683	0.01
0.907198748	0.056269875864683	0.01
0.907199842	0.056269875864683	0.01
0.907324045	0.0471186387742844	0.01
0.907336843	0.0471186387742844	0.01
0.907336844	0.0471186387742844	0.01
0.907436592	0.0471186387742844	0.01
0.907449378	0.0471186387742844	0.01
0.90746216	0.0471186387742844	0.01
0.907574745	0.0471186387742844	0.01
0.907587512	0.0471186387742844	0.01
0.907674633	0.0471186387742844	0.01
0.907712898	0.0471186387742844	0.01
0.907951053	0.0471186387742844	0.01
0.908089263	0.0473354902472705	0.01
0.908089264	0.0473354902472705	0.01
0.908151307	0.0473354902472705	0.01
0.90817671	0.0475543469556236	0.01
0.908202099	0.0475543469556236	0.01
0.908214789	0.0475543469556236	0.01
0.908289632	0.0473354902472705	0.01
0.908566283	0.0477752368422916	0.01
0.908577365	0.0477752368422916	0.01
0.908578929	0.0477752368422916	0.01
0.908691978	0.047998188371825	0.01
0.908816452	0.0484503928994166	0.01
0.908855181	0.047998188371825	0.01
0.908943472	0.0484503928994166	0.01
0.908956071	0.0484503928994166	0.01
0.909094444	0.0484503928994166	0.01
0.909183517	0.0484503928994166	0.01
0.909195105	0.0484503928994166	0.01
0.909207673	0.0484503928994166	0.01
0.909270732	0.0484503928994166	0.01
0.909308419	0.0484503928994166	0.01
0.909409249	0.049380854941352	0.01
0.909434338	0.0498596176392629	0.01
0.909446878	0.0498596176392629	0.01
0.909620416	0.0498596176392629	0.01
0.909642167	0.0498596176392629	0.01
0.909896599	0.0486797055463791	0.01
0.909914657	0.0486797055463791	0.01
0.910051995	0.0484503928994166	0.01
0.910204731	0.0491449050040844	0.01
0.910267	0.0491449050040844	0.01
0.911049792	0.049619081450377	0.01
0.911351929	0.049619081450377	0.01
0.911404622	0.049380854941352	0.01
0.912015459	0.0501024972612273	0.01
0.912488931	0.0501024972612273	0.01
0.912707801	0.049619081450377	0.01
0.912776305	0.0491449050040844	0.01
0.912811242	0.0491449050040844	0.01
0.912967277	0.049380854941352	0.01
0.913006436	0.049380854941352	0.01
0.914018042	0.0491449050040844	0.01
0.914696902	0.0484503928994166	0.01
0.914968567	0.0484503928994166	0.01
0.914983658	0.0484503928994166	0.01
0.915269563	0.0484503928994166	0.01
0.915559183	0.0444488579940417	0.01
0.916208994	0.0444488579940417	0.01
0.916688985	0.045098515348474	0.01
0.916912552	0.045098515348474	0.01
0.917248255	0.0390864588054531	0.01
0.917957453	0.0180353699975824	0.01
0.918238351	0.0521545094997642	0.02
0.918456927	0.0515512670796284	0.02
0.918816837	0.0527720371221187	0.02
0.918837351	0.0527720371221187	0.02
0.919655338	0.0544926009690462	0.02
0.919822583	0.0544926009690462	0.02
0.920002472	0.0544926009690462	0.02
0.921364075	0.055167095324377	0.02
0.922071236	0.055858496355323	0.02
0.922455062	0.0565674477962929	0.02
0.922504312	0.0565674477962929	0.02
0.922763582	0.0565674477962929	0.02
0.923268187	0.0568077810242604	0.02
0.923473233	0.0568077810242604	0.02
0.924412009	0.0572946264827073	0.02
0.924507726	0.0572946264827073	0.02
0.924627878	0.0577898886514958	0.02
0.926193857	0.055015768662054	0.02
0.927872541	0.0386251372332752	0.02
0.929379518	0.0480326734337604	0.03
0.93220206	0.0490907748764363	0.03
0.933174706	0.0494539114059682	0.03
0.934071327	0.0501965437534512	0.03
0.938446291	0.0295312673686717	0.03
0.941112169	0.0221848425045646	0.03
0.944027825	0.0240900784005852	0.03
0.947518522	0.0263533018936587	0.03
0.948845214	0.026580318024175	0.03
0.950306111	0.0280290263003173	0.03
0.951999424	0.0280290263003173	0.03
0.953473419	0.0308295319229177	0.03
0.954119877	0.0308295319229177	0.03
0.954191796	0.0308295319229177	0.03
0.955603107	0.0386251372332752	0.04
0.956018846	0.0386251372332752	0.04
0.956296714	0.0389174360200959	0.04
0.956549025	0.0389174360200959	0.04
0.956766863	0.0395155095194011	0.04
0.956780018	0.0395155095194011	0.04
0.957077957	0.0404478994414662	0.04
0.957486775	0.0407685514841989	0.04
0.958321379	0.0414253531621998	0.04
0.959031973	0.0424512185873736	0.04
0.959642592	0.0424512185873736	0.04
0.959857154	0.0442787650312589	0.04
0.960819071	0.0446633207435001	0.04
0.960911853	0.0446633207435001	0.04
0.964446178	0.0508455442693324	0.04
0.964458654	0.0508455442693324	0.04
0.966653906	0.0389174360200959	0.05
0.966980911	0.0404478994414662	0.05
0.966980912	0.0404478994414662	0.05
0.966986309	0.0404478994414662	0.05
0.967139043	0.0404478994414662	0.05
0.967144414	0.0404478994414662	0.05
0.967297226	0.0407685514841989	0.05
0.967302572	0.0407685514841989	0.05
0.967460779	0.0407685514841989	0.05
0.968083686	0.0410943281113063	0.05
0.968088909	0.0410943281113063	0.05
0.968237002	0.0410943281113063	0.05
0.968861479	0.0424512185873736	0.05
0.969666194	0.0431638301908275	0.05
0.970292984	0.0442787650312589	0.05
0.973457204	0.0484503928994166	0.05
0.974203145	0.0484503928994166	0.05
0.97801719	0.0338015220817151	0.06
0.978183481	0.0338015220817151	0.06
0.981915796	0.0484503928994166	0.05
0.985118954	0.0186908616047293	0.05
0.9860103	0.0185225619812232	0.05
1.019804062	0.0421036641708238	0.07
1.023898132	0.0431638301908275	0.07
1.027349785	0.0498596176392629	0.07
1.029078227	0.0421036641708238	0.08
1.029271857	0.0421036641708238	0.08
1.029659545	0.0421036641708238	0.08
1.030397618	0.0424512185873736	0.08
1.030958443	0.0424512185873736	0.08
1.031531241	0.0424512185873736	0.08
1.032104884	0.04280455869963	0.08
1.0327094	0.04280455869963	0.08
1.033463082	0.04013225200937	0.08
1.034376329	0.0414253531621998	0.08
1.034854243	0.0414253531621998	0.08
1.035677928	0.0421036641708238	0.08
1.036124234	0.04280455869963	0.08
1.038905957	0.0462707439761135	0.08
1.043349328	0.0503477547303909	0.08
1.044012776	0.0503477547303909	0.08
1.048661279	0.0435291836766529	0.09
1.067766296	0.04280455869963	0.11
1.068168044	0.04280455869963	0.11
1.068277144	0.04280455869963	0.11
1.06860264	0.0431638301908275	0.11
1.068892568	0.0431638301908275	0.11
1.070020858	0.0454528253106844	0.11
1.076612069	0.047998188371825	0.11
1.088407982	0.0492457497392886	0.13
1.112743253	0.0503477547303909	0.12
1.113233383	0.0503477547303909	0.12
1.11414031	0.0503477547303909	0.12
1.116382888	0.0503477547303909	0.12
1.125633627	0.0503477547303909	0.11
1.133988353	0.0513532754170244	0.11
1.134317617	0.0513532754170244	0.11
1.136767134	0.0503477547303909	0.11
1.162829766	0.0431638301908275	0.14
1.187305519	0.0535827078877251	0.15
1.187446683	0.0535827078877251	0.15
1.18762744	0.0526681023319509	0.15
1.192009701	0.0535827078877251	0.15
1.203309389	0.0540520269054965	0.14
1.208724051	0.028814258723915	0.14
1.208769953	0.028814258723915	0.14
1.209215802	0.0290858720334483	0.14
1.210085375	0.0296447557653453	0.14
1.224141399	0.0305245474901458	0.12
1.22465873	0.0305245474901458	0.12
1.225416562	0.0305245474901458	0.12
1.226416878	0.0305245474901458	0.12
1.226767373	0.0305245474901458	0.12
1.245566855	0.0471186387742844	0.12
1.246668032	0.0475543469556236	0.12
1.248955951	0.0475543469556236	0.12
1.252855937	0.0513532754170244	0.11
1.265568721	0.0508455442693324	0.1
1.270060331	0.0484503928994166	0.1
1.270253663	0.0475543469556236	0.1
1.275739262	0.0498596176392629	0.09
1.278899002	0.0555106430236463	0.1
1.285172518	0.0726695462840404	0.1
1.289511656	0.0986266124302457	0.1
1.293113698	0.0804889606495764	0.1
1.297280078	0.0812840841893165	0.09
1.302603198	0.0804889606495764	0.1
1.303502827	0.0812840841893165	0.1
1.335508208	0.0949833993070014	0.12
1.335711503	0.0949833993070014	0.12
1.335892556	0.0949833993070014	0.12
1.33625481	0.0949833993070014	0.12
1.33638917	0.0949833993070014	0.12
1.336413828	0.0949833993070014	0.12
1.336595099	0.0949833993070014	0.12
1.337117106	0.0949833993070014	0.12
1.337524247	0.0949833993070014	0.12
1.337529375	0.0949833993070014	0.12
1.338686534	0.0932608960594642	0.12
1.342315002	0.0932608960594642	0.12
1.343443085	0.0932608960594642	0.12
1.346883901	0.102560453423126	0.12
1.360533959	0.102560453423126	0.12
1.360981621	0.102560453423126	0.12
1.36116959	0.102560453423126	0.12
1.361338457	0.102560453423126	0.12
1.36135761	0.102560453423126	0.12
1.361952473	0.102560453423126	0.12
1.362279458	0.102560453423126	0.12
1.364721715	0.0976898567166301	0.12
1.365659238	0.0986266124302457	0.12
1.369020462	0.0967707281942867	0.12
1.369707356	0.0967707281942867	0.12
1.370127164	0.0967707281942867	0.12
1.377274175	0.102560453423126	0.11
1.377544294	0.102560453423126	0.11
1.384187356	0.0986266124302457	0.11
1.38563755	0.0986266124302457	0.11
1.385801753	0.0995815073302625	0.11
1.430594094	0.095868733957192	0.1
1.434752614	0.095868733957192	0.1
1.436494579	0.095868733957192	0.11
1.440102642	0.095868733957192	0.11
1.448119954	0.0932608960594642	0.12
1.450462129	0.0932608960594642	0.12
1.450674974	0.0932608960594642	0.12
1.450928234	0.0932608960594642	0.12
1.454003033	0.0932608960594642	0.12
1.454856842	0.0932608960594642	0.12
1.457818346	0.0932608960594642	0.13
1.484067531	0.0892161093088747	0.15
1.484117024	0.0892161093088747	0.15
1.485917469	0.100555073434045	0.15
1.488337206	0.0892161093088747	0.16
1.494140559	0.0876947574538831	0.16
1.502972103	0.0876947574538831	0.17
1.511734415	0.0876947574538831	0.18
1.512194724	0.0876947574538831	0.18
1.512403577	0.0876947574538831	0.18
1.513239565	0.0876947574538831	0.18
1.515375804	0.0876947574538831	0.18
1.516740221	0.0876947574538831	0.19
1.517647523	0.086953374098304	0.19
1.523536021	0.086953374098304	0.19
1.558319819	0.101547863769601	0.22
1.55916507	0.0995815073302625	0.22
1.595407686	0.173589257606122	0.19
1.595579044	0.172584849342243	0.19
1.611568792	0.173488290995306	0.17
1.652341299	0.235019837814629	0.13
1.707257935	0.242416961335169	0.08
1.730827961	0.22534519181853	0.06
1.75282717	0.252801499854982	0.03
1.758275756	0.242416961335169	0.03
1.77492366	0.252985740172345	0.01
1.777374698	0.255311611076906	0.01
1.778615293	0.248697255417393	0.01
1.77861633	0.248697255417393	0.01
1.780115455	0.234520569956629	0.01
1.780627841	0.234520569956629	0.01
1.780657571	0.234520569956629	0.01
1.780657572	0.234520569956629	0.01
1.780928629	0.232626202162538	0.01
1.78092863	0.232626202162538	0.01
1.781081012	0.232626202162538	0.01
1.781140367	0.232626202162538	0.01
1.781170031	0.232626202162538	0.01
1.781170032	0.232626202162538	0.01
1.781381862	0.232626202162538	0.01
1.781411498	0.232626202162538	0.01
1.781411499	0.232626202162538	0.01
1.781623424	0.232626202162538	0.01
1.781653031	0.232626202162538	0.01
1.7818108	0.232626202162538	0.01
1.781894629	0.232626202162538	0.01
1.782136293	0.232626202162538	0.01
1.782378022	0.228927818799531	0.01
1.782531315	0.228927818799531	0.01
1.782590324	0.228927818799531	0.01
1.782619816	0.228927818799531	0.01
1.783044725	0.228927818799531	0.01
1.783103602	0.228927818799531	0.01
1.783286774	0.228927818799531	0.01
1.783345594	0.228927818799531	0.01
1.78377107	0.228927818799531	0.01
1.783829774	0.228927818799531	0.01
1.784013316	0.228927818799531	0.01
1.784314217	0.228927818799531	0.01
1.78446873	0.228927818799531	0.01
1.785497332	0.22712237810382	0.01
1.785988286	0.22712237810382	0.01
1.786357195	0.22712237810382	0.01
1.788266632	0.21235954734725	0.01
1.788780487	0.217345670918841	0.01
1.788872102	0.217345670918841	0.01
1.78918715	0.217345670918841	0.01
1.789747139	0.21235954734725	0.01
1.790033715	0.21235954734725	0.01
1.790095821	0.21235954734725	0.01
1.790737455	0.206179078113669	0.01
1.792147241	0.217515910687985	0.02
1.794856772	0.187098079224355	0.02
1.795172249	0.173305588064476	0.02
1.796645824	0.161406991795049	0.02
1.796669094	0.161406991795049	0.02
1.796696941	0.161406991795049	0.02
1.799436111	0.152641568798416	0.02
1.801889818	0.080632369457788	0.02
1.808733518	0.0363714318614468	0.02
1.809599251	0.0373623519451305	0.02
1.812688451	0.0387707357126702	0.02
1.813240824	0.0387707357126702	0.02
1.813716026	0.0387707357126702	0.02
1.813793197	0.0387707357126702	0.02
1.814069382	0.0387707357126702	0.02
1.814069384	0.0387707357126702	0.02
1.814345569	0.0387707357126702	0.02
1.814596154	0.0387707357126702	0.02
1.814621756	0.0387707357126702	0.02
1.814621757	0.0387707357126702	0.02
1.814846808	0.0387707357126702	0.02
1.814872379	0.0391395799245862	0.02
1.815123071	0.0391395799245862	0.02
1.815288509	0.0395155095194011	0.02
1.815322808	0.0395155095194011	0.02
1.815373832	0.0395155095194011	0.02
1.815624663	0.0395155095194011	0.02
1.815850116	0.0395155095194011	0.02
1.815875562	0.0395155095194011	0.02
1.816101116	0.0395155095194011	0.02
1.816374833	0.0489111991602458	0.02
1.816628678	0.0489111991602458	0.02
1.817382419	0.0513532754170244	0.02
1.817399416	0.0513532754170244	0.02
1.817633804	0.0513532754170244	0.02
1.819217405	0.0508455442693324	0.02
1.819410514	0.0508455442693324	0.02
1.81989941	0.0513532754170244	0.02
1.82134289	0.0513532754170244	0.02
1.822065256	0.0450546146154264	0.03
1.823267442	0.0458581378656489	0.03
1.823345161	0.0458581378656489	0.03
1.824280416	0.0508455442693324	0.02
1.824985083	0.0508455442693324	0.02
1.828541204	0.0508455442693324	0.02
1.829613575	0.0503477547303909	0.03
1.836263396	0.0498596176392629	0.03
1.837659261	0.0498596176392629	0.03
1.839735229	0.047998188371825	0.04
1.844053766	0.0484503928994166	0.04
1.860668056	0.0305245474901458	0.05
1.860714054	0.0305245474901458	0.05
1.872927722	0.0308295319229177	0.06
1.876458705	0.0439007749157761	0.07
1.917919203	0.0417617544989237	0.11
1.933588634	0.026580318024175	0.12
1.934242286	0.0275288901844766	0.12
1.93486401	0.0389174360200959	0.13
1.937910579	0.0389174360200959	0.13
1.947078383	0.044342397119151	0.14
1.95745413	0.044342397119151	0.15
1.961031557	0.0306762816843666	0.15
2.03833515	0.0897723214463118	0.23
2.057190684	0.0886667470986879	0.25
2.057670659	0.0886667470986879	0.25
2.058810915	0.0903355124310451	0.25
2.060706206	0.0784427486401686	0.25
2.077371996	0.0886667470986879	0.27
2.077653506	0.0886667470986879	0.27
2.07768814	0.0886667470986879	0.27
2.079378601	0.0903355124310451	0.27
2.080200147	0.0784427486401686	0.27
2.112854786	0.0774581674554021	0.3
2.117539144	0.0855075886300147	0.31
2.122322709	0.0755613376617692	0.31
2.130868897	0.0755613376617692	0.32
2.175983465	0.0986266124302457	0.36
2.201956234	0.0751015576387027	0.39
2.22342495	0.0769750876024967	0.41
2.225736601	0.0949833993070014	0.41
2.22607531	0.0976898567166301	0.41
2.230993963	0.0746473391668485	0.42
2.244892022	0.134187193219257	0.43
2.268175967	0.196062896001237	0.41
2.273953022	0.198888710683145	0.4
2.36737444	0.231380201433287	0.32
2.396315913	0.257680645456183	0.32
2.401471639	0.252897129589759	0.32
2.416816988	0.240878767956806	0.31
2.57811595	0.235019837814629	0.16
2.64482266	0.22821793421731	0.1
2.65353762	0.23270792937881	0.09
2.670697515	0.230441062710055	0.08
2.670831293	0.230441062710055	0.08
2.671193019	0.230441062710055	0.08
2.671193179	0.230441062710055	0.08
2.671237545	0.230441062710055	0.08
2.671237705	0.230441062710055	0.08
2.671599486	0.230441062710055	0.08
2.671599646	0.230441062710055	0.08
2.671872794	0.230441062710055	0.08
2.671961685	0.230441062710055	0.08
2.672323822	0.235019837814629	0.07
2.672686057	0.235019837814629	0.07
2.673366554	0.235019837814629	0.07
2.674201502	0.235019837814629	0.07
2.674640938	0.235019837814629	0.07
2.675753192	0.230441062710055	0.07
2.675906626	0.230441062710055	0.07
2.67595059	0.230441062710055	0.07
2.677404052	0.230441062710055	0.07
2.678640892	0.230441062710055	0.07
2.679543675	0.230441062710055	0.07
2.68050645	0.230441062710055	0.07
2.684222358	0.235019837814629	0.06
2.690797174	0.230441062710055	0.06
2.690995907	0.230441062710055	0.06
2.692790444	0.235019837814629	0.05
2.700424629	0.23270792937881	0.05
2.703341222	0.23270792937881	0.05
2.716197088	0.22821793421731	0.05
2.721223607	0.22821793421731	0.06
2.721339166	0.22821793421731	0.06
2.721714851	0.22821793421731	0.06
2.721753239	0.22821793421731	0.06
2.72212898	0.22821793421731	0.06
2.722504826	0.22821793421731	0.06
2.725892101	0.22821793421731	0.06
2.727362573	0.22821793421731	0.06
2.728042156	0.22821793421731	0.06
2.728457177	0.22821793421731	0.06
2.730687704	0.22821793421731	0.06
2.734951629	0.226037290133273	0.07
2.742221604	0.22389792415656	0.08
2.744776734	0.22389792415656	0.08
2.758261585	0.22389792415656	0.09
2.795646082	0.21771609797665	0.13
2.814579483	0.21771609797665	0.15
2.885327778	0.21378109771086	0.22
2.901070252	0.219060154702916	0.23
3.017087015	0.207985765722852	0.35
3.091199805	0.199138761325525	0.42
3.116410384	0.207597066357487	0.45
3.116832706	0.207597066357487	0.45
3.153761559	0.163095519727306	0.48
3.190582361	0.196715046619349	0.52
3.479484296	0.150622542874269	0.79
3.560201153	0.150622542874269	0.870000000000001
3.561529658	0.143421424180602	0.870000000000001
3.561648443	0.143421424180602	0.870000000000001
3.562131134	0.143421424180602	0.870000000000001
3.566965252	0.165758331239229	0.880000000000001
3.567214517	0.165758331239229	0.880000000000001
3.568359469	0.165758331239229	0.880000000000001
3.572123566	0.153145615944458	0.880000000000001
3.575584373	0.132836761485727	0.880000000000001
3.579984214	0.130430285971193	0.880000000000001
3.62901857	0.13722529336489	0.910000000000001
3.62939674	0.13722529336489	0.910000000000001
3.629519691	0.13722529336489	0.910000000000001
3.6300627	0.13722529336489	0.910000000000001
3.630972932	0.13722529336489	0.910000000000001
3.631023885	0.13722529336489	0.910000000000001
3.631169027	0.13722529336489	0.910000000000001
3.633483005	0.133658775504324	0.920000000000001
3.639968026	0.136015492063213	0.920000000000001
3.707141358	0.136015492063213	0.990000000000001
3.82876748	0.141310203949535	1.11
4.078052931	0.184523391165941	1.36
4.442577106	0.18873565141169	1.72
4.445571488	0.18873565141169	1.72
4.452121847	0.210240297947517	1.73
4.45272527	0.18873565141169	1.73
4.453328856	0.18873565141169	1.73
4.453932605	0.18873565141169	1.73
4.459832487	0.181562196677166	1.74
4.475601202	0.18873565141169	1.75
4.478685952	0.178694542388186	1.76
4.536342962	0.186930295643516	1.81
4.550359745	0.190576219177253	1.82
4.773228095	0.174006243688639	2.04
4.848628454	0.190576219177253	2.12
5.342582978	0.202173981659073	2.30999999999999
5.343129076	0.202173981659073	2.30999999999999
5.343307119	0.202173981659073	2.30999999999999
5.346842194	0.202173981659073	2.29999999999999
5.443653327	0.204539003965291	2.32999999999999
5.445157132	0.204539003965291	2.32999999999999
6.232084175	0.218092444023958	2.67999999999999
6.234722781	0.218092444023958	2.67999999999999
6.244676548	0.218092444023958	2.68999999999999
6.35095118	0.196179034148938	2.78999999999998
7	0.196715046619349	3.36999999999997
