thrs	post_p	finalwindow
0	0.0699071107959821	0.23
0.070216248	0.0579330786785184	0.18
0.082355146	0.0579330786785184	0.17
0.089689176	0.0579330786785184	0.16
0.093809574	0.0579330786785184	0.15
0.103967892	0.0558819913205697	0.16
0.106977596	0.0558819913205697	0.16
0.115659216	0.0552301935659637	0.17
0.123778241	0.0545934254182481	0.17
0.127695348	0.0508783301017567	0.17
0.129730945	0.0638936604003789	0.17
0.130460633	0.0633593264618768	0.17
0.14705261	0.0452108879460146	0.15
0.148427326	0.0504268095574659	0.15
0.148447444	0.0661242674624689	0.15
0.148782099	0.0644370834846609	0.15
0.151339737	0.062317028891979	0.15
0.155752372	0.0674187879671335	0.15
0.161204767	0.062317028891979	0.14
0.178062567	0.0504268095574659	0.12
0.178140913	0.0504268095574659	0.12
0.178189211	0.0504268095574659	0.12
0.178358463	0.0504268095574659	0.12
0.181486006	0.062317028891979	0.12
0.181486035	0.062317028891979	0.12
0.181824923	0.062317028891979	0.12
0.186084933	0.0669422302099929	0.12
0.191788381	0.0628338555265077	0.11
0.206482242	0.0688900607070854	0.1
0.222049977	0.0615932823754613	0.08
0.222622275	0.0638936604003789	0.08
0.222656148	0.0638936604003789	0.08
0.222686318	0.0638936604003789	0.08
0.222697977	0.0638936604003789	0.08
0.222716495	0.0638936604003789	0.08
0.222812147	0.0713108292123558	0.08
0.222924291	0.0713108292123558	0.08
0.223196808	0.0701372135246164	0.08
0.226694446	0.0658051923213274	0.08
0.226867021	0.0658051923213274	0.08
0.226957829	0.0658051923213274	0.08
0.226982815	0.0658051923213274	0.08
0.227432153	0.0668372419811346	0.08
0.237068117	0.0398800964791773	0.07
0.241897099	0.0395470272859986	0.07
0.24235868	0.0395470272859986	0.07
0.242615688	0.0395470272859986	0.07
0.243116147	0.0395470272859986	0.07
0.256259656	0.0474774348386231	0.05
0.263775407	0.0465440814108641	0.05
0.272151172	0.0465440814108641	0.05
0.287097646	0.0474774348386231	0.06
0.295749179	0.0395470272859986	0.07
0.296834617	0.0452108879460146	0.06
0.296839561	0.0452108879460146	0.06
0.296839653	0.0452108879460146	0.06
0.296874128	0.0452108879460146	0.06
0.296879772	0.0452108879460146	0.06
0.296919994	0.0452108879460146	0.06
0.297156652	0.0456467178379413	0.06
0.297207868	0.0456467178379413	0.06
0.29723727	0.0456467178379413	0.06
0.297242165	0.0456467178379413	0.06
0.297631463	0.0456467178379413	0.06
0.298033592	0.0452108879460146	0.06
0.298432807	0.0452108879460146	0.06
0.29855614	0.0452108879460146	0.06
0.29926506	0.0452108879460146	0.06
0.299931082	0.0452108879460146	0.06
0.301159527	0.0447833018558765	0.06
0.302397905	0.0420025980800312	0.07
0.302443572	0.0420025980800312	0.07
0.302452098	0.0420025980800312	0.07
0.302531356	0.0420025980800312	0.07
0.302535608	0.0420025980800312	0.07
0.302757814	0.0420025980800312	0.07
0.303037639	0.0420025980800312	0.07
0.303998368	0.0412704320307429	0.07
0.304168238	0.0412704320307429	0.07
0.305094409	0.0412704320307429	0.07
0.306047128	0.0412704320307429	0.07
0.306464617	0.0412704320307429	0.07
0.308759935	0.0416332963234458	0.07
0.320217262	0.0527682739621571	0.07
0.322435043	0.0570031942846614	0.06
0.322591403	0.0570031942846614	0.06
0.322777267	0.0570031942846614	0.06
0.323808824	0.0527682739621571	0.07
0.324596864	0.0527682739621571	0.07
0.327195424	0.0548040437241443	0.06
0.328591896	0.0548040437241443	0.06
0.330254195	0.0542805159266096	0.06
0.333944256	0.0548040437241443	0.06
0.340262381	0.0553377685719353	0.05
0.343706753	0.0553377685719353	0.05
0.345554528	0.0553377685719353	0.05
0.350684009	0.0542805159266096	0.06
0.351815198	0.0537668957157357	0.06
0.356200611	0.0542805159266096	0.06
0.356206548	0.0542805159266096	0.06
0.356351443	0.0542805159266096	0.06
0.356437896	0.0542805159266096	0.06
0.357959666	0.0513380095103959	0.07
0.360733393	0.0508783301017567	0.07
0.363236679	0.0508783301017567	0.07
0.363936107	0.0508783301017567	0.07
0.366130409	0.0522827457707995	0.07
0.367161303	0.0822187857825835	0.08
0.367663989	0.0812115635207382	0.08
0.37384574	0.0847245194010732	0.08
0.381649088	0.0825197997811532	0.07
0.386863037	0.0875097977576431	0.06
0.386909127	0.0875097977576431	0.06
0.389222512	0.0836452184028569	0.06
0.403209246	0.0903964978118546	0.05
0.411578949	0.101191834158281	0.04
0.412388288	0.101191834158281	0.04
0.415094538	0.0974338751766593	0.04
0.419019267	0.0958500807364119	0.03
0.423143546	0.097662234307126	0.03
0.428769674	0.0978303791561635	0.02
0.438307149	0.103534545356371	0.01
0.438815006	0.102785410641885	0.01
0.440249622	0.107348714199175	0.01
0.441698853	0.107348714199175	0.01
0.441750067	0.107348714199175	0.01
0.444770984	0.0961745441930063	0.01
0.445117302	0.100499994345279	0.01
0.445156208	0.100499994345279	0.01
0.445185067	0.100499994345279	0.01
0.445185068	0.100499994345279	0.01
0.445245414	0.100499994345279	0.01
0.44525283	0.100499994345279	0.01
0.445252832	0.100499994345279	0.01
0.445252833	0.100499994345279	0.01
0.445252835	0.100499994345279	0.01
0.44531319	0.100499994345279	0.01
0.445373562	0.100499994345279	0.01
0.445419149	0.100499994345279	0.01
0.445433949	0.100499994345279	0.01
0.445479567	0.100499994345279	0.01
0.445494353	0.100499994345279	0.01
0.445540001	0.100499994345279	0.01
0.445554774	0.099494429848522	0.01
0.445615211	0.099494429848522	0.01
0.445653547	0.099494429848522	0.01
0.445691925	0.10271784469698	0.01
0.445736134	0.10271784469698	0.01
0.445849774	0.123187012931969	0.01
0.445978177	0.123187012931969	0.01
0.446188208	0.12259638599019	0.01
0.446394864	0.12259638599019	0.01
0.446395102	0.12259638599019	0.01
0.446455777	0.12259638599019	0.01
0.446465528	0.122011395610631	0.01
0.44656991	0.122011395610631	0.01
0.446633323	0.122011395610631	0.01
0.446772341	0.122011395610631	0.01
0.446967543	0.122011395610631	0.01
0.447158639	0.122011395610631	0.01
0.447533088	0.122011395610631	0.01
0.447542535	0.122011395610631	0.01
0.447876705	0.120858004838916	0.01
0.447928306	0.120858004838916	0.01
0.448701687	0.120858004838916	0.01
0.449552291	0.121431961488914	0.01
0.449715173	0.121431961488914	0.01
0.452986292	0.117462767889575	0.01
0.453102774	0.117462767889575	0.01
0.453117722	0.117462767889575	0.01
0.453312195	0.117462767889575	0.01
0.453607731	0.117462767889575	0.01
0.453670383	0.117462767889575	0.01
0.45367678	0.117462767889575	0.01
0.453739439	0.117462767889575	0.01
0.453782962	0.117462767889575	0.01
0.453802119	0.117462767889575	0.01
0.453864814	0.117462767889575	0.01
0.453927527	0.117462767889575	0.01
0.453977538	0.117462767889575	0.01
0.454053004	0.117462767889575	0.01
0.454131662	0.117462767889575	0.01
0.454159539	0.117462767889575	0.01
0.454172215	0.117462767889575	0.01
0.454228692	0.117462767889575	0.01
0.454278877	0.117462767889575	0.01
0.454291524	0.117462767889575	0.01
0.454423548	0.117462767889575	0.01
0.454618511	0.117462767889575	0.01
0.455078808	0.119168233888901	0.01
0.455550168	0.160594971324975	0.01
0.455665947	0.175473047978521	0.01
0.455678249	0.175473047978521	0.01
0.455755613	0.178785714042898	0.01
0.456133439	0.174706370862499	0.01
0.456455968	0.117525062329943	0.02
0.45760535	0.116987362250722	0.02
0.458664131	0.117525062329943	0.02
0.460382332	0.11645455992875	0.02
0.462114195	0.113144737887287	0.02
0.472596627	0.106766873011904	0.03
0.473676694	0.106766873011904	0.03
0.477096915	0.104872146567478	0.03
0.478419311	0.112114383165332	0.03
0.478888149	0.114371013790382	0.03
0.479732593	0.100050578634679	0.04
0.479936634	0.100050578634679	0.04
0.483671852	0.0974689378157565	0.04
0.484225862	0.0974689378157565	0.04
0.484458594	0.0974689378157565	0.04
0.485802156	0.127169287313123	0.04
0.485999254	0.123249515404934	0.04
0.48628356	0.111725366123697	0.04
0.486776039	0.087174162444902	0.04
0.489107131	0.094416682374997	0.04
0.489424331	0.094416682374997	0.04
0.499369323	0.0883735169906601	0.05
0.50407637	0.0927892215686247	0.06
0.508934563	0.0841454497248541	0.06
0.511690912	0.0792693824029077	0.06
0.514553924	0.0911356369262506	0.07
0.514645345	0.0911356369262506	0.07
0.514742139	0.0911356369262506	0.07
0.514839037	0.0921206388765861	0.07
0.514971335	0.0921206388765861	0.07
0.51502476	0.0921206388765861	0.07
0.515124567	0.092453721517956	0.07
0.51682809	0.076797026675612	0.07
0.518492841	0.0808307105863834	0.07
0.518564452	0.0808307105863834	0.07
0.534226929	0.0465440814108641	0.07
0.534308248	0.0465440814108641	0.07
0.534380672	0.0456467178379413	0.07
0.534888196	0.0456467178379413	0.07
0.536755919	0.0613084691117891	0.07
0.539174229	0.0608163331046767	0.07
0.543234343	0.0613084691117891	0.07
0.544416783	0.0618086349928542	0.07
0.546060858	0.0724473335042105	0.06
0.556645891	0.0745870261323036	0.05
0.556807604	0.0745870261323036	0.05
0.55802857	0.0745870261323036	0.05
0.566766402	0.0717611250210761	0.06
0.568776608	0.0717611250210761	0.06
0.57444178	0.0738598889042144	0.06
0.586308239	0.0745870261323036	0.07
0.59079165	0.0753286227793633	0.07
0.593402747	0.0753286227793633	0.07
0.593673806	0.0753286227793633	0.07
0.593673808	0.0753286227793633	0.07
0.593754278	0.0753286227793633	0.07
0.59375428	0.0753286227793633	0.07
0.593824895	0.0753286227793633	0.07
0.593834769	0.0753286227793633	0.07
0.594036974	0.0753286227793633	0.07
0.594152812	0.0753286227793633	0.07
0.594237558	0.0753286227793633	0.07
0.594318181	0.0753286227793633	0.07
0.595015574	0.0753286227793633	0.07
0.595196772	0.0753286227793633	0.07
0.596219211	0.0753286227793633	0.07
0.596894832	0.0753286227793633	0.07
0.602674298	0.0697783402838423	0.07
0.604317115	0.0627594989176206	0.07
0.604905308	0.0652296344857349	0.07
0.60490531	0.0652296344857349	0.07
0.604988853	0.0652296344857349	0.07
0.606051871	0.0652296344857349	0.07
0.60631275	0.0652296344857349	0.07
0.606404306	0.0652296344857349	0.07
0.608524688	0.0658778519993425	0.07
0.61827716	0.0568402757482887	0.08
0.624510489	0.0645940491912867	0.07
0.63624959	0.0652296344857349	0.07
0.637031954	0.0665390821089769	0.07
0.637881775	0.0665390821089769	0.07
0.638075882	0.0665390821089769	0.07
0.641599528	0.0764262320265667	0.08
0.64801212	0.0807717876128717	0.07
0.648110758	0.0807717876128717	0.07
0.648827538	0.0807717876128717	0.07
0.65703705	0.0792693824029077	0.07
0.659386285	0.0778218478963193	0.07
0.667879261	0.0731467922901314	0.08
0.667879263	0.0731467922901314	0.08
0.667969788	0.0731467922901314	0.08
0.671132308	0.0731467922901314	0.08
0.678915807	0.0653010280130147	0.09
0.680410924	0.0653010280130147	0.09
0.680589305	0.0653010280130147	0.09
0.68060848	0.0653010280130147	0.09
0.680786967	0.0653010280130147	0.09
0.689921535	0.0771177262891532	0.09
0.692614054	0.0771177262891532	0.09
0.696262833	0.0737799700858612	0.1
0.712354258	0.0719124900297885	0.11
0.712401774	0.0719124900297885	0.11
0.713541741	0.0731467922901314	0.11
0.715653707	0.0570031942846614	0.11
0.715679053	0.0570031942846614	0.11
0.717816093	0.0713108292123558	0.12
0.719314887	0.0713108292123558	0.12
0.725869057	0.0564370247731175	0.12
0.725979546	0.0564370247731175	0.12
0.72717465	0.0707191525355357	0.13
0.735438378	0.0542805159266096	0.13
0.744518666	0.0542805159266096	0.13
0.7500464	0.0542805159266096	0.13
0.756100951	0.0553377685719353	0.12
0.756122282	0.0553377685719353	0.12
0.763284143	0.0558819913205697	0.12
0.763387603	0.0558819913205697	0.12
0.763491091	0.0558819913205697	0.12
0.765321243	0.0537668957157357	0.12
0.766651587	0.053262904481231	0.12
0.772264397	0.0869779298653712	0.12
0.778829055	0.0904345809653569	0.12
0.779184816	0.0897915003070691	0.12
0.786383987	0.0942600579053502	0.11
0.793117932	0.0917805341715769	0.1
0.794958533	0.0999821164678272	0.1
0.799403767	0.0942600579053502	0.1
0.812482547	0.0914718466756434	0.08
0.828284953	0.0988696392459965	0.07
0.856064956	0.0960597771449393	0.04
0.861362559	0.090133334169012	0.03
0.861783488	0.0911356369262506	0.03
0.864973627	0.0993190624583926	0.03
0.867661243	0.0952076776464321	0.03
0.870144812	0.09065099306113	0.03
0.874413626	0.100559778562983	0.02
0.875213305	0.0987101150680887	0.02
0.87832845	0.0949269939363089	0.02
0.880342154	0.09065099306113	0.02
0.882218863	0.0938596852246889	0.01
0.88244613	0.0928734773883418	0.01
0.882485476	0.0928734773883418	0.01
0.883671839	0.10271784469698	0.01
0.884296127	0.103801559739282	0.01
0.886381245	0.0996263623400236	0.01
0.887670141	0.0984084330093698	0.01
0.889209764	0.0966363679036105	0.01
0.889752182	0.0949269939363089	0.01
0.889857915	0.0949269939363089	0.01
0.890068113	0.0938206159955939	0.01
0.890218543	0.0938206159955939	0.01
0.890218544	0.0938206159955939	0.01
0.890228158	0.0938206159955939	0.01
0.890354074	0.0940947856254205	0.01
0.890354075	0.0940947856254205	0.01
0.890459913	0.0940947856254205	0.01
0.890474761	0.0940947856254205	0.01
0.890489605	0.0940947856254205	0.01
0.890489606	0.0940947856254205	0.01
0.890506418	0.0940947856254205	0.01
0.890580647	0.0940947856254205	0.01
0.890595481	0.0940947856254205	0.01
0.89061031	0.0940947856254205	0.01
0.890610311	0.0940947856254205	0.01
0.89068659	0.0940947856254205	0.01
0.890701414	0.0940947856254205	0.01
0.890716233	0.0940947856254205	0.01
0.890731048	0.0940947856254205	0.01
0.890731049	0.0940947856254205	0.01
0.890737499	0.0940947856254205	0.01
0.890822213	0.0940947856254205	0.01
0.890837018	0.0940947856254205	0.01
0.890851819	0.0940947856254205	0.01
0.890928251	0.0940947856254205	0.01
0.890957836	0.0940947856254205	0.01
0.890972623	0.0940947856254205	0.01
0.891093459	0.0938206159955939	0.01
0.89119957	0.0938206159955939	0.01
0.891214328	0.0938206159955939	0.01
0.891244043	0.0938206159955939	0.01
0.891246709	0.0938206159955939	0.01
0.891382479	0.0938206159955939	0.01
0.891441435	0.0938206159955939	0.01
0.891456164	0.0938206159955939	0.01
0.89149835	0.0938206159955939	0.01
0.891521465	0.0938206159955939	0.01
0.891562417	0.0938206159955939	0.01
0.891577132	0.0932770421525102	0.01
0.891686849	0.0932770421525102	0.01
0.891698132	0.0932770421525102	0.01
0.891793338	0.0932770421525102	0.01
0.892012117	0.0927397306961092	0.01
0.89206133	0.0927397306961092	0.01
0.89216782	0.0922085740249852	0.01
0.892182462	0.0922085740249852	0.01
0.892215798	0.0922085740249852	0.01
0.89229733	0.0922085740249852	0.01
0.892546055	0.0932770421525102	0.01
0.892568748	0.0932770421525102	0.01
0.89273031	0.0932770421525102	0.01
0.892793389	0.0932770421525102	0.01
0.892952212	0.100103509360487	0.01
0.893016766	0.100103509360487	0.01
0.89308003	0.100103509360487	0.01
0.893172464	0.100103509360487	0.01
0.893320622	0.100103509360487	0.01
0.893352088	0.100103509360487	0.01
0.893395592	0.100103509360487	0.01
0.894085351	0.0995348044637668	0.01
0.894189143	0.0995348044637668	0.01
0.89420355	0.0995348044637668	0.01
0.89422449	0.0995348044637668	0.01
0.894232534	0.0995348044637668	0.01
0.894332391	0.100103509360487	0.01
0.894511483	0.0998183468840984	0.01
0.894690708	0.0986937606484935	0.01
0.894906463	0.0986937606484935	0.01
0.895081202	0.0986937606484935	0.01
0.895086463	0.0986937606484935	0.01
0.895300675	0.0986937606484935	0.01
0.895524497	0.0986937606484935	0.01
0.895840307	0.0981409167696176	0.01
0.89592425	0.0981409167696176	0.01
0.896396617	0.0973231672442637	0.01
0.89685771	0.0965189327411156	0.01
0.896928207	0.0962538001615495	0.01
0.89799116	0.0926318763765521	0.01
0.898155973	0.0909287735423941	0.01
0.898455429	0.0903749046072996	0.01
0.898755243	0.0900093920989325	0.01
0.89889623	0.0894666334578183	0.01
0.898920463	0.0894666334578183	0.01
0.899310528	0.0884005192538411	0.01
0.899325427	0.0884005192538411	0.01
0.899413875	0.0894029894693769	0.01
0.899974537	0.0885323919376967	0.01
0.900031532	0.0885323919376967	0.01
0.900274359	0.0894029894693769	0.01
0.901007608	0.0768569545209958	0.01
0.901568195	0.074720773856761	0.01
0.901947653	0.0760851144738419	0.01
0.902162268	0.0769278990314795	0.01
0.902291602	0.0750797907595672	0.01
0.902860993	0.0728653942717488	0.01
0.902932441	0.0728653942717488	0.01
0.903685884	0.0598553894441367	0.01
0.903876527	0.0596198797440386	0.01
0.904039961	0.0593862160745251	0.01
0.904508173	0.0572328555611556	0.01
0.904513058	0.057464374897176	0.01
0.905541598	0.0572328555611556	0.01
0.906154318	0.0576977749330712	0.01
0.906210372	0.0567753687892928	0.01
0.906508268	0.0570031942846614	0.01
0.906786831	0.0567753687892928	0.01
0.906922556	0.0570031942846614	0.01
0.906983581	0.0572328555611556	0.01
0.907060652	0.0572328555611556	0.01
0.907185931	0.0572328555611556	0.01
0.907198748	0.0572328555611556	0.01
0.907199842	0.0572328555611556	0.01
0.907298438	0.0570031942846614	0.01
0.907311244	0.0570031942846614	0.01
0.907324045	0.0570031942846614	0.01
0.907336843	0.0570031942846614	0.01
0.907336844	0.0570031942846614	0.01
0.907449378	0.0570031942846614	0.01
0.90746216	0.0570031942846614	0.01
0.9075492	0.0570031942846614	0.01
0.907574745	0.0570031942846614	0.01
0.907587512	0.0570031942846614	0.01
0.907674633	0.0570031942846614	0.01
0.907700146	0.0570031942846614	0.01
0.907712898	0.0570031942846614	0.01
0.907951053	0.0570031942846614	0.01
0.907963773	0.0565493571513931	0.01
0.907963774	0.0565493571513931	0.01
0.908076559	0.0567753687892928	0.01
0.908089263	0.0567753687892928	0.01
0.908089264	0.0567753687892928	0.01
0.908151307	0.0567753687892928	0.01
0.90817671	0.0570031942846614	0.01
0.908189407	0.0570031942846614	0.01
0.908453284	0.0567753687892928	0.01
0.908577365	0.0565493571513931	0.01
0.908691978	0.0565493571513931	0.01
0.908830322	0.0567753687892928	0.01
0.908855181	0.0565493571513931	0.01
0.908956071	0.0572328555611556	0.01
0.909094444	0.0572328555611556	0.01
0.909183517	0.0570031942846614	0.01
0.909207673	0.0570031942846614	0.01
0.909270732	0.0570031942846614	0.01
0.909308419	0.0570031942846614	0.01
0.909346075	0.0581703095200851	0.01
0.909409249	0.0581703095200851	0.01
0.909434338	0.0584094912289776	0.01
0.909642167	0.0584094912289776	0.01
0.909838426	0.057464374897176	0.01
0.909914657	0.057464374897176	0.01
0.909925885	0.057464374897176	0.01
0.910051995	0.0584094912289776	0.01
0.910204731	0.0584094912289776	0.01
0.910267	0.0584094912289776	0.01
0.910467776	0.0586506479689813	0.01
0.910628128	0.0586506479689813	0.01
0.911351929	0.0588938043045988	0.01
0.911383512	0.0581703095200851	0.01
0.911518912	0.0581703095200851	0.01
0.911632099	0.0586506479689813	0.01
0.911747931	0.0586506479689813	0.01
0.912488931	0.0596355227175461	0.01
0.912630246	0.0591389852093904	0.01
0.912776305	0.0591389852093904	0.01
0.912967277	0.0520983748642418	0.01
0.913006436	0.0520983748642418	0.01
0.913139907	0.0520983748642418	0.01
0.913244462	0.0520983748642418	0.01
0.913751419	0.0520983748642418	0.01
0.914018042	0.0523197766558437	0.01
0.914696902	0.0606540388521946	0.01
0.914968567	0.0606540388521946	0.01
0.914983658	0.0606540388521946	0.01
0.915026039	0.0606540388521946	0.01
0.915269563	0.0606540388521946	0.01
0.915559183	0.0609141272129872	0.01
0.916024822	0.0609141272129872	0.01
0.916163647	0.0614410534716573	0.01
0.916208994	0.0614410534716573	0.01
0.916688985	0.062522735926313	0.01
0.916912552	0.0627991338615181	0.01
0.917248255	0.0624638240401312	0.01
0.917957453	0.0504268095574659	0.01
0.918238351	0.0608706243641226	0.02
0.918456927	0.0608706243641226	0.02
0.918483627	0.0608706243641226	0.02
0.918837351	0.0608706243641226	0.02
0.919120121	0.0615297620871484	0.02
0.919822583	0.0628918103696179	0.02
0.921364075	0.0643155254632878	0.02
0.921783065	0.0648045302441678	0.02
0.922504312	0.066060205133849	0.02
0.922787758	0.066060205133849	0.02
0.923268187	0.0561026894850622	0.02
0.924160807	0.0570031942846614	0.02
0.924412009	0.0570031942846614	0.02
0.924627878	0.0581703095200851	0.02
0.925553967	0.0586506479689813	0.02
0.927872541	0.0455734969349456	0.02
0.934071327	0.0514309439516567	0.03
0.934700606	0.0521867103419984	0.03
0.93534835	0.0521867103419984	0.03
0.938446291	0.0278974006124319	0.03
0.938770844	0.0283993475131305	0.03
0.947518522	0.0268430880597657	0.03
0.948845214	0.0278974006124319	0.03
0.949342587	0.0281740477340229	0.03
0.950306111	0.0249567333015626	0.04
0.953473419	0.0215494407915724	0.04
0.954191796	0.0218813763721552	0.04
0.955603107	0.0239067290152947	0.04
0.955985355	0.0239067290152947	0.04
0.956018846	0.0239067290152947	0.04
0.956296714	0.0249567333015626	0.04
0.956549025	0.0249567333015626	0.04
0.956780018	0.0251779003484487	0.04
0.95679317	0.0251779003484487	0.04
0.956793172	0.0251779003484487	0.04
0.957016096	0.0254030224180034	0.04
0.957077957	0.0254030224180034	0.04
0.958321379	0.026345261395229	0.04
0.959031973	0.0270991239802404	0.04
0.959642592	0.0273600912027813	0.04
0.959665139	0.0273600912027813	0.04
0.960039043	0.0284562366037715	0.04
0.960819071	0.0284562366037715	0.04
0.960911853	0.0284562366037715	0.04
0.964458654	0.0218813763721552	0.05
0.966290332	0.0249567333015626	0.05
0.966980911	0.0254030224180034	0.05
0.966980912	0.0254030224180034	0.05
0.966986309	0.0254030224180034	0.05
0.967139043	0.0254030224180034	0.05
0.967144414	0.0254030224180034	0.05
0.967297223	0.0256322065559686	0.05
0.967302571	0.0256322065559686	0.05
0.967302572	0.0256322065559686	0.05
0.96746078	0.0256322065559686	0.05
0.967608447	0.0256322065559686	0.05
0.96761904	0.0256322065559686	0.05
0.967619041	0.0256322065559686	0.05
0.967772081	0.0256322065559686	0.05
0.967925221	0.0256322065559686	0.05
0.967935716	0.0256322065559686	0.05
0.968088909	0.0261032088901935	0.05
0.968861479	0.0270991239802404	0.05
0.969035555	0.0270991239802404	0.05
0.970292984	0.0284562366037715	0.05
0.973457204	0.0377098548557264	0.06
0.973766743	0.0377098548557264	0.06
0.974203145	0.0377098548557264	0.06
0.978183481	0.0412704320307429	0.06
0.981915796	0.0278974006124319	0.05
0.985118954	0.026345261395229	0.05
1.021711423	0.0364987384314911	0.06
1.023898132	0.0364987384314911	0.06
1.027042278	0.0321605906751322	0.07
1.027349785	0.0324359661693269	0.07
1.029078227	0.033586298724195	0.07
1.030020301	0.0341926145252901	0.07
1.030392053	0.0345040563236661	0.07
1.030397618	0.0345040563236661	0.07
1.030958443	0.0351442762512899	0.07
1.031720423	0.0351442762512899	0.07
1.032104884	0.0351442762512899	0.07
1.033463082	0.0351442762512899	0.07
1.034014818	0.0351442762512899	0.07
1.034376329	0.0351442762512899	0.07
1.034854243	0.0354733790669967	0.07
1.035677928	0.0354733790669967	0.07
1.038905957	0.0370702135924989	0.08
1.039046839	0.0376598690338799	0.08
1.041709188	0.039219475444443	0.08
1.043349328	0.039219475444443	0.08
1.044012776	0.039219475444443	0.08
1.048661279	0.0364987384314911	0.09
1.049025044	0.0364987384314911	0.09
1.054783865	0.0388973049867792	0.09
1.056246636	0.0388973049867792	0.09
1.057424783	0.0460910322613438	0.09
1.058571278	0.0364987384314911	0.1
1.067766296	0.0359446155131942	0.11
1.067971123	0.0359446155131942	0.11
1.068168044	0.0359446155131942	0.11
1.068892568	0.0364987384314911	0.11
1.070326964	0.0379617876429045	0.11
1.088407982	0.0509924764801271	0.13
1.088762574	0.0509924764801271	0.13
1.091073782	0.0753286227793633	0.12
1.112743253	0.0691415387302485	0.14
1.113082372	0.0685162550464785	0.14
1.113233383	0.0685162550464785	0.14
1.11414031	0.0704269809082909	0.14
1.115076799	0.0710877938598799	0.14
1.116382888	0.0710877938598799	0.14
1.127882011	0.0753286227793633	0.12
1.13205703	0.0753286227793633	0.12
1.187305519	0.0478774732034406	0.15
1.187446683	0.0478774732034406	0.15
1.18762744	0.0478774732034406	0.15
1.192009701	0.0491190852629402	0.15
1.192725439	0.048284310189478	0.15
1.208769953	0.0465440814108641	0.14
1.209215802	0.0474774348386231	0.14
1.209751115	0.0474774348386231	0.14
1.209768181	0.0474774348386231	0.14
1.209825949	0.0474774348386231	0.14
1.210771389	0.0470061254158922	0.14
1.212614931	0.0470061254158922	0.14
1.224141399	0.0573318493044783	0.14
1.226767373	0.056357060208598	0.14
1.243346642	0.0610262777321399	0.13
1.246668032	0.0564370247731175	0.12
1.252855937	0.0553377685719353	0.12
1.265568721	0.0553377685719353	0.11
1.270060331	0.0564370247731175	0.1
1.275739262	0.0553377685719353	0.1
1.278899002	0.0627594989176206	0.1
1.285172518	0.062170922087619	0.1
1.289511656	0.0658778519993425	0.1
1.293113698	0.0704269809082909	0.11
1.302603198	0.0679021795465318	0.12
1.325958837	0.0452108879460146	0.12
1.33510162	0.0753286227793633	0.12
1.335485912	0.0753286227793633	0.12
1.335508208	0.0753286227793633	0.12
1.335711503	0.0753286227793633	0.12
1.335892556	0.0753286227793633	0.12
1.33638917	0.0753286227793633	0.12
1.336413828	0.0753286227793633	0.12
1.336595099	0.0753286227793633	0.12
1.336665633	0.0753286227793633	0.12
1.337161305	0.0753286227793633	0.12
1.337887386	0.0745870261323036	0.12
1.340005107	0.0745870261323036	0.12
1.342315002	0.0745870261323036	0.12
1.342368518	0.0745870261323036	0.12
1.343443085	0.0745870261323036	0.12
1.346883901	0.0745870261323036	0.13
1.350085516	0.0745870261323036	0.13
1.360533959	0.0738598889042144	0.13
1.360981621	0.0738598889042144	0.13
1.36116959	0.0738598889042144	0.13
1.361338457	0.0738598889042144	0.13
1.361545683	0.0738598889042144	0.13
1.361952473	0.0738598889042144	0.13
1.362110213	0.0738598889042144	0.13
1.364721715	0.0760851144738419	0.12
1.368578346	0.0738598889042144	0.13
1.369020462	0.0738598889042144	0.13
1.370127164	0.0738598889042144	0.13
1.377139612	0.0753286227793633	0.13
1.377274175	0.0753286227793633	0.13
1.377544294	0.0753286227793633	0.13
1.379222918	0.0753286227793633	0.13
1.38563755	0.0704269809082909	0.13
1.418305639	0.0753286227793633	0.12
1.430594094	0.0717611250210761	0.13
1.436494579	0.0731467922901314	0.13
1.448119954	0.0738598889042144	0.12
1.450674974	0.0738598889042144	0.12
1.450928234	0.0738598889042144	0.12
1.457818346	0.0738598889042144	0.13
1.484067531	0.0724473335042105	0.15
1.484117024	0.0724473335042105	0.15
1.488337206	0.0724473335042105	0.16
1.502972103	0.0724473335042105	0.17
1.506038743	0.0724473335042105	0.18
1.511734415	0.0724473335042105	0.18
1.511964569	0.0724473335042105	0.18
1.512194724	0.0724473335042105	0.18
1.512403577	0.0724473335042105	0.18
1.512821455	0.0724473335042105	0.18
1.515375804	0.0731467922901314	0.18
1.516740221	0.0724473335042105	0.19
1.517647523	0.0710877938598799	0.19
1.523536021	0.0710877938598799	0.19
1.558319819	0.139458714382142	0.23
1.55916507	0.138819889536095	0.23
1.595407686	0.155966518989554	0.19
1.611568792	0.163313096740836	0.18
1.707257935	0.203428416709145	0.08
1.730827961	0.182225863054653	0.06
1.745720251	0.184337153766535	0.04
1.75282717	0.183698647396147	0.04
1.758275756	0.20526559355015	0.03
1.768990518	0.20713625615916	0.02
1.77492366	0.201114105262501	0.01
1.778615293	0.214972767099211	0.01
1.77861633	0.214972767099211	0.01
1.780627841	0.203428416709145	0.01
1.780657571	0.203428416709145	0.01
1.780657572	0.203428416709145	0.01
1.780928629	0.194714697878845	0.01
1.78092863	0.194714697878845	0.01
1.781081012	0.194714697878845	0.01
1.781140367	0.194714697878845	0.01
1.781170031	0.194714697878845	0.01
1.781170032	0.194714697878845	0.01
1.781381862	0.194714697878845	0.01
1.781411498	0.194714697878845	0.01
1.781411499	0.194714697878845	0.01
1.781623424	0.194714697878845	0.01
1.781653031	0.194714697878845	0.01
1.7818108	0.194714697878845	0.01
1.781835463	0.194714697878845	0.01
1.781894629	0.194714697878845	0.01
1.782136292	0.19306077232175	0.01
1.782378022	0.19306077232175	0.01
1.782531315	0.19306077232175	0.01
1.782590324	0.19306077232175	0.01
1.782619816	0.19306077232175	0.01
1.783044725	0.19306077232175	0.01
1.783103602	0.19306077232175	0.01
1.783345594	0.19306077232175	0.01
1.783829774	0.19306077232175	0.01
1.784013316	0.19306077232175	0.01
1.784314217	0.19306077232175	0.01
1.78446873	0.19306077232175	0.01
1.784506241	0.19306077232175	0.01
1.784933025	0.19306077232175	0.01
1.785009515	0.19306077232175	0.01
1.785988286	0.194581341713271	0.01
1.786357195	0.194581341713271	0.01
1.788266632	0.185437184469677	0.01
1.788780487	0.192995199522909	0.01
1.78918715	0.192995199522909	0.01
1.789747139	0.188388223737766	0.01
1.790033715	0.188388223737766	0.01
1.790095821	0.188388223737766	0.01
1.790737455	0.189835804791143	0.01
1.79204453	0.179804042653241	0.02
1.794856772	0.165426225849598	0.02
1.795060195	0.160242722977675	0.02
1.795172249	0.151687314502531	0.02
1.795643534	0.148171352599388	0.02
1.796645824	0.142395332436276	0.02
1.796669094	0.142395332436276	0.02
1.796696941	0.142395332436276	0.02
1.799436111	0.14005548367298	0.02
1.813240824	0.0952076776464321	0.03
1.813716026	0.0960120383422243	0.03
1.814069384	0.0960120383422243	0.03
1.814345569	0.0744242055050125	0.03
1.814596154	0.0599230200616146	0.03
1.814621756	0.0599230200616146	0.03
1.814621757	0.0599230200616146	0.03
1.814846808	0.0599230200616146	0.03
1.814872379	0.0599230200616146	0.03
1.815039963	0.0610262777321399	0.03
1.815123071	0.0610262777321399	0.03
1.815322808	0.0610262777321399	0.03
1.815624663	0.0610262777321399	0.03
1.815875562	0.0610262777321399	0.03
1.816101116	0.0358087038056535	0.03
1.816374833	0.0361504285959071	0.03
1.816377569	0.0361504285959071	0.03
1.81637757	0.0361504285959071	0.03
1.818363245	0.0361504285959071	0.03
1.819217405	0.0368538255051697	0.03
1.819395454	0.0368538255051697	0.03
1.819410514	0.0368538255051697	0.03
1.819581019	0.0368538255051697	0.03
1.82134289	0.115533741407149	0.04
1.822065256	0.0858569781095606	0.04
1.824280416	0.0952076776464321	0.04
1.824759677	0.0593862160745251	0.04
1.824985083	0.0599230200616146	0.04
1.828541204	0.0361504285959071	0.04
1.828939845	0.0364987384314911	0.04
1.829051906	0.0364987384314911	0.04
1.829613575	0.0368538255051697	0.04
1.830016016	0.0379617876429045	0.04
1.83758722	0.0351442762512899	0.05
1.837659261	0.0351442762512899	0.05
1.839735229	0.0361504285959071	0.05
1.842215909	0.085213200812899	0.06
1.844053766	0.0936387221487435	0.06
1.846490238	0.0351442762512899	0.06
1.877534086	0.0324359661693269	0.09
1.933588634	0.033586298724195	0.14
1.934242286	0.033586298724195	0.14
1.93486401	0.0338867447278337	0.14
1.937910579	0.0439519428513714	0.14
1.938309591	0.0435477319338127	0.14
1.945075766	0.0447833018558765	0.14
1.959079535	0.0447833018558765	0.15
2.039242563	0.0824046074057825	0.23
2.057190684	0.0811212202006491	0.25
2.057670659	0.0811212202006491	0.25
2.058434493	0.0811212202006491	0.25
2.058810915	0.0811212202006491	0.25
2.060706206	0.0811212202006491	0.25
2.067556414	0.0811212202006491	0.26
2.077371996	0.0811212202006491	0.27
2.077653506	0.0811212202006491	0.27
2.07768814	0.0811212202006491	0.27
2.077935092	0.0811212202006491	0.27
2.112854786	0.0798771954566658	0.3
2.114638141	0.0785389459162521	0.3
2.117539144	0.0792693824029077	0.31
2.201956234	0.0786707496105461	0.39
2.21647999	0.0786707496105461	0.41
2.22342495	0.0792693824029077	0.41
2.225736601	0.108114656158171	0.42
2.22607531	0.108114656158171	0.42
2.226678687	0.108114656158171	0.42
2.226980498	0.108114656158171	0.42
2.230993963	0.108114656158171	0.42
2.244892022	0.149208907060461	0.43
2.268175967	0.215871134285391	0.41
2.283420782	0.217025428200042	0.39
2.287430653	0.219880782389756	0.39
2.36737444	0.230588304265574	0.32
2.416816988	0.230214612671653	0.31
2.57811595	0.235348933272029	0.16
2.634889835	0.235348933272029	0.1
2.63880046	0.221250638540822	0.09
2.644514931	0.235348933272029	0.09
2.64482266	0.235348933272029	0.09
2.65353762	0.228364176815841	0.08
2.664122924	0.237620139435723	0.07
2.669724846	0.223425544795107	0.06
2.670697515	0.230588304265574	0.06
2.67074212	0.230588304265574	0.06
2.670831293	0.230588304265574	0.06
2.671148642	0.230588304265574	0.06
2.671193019	0.230588304265574	0.06
2.671193179	0.230588304265574	0.06
2.671237545	0.230588304265574	0.06
2.671237705	0.230588304265574	0.06
2.671599486	0.230588304265574	0.06
2.671599646	0.230588304265574	0.06
2.671872794	0.230588304265574	0.06
2.671961685	0.230588304265574	0.06
2.672323822	0.230588304265574	0.06
2.672686057	0.230588304265574	0.06
2.674201502	0.237620139435723	0.06
2.674498542	0.237620139435723	0.06
2.677404052	0.237620139435723	0.06
2.678640892	0.223425544795107	0.05
2.679587204	0.223425544795107	0.05
2.690995907	0.242296647907803	0.05
2.692790444	0.237620139435723	0.05
2.697875326	0.235348933272029	0.06
2.703341222	0.237620139435723	0.06
2.716197088	0.201114105262501	0.06
2.720992773	0.201114105262501	0.06
2.721223607	0.201114105262501	0.06
2.721339166	0.201114105262501	0.06
2.721753239	0.201114105262501	0.06
2.72212898	0.201114105262501	0.06
2.722504826	0.201114105262501	0.06
2.725892101	0.189519223987888	0.06
2.728457177	0.189519223987888	0.06
2.730687704	0.195192465732154	0.07
2.733911556	0.195192465732154	0.07
2.742221604	0.195192465732154	0.08
2.767264537	0.187641693306367	0.1
2.784781798	0.169202832441167	0.12
2.795646082	0.169202832441167	0.13
2.870516676	0.170727997351084	0.2
2.874914635	0.167704675778552	0.21
2.884109016	0.17310566495266	0.22
2.885327778	0.166232816249862	0.22
2.893176138	0.171611928828713	0.23
2.901070252	0.166617637075423	0.23
3.017087015	0.156611324851407	0.35
3.091199805	0.141101118767257	0.42
3.116410384	0.190062582256523	0.45
3.153761559	0.201114105262501	0.47
3.190582361	0.160746409421956	0.47
3.194633906	0.159244760689491	0.48
3.479484296	0.159244760689491	0.76
3.557717034	0.159244760689491	0.840000000000001
3.560201153	0.159244760689491	0.840000000000001
3.561529658	0.157685060212612	0.840000000000001
3.561648443	0.157685060212612	0.840000000000001
3.562131134	0.15784779896326	0.850000000000001
3.563861522	0.15784779896326	0.850000000000001
3.565454716	0.15784779896326	0.850000000000001
3.566965252	0.159244760689491	0.850000000000001
3.567214517	0.159244760689491	0.850000000000001
3.568359469	0.159244760689491	0.850000000000001
3.571210711	0.160666669576109	0.850000000000001
3.572123566	0.15784779896326	0.860000000000001
3.572497766	0.15784779896326	0.860000000000001
3.575584373	0.15784779896326	0.860000000000001
3.579984214	0.159244760689491	0.860000000000001
3.62901857	0.161716838494011	0.910000000000001
3.62939674	0.161716838494011	0.910000000000001
3.629519691	0.161716838494011	0.910000000000001
3.6300627	0.161716838494011	0.910000000000001
3.630972932	0.161716838494011	0.910000000000001
3.631023885	0.162981884507092	0.910000000000001
3.631970124	0.172280907494301	0.910000000000001
3.633483005	0.165426225849598	0.910000000000001
3.707141358	0.163836301656387	0.980000000000001
3.778072999	0.151294650081036	1.04
3.82876748	0.1687004816086	1.07
3.963711323	0.172106968271357	1.18
4.442577106	0.237528449862819	1.55
4.452121847	0.237528449862819	1.56
4.45272527	0.237528449862819	1.56
4.453932605	0.228364176815841	1.57
4.459832487	0.237528449862819	1.57
4.464002998	0.228364176815841	1.58
4.475601202	0.237528449862819	1.59
4.478685952	0.237528449862819	1.59
4.492707945	0.237528449862819	1.6
4.536969429	0.237528449862819	1.65
4.537444354	0.237528449862819	1.65
4.550359745	0.237528449862819	1.66
4.773228095	0.259408942047447	1.59
4.848628454	0.259408942047447	1.66
4.895921957	0.259408942047447	1.71
5.341769851	0.270381096702646	1.87
5.342582978	0.270381096702646	1.87
5.343307119	0.270381096702646	1.87
5.346842194	0.270381096702646	1.87
5.443653327	0.282322416826786	1.89
5.445157132	0.282322416826786	1.89
6.2338777	0.214566885536741	2.60999999999999
6.234722781	0.214566885536741	2.60999999999999
6.244676548	0.214566885536741	2.61999999999999
6.358499262	0.214566885536741	2.72999999999999
7	0.288697547854863	3.29999999999997
