thrs	post_p	finalwindow
0	0.026996416133975	0.23
0.03256001	0.0266210197910352	0.2
0.070216248	0.0262559203485591	0.17
0.082355146	0.0239560674993409	0.17
0.089689176	0.0239560674993409	0.16
0.093809574	0.0239560674993409	0.16
0.103967892	0.0225454670916367	0.16
0.106977596	0.0225454670916367	0.16
0.115659216	0.0222830494090833	0.17
0.123778241	0.0220266702558192	0.17
0.127200542	0.0162358035618784	0.17
0.127695348	0.0159650137528153	0.17
0.128068503	0.0383543475989455	0.17
0.129730945	0.0380494303549689	0.17
0.130460633	0.0374539127889724	0.17
0.14705261	0.0166596616300619	0.15
0.148782099	0.0383543475989455	0.15
0.151339737	0.0365947867213872	0.15
0.178062567	0.0386641913616667	0.12
0.178140913	0.0386641913616667	0.12
0.178189211	0.0386641913616667	0.12
0.178358463	0.0386641913616667	0.12
0.181430774	0.0368767490410292	0.12
0.181486006	0.0368767490410292	0.12
0.181824923	0.0368767490410292	0.12
0.191788381	0.0371630901304865	0.11
0.194681585	0.0694874800674809	0.11
0.206482242	0.0704168957139578	0.1
0.22265244	0.0311724042499581	0.08
0.222656148	0.0311724042499581	0.08
0.222686318	0.0311724042499581	0.08
0.222812147	0.0599865100829317	0.08
0.223196808	0.0649622052051833	0.08
0.226694446	0.0626019165751682	0.08
0.226728961	0.0626019165751682	0.08
0.226867021	0.0626019165751682	0.08
0.226957829	0.0626019165751682	0.08
0.226982815	0.0626019165751682	0.08
0.230426372	0.0284683885236587	0.07
0.237068117	0.0644760155967899	0.07
0.24235868	0.0626019165751682	0.07
0.242615688	0.0355087759324826	0.06
0.242941212	0.0758259320951484	0.06
0.243116147	0.0732471468138759	0.06
0.256259656	0.0720224313325756	0.05
0.256650521	0.0726296265057107	0.05
0.259750174	0.0702602703896011	0.05
0.263775407	0.0702602703896011	0.05
0.272151172	0.0669825675354425	0.05
0.287097646	0.0800535561305435	0.05
0.295749179	0.0856230548557399	0.04
0.296834617	0.0831439807537165	0.05
0.296839561	0.0831439807537165	0.05
0.296839653	0.0831439807537165	0.05
0.296874128	0.0831439807537165	0.05
0.296879772	0.0831439807537165	0.05
0.29691506	0.0831439807537165	0.05
0.296919994	0.0831439807537165	0.05
0.296960227	0.0831439807537165	0.05
0.297156652	0.0831439807537165	0.05
0.297242165	0.0831439807537165	0.05
0.297345093	0.0831439807537165	0.05
0.298033592	0.0831439807537165	0.05
0.298062423	0.0831439807537165	0.05
0.29926506	0.0864825949753234	0.04
0.299931082	0.0831439807537165	0.05
0.300638986	0.0864825949753234	0.04
0.301159527	0.0864825949753234	0.04
0.302397905	0.0864825949753234	0.04
0.30240618	0.0864825949753234	0.04
0.302452098	0.0864825949753234	0.04
0.302493847	0.0864825949753234	0.04
0.302531356	0.0864825949753234	0.04
0.302535608	0.0864825949753234	0.04
0.302694303	0.0864825949753234	0.04
0.302757814	0.0864825949753234	0.04
0.302844832	0.0864825949753234	0.04
0.303037639	0.0864825949753234	0.04
0.303062807	0.0864825949753234	0.04
0.305094409	0.0823492188903497	0.05
0.306047128	0.0823492188903497	0.05
0.306464617	0.078592924188711	0.05
0.307314933	0.0778824151942432	0.05
0.308759935	0.0758259320951484	0.05
0.320217262	0.078592924188711	0.04
0.322066605	0.078592924188711	0.04
0.322777267	0.078592924188711	0.04
0.323097253	0.078592924188711	0.04
0.323165924	0.078592924188711	0.04
0.323808824	0.0778824151942432	0.04
0.324596864	0.0778824151942432	0.04
0.327195424	0.0771846376291968	0.04
0.328591896	0.0764992523353623	0.04
0.334029253	0.0758259320951484	0.04
0.338071632	0.074514234509932	0.05
0.340262381	0.074514234509932	0.05
0.343706753	0.074514234509932	0.05
0.351815198	0.0720224313325756	0.06
0.356206548	0.069691890395458	0.06
0.356437896	0.0685822790840313	0.06
0.356490553	0.0685822790840313	0.06
0.357086112	0.0675074477485306	0.07
0.357959666	0.0680406189283734	0.07
0.363236679	0.0680406189283734	0.07
0.366130409	0.0685822790840313	0.07
0.367161303	0.074514234509932	0.08
0.367663989	0.0732471468138759	0.08
0.37384574	0.0800535561305435	0.08
0.386863037	0.054832208514385	0.06
0.386909127	0.0612663136679396	0.06
0.395214438	0.0639970493996348	0.06
0.403209246	0.0653069238296167	0.05
0.412388288	0.0744498398678379	0.04
0.415772448	0.0553607458261782	0.03
0.416416237	0.0599865100829317	0.03
0.438307149	0.0771846376291968	0.01
0.441750067	0.0835471423344542	0.01
0.444499874	0.0790366403787695	0.01
0.444770984	0.078045236200376	0.01
0.445049535	0.078045236200376	0.01
0.445117302	0.078045236200376	0.01
0.445185067	0.0770783954672191	0.01
0.445185068	0.0770783954672191	0.01
0.44525283	0.0770783954672191	0.01
0.445252832	0.0770783954672191	0.01
0.445252833	0.0770783954672191	0.01
0.445252835	0.0770783954672191	0.01
0.445305777	0.0770783954672191	0.01
0.44531318	0.0770783954672191	0.01
0.445313188	0.0770783954672191	0.01
0.44531319	0.0770783954672191	0.01
0.445373562	0.0770783954672191	0.01
0.445419149	0.0770783954672191	0.01
0.445479567	0.0766039028702361	0.01
0.445494353	0.0766039028702361	0.01
0.445554774	0.0761352164586888	0.01
0.445578303	0.0761352164586888	0.01
0.445615211	0.0761352164586888	0.01
0.445653547	0.0761352164586888	0.01
0.445675664	0.0761352164586888	0.01
0.445736134	0.0868312625341154	0.01
0.445917642	0.0920869449899639	0.01
0.445970843	0.0920869449899639	0.01
0.445978177	0.0920869449899639	0.01
0.446188208	0.0909927266530204	0.01
0.446319857	0.0909927266530204	0.01
0.446395102	0.0909927266530204	0.01
0.446455777	0.0909927266530204	0.01
0.44656991	0.0909927266530204	0.01
0.446772341	0.0909927266530204	0.01
0.446888185	0.0888804910242697	0.01
0.447533088	0.0888804910242697	0.01
0.447542535	0.0888804910242697	0.01
0.447649603	0.0883676661542329	0.01
0.447928306	0.0883676661542329	0.01
0.448791313	0.0888804910242697	0.01
0.449051315	0.0888804910242697	0.01
0.449552291	0.0873595673408319	0.01
0.453102774	0.0818796133208445	0.01
0.453117722	0.0818796133208445	0.01
0.453607731	0.081415333337457	0.01
0.453670383	0.081415333337457	0.01
0.45367678	0.081415333337457	0.01
0.453739439	0.081415333337457	0.01
0.453782962	0.081415333337457	0.01
0.453802119	0.081415333337457	0.01
0.453864814	0.081415333337457	0.01
0.453977538	0.081415333337457	0.01
0.453990257	0.081415333337457	0.01
0.454115767	0.081415333337457	0.01
0.454131662	0.081415333337457	0.01
0.454159539	0.081415333337457	0.01
0.454172215	0.081415333337457	0.01
0.454266222	0.081415333337457	0.01
0.454278877	0.081415333337457	0.01
0.454291524	0.081415333337457	0.01
0.454297847	0.081415333337457	0.01
0.454543029	0.0818796133208445	0.01
0.454637485	0.0818796133208445	0.01
0.455180191	0.0842827726952979	0.01
0.455439212	0.0898187335770106	0.01
0.455550168	0.095177197635471	0.01
0.455678249	0.0840053982109409	0.02
0.455755613	0.0840053982109409	0.02
0.456133439	0.0840053982109409	0.02
0.456159276	0.0840053982109409	0.02
0.456880284	0.0840053982109409	0.02
0.45760535	0.0826454676322556	0.02
0.459124851	0.0813288663818835	0.02
0.460382332	0.0796372945062231	0.02
0.46331093	0.0750334298088027	0.02
0.472596627	0.0669825675354425	0.03
0.473676694	0.0669825675354425	0.03
0.474072423	0.0669825675354425	0.03
0.47699163	0.0594542453905512	0.03
0.477096915	0.0594542453905512	0.03
0.478409458	0.0633915930917053	0.03
0.478419311	0.0633915930917053	0.03
0.478888149	0.0639970493996348	0.03
0.479732593	0.0553607458261782	0.03
0.479936634	0.0553607458261782	0.03
0.483511101	0.0564489893194349	0.03
0.483671852	0.0575808745778473	0.03
0.483988273	0.0617936571916437	0.04
0.484225862	0.0617936571916437	0.04
0.484458594	0.0617936571916437	0.04
0.484927676	0.0623301576434726	0.04
0.485802156	0.0666715389947856	0.04
0.485999254	0.0690772000706239	0.04
0.48628356	0.0626019165751682	0.04
0.486776039	0.0586091747113914	0.04
0.489107131	0.055513633164455	0.04
0.489424331	0.0550574836669488	0.04
0.490830832	0.0475662543246097	0.04
0.499369323	0.0490160858220585	0.05
0.50407637	0.0273825512131899	0.05
0.508934563	0.0463061531004586	0.06
0.511690912	0.0402352093999916	0.06
0.514553924	0.0284683885236587	0.06
0.51473946	0.028753438260482	0.06
0.514839037	0.028753438260482	0.06
0.514971335	0.028753438260482	0.06
0.515124567	0.028753438260482	0.06
0.518492841	0.0447595268207806	0.07
0.518564452	0.0447595268207806	0.07
0.520735072	0.0391384586107094	0.07
0.529143364	0.0599865100829317	0.07
0.534226929	0.0432011733246809	0.06
0.534308248	0.0432011733246809	0.06
0.534380672	0.0428147104499362	0.06
0.534453117	0.0428147104499362	0.06
0.534888196	0.0428147104499362	0.06
0.536755919	0.0639970493996348	0.06
0.539174229	0.0667878356138665	0.06
0.543234343	0.0679735124108356	0.06
0.544416783	0.0704758103925565	0.06
0.55657045	0.122494705328327	0.05
0.556645891	0.122494705328327	0.05
0.559788571	0.118173944415138	0.05
0.562444529	0.119225304212535	0.05
0.566766402	0.129602643177826	0.05
0.574371638	0.134817986238912	0.05
0.583655412	0.132158881877079	0.05
0.586308239	0.118173944415138	0.06
0.591193432	0.133475191644791	0.05
0.593402747	0.133475191644791	0.05
0.593573546	0.133475191644791	0.05
0.593673806	0.133475191644791	0.05
0.593673808	0.133475191644791	0.05
0.593754277	0.133475191644791	0.05
0.593754278	0.133475191644791	0.05
0.59375428	0.133475191644791	0.05
0.593834769	0.133475191644791	0.05
0.594152812	0.130868281021077	0.05
0.594318181	0.130868281021077	0.05
0.595015574	0.117140964865194	0.06
0.595196772	0.117140964865194	0.06
0.595887104	0.117140964865194	0.06
0.597117526	0.132158881877079	0.05
0.602148457	0.128361251026582	0.05
0.602674298	0.128361251026582	0.05
0.604317115	0.128361251026582	0.05
0.604813246	0.128361251026582	0.05
0.604905308	0.128361251026582	0.05
0.60490531	0.128361251026582	0.05
0.604905312	0.128361251026582	0.05
0.604988853	0.128361251026582	0.05
0.605716504	0.128361251026582	0.05
0.605724938	0.128361251026582	0.05
0.606051871	0.128361251026582	0.05
0.60631275	0.128361251026582	0.05
0.606404306	0.128361251026582	0.05
0.606824709	0.130868281021077	0.05
0.607971158	0.130868281021077	0.05
0.608524688	0.130868281021077	0.05
0.608756287	0.130868281021077	0.05
0.61827716	0.128361251026582	0.05
0.624510489	0.138917451941199	0.05
0.630942519	0.141658569284888	0.04
0.63624959	0.133741606403084	0.05
0.636422142	0.134999069598433	0.05
0.637031954	0.134999069598433	0.05
0.638075882	0.134999069598433	0.05
0.641599528	0.132507352571063	0.05
0.644129804	0.127790036934659	0.06
0.64559646	0.127790036934659	0.06
0.646569798	0.128937594635215	0.06
0.64801212	0.128937594635215	0.06
0.648110758	0.128937594635215	0.06
0.648827538	0.128937594635215	0.06
0.667879261	0.103775996936402	0.08
0.667879263	0.103775996936402	0.08
0.667969788	0.103775996936402	0.08
0.669490645	0.103775996936402	0.08
0.678915807	0.0981035604425558	0.09
0.68060848	0.0981035604425558	0.09
0.680702493	0.0981035604425558	0.09
0.680786967	0.0981035604425558	0.09
0.689921535	0.0633915930917053	0.09
0.690723937	0.0622144104679651	0.09
0.692614054	0.0627974854872601	0.09
0.697379755	0.0594542453905512	0.1
0.712354258	0.0589313432704899	0.11
0.712401774	0.0589313432704899	0.11
0.713541741	0.0594542453905512	0.11
0.71365913	0.0594542453905512	0.11
0.714295462	0.0594542453905512	0.11
0.715653707	0.055513633164455	0.12
0.717816093	0.0569285877705736	0.12
0.725869057	0.0095762750091411	0.12
0.725979546	0.0095762750091411	0.12
0.726772429	0.0550574836669488	0.13
0.72717465	0.0559774041740447	0.13
0.742183791	0.0501159188844435	0.14
0.744518666	0.0479634895069293	0.14
0.7500464	0.00929723847688637	0.13
0.756122282	0.00811495747919759	0.13
0.762884543	0.0839783028702939	0.13
0.763284143	0.0833332180604208	0.13
0.763491091	0.0826979682246213	0.13
0.7676628	0.00948142022592529	0.12
0.772093843	0.0822731120500905	0.12
0.778829055	0.0862952893648537	0.12
0.779976345	0	0.11
0.786383987	0.0839783028702939	0.11
0.794958533	0.0878310861671881	0.1
0.797194853	0.0855230544602453	0.1
0.799403767	0.0864825949753234	0.1
0.8034392	0.0893360941683193	0.09
0.828284953	0.0969444000922759	0.07
0.849686346	0.0972178990584941	0.05
0.856064956	0.0984597120350327	0.04
0.861362559	0.0899876099415032	0.03
0.861783488	0.0991194178292743	0.03
0.864973627	0.101531342773333	0.03
0.870144812	0.0969444000922759	0.03
0.875954975	0.0996657888671882	0.02
0.877564409	0.10365113855157	0.02
0.87832845	0.103340303105161	0.02
0.880342154	0.0969444000922759	0.02
0.882218863	0.10208610790412	0.01
0.88244613	0.107593523710805	0.01
0.883236842	0.106147316795552	0.01
0.883671839	0.105087920706501	0.01
0.884296127	0.10686552761208	0.01
0.885048106	0.104130167545881	0.01
0.885800269	0.102490556867154	0.01
0.887670141	0.107197965801758	0.01
0.888469193	0.10686552761208	0.01
0.888863234	0.104913407183512	0.01
0.889576687	0.102724191782968	0.01
0.889752182	0.102724191782968	0.01
0.890083013	0.101813677334945	0.01
0.890218543	0.101215582258464	0.01
0.890228158	0.101215582258464	0.01
0.890309475	0.100624473053081	0.01
0.890339212	0.100624473053081	0.01
0.890354074	0.101215582258464	0.01
0.890354075	0.101215582258464	0.01
0.890407894	0.101215582258464	0.01
0.890419078	0.101215582258464	0.01
0.890459913	0.101215582258464	0.01
0.890474761	0.101215582258464	0.01
0.890489605	0.101215582258464	0.01
0.890489606	0.101215582258464	0.01
0.890506418	0.101215582258464	0.01
0.890580647	0.101215582258464	0.01
0.890595481	0.101215582258464	0.01
0.89061031	0.101215582258464	0.01
0.890610311	0.101215582258464	0.01
0.890701414	0.100624473053081	0.01
0.890716233	0.100624473053081	0.01
0.890731049	0.100624473053081	0.01
0.890737499	0.100624473053081	0.01
0.890822213	0.100624473053081	0.01
0.890837018	0.100624473053081	0.01
0.890851819	0.100624473053081	0.01
0.890928251	0.100624473053081	0.01
0.890957836	0.100624473053081	0.01
0.890972622	0.100624473053081	0.01
0.890972623	0.100624473053081	0.01
0.891093459	0.100624473053081	0.01
0.89119957	0.100624473053081	0.01
0.891214328	0.100624473053081	0.01
0.89133523	0.100624473053081	0.01
0.891382479	0.100624473053081	0.01
0.891441435	0.100624473053081	0.01
0.891456164	0.100624473053081	0.01
0.89149835	0.100624473053081	0.01
0.891577132	0.100624473053081	0.01
0.891686849	0.100624473053081	0.01
0.891698132	0.100624473053081	0.01
0.891793338	0.100624473053081	0.01
0.891881522	0.100624473053081	0.01
0.892017347	0.100624473053081	0.01
0.89206133	0.100624473053081	0.01
0.89216782	0.0997506423402432	0.01
0.892182462	0.0997506423402432	0.01
0.892215798	0.0997506423402432	0.01
0.892245091	0.100331500015109	0.01
0.892307805	0.0997506423402432	0.01
0.892793389	0.100040228034869	0.01
0.892952212	0.102534191483133	0.01
0.893016766	0.102534191483133	0.01
0.89308003	0.102534191483133	0.01
0.893313967	0.102831895063276	0.01
0.893320622	0.102831895063276	0.01
0.893395592	0.102831895063276	0.01
0.894189143	0.101360417176642	0.01
0.89420355	0.101360417176642	0.01
0.89422449	0.100783550376225	0.01
0.894232534	0.100783550376225	0.01
0.894332391	0.101360417176642	0.01
0.894482721	0.101360417176642	0.01
0.894511483	0.101360417176642	0.01
0.894690708	0.101071160661825	0.01
0.894913415	0.101071160661825	0.01
0.895086463	0.101943925755703	0.01
0.89539422	0.100783550376225	0.01
0.895524497	0.103226254213645	0.01
0.89592425	0.103226254213645	0.01
0.896329745	0.102643670990132	0.01
0.896396617	0.102643670990132	0.01
0.897282137	0.105430111950333	0.01
0.897316929	0.105147643734465	0.01
0.89799116	0.0971940552939731	0.01
0.898455429	0.0950949768008798	0.01
0.898485328	0.0953007958196197	0.01
0.898662437	0.0940790743314236	0.01
0.898755243	0.0932818481220013	0.01
0.89889623	0.0934798852921646	0.01
0.898920463	0.0934798852921646	0.01
0.899325427	0.0915365658960051	0.01
0.899413875	0.0929550359607219	0.01
0.899974537	0.091629782364934	0.01
0.900113547	0.0920045545498662	0.01
0.900274359	0.0921930926314231	0.01
0.900307304	0.0921930926314231	0.01
0.900690942	0.0792884395085243	0.01
0.902162268	0.0672439834052151	0.01
0.902291602	0.0575808745778473	0.01
0.902860993	0.0578127205930797	0.01
0.903166806	0.0578127205930797	0.01
0.903685884	0.0580464411849571	0.01
0.903876527	0.0580464411849571	0.01
0.904039961	0.0575808745778473	0.01
0.904220945	0.0541673098568767	0.01
0.904513058	0.0557445540914933	0.01
0.905345526	0.0562122076882881	0.01
0.905424433	0.0564489893194348	0.01
0.905541598	0.0569285877705736	0.01
0.906197141	0.0569285877705736	0.01
0.906786831	0.0571714560851205	0.01
0.906922556	0.0571714560851205	0.01
0.907060652	0.0571714560851205	0.01
0.90712089	0.0571714560851205	0.01
0.907198748	0.0571714560851205	0.01
0.907199842	0.0571714560851205	0.01
0.907298438	0.0491960267068264	0.01
0.907324045	0.0496210709538715	0.01
0.907336843	0.0496210709538715	0.01
0.907336844	0.0496210709538715	0.01
0.907436592	0.0496210709538715	0.01
0.907449378	0.0496210709538715	0.01
0.90746216	0.0496210709538715	0.01
0.9075492	0.0496210709538715	0.01
0.907574745	0.0496210709538715	0.01
0.907587512	0.0496210709538715	0.01
0.907700146	0.0496210709538715	0.01
0.907712898	0.0496210709538715	0.01
0.907963773	0.0496210709538715	0.01
0.907963774	0.0496210709538715	0.01
0.908076559	0.0498363592526629	0.01
0.908089263	0.0498363592526629	0.01
0.908089264	0.0498363592526629	0.01
0.90817671	0.0498363592526629	0.01
0.908202099	0.0498363592526629	0.01
0.908566283	0.0504935806835762	0.01
0.908577365	0.0504935806835762	0.01
0.908578929	0.0504935806835762	0.01
0.908691978	0.0509414439057779	0.01
0.908816452	0.051168368099921	0.01
0.908830322	0.0504935806835762	0.01
0.908855181	0.0504935806835762	0.01
0.908943472	0.0513973230572529	0.01
0.909094444	0.0513973230572529	0.01
0.909183517	0.051168368099921	0.01
0.909195105	0.051168368099921	0.01
0.909207673	0.051168368099921	0.01
0.909270732	0.051168368099921	0.01
0.909308419	0.051168368099921	0.01
0.909346075	0.051628336160498	0.01
0.909409249	0.051628336160498	0.01
0.909434338	0.0518614352869062	0.01
0.909620416	0.0518614352869062	0.01
0.909642167	0.0518614352869062	0.01
0.909838426	0.051168368099921	0.01
0.909896599	0.051168368099921	0.01
0.909925885	0.051168368099921	0.01
0.910051995	0.051628336160498	0.01
0.910204731	0.0520966488194684	0.01
0.910267	0.0520966488194684	0.01
0.910628128	0.0525735352331614	0.01
0.911062134	0.0530592330261002	0.01
0.91113001	0.0530592330261002	0.01
0.911351929	0.0530592330261002	0.01
0.911383512	0.0528152675142568	0.01
0.911404622	0.0528152675142568	0.01
0.911518912	0.0528152675142568	0.01
0.911632099	0.0528152675142568	0.01
0.911747931	0.0528152675142568	0.01
0.912015459	0.0528152675142568	0.01
0.912630246	0.0538048427687096	0.01
0.912967277	0.0577590521077084	0.01
0.913006436	0.0577590521077084	0.01
0.913244462	0.0580283956076197	0.01
0.913630289	0.057227797192707	0.01
0.914018042	0.0585746896110824	0.01
0.914696902	0.067613412460382	0.01
0.915269563	0.067613412460382	0.01
0.916024822	0.0646141827228925	0.01
0.916688985	0.0649272343422677	0.01
0.917248255	0.0558501544368715	0.01
0.918238351	0.0615754201983688	0.02
0.918456927	0.0615754201983688	0.02
0.918816837	0.0627628845853475	0.02
0.919120121	0.063746348683426	0.02
0.919655338	0.0645044134442615	0.02
0.919822583	0.0645044134442615	0.02
0.920002472	0.0652807248422756	0.02
0.921364075	0.066345347592695	0.02
0.922455062	0.0677259735823004	0.02
0.922763582	0.0677259735823004	0.02
0.922787758	0.0677259735823004	0.02
0.923268187	0.0639970493996348	0.02
0.923473233	0.0639970493996348	0.02
0.924160807	0.065925372627728	0.02
0.924412009	0.0664978514834465	0.02
0.924507726	0.0664978514834465	0.02
0.925553967	0.0645726704478955	0.02
0.926193857	0.0645726704478955	0.02
0.927872541	0.0768404166730953	0.02
0.929379518	0.0584775386082559	0.03
0.93220206	0.0597661923298688	0.03
0.933174706	0.0570801380137235	0.03
0.934071327	0.0586091747113914	0.03
0.93534835	0.0597524761926109	0.03
0.938446291	0.0390244855792031	0.03
0.938770844	0.0414378658489417	0.03
0.941112169	0.0435946764880113	0.03
0.942896738	0.0392991438700894	0.03
0.947518522	0.0439954140903554	0.03
0.950306111	0.0405190690777192	0.04
0.954119877	0.0399552992581967	0.04
0.954191796	0.0399552992581967	0.04
0.955603107	0.0409816706245616	0.04
0.955985355	0.0409816706245616	0.04
0.956018846	0.0409816706245616	0.04
0.956296714	0.0416957235375814	0.04
0.956549025	0.0416957235375814	0.04
0.956766863	0.0424351005989651	0.04
0.956780018	0.0424351005989651	0.04
0.956793172	0.0424351005989651	0.04
0.957016096	0.0424351005989651	0.04
0.957077957	0.0424351005989651	0.04
0.957486775	0.0428147104499362	0.04
0.958321379	0.0432011733246809	0.04
0.959031973	0.0448194055762915	0.04
0.959642592	0.0452430851544424	0.04
0.959857154	0.0465635873424183	0.04
0.960039043	0.0470210524811634	0.04
0.960819071	0.0470210524811634	0.04
0.964446178	0.0399552992581967	0.05
0.964458654	0.0399552992581967	0.05
0.966290332	0.0416957235375814	0.05
0.966653906	0.0416957235375814	0.05
0.966980911	0.0424351005989651	0.05
0.966980912	0.0424351005989651	0.05
0.966986309	0.0424351005989651	0.05
0.967297223	0.0428147104499362	0.05
0.967302571	0.0428147104499362	0.05
0.967302572	0.0428147104499362	0.05
0.967460779	0.0428147104499362	0.05
0.967925221	0.0428147104499362	0.05
0.967935716	0.0428147104499362	0.05
0.968083686	0.0428147104499362	0.05
0.968237002	0.0428147104499362	0.05
0.968861479	0.0448194055762915	0.05
0.969666194	0.0461149377423065	0.05
0.970442597	0.0470210524811634	0.05
0.973457204	0.0469551507578206	0.06
0.974203145	0.0472865196844667	0.06
0.981915796	0.0512662414027208	0.06
0.985118954	0.0187847344903155	0.05
1.022530753	0.0483674153431119	0.07
1.027042278	0.0543136678128281	0.07
1.027349785	0.0558995716390532	0.07
1.029271857	0.0575808745778473	0.07
1.029659545	0.0479634895069293	0.08
1.030020301	0.0479634895069293	0.08
1.030392053	0.0483674153431119	0.08
1.030397618	0.0483674153431119	0.08
1.030958443	0.0483674153431119	0.08
1.031531241	0.0483674153431119	0.08
1.031720423	0.0483674153431119	0.08
1.032104884	0.0483674153431119	0.08
1.0327094	0.0483674153431119	0.08
1.033463082	0.0475662543246097	0.08
1.034014818	0.0475662543246097	0.08
1.035677928	0.0487782023053666	0.08
1.036124234	0.0496210709538715	0.08
1.038905957	0.054832208514385	0.08
1.039046839	0.0553607458261782	0.08
1.041709188	0.0460410020115486	0.09
1.043349328	0.0460410020115486	0.09
1.044012776	0.0446105275848403	0.09
1.049025044	0.0500535238116451	0.09
1.056246636	0.054832208514385	0.09
1.058571278	0.0500535238116451	0.1
1.068168044	0.0487782023053666	0.11
1.068277144	0.0487782023053666	0.11
1.06860264	0.0491960267068264	0.11
1.070020858	0.0518614352869062	0.11
1.076612069	0.054832208514385	0.11
1.088407982	0.0490160858220585	0.13
1.091073782	0.0520629163431363	0.13
1.113082372	0.0639970493996348	0.14
1.113233383	0.0639970493996348	0.14
1.11414031	0.0646141827228925	0.14
1.116382888	0.0652433341604758	0.14
1.127882011	0.0672065134232964	0.13
1.133642817	0.0672065134232964	0.12
1.133988353	0.0672065134232964	0.12
1.134317617	0.0672065134232964	0.12
1.136767134	0.0672065134232964	0.12
1.162829766	0.0610801513444549	0.14
1.187305519	0.0650849004507315	0.15
1.18762744	0.0650849004507315	0.15
1.192009701	0.0645363909383796	0.15
1.192075895	0.0645363909383796	0.15
1.208724051	0.0355087759324826	0.14
1.208769953	0.0355087759324826	0.14
1.209215802	0.0355087759324826	0.14
1.209751115	0.0355087759324826	0.14
1.209768181	0.0355087759324826	0.14
1.210085375	0.0379739570705975	0.13
1.210771389	0.0379739570705975	0.13
1.21086869	0.0379739570705975	0.13
1.212614931	0.0368767490410292	0.13
1.224141399	0.0368767490410292	0.12
1.22465873	0.0368767490410292	0.12
1.225416562	0.0368767490410292	0.12
1.226416878	0.0368767490410292	0.12
1.246668032	0.0399552992581967	0.12
1.252855937	0.0439954140903554	0.11
1.265568721	0.0444035874871686	0.1
1.268447511	0.0444035874871686	0.1
1.289511656	0.0513973230572529	0.09
1.293113698	0.0513973230572529	0.09
1.302603198	0.0575808745778473	0.08
1.303502827	0.0575808745778473	0.08
1.325958837	0.0652433341604758	0.11
1.33510162	0.0652433341604758	0.11
1.335485912	0.0672065134232964	0.11
1.335508208	0.0672065134232964	0.11
1.335711503	0.0672065134232964	0.11
1.335892556	0.0672065134232964	0.11
1.33625481	0.0672065134232964	0.11
1.33638917	0.0672065134232964	0.11
1.336413828	0.0672065134232964	0.11
1.336595099	0.0622144104679651	0.12
1.336665633	0.0622144104679651	0.12
1.336979907	0.0622144104679651	0.12
1.337887386	0.0622144104679651	0.12
1.338686534	0.0622144104679651	0.12
1.340005107	0.0622144104679651	0.12
1.342315002	0.0672065134232964	0.11
1.342368518	0.0672065134232964	0.11
1.343443085	0.0672065134232964	0.11
1.350085516	0.066539123519836	0.11
1.360533959	0.066539123519836	0.12
1.360981621	0.066539123519836	0.12
1.36116959	0.066539123519836	0.12
1.361338457	0.066539123519836	0.12
1.361545683	0.066539123519836	0.12
1.361952473	0.066539123519836	0.12
1.362110213	0.066539123519836	0.12
1.362279458	0.066539123519836	0.12
1.364721715	0.0652433341604758	0.12
1.368578346	0.0864825949753234	0.12
1.369707356	0.0864825949753234	0.12
1.370127164	0.0864825949753234	0.12
1.373967278	0.0808044221997515	0.13
1.377139612	0.0839542327924211	0.13
1.377544294	0.0839542327924211	0.13
1.384187356	0.0864825949753234	0.12
1.418305639	0.0831439807537165	0.12
1.430594094	0.0808044221997515	0.13
1.436494579	0.0847804323261917	0.13
1.440102642	0.0856230548557399	0.12
1.450462129	0.0864825949753234	0.12
1.454856842	0.0864825949753234	0.12
1.484117024	0.0823492188903497	0.15
1.485393153	0.0839542327924211	0.15
1.494140559	0.0815695072028556	0.16
1.502972103	0.0815695072028556	0.17
1.506038743	0.0815695072028556	0.18
1.511734415	0.0815695072028556	0.18
1.511964569	0.0815695072028556	0.18
1.512403577	0.0815695072028556	0.18
1.512821455	0.0815695072028556	0.18
1.513239565	0.0815695072028556	0.18
1.516740221	0.0815695072028556	0.19
1.519065464	0.0793165162611039	0.19
1.523536021	0.0793165162611039	0.19
1.558531046	0.157818033241018	0.23
1.55916507	0.155736157316192	0.23
1.561070241	0.191486282976748	0.22
1.595407686	0.185359529320782	0.19
1.595579044	0.185359529320782	0.19
1.611568792	0.178678157464526	0.18
1.652341299	0.180119090025195	0.14
1.707257935	0.229465899288664	0.08
1.718627381	0.223719775423098	0.07
1.730827961	0.20971563759517	0.06
1.77492366	0.241891615166106	0.01
1.777374698	0.244094593235444	0.01
1.778615293	0.237602836531935	0.01
1.77861633	0.237602836531935	0.01
1.780627841	0.221867822700172	0.01
1.780657572	0.221867822700172	0.01
1.780839524	0.220046279186026	0.01
1.780928629	0.220046279186026	0.01
1.78092863	0.220046279186026	0.01
1.781081012	0.220046279186026	0.01
1.781170032	0.220046279186026	0.01
1.781381862	0.220046279186026	0.01
1.781411498	0.220046279186026	0.01
1.781411499	0.220046279186026	0.01
1.781623424	0.220046279186026	0.01
1.781653031	0.220046279186026	0.01
1.7818108	0.220046279186026	0.01
1.781835463	0.220046279186026	0.01
1.781894629	0.220046279186026	0.01
1.782136292	0.216491472253218	0.01
1.782136293	0.216491472253218	0.01
1.782378022	0.216491472253218	0.01
1.782531315	0.216491472253218	0.01
1.782590324	0.216491472253218	0.01
1.782619816	0.216491472253218	0.01
1.783044725	0.216491472253218	0.01
1.783103602	0.216491472253218	0.01
1.783345594	0.216491472253218	0.01
1.783587651	0.216491472253218	0.01
1.783829774	0.216491472253218	0.01
1.784013316	0.216491472253218	0.01
1.78446873	0.216491472253218	0.01
1.784506241	0.216491472253218	0.01
1.785009515	0.216491472253218	0.01
1.785322292	0.224845861849755	0.01
1.785988286	0.224845861849755	0.01
1.787927091	0.203351076185752	0.01
1.788266632	0.203351076185752	0.01
1.788780487	0.20971563759517	0.01
1.788872102	0.20971563759517	0.01
1.78918715	0.20971563759517	0.01
1.789358594	0.20971563759517	0.01
1.789747139	0.208087437124158	0.01
1.790033715	0.208087437124158	0.01
1.790737455	0.200888953590612	0.01
1.79204453	0.213982470237957	0.02
1.794856772	0.172849673668551	0.02
1.795060195	0.169881001987602	0.02
1.795172249	0.164239418743939	0.02
1.796645824	0.156446275238268	0.02
1.796669094	0.156446275238268	0.02
1.796696941	0.156446275238268	0.02
1.799436111	0.155625783305914	0.02
1.808733518	0.145844461661375	0.03
1.809599251	0.145844461661375	0.03
1.812688451	0.072203521192157	0.03
1.813240824	0.0733094768752151	0.03
1.813716026	0.077462242863052	0.03
1.813793197	0.077462242863052	0.03
1.814069382	0.0787365844779451	0.03
1.814069384	0.0787365844779451	0.03
1.814345569	0.0787365844779451	0.03
1.814596154	0.0645363909383796	0.03
1.814621756	0.0645363909383796	0.03
1.814621757	0.0645363909383796	0.03
1.814846808	0.0645363909383796	0.03
1.814872379	0.0645363909383796	0.03
1.815123071	0.0650849004507315	0.03
1.815169565	0.0650849004507315	0.03
1.815288509	0.0650849004507315	0.03
1.815322808	0.0656428137026177	0.03
1.815373832	0.0656428137026177	0.03
1.815850116	0.0656428137026177	0.03
1.815875562	0.0656428137026177	0.03
1.816374833	0.0579126556984198	0.03
1.81637757	0.0579126556984198	0.03
1.816628678	0.0579126556984198	0.03
1.816879855	0.0579126556984198	0.03
1.817382419	0.0579126556984198	0.03
1.817399416	0.0579126556984198	0.03
1.818036082	0.0584175588440341	0.03
1.819410514	0.0622144104679651	0.03
1.819581019	0.0622144104679651	0.03
1.81989941	0.0627974854872601	0.03
1.820606159	0.0639970493996348	0.03
1.82134289	0.0646141827228925	0.03
1.822065256	0.0658848582272026	0.03
1.823267442	0.0658848582272026	0.03
1.823345161	0.0658848582272026	0.03
1.824759677	0.0658848582272026	0.03
1.824985083	0.066539123519836	0.03
1.828939845	0.0584175588440341	0.04
1.829051906	0.0584175588440341	0.04
1.830016016	0.0599865100829317	0.04
1.835137623	0.0461149377423065	0.04
1.837659261	0.0550574836669488	0.05
1.839735229	0.0589313432704899	0.05
1.860668056	0.0479634895069293	0.06
1.860714054	0.0479634895069293	0.06
1.876458705	0.0456748512941216	0.07
1.917919203	0.0432011733246809	0.11
1.919145255	0.0439954140903554	0.11
1.932723098	0.0432011733246809	0.12
1.93486401	0.0479634895069293	0.13
1.939501786	0.0483674153431119	0.13
1.945075766	0.0595202613447033	0.14
1.947078383	0.0595202613447033	0.14
1.956133657	0.0595202613447033	0.15
1.959079535	0.0604601211620513	0.15
1.961031557	0.0533054628596818	0.15
2.039242563	0.0856838835573666	0.23
2.045755957	0.111660119030195	0.23
2.04617014	0.114749094700736	0.23
2.049316864	0.104739472308925	0.23
2.058434493	0.103707855096927	0.24
2.058810915	0.103707855096927	0.24
2.060706206	0.078045236200376	0.25
2.067556414	0.120295539232454	0.25
2.077371996	0.118013840293153	0.26
2.077653506	0.120295539232454	0.26
2.07768814	0.120295539232454	0.26
2.079378601	0.103707855096927	0.26
2.080200147	0.078045236200376	0.27
2.117539144	0.116905144386195	0.3
2.119081815	0.100731433367089	0.3
2.122322709	0.0766039028702361	0.31
2.175983465	0.109691565648943	0.36
2.201956234	0.105791819420927	0.38
2.21647999	0.108733090524321	0.4
2.22342495	0.0766039028702361	0.41
2.225736601	0.102465735284154	0.41
2.22607531	0.105061034693058	0.41
2.226678687	0.107791220446712	0.41
2.226980498	0.109691565648943	0.41
2.244892022	0.125134272311456	0.42
2.268175967	0.190446258152939	0.41
2.273953022	0.200311496413459	0.4
2.279085054	0.197211219188019	0.4
2.287430653	0.198622296633653	0.39
2.401471639	0.255236216245338	0.28
2.416816988	0.244265716289782	0.26
2.57811595	0.248384808475436	0.15
2.634889835	0.257604793040127	0.09
2.644514931	0.257604793040127	0.08
2.65353762	0.26498183983352	0.07
2.664122924	0.26498183983352	0.06
2.669724846	0.252910798917508	0.06
2.67074212	0.252910798917508	0.06
2.671148642	0.252910798917508	0.06
2.671193019	0.252910798917508	0.06
2.671193179	0.252910798917508	0.06
2.671237545	0.252910798917508	0.06
2.671237705	0.252910798917508	0.06
2.671599486	0.252910798917508	0.06
2.671599646	0.252910798917508	0.06
2.671872794	0.271270539534622	0.05
2.671961685	0.271270539534622	0.05
2.672686057	0.26498183983352	0.05
2.67300408	0.26498183983352	0.05
2.673366554	0.26498183983352	0.05
2.673410821	0.26498183983352	0.05
2.674201502	0.26498183983352	0.05
2.674498542	0.26498183983352	0.05
2.674640938	0.26498183983352	0.05
2.674817434	0.26498183983352	0.05
2.67498819	0.26498183983352	0.05
2.675906626	0.26001774210845	0.05
2.678640892	0.252910798917508	0.05
2.679543675	0.252910798917508	0.05
2.68050645	0.252910798917508	0.05
2.690797174	0.250951048205508	0.04
2.690995907	0.250951048205508	0.04
2.703341222	0.255236216245338	0.04
2.720992773	0.235285254994293	0.05
2.721339166	0.246182021012659	0.06
2.721714851	0.246182021012659	0.06
2.721753239	0.246182021012659	0.06
2.72212898	0.246182021012659	0.06
2.722504826	0.246182021012659	0.06
2.725138453	0.237602836531935	0.06
2.725892101	0.237602836531935	0.06
2.728042156	0.237602836531935	0.06
2.728457177	0.237602836531935	0.06
2.733911556	0.244017960707049	0.07
2.734951629	0.237602836531935	0.07
2.741703646	0.241891615166106	0.08
2.744776734	0.235514976646475	0.08
2.758261585	0.235514976646475	0.09
2.767264537	0.233463489961699	0.1
2.784781798	0.221867822700172	0.12
2.814579483	0.221867822700172	0.15
2.857457722	0.220046279186026	0.19
2.870516676	0.221867822700172	0.2
2.874914635	0.220046279186026	0.21
2.885327778	0.218254401997375	0.22
2.893176138	0.226620262193472	0.23
2.901070252	0.216491472253218	0.23
3.017087015	0.213929274363304	0.35
3.091199805	0.209337641560315	0.42
3.116410384	0.226725511242955	0.45
3.116832706	0.226725511242955	0.45
3.194633906	0.198557718821682	0.52
3.557717034	0.19496864281711	0.880000000000001
3.560201153	0.200811767009916	0.880000000000001
3.561529658	0.243758232946602	0.890000000000001
3.561648443	0.212112980199228	0.890000000000001
3.562131134	0.237884018083285	0.890000000000001
3.565454716	0.205167144910138	0.890000000000001
3.566965252	0.207015943487795	0.890000000000001
3.568359469	0.207015943487795	0.890000000000001
3.571210711	0.191258543424677	0.890000000000001
3.571812505	0.191258543424677	0.890000000000001
3.572497766	0.191258543424677	0.890000000000001
3.575584373	0.177978742017988	0.880000000000001
3.579984214	0.177978742017988	0.880000000000001
3.62939674	0.165056817030033	0.910000000000001
3.6300627	0.165056817030033	0.910000000000001
3.631023885	0.169676498633654	0.910000000000001
3.631169027	0.169676498633654	0.910000000000001
3.631970124	0.160682022699211	0.920000000000001
3.633483005	0.160682022699211	0.920000000000001
3.707141358	0.160682022699211	0.990000000000001
3.82876748	0.157892092763836	1.11
4.452121847	0.202838089690956	1.73
4.45272527	0.189903401481826	1.74
4.453328856	0.189903401481826	1.74
4.453932605	0.189903401481826	1.74
4.464002998	0.189903401481826	1.75
4.475601202	0.205370934630893	1.76
4.480518943	0.205370934630893	1.76
4.492707945	0.222347978435357	1.77
4.537596069	0.202158120267593	1.82
4.550359745	0.200589116368988	1.83
4.895921957	0.222347978435357	2.17
5.343129076	0.253540790891707	2.45999999999999
5.343307119	0.253540790891707	2.45999999999999
5.346842194	0.253540790891707	2.46999999999999
5.443653327	0.259796516776946	2.54999999999999
6.232084175	0.286749252737296	2.67999999999999
6.2338777	0.286749252737296	2.67999999999999
6.234722781	0.286749252737296	2.67999999999999
6.244676548	0.286749252737296	2.68999999999999
6.35095118	0.270693748571616	2.78999999999998
6.358499262	0.290898930325954	2.79999999999998
7	0.250951048205508	3.42999999999997
