thrs	post_p	finalwindow
0	0.1301173617073	0.23
0.03256001	0.128016246420868	0.2
0.070216248	0.115015479616267	0.18
0.082355146	0.105805369982679	0.18
0.098963073	0.103054597804896	0.18
0.103967892	0.103054597804896	0.19
0.113424721	0.0984475336651527	0.19
0.129730945	0.093899913492542	0.17
0.130460633	0.093899913492542	0.17
0.14705261	0.0785488486966572	0.15
0.155752372	0.0949116720127933	0.15
0.172569069	0.0877815395983984	0.13
0.178062567	0.0848544303532884	0.12
0.178140913	0.0848544303532884	0.12
0.181430774	0.0922607473907383	0.12
0.181824923	0.0922607473907383	0.12
0.186084933	0.0935674371673983	0.12
0.191788381	0.093073113918298	0.11
0.194681585	0.0991865575126968	0.11
0.222049977	0.0934471196785069	0.08
0.222622275	0.0884027361576443	0.08
0.222656148	0.0884027361576443	0.08
0.222686318	0.0884027361576443	0.08
0.222716495	0.0884027361576443	0.08
0.222812147	0.0950692655707024	0.08
0.223196808	0.100808152855637	0.08
0.226694446	0.0946203801703379	0.08
0.226867021	0.0946203801703379	0.08
0.226923294	0.0946203801703379	0.08
0.226929675	0.0946203801703379	0.08
0.226957829	0.0946203801703379	0.08
0.227081991	0.0953519881942473	0.08
0.227177477	0.0953519881942473	0.08
0.230426372	0.093899913492542	0.08
0.241897099	0.0815799762381048	0.07
0.242615688	0.0511706832281435	0.06
0.242941212	0.0670833441202375	0.06
0.243116147	0.0664507622538849	0.06
0.254481698	0.0677280855393241	0.05
0.256259656	0.0646226287446215	0.05
0.256650521	0.0646226287446215	0.05
0.259750174	0.0634587487911428	0.05
0.263775407	0.0634587487911428	0.05
0.295749179	0.0497263420698268	0.06
0.296044019	0.0497263420698268	0.06
0.296834617	0.0443070394742586	0.06
0.296839561	0.0443070394742586	0.06
0.296839653	0.0443070394742586	0.06
0.296874128	0.0443070394742586	0.06
0.296879772	0.0443070394742586	0.06
0.29691506	0.0443070394742586	0.06
0.296919994	0.0443070394742586	0.06
0.296960227	0.0443070394742586	0.06
0.297161557	0.0443070394742586	0.06
0.29723727	0.0443070394742586	0.06
0.298062423	0.0443070394742586	0.06
0.298432807	0.0443070394742586	0.06
0.29855614	0.0443070394742586	0.06
0.298682719	0.0443070394742586	0.06
0.299120783	0.0443070394742586	0.06
0.300638986	0.0443070394742586	0.06
0.301159527	0.0432200628988402	0.06
0.301373268	0.0432200628988402	0.06
0.30240618	0.0532322471758195	0.05
0.302443572	0.0532322471758195	0.05
0.302452098	0.0532322471758195	0.05
0.302453753	0.0532322471758195	0.05
0.302493847	0.0532322471758195	0.05
0.302535608	0.0532322471758195	0.05
0.302757814	0.0532322471758195	0.05
0.302844832	0.0532322471758195	0.05
0.303062807	0.0532322471758195	0.05
0.303998368	0.0532322471758195	0.05
0.304168238	0.0532322471758195	0.05
0.305094409	0.0450625832210563	0.06
0.306047128	0.0450625832210563	0.06
0.307314933	0.048807908996208	0.05
0.308759935	0.048807908996208	0.05
0.320290117	0.0506800028962855	0.04
0.322066605	0.0492628451974915	0.04
0.322777267	0.0492628451974915	0.04
0.323165924	0.048807908996208	0.04
0.323537089	0.0483612984659989	0.04
0.324596864	0.0483612984659989	0.04
0.327195424	0.0474921566527287	0.04
0.328591896	0.0474921566527287	0.04
0.333944256	0.0470691964751566	0.04
0.334029253	0.0470691964751566	0.04
0.338071632	0.0517432253760281	0.05
0.340262381	0.0504725802567049	0.05
0.343706753	0.0504725802567049	0.05
0.350684009	0.0496595949623922	0.06
0.351815198	0.0496595949623922	0.06
0.356206548	0.0496595949623922	0.06
0.356437896	0.0492628451974915	0.06
0.356490553	0.0492628451974915	0.06
0.360733393	0.0470093878053375	0.07
0.362945858	0.0470093878053375	0.07
0.363236679	0.0470093878053375	0.07
0.366130409	0.0477372786599723	0.07
0.37384574	0.087113751595372	0.08
0.381649088	0.0828589564865974	0.07
0.386863037	0.0771378558220897	0.06
0.386909127	0.0932784457881456	0.06
0.387745392	0.0914624392537191	0.06
0.389222512	0.0897157928060808	0.06
0.389299853	0.0897157928060808	0.06
0.395214438	0.0875375263135059	0.06
0.398731854	0.0958150163139565	0.05
0.412388288	0.110027143606346	0.04
0.416416237	0.0955983781735823	0.03
0.418471182	0.11272589051121	0.03
0.419019267	0.11272589051121	0.03
0.428769674	0.117748746983479	0.02
0.438307149	0.124400408580184	0.01
0.440249622	0.124400408580184	0.01
0.440316292	0.124400408580184	0.01
0.441750067	0.122101230356274	0.01
0.444236336	0.104123165245733	0.01
0.444499874	0.099777881571794	0.01
0.445049535	0.0974539038299427	0.01
0.445117302	0.106618484492648	0.01
0.445156208	0.106618484492648	0.01
0.445185068	0.106618484492648	0.01
0.445245414	0.106618484492648	0.01
0.445252832	0.106618484492648	0.01
0.445252833	0.106618484492648	0.01
0.445252835	0.106618484492648	0.01
0.445305777	0.106618484492648	0.01
0.44531318	0.106618484492648	0.01
0.445313188	0.106618484492648	0.01
0.44531319	0.106618484492648	0.01
0.445373562	0.106618484492648	0.01
0.445419149	0.106618484492648	0.01
0.445479567	0.105403445908832	0.01
0.445494353	0.105403445908832	0.01
0.445554774	0.104806252834736	0.01
0.445615211	0.104806252834736	0.01
0.445653547	0.104806252834736	0.01
0.445675664	0.104215788768524	0.01
0.445736134	0.113019349540906	0.01
0.445849774	0.11239236930923	0.01
0.446038729	0.11239236930923	0.01
0.446188208	0.111159049057186	0.01
0.446341735	0.111159049057186	0.01
0.446351359	0.111159049057186	0.01
0.446394864	0.111159049057186	0.01
0.446633323	0.111159049057186	0.01
0.446772341	0.111159049057186	0.01
0.446888185	0.110552483780565	0.01
0.447542535	0.110552483780565	0.01
0.447649603	0.109358998023895	0.01
0.447876705	0.109358998023895	0.01
0.447928306	0.108771866604143	0.01
0.449051315	0.109358998023895	0.01
0.451750007	0.110552483780565	0.01
0.453102774	0.101360532031546	0.01
0.453117722	0.101360532031546	0.01
0.453312195	0.100808152855637	0.01
0.453607731	0.100808152855637	0.01
0.453670383	0.100808152855637	0.01
0.45367678	0.100808152855637	0.01
0.453789353	0.100808152855637	0.01
0.453802119	0.100808152855637	0.01
0.453864814	0.100808152855637	0.01
0.453927527	0.100808152855637	0.01
0.453952078	0.100808152855637	0.01
0.453977538	0.100808152855637	0.01
0.453990257	0.100808152855637	0.01
0.454053004	0.100808152855637	0.01
0.454131662	0.100808152855637	0.01
0.454159539	0.100808152855637	0.01
0.454172215	0.100808152855637	0.01
0.454228692	0.100808152855637	0.01
0.454266222	0.101360532031546	0.01
0.454291524	0.101360532031546	0.01
0.454297847	0.101360532031546	0.01
0.454543029	0.103054597804896	0.01
0.454637485	0.103054597804896	0.01
0.455078808	0.100808152855637	0.01
0.455439212	0.0968496782606147	0.01
0.455550168	0.100808152855637	0.01
0.455665947	0.104215788768524	0.01
0.455678249	0.105104001077034	0.01
0.455804735	0.109782273322211	0.01
0.456159276	0.105588569221281	0.01
0.456880284	0.0962313365506509	0.01
0.45760535	0.100167341070682	0.02
0.457901934	0.100167341070682	0.02
0.458664131	0.100665042680664	0.02
0.459124851	0.100167341070682	0.02
0.460382332	0.100665042680664	0.02
0.462114195	0.0927232116701945	0.02
0.46331093	0.0927232116701945	0.02
0.464728436	0.0922607473907383	0.02
0.46499053	0.0922607473907383	0.02
0.472596627	0.0628923899681402	0.02
0.473676694	0.0511706832281435	0.02
0.474072423	0.0862390137099081	0.03
0.478409458	0.0602057578788084	0.03
0.478888149	0.0602057578788084	0.03
0.479732593	0.0596957422889691	0.03
0.479936634	0.0596957422889691	0.03
0.483511101	0.0470691964751566	0.03
0.483671852	0.048807908996208	0.03
0.483988273	0.0795623904890524	0.04
0.484458594	0.07990607533469	0.04
0.485999254	0.0736643222410007	0.04
0.48628356	0.0697388771850662	0.04
0.486776039	0.0669674349635047	0.04
0.489107131	0.0525703861865254	0.04
0.489424331	0.0521811111472921	0.04
0.499369323	0.0532322471758195	0.05
0.508934563	0.0501986435413233	0.06
0.511690912	0.0505185273131119	0.06
0.514645345	0.0761814837893963	0.07
0.51473946	0.0761814837893963	0.07
0.514742139	0.0761814837893963	0.07
0.514839037	0.0761814837893963	0.07
0.51502476	0.0761814837893963	0.07
0.515124567	0.0770906467712766	0.07
0.516063638	0.0691522843430162	0.07
0.51682809	0.0619705944810545	0.07
0.518492841	0.0492628451974915	0.07
0.518564452	0.0492628451974915	0.07
0.520735072	0.0495708770577197	0.07
0.529143364	0.0307661760013823	0.07
0.534308248	0.0302381075932191	0.07
0.534380672	0.0299808133429242	0.07
0.534453117	0.0299808133429242	0.07
0.536755919	0.0354032002065099	0.06
0.539174229	0.0533666243007265	0.07
0.543234343	0.0350510117300069	0.06
0.544416783	0.0559069466176063	0.07
0.546060858	0.0634587487911428	0.06
0.55657045	0.068385340511694	0.05
0.55802857	0.0677280855393241	0.05
0.559788571	0.0677280855393241	0.05
0.562444529	0.068385340511694	0.05
0.568776608	0.0664507622538849	0.06
0.57444178	0.0670833441202375	0.06
0.579525048	0.0582162559817361	0.07
0.591819223	0.0677280855393241	0.06
0.593573546	0.0677280855393241	0.06
0.593673806	0.0677280855393241	0.06
0.593673808	0.0677280855393241	0.06
0.593754277	0.0677280855393241	0.06
0.593754278	0.0677280855393241	0.06
0.59375428	0.0677280855393241	0.06
0.593824895	0.0677280855393241	0.06
0.593834769	0.0677280855393241	0.06
0.593915284	0.0677280855393241	0.06
0.595015574	0.0615581420000179	0.06
0.595196772	0.0615581420000179	0.06
0.595887104	0.0615581420000179	0.06
0.596219211	0.0615581420000179	0.06
0.596894832	0.0621789003271606	0.06
0.602148457	0.0621789003271606	0.06
0.602674298	0.0621789003271606	0.06
0.604317115	0.0549723898696395	0.07
0.604813246	0.0564830902408593	0.07
0.604905308	0.0564830902408593	0.07
0.60490531	0.0564830902408593	0.07
0.604905312	0.0564830902408593	0.07
0.605716504	0.0564830902408593	0.07
0.605724938	0.0564830902408593	0.07
0.606824709	0.0570052790244036	0.07
0.608524688	0.0621789003271606	0.06
0.630942519	0.0621789003271606	0.06
0.636422142	0.0586314298730366	0.06
0.637031954	0.0586314298730366	0.06
0.637881775	0.0586314298730366	0.06
0.644129804	0.059768071983385	0.06
0.64559646	0.059768071983385	0.06
0.646569798	0.059768071983385	0.06
0.648110758	0.059768071983385	0.06
0.648827538	0.059768071983385	0.06
0.65703705	0.0488723847602197	0.07
0.659386285	0.0488723847602197	0.07
0.667472678	0.0473705372234863	0.08
0.667879261	0.0473705372234863	0.08
0.667879263	0.0473705372234863	0.08
0.678915807	0.0354032002065099	0.08
0.680410924	0.0354032002065099	0.08
0.68060848	0.0354032002065099	0.08
0.680702493	0.0354032002065099	0.08
0.692614054	0.0384977689324636	0.09
0.696262833	0.03540320020651	0.1
0.712354258	0.00881912835833346	0.09
0.7123899	0.00881912835833346	0.09
0.712401774	0.00881912835833346	0.09
0.713541741	0.00873170713521026	0.09
0.71365913	0.00873170713521026	0.09
0.714295462	0.00873170713521026	0.09
0.715653707	0.00873170713521026	0.09
0.719314887	0.00873170713521026	0.09
0.725609694	0.00864600205820682	0.1
0.725869057	0.00864600205820682	0.1
0.725979546	0.00864600205820682	0.1
0.726772429	0.00864600205820682	0.1
0.744518666	0.00856196308460137	0.11
0.7500464	0.00801652013463815	0.12
0.75180067	0.00873170713521026	0.11
0.756100951	0.00794422163352943	0.12
0.763284143	0.00780346754142461	0.12
0.763387603	0.00780346754142461	0.12
0.763491091	0.00780346754142461	0.12
0.765321243	0.00780346754142461	0.12
0.766651587	0.00801652013463815	0.12
0.7676628	0.00801652013463815	0.12
0.772093843	0.0695016991634179	0.12
0.778829055	0.00856196308460137	0.11
0.779184816	0.00847954209859964	0.11
0.779976345	0.00801652013463815	0.11
0.786383987	0.0811567648035188	0.11
0.794958533	0.0863151444159828	0.1
0.797194853	0.0832292480429429	0.1
0.799403767	0.0819461286572621	0.1
0.8034392	0.0901344841557624	0.09
0.817085993	0.0886632686422137	0.08
0.828284953	0.092091526553723	0.07
0.861362559	0.0721179012925654	0.03
0.861783488	0.0897974523492574	0.03
0.867661243	0.0982891903781311	0.03
0.870144812	0.0940353752758046	0.03
0.874413626	0.103390596791935	0.02
0.875213305	0.100443232710369	0.02
0.877564409	0.0982891903781311	0.02
0.87832845	0.0979936654703416	0.02
0.88244613	0.0900915268276363	0.01
0.883236842	0.102583947166787	0.01
0.883671839	0.107236569453527	0.01
0.885800269	0.101406837004135	0.01
0.887670141	0.102299836843539	0.01
0.889014569	0.099793961172856	0.01
0.889209764	0.099793961172856	0.01
0.889576687	0.0985865031392129	0.01
0.889752182	0.0985865031392129	0.01
0.889857915	0.0985865031392129	0.01
0.890068113	0.0979936654703416	0.01
0.890083013	0.0979936654703416	0.01
0.890218543	0.0979936654703416	0.01
0.890218544	0.0979936654703416	0.01
0.890309475	0.0976999123376364	0.01
0.890339212	0.0976999123376364	0.01
0.890354074	0.0976999123376364	0.01
0.890354075	0.0976999123376364	0.01
0.890407894	0.0976999123376364	0.01
0.890419078	0.0976999123376364	0.01
0.890474761	0.0976999123376364	0.01
0.890489605	0.0976999123376364	0.01
0.890489606	0.0976999123376364	0.01
0.890506418	0.0976999123376364	0.01
0.890580647	0.0976999123376364	0.01
0.890595481	0.0976999123376364	0.01
0.89061031	0.0976999123376364	0.01
0.890610311	0.0976999123376364	0.01
0.89068659	0.0976999123376364	0.01
0.890701414	0.0976999123376364	0.01
0.890716233	0.0976999123376364	0.01
0.890731048	0.0976999123376364	0.01
0.890731049	0.0976999123376364	0.01
0.890822213	0.0976999123376364	0.01
0.890851819	0.0976999123376364	0.01
0.890957836	0.0976999123376364	0.01
0.890972622	0.0976999123376364	0.01
0.890972623	0.0976999123376364	0.01
0.891093459	0.0976999123376364	0.01
0.89119957	0.0976999123376364	0.01
0.891214328	0.0976999123376364	0.01
0.891244043	0.0976999123376364	0.01
0.891320486	0.0976999123376364	0.01
0.89133523	0.0976999123376364	0.01
0.891382479	0.0976999123376364	0.01
0.891441435	0.0976999123376364	0.01
0.891456164	0.0976999123376364	0.01
0.89149835	0.0976999123376364	0.01
0.891521465	0.0974079150940207	0.01
0.891562417	0.0974079150940207	0.01
0.891577132	0.0974079150940207	0.01
0.891686849	0.0974079150940207	0.01
0.891698132	0.0974079150940207	0.01
0.891881522	0.0974079150940207	0.01
0.892012117	0.0974079150940207	0.01
0.89216782	0.0974079150940207	0.01
0.892182462	0.0974079150940207	0.01
0.892215798	0.0974079150940207	0.01
0.89229733	0.0968291256740092	0.01
0.892307805	0.0968291256740092	0.01
0.892546055	0.0971176580428482	0.01
0.892568748	0.0971176580428482	0.01
0.892924751	0.0994813408320988	0.01
0.892951888	0.0994813408320988	0.01
0.893016766	0.0994813408320988	0.01
0.893172464	0.0994813408320988	0.01
0.893313967	0.099777881571794	0.01
0.893352088	0.099777881571794	0.01
0.893395592	0.099777881571794	0.01
0.894085351	0.09889351603697	0.01
0.894189143	0.09889351603697	0.01
0.894232534	0.0986022010118396	0.01
0.894332391	0.0986022010118396	0.01
0.894482721	0.0986022010118396	0.01
0.894690708	0.0980246896426216	0.01
0.894906463	0.0980246896426216	0.01
0.894913415	0.0980246896426216	0.01
0.894970751	0.0980246896426216	0.01
0.895086463	0.0980246896426216	0.01
0.895300675	0.0980246896426216	0.01
0.89539422	0.0977384634060484	0.01
0.895524497	0.100053184954725	0.01
0.895840307	0.100345435943338	0.01
0.896396617	0.0989010082891634	0.01
0.89685771	0.0986170984872073	0.01
0.896928207	0.0974975743287498	0.01
0.89693811	0.0974975743287498	0.01
0.897131294	0.098908126980337	0.01
0.897282137	0.101038647048464	0.01
0.897316929	0.100236492158795	0.01
0.89799116	0.0949116720127933	0.01
0.898455429	0.0921320829167565	0.01
0.898485328	0.0921320829167565	0.01
0.898662437	0.0915575060345198	0.01
0.898755243	0.0915575060345198	0.01
0.898920463	0.0913675696892656	0.01
0.899310528	0.0911784197597264	0.01
0.899325427	0.0911784197597264	0.01
0.899974537	0.0902442971544014	0.01
0.900031532	0.090059764756689	0.01
0.900274359	0.0908024596918138	0.01
0.90151373	0.0775466682376485	0.01
0.902291602	0.0780217720712774	0.01
0.902860993	0.0747403905095308	0.01
0.903685884	0.0534475767166789	0.01
0.903876527	0.0532322471758195	0.01
0.904039961	0.0530186457117417	0.01
0.904220945	0.0536646553902013	0.01
0.904508173	0.0543266019599948	0.01
0.904513058	0.0543266019599948	0.01
0.905345526	0.0564141870183322	0.01
0.905424433	0.0566560869271263	0.01
0.905541598	0.056900070267765	0.01
0.906197141	0.0559365316545617	0.01
0.906210372	0.0557007243941988	0.01
0.906508268	0.0559365316545617	0.01
0.906922556	0.0552350244515411	0.01
0.906983581	0.0557007243941988	0.01
0.907060652	0.0557007243941988	0.01
0.90712089	0.0557007243941988	0.01
0.907185931	0.0559365316545617	0.01
0.907198748	0.0559365316545617	0.01
0.907199842	0.0559365316545617	0.01
0.907298438	0.0524028451045228	0.01
0.907311244	0.0524028451045228	0.01
0.907324045	0.0530794995814737	0.01
0.907336843	0.0530794995814737	0.01
0.907336844	0.0530794995814737	0.01
0.907449378	0.0530794995814737	0.01
0.90746216	0.0530794995814737	0.01
0.907574745	0.0530794995814737	0.01
0.907587512	0.0530794995814737	0.01
0.907674633	0.0530794995814737	0.01
0.907700146	0.0530794995814737	0.01
0.907712898	0.0530794995814737	0.01
0.907951053	0.0530794995814737	0.01
0.907963774	0.0530794995814737	0.01
0.908089263	0.0533089511208927	0.01
0.908089264	0.0533089511208927	0.01
0.908151307	0.0533089511208927	0.01
0.90817671	0.0533089511208927	0.01
0.908189407	0.0533089511208927	0.01
0.908214789	0.0533089511208927	0.01
0.908289632	0.0533089511208927	0.01
0.908566283	0.054246943743189	0.01
0.908577365	0.054246943743189	0.01
0.908578929	0.054246943743189	0.01
0.908816452	0.0549723898696395	0.01
0.909094444	0.0552185362912727	0.01
0.909183517	0.0549723898696395	0.01
0.909270732	0.0549723898696395	0.01
0.909346075	0.0559703814895865	0.01
0.90938549	0.0559703814895865	0.01
0.909620416	0.0559703814895865	0.01
0.909838426	0.0557175018165852	0.01
0.909896599	0.0557175018165852	0.01
0.909914657	0.0557175018165852	0.01
0.910014581	0.0552185362912727	0.01
0.910051995	0.0554668969361767	0.01
0.910267	0.0554668969361767	0.01
0.91113001	0.0557175018165852	0.01
0.911351929	0.0557175018165852	0.01
0.911383512	0.0552185362912727	0.01
0.911404622	0.0552185362912727	0.01
0.911632099	0.0554668969361767	0.01
0.911776598	0.0554668969361767	0.01
0.912015459	0.0554668969361767	0.01
0.912630246	0.0552185362912727	0.01
0.912707801	0.0552185362912727	0.01
0.912776305	0.0549723898696395	0.01
0.912811242	0.0586686209813494	0.01
0.912967277	0.0549723898696395	0.01
0.913006436	0.0549723898696395	0.01
0.913139907	0.0549723898696395	0.01
0.913630289	0.054728428191808	0.01
0.913751419	0.0552185362912727	0.01
0.914018042	0.0554668969361767	0.01
0.914870556	0.0554668969361767	0.01
0.914983658	0.0554668969361767	0.01
0.915559183	0.0519444097399755	0.01
0.916024822	0.0519444097399755	0.01
0.916163647	0.0519444097399755	0.01
0.916208994	0.0521811111472921	0.01
0.916688985	0.0531498893994699	0.01
0.916912552	0.0531498893994699	0.01
0.919120121	0.0561296002549586	0.02
0.919822583	0.057038236595484	0.02
0.920002472	0.0572700109754824	0.02
0.921364075	0.0577392569154669	0.02
0.922504312	0.0584577232337266	0.02
0.922763582	0.0584577232337266	0.02
0.922787758	0.0584577232337266	0.02
0.923473233	0.0547770471452859	0.02
0.924412009	0.0557007243941988	0.02
0.924507726	0.0557007243941988	0.02
0.924627878	0.0561743439684581	0.02
0.925553967	0.0530794995814737	0.02
0.926193857	0.0530794995814737	0.02
0.927872541	0.0402571954431504	0.02
0.929379518	0.0514196037767156	0.03
0.933174706	0.0485389582784216	0.03
0.934071327	0.0492628451974915	0.03
0.934700606	0.0498200900286187	0.03
0.93534835	0.0500086504053646	0.03
0.938446291	0.0180205934419884	0.03
0.942896738	0.0150882003355411	0.03
0.944027825	0.0157632167793067	0.03
0.949342587	0.0171437789681694	0.03
0.950306111	0.0294791408476887	0.04
0.951999424	0.0252534510229692	0.04
0.953473419	0.0278481863625107	0.04
0.954119877	0.0292345482709229	0.04
0.954191796	0.0292345482709229	0.04
0.955603107	0.0299808133429242	0.04
0.955985355	0.0299808133429242	0.04
0.956018846	0.0299808133429242	0.04
0.956296714	0.0315937914417527	0.04
0.956780018	0.0321707234476889	0.04
0.95679317	0.0321707234476889	0.04
0.957016096	0.0327691180095077	0.04
0.957077957	0.0327691180095077	0.04
0.957486775	0.0327691180095077	0.04
0.958321379	0.0327691180095077	0.04
0.959031973	0.0327691180095077	0.04
0.959857154	0.033390195475265	0.04
0.960039043	0.0343672459726677	0.04
0.960819071	0.0343672459726677	0.04
0.960911853	0.0343672459726677	0.04
0.966290332	0.0315937914417527	0.05
0.966653906	0.0315937914417527	0.05
0.966980911	0.0327691180095077	0.05
0.966980912	0.0327691180095077	0.05
0.966986309	0.0327691180095077	0.05
0.967139043	0.0327691180095077	0.05
0.967144414	0.0327691180095077	0.05
0.967297226	0.0327691180095077	0.05
0.967302571	0.0327691180095077	0.05
0.967302572	0.0327691180095077	0.05
0.967460779	0.0327691180095077	0.05
0.967619041	0.0327691180095077	0.05
0.967772081	0.0327691180095077	0.05
0.967925221	0.0327691180095077	0.05
0.967935716	0.0327691180095077	0.05
0.968083686	0.0327691180095077	0.05
0.968088909	0.0327691180095077	0.05
0.968237002	0.0327691180095077	0.05
0.968861479	0.0327691180095077	0.05
0.969666194	0.0330767415275953	0.05
0.970292984	0.0337096471957204	0.05
0.973457204	0.0265206527249426	0.05
0.973766743	0.0366300483816926	0.06
0.974203145	0.0363779232153048	0.06
0.978183481	0.0390669040138302	0.06
0.981915796	0.0410068337988864	0.05
0.985118954	0.0324671637458002	0.05
0.9860103	0.0324671637458002	0.05
1.019804062	0.0365793441500321	0.07
1.021711423	0.0368856927561234	0.07
1.022530753	0.0371972159813519	0.07
1.027349785	0.0421851424391095	0.07
1.028094642	0.0430090363190243	0.07
1.029078227	0.0359816634975259	0.08
1.029637844	0.0362780422939991	0.08
1.029659545	0.0362780422939991	0.08
1.030020301	0.0362780422939991	0.08
1.030392053	0.0368856927561234	0.08
1.030397618	0.0368856927561234	0.08
1.030958443	0.0368856927561234	0.08
1.031531241	0.0368856927561234	0.08
1.033463082	0.0365793441500321	0.08
1.034014818	0.0368856927561234	0.08
1.034854243	0.0365793441500321	0.08
1.035677928	0.0443070394742586	0.08
1.043349328	0.0521811111472921	0.08
1.044012776	0.0521811111472921	0.08
1.048661279	0.0446816176094716	0.09
1.054783865	0.0474921566527287	0.09
1.056246636	0.0474921566527287	0.09
1.057424783	0.0428694930622957	0.1
1.058571278	0.0446816176094716	0.1
1.06860264	0.043938689507095	0.11
1.068892568	0.043938689507095	0.11
1.070326964	0.0458443417438928	0.11
1.076612069	0.0470691964751566	0.11
1.088407982	0.0762814415314246	0.12
1.091073782	0.0727799722078209	0.12
1.113233383	0.0801368528980493	0.13
1.11414031	0.0801368528980493	0.13
1.115076799	0.0801368528980493	0.13
1.116382888	0.0714677673517781	0.14
1.127882011	0.0615581420000179	0.12
1.13205703	0.0609496557427868	0.12
1.133642817	0.0591942950129968	0.12
1.133988353	0.0591942950129968	0.12
1.134317617	0.0591942950129968	0.12
1.136767134	0.0591942950129968	0.12
1.137302108	0.0591942950129968	0.12
1.162829766	0.0586314298730366	0.14
1.187305519	0.0395344730424937	0.15
1.18762744	0.0384977689324636	0.15
1.192009701	0.0378363197353558	0.15
1.192075895	0.0378363197353558	0.15
1.203309389	0.040628557017023	0.14
1.208724051	0.0350510117300069	0.13
1.208769953	0.0350510117300069	0.13
1.209751115	0.0350510117300069	0.13
1.209768181	0.0350510117300069	0.13
1.209825949	0.0350510117300069	0.13
1.210085375	0.0347057613250814	0.13
1.210771389	0.0347057613250814	0.13
1.21086869	0.0347057613250814	0.13
1.212614931	0.0343672459726677	0.13
1.22465873	0.0340352704980706	0.12
1.246668032	0.0470691964751566	0.12
1.248955951	0.0462454816345326	0.12
1.252855937	0.0470691964751566	0.12
1.270060331	0.0511706832281435	0.1
1.278899002	0.0501986435413233	0.1
1.285172518	0.0875375263135059	0.1
1.293113698	0.093899913492542	0.11
1.303502827	0.0922607473907383	0.12
1.325958837	0.0755544514380059	0.12
1.33510162	0.0695858440752754	0.13
1.335508208	0.0695858440752754	0.13
1.335711503	0.0695858440752754	0.13
1.335892556	0.0695858440752754	0.13
1.336595099	0.0695858440752754	0.13
1.336665633	0.0695858440752754	0.13
1.337117106	0.0695858440752754	0.13
1.337161305	0.0695858440752754	0.13
1.337529375	0.0695858440752754	0.13
1.337887386	0.0793349050362724	0.12
1.340005107	0.0793349050362724	0.12
1.342368518	0.0793349050362724	0.12
1.343443085	0.0793349050362724	0.12
1.360533959	0.0801368528980493	0.12
1.360981621	0.0801368528980493	0.12
1.36116959	0.0801368528980493	0.12
1.361338457	0.0801368528980493	0.12
1.36135761	0.0801368528980493	0.12
1.361545683	0.0801368528980493	0.12
1.361952473	0.0801368528980493	0.12
1.364721715	0.0755544514380059	0.12
1.365659238	0.0755544514380059	0.12
1.368077892	0.0770225578449885	0.12
1.368578346	0.0762814415314246	0.12
1.373967278	0.0793349050362724	0.12
1.377274175	0.0801368528980493	0.11
1.379222918	0.0793349050362724	0.11
1.384187356	0.0793349050362724	0.12
1.38563755	0.0793349050362724	0.12
1.385801753	0.0793349050362724	0.12
1.418305639	0.0793349050362724	0.1
1.430594094	0.0793349050362724	0.1
1.434752614	0.0793349050362724	0.1
1.436494579	0.0793349050362724	0.11
1.450462129	0.0770225578449885	0.12
1.450674974	0.0770225578449885	0.12
1.450928234	0.0770225578449885	0.12
1.454003033	0.0770225578449885	0.12
1.457818346	0.0770225578449885	0.13
1.484067531	0.0727799722078209	0.15
1.484117024	0.0727799722078209	0.15
1.485917469	0.0721179012925654	0.16
1.488337206	0.0727799722078209	0.16
1.511734415	0.0727799722078209	0.18
1.512403577	0.0727799722078209	0.18
1.512821455	0.0727799722078209	0.18
1.515375804	0.0741412645922924	0.18
1.516740221	0.0727799722078209	0.19
1.517647523	0.0721179012925654	0.19
1.523536021	0.0721179012925654	0.19
1.558319819	0.138376089516949	0.23
1.561070241	0.171316240060612	0.22
1.595407686	0.14106211135128	0.19
1.595579044	0.140042721524611	0.19
1.611568792	0.139874253901762	0.18
1.707257935	0.215412089912456	0.08
1.745720251	0.188183739817299	0.05
1.77492366	0.188519360611825	0.02
1.777374698	0.181963897674218	0.02
1.780627841	0.191942606972973	0.01
1.780657571	0.191942606972973	0.01
1.780657572	0.191942606972973	0.01
1.780839524	0.191942606972973	0.01
1.780928629	0.191942606972973	0.01
1.78092863	0.191942606972973	0.01
1.781081012	0.191942606972973	0.01
1.781140367	0.191942606972973	0.01
1.781170031	0.191942606972973	0.01
1.781170032	0.191942606972973	0.01
1.781411499	0.191942606972973	0.01
1.781653031	0.191942606972973	0.01
1.7818108	0.191942606972973	0.01
1.781835463	0.191942606972973	0.01
1.781894629	0.191942606972973	0.01
1.782136292	0.190215583283744	0.01
1.782378022	0.190215583283744	0.01
1.782531315	0.190215583283744	0.01
1.782619816	0.190215583283744	0.01
1.783103602	0.190215583283744	0.01
1.783286774	0.190215583283744	0.01
1.78377107	0.190215583283744	0.01
1.783829774	0.190215583283744	0.01
1.784314217	0.190215583283744	0.01
1.785322292	0.198353859063026	0.01
1.785497332	0.198353859063026	0.01
1.785988286	0.194843840792097	0.01
1.787927091	0.178945045870818	0.01
1.788266632	0.178945045870818	0.01
1.788780487	0.178945045870818	0.01
1.78918715	0.178945045870818	0.01
1.789358594	0.178945045870818	0.01
1.789747139	0.175966121016803	0.01
1.790033715	0.175966121016803	0.01
1.790095821	0.175966121016803	0.01
1.79204453	0.176142056801431	0.02
1.794856772	0.150770582726582	0.02
1.795060195	0.146902250551935	0.02
1.795643534	0.136403134152269	0.02
1.796645824	0.12873583331287	0.02
1.796669094	0.12873583331287	0.02
1.796696941	0.12873583331287	0.02
1.799436111	0.123862176959647	0.02
1.801889818	0.0735782639442846	0.02
1.813215031	0.0639708112148695	0.03
1.813716026	0.0504725802567049	0.03
1.813793197	0.0513126276170755	0.03
1.814069382	0.0521811111472921	0.03
1.814345569	0.0384977689324636	0.03
1.814596154	0.0384977689324636	0.03
1.814621756	0.0384977689324636	0.03
1.814621757	0.0384977689324636	0.03
1.814846808	0.0384977689324636	0.03
1.814872379	0.0384977689324636	0.03
1.815123071	0.0384977689324636	0.03
1.815169565	0.0384977689324636	0.03
1.815288509	0.0384977689324636	0.03
1.815322808	0.0388372425264425	0.03
1.815624663	0.0391827563441782	0.03
1.815850116	0.0391827563441782	0.03
1.815875562	0.0391827563441782	0.03
1.816101116	0.0238839900312758	0.03
1.816377569	0.0238839900312758	0.03
1.81637757	0.0238839900312758	0.03
1.816628678	0.0238839900312758	0.03
1.816879855	0.0238839900312758	0.03
1.817382419	0.0238839900312758	0.03
1.818036082	0.0241018250058842	0.03
1.818363245	0.0245496370811032	0.03
1.819395454	0.0259988113658022	0.03
1.819581019	0.0259988113658022	0.03
1.81989941	0.112320472788511	0.04
1.82134289	0.0713687856969244	0.04
1.822065256	0.0570638966205599	0.04
1.823267442	0.0629548190051538	0.04
1.823345161	0.0496595949623922	0.04
1.824280416	0.0517432253760281	0.04
1.824985083	0.0381641785432257	0.04
1.828541204	0.024323670101786	0.04
1.828939845	0.0247798418979838	0.04
1.83758722	0.0230506525857507	0.05
1.837659261	0.0230506525857507	0.05
1.842215909	0.0265206527249426	0.05
1.844053766	0.0265206527249426	0.05
1.860668056	0.0252534510229692	0.07
1.876458705	0.0156234245148757	0.08
1.877534086	0.0176593207480634	0.07
1.917919203	0.0168164880785863	0.11
1.919145255	0.0168164880785863	0.11
1.933588634	0.0168164880785863	0.12
1.934242286	0.0160504428935395	0.13
1.93486401	0.0160504428935395	0.13
1.937910579	0.0157632167793067	0.13
1.938309591	0.0157632167793067	0.13
1.939501786	0.0157632167793067	0.13
1.945075766	0.0219042587657443	0.14
1.947078383	0.0219042587657443	0.14
1.956133657	0.0219042587657443	0.15
1.95745413	0.0219042587657443	0.15
1.959079535	0.0219042587657443	0.15
2.039242563	0.0492628451974915	0.23
2.057670659	0.047922787130244	0.25
2.058434493	0.047922787130244	0.25
2.060706206	0.047922787130244	0.25
2.067556414	0.047922787130244	0.26
2.077371996	0.047922787130244	0.27
2.07768814	0.047922787130244	0.27
2.077935092	0.047922787130244	0.27
2.079378601	0.047922787130244	0.27
2.080200147	0.047922787130244	0.27
2.112854786	0.0463468658839566	0.3
2.114638141	0.0481097430079374	0.3
2.117539144	0.0460440380138925	0.31
2.119081815	0.0460440380138925	0.31
2.175983465	0.0603530811988212	0.36
2.22342495	0.0463468658839566	0.41
2.225736601	0.0570052790244036	0.41
2.22607531	0.0603530811988212	0.41
2.226980498	0.0505185273131119	0.42
2.230993963	0.0505185273131119	0.42
2.268175967	0.19462164891781	0.41
2.279085054	0.200332934163256	0.4
2.283420782	0.197844705148461	0.39
2.287430653	0.200332934163256	0.39
2.36737444	0.228942312632921	0.31
2.396315913	0.264326703534253	0.29
2.401471639	0.265450877757961	0.29
2.416816988	0.293417839144398	0.28
2.63880046	0.248303027502236	0.09
2.644514931	0.257999915262615	0.08
2.64482266	0.257999915262615	0.08
2.65353762	0.257999915262615	0.07
2.664122924	0.257999915262615	0.06
2.669724846	0.248303027502236	0.06
2.670697515	0.248303027502236	0.06
2.67074212	0.248303027502236	0.06
2.670831293	0.248303027502236	0.06
2.671148642	0.248303027502236	0.06
2.671193179	0.248303027502236	0.06
2.671237545	0.248303027502236	0.06
2.671237705	0.248303027502236	0.06
2.671599486	0.248303027502236	0.06
2.671599646	0.248303027502236	0.06
2.671872794	0.268484960715325	0.05
2.671961685	0.268484960715325	0.05
2.673366554	0.257999915262615	0.05
2.673410821	0.257999915262615	0.05
2.674201502	0.257999915262615	0.05
2.674640938	0.257999915262615	0.05
2.674817434	0.257999915262615	0.05
2.67498819	0.257999915262615	0.05
2.675753192	0.255505375652288	0.05
2.675906626	0.255505375652288	0.05
2.67595059	0.255505375652288	0.05
2.677404052	0.253058612320888	0.05
2.679587204	0.248303027502236	0.05
2.68050645	0.248303027502236	0.05
2.690797174	0.249110162653465	0.04
2.690995907	0.249110162653465	0.04
2.692790444	0.249110162653465	0.04
2.714352711	0.229084075905618	0.05
2.720992773	0.204109048429049	0.05
2.721223607	0.241495595939513	0.06
2.721339166	0.241495595939513	0.06
2.721714851	0.241495595939513	0.06
2.721753239	0.241495595939513	0.06
2.722090639	0.241495595939513	0.06
2.72212898	0.241495595939513	0.06
2.722504826	0.241495595939513	0.06
2.725138453	0.226975891219752	0.06
2.727362573	0.226975891219752	0.06
2.728457177	0.226975891219752	0.06
2.733911556	0.232979175195412	0.07
2.734951629	0.220877893478486	0.07
2.741703646	0.228942312632921	0.08
2.742221604	0.228942312632921	0.08
2.744776734	0.216991392539352	0.08
2.758261585	0.216991392539352	0.09
2.784781798	0.211411493030619	0.12
2.795646082	0.211411493030619	0.13
2.814579483	0.211411493030619	0.15
2.874914635	0.207848302112382	0.21
2.901070252	0.188519360611825	0.23
3.017087015	0.203472872104221	0.35
3.091199805	0.167406536213985	0.42
3.116410384	0.211638253212846	0.45
3.153761559	0.198353859063026	0.48
3.190582361	0.189727841539313	0.5
3.194633906	0.189727841539313	0.51
3.560201153	0.189727841539313	0.840000000000001
3.561529658	0.187801633502096	0.850000000000001
3.561648443	0.187801633502096	0.850000000000001
3.567214517	0.189727841539313	0.850000000000001
3.568359469	0.189727841539313	0.850000000000001
3.571210711	0.187801633502096	0.860000000000001
3.571812505	0.187801633502096	0.860000000000001
3.572123566	0.187801633502096	0.860000000000001
3.572497766	0.187801633502096	0.860000000000001
3.575584373	0.189727841539313	0.860000000000001
3.579984214	0.189727841539313	0.860000000000001
3.62901857	0.228818413618292	0.910000000000001
3.62939674	0.228818413618292	0.910000000000001
3.629519691	0.228818413618292	0.910000000000001
3.630972932	0.228818413618292	0.910000000000001
3.631023885	0.232594681737155	0.910000000000001
3.631169027	0.232594681737155	0.910000000000001
3.631970124	0.263138032161603	0.910000000000001
3.778072999	0.226975891219752	1.06
3.82876748	0.230576726954284	1.11
3.963711323	0.274973583678778	1.24
4.078052931	0.360276015823305	1.32
4.442577106	0.360276015823305	1.66
4.445571488	0.360276015823305	1.67
4.452121847	0.360276015823305	1.67
4.45272527	0.360276015823305	1.67
4.453328856	0.360276015823305	1.67
4.459832487	0.360276015823305	1.68
4.464002998	0.360276015823305	1.68
4.475601202	0.360276015823305	1.7
4.478685952	0.360276015823305	1.7
4.536969429	0.36236614488338	1.75
4.537444354	0.36236614488338	1.75
4.773228095	0.369976122341104	1.88
4.848628454	0.369976122341104	1.95
4.895921957	0.369976122341104	2
5.341769851	0.40725723612615	2.13
5.342582978	0.40725723612615	2.13
5.343129076	0.40725723612615	2.13
5.343307119	0.40725723612615	2.13
5.346842194	0.40725723612615	2.12
5.443653327	0.40725723612615	2
5.445157132	0.40725723612615	2
6.232084175	0.340206891125396	2.60999999999999
6.2338777	0.340206891125396	2.60999999999999
6.234722781	0.340206891125396	2.60999999999999
6.35095118	0.340206891125396	2.72999999999999
6.358499262	0.340206891125396	2.72999999999999
7	0.409020464640272	2.92999999999998
