thrs	post_p	finalwindow
0	0.0466908422995996	0.23
0.03256001	0.0466908422995996	0.2
0.082355146	0.0405542215411008	0.17
0.089689176	0.0362645646732808	0.17
0.098963073	0.0362645646732808	0.16
0.103967892	0.0346362625481617	0.16
0.106977596	0.0346362625481617	0.16
0.123778241	0.0338757413327674	0.16
0.127200542	0.0335078690020951	0.16
0.128068503	0.0335078690020951	0.16
0.130460633	0.0335078690020951	0.16
0.148427326	0.062701784914809	0.15
0.148447444	0.0771675946627765	0.15
0.148782099	0.0760267820105354	0.15
0.172569069	0.0799674644344252	0.13
0.178062567	0.0636721886344453	0.12
0.178113806	0.0636721886344453	0.12
0.178140913	0.0636721886344453	0.12
0.178189211	0.0636721886344453	0.12
0.178358463	0.0636721886344453	0.12
0.181430774	0.080632369457788	0.12
0.181486006	0.080632369457788	0.12
0.181486035	0.080632369457788	0.12
0.191788381	0.080632369457788	0.11
0.194681585	0.0855075886300147	0.11
0.206482242	0.0877523109357754	0.1
0.222049977	0.0881731651734048	0.08
0.222622275	0.0867090241540476	0.08
0.22265244	0.0867090241540476	0.08
0.222656148	0.0867090241540476	0.08
0.222686318	0.0867090241540476	0.08
0.222697977	0.0867090241540476	0.08
0.222812147	0.0932608960594642	0.08
0.222924291	0.0932608960594642	0.08
0.223196808	0.0919778208766322	0.08
0.226694446	0.0913494321610823	0.08
0.226728961	0.0913494321610823	0.08
0.226867021	0.0913494321610823	0.08
0.226929675	0.0913494321610823	0.08
0.226982815	0.0913494321610823	0.08
0.227177477	0.0913494321610823	0.08
0.241897099	0.0879447026666461	0.06
0.24235868	0.0879447026666461	0.06
0.242615688	0.0862244211648329	0.06
0.242941212	0.094036042944167	0.06
0.249436037	0.0910102802424706	0.06
0.254481698	0.094036042944167	0.05
0.256228734	0.0932608960594642	0.05
0.256259656	0.0932608960594642	0.05
0.256650521	0.0948241832402489	0.05
0.259750174	0.094036042944167	0.05
0.263775407	0.111671193936991	0.04
0.272151172	0.0910102802424706	0.05
0.287097646	0.102560453423126	0.04
0.295749179	0.0899967530507138	0.05
0.296044019	0.0899967530507138	0.05
0.296834617	0.0899967530507138	0.05
0.296839561	0.0899967530507138	0.05
0.296839653	0.0899967530507138	0.05
0.296874128	0.0899967530507138	0.05
0.296879772	0.0899967530507138	0.05
0.29691506	0.0899967530507138	0.05
0.296960227	0.0899967530507138	0.05
0.297207868	0.0899967530507138	0.05
0.29723727	0.0899967530507138	0.05
0.297242165	0.0899967530507138	0.05
0.297345093	0.0899967530507138	0.05
0.29736316	0.0899967530507138	0.05
0.297631463	0.0899967530507138	0.05
0.298033592	0.0899967530507138	0.05
0.298062423	0.0899967530507138	0.05
0.298432807	0.0899967530507138	0.05
0.29855614	0.0899967530507138	0.05
0.298682719	0.0899967530507138	0.05
0.299120783	0.0899967530507138	0.05
0.29926506	0.0899967530507138	0.05
0.299931082	0.0924228618302683	0.05
0.300128238	0.0924228618302683	0.05
0.300638986	0.0924228618302683	0.05
0.302406093	0.08844889191926	0.05
0.30240618	0.08844889191926	0.05
0.302443572	0.08844889191926	0.05
0.302452098	0.08844889191926	0.05
0.302493847	0.08844889191926	0.05
0.302531356	0.08844889191926	0.05
0.302535608	0.08844889191926	0.05
0.302757814	0.08844889191926	0.05
0.303037639	0.08844889191926	0.05
0.306047128	0.0915997544736127	0.05
0.307314933	0.0876947574538831	0.05
0.319078068	0.0915997544736127	0.04
0.320217262	0.0915997544736127	0.04
0.320290117	0.0915997544736127	0.04
0.322066605	0.102560453423126	0.03
0.322591403	0.102560453423126	0.03
0.322777267	0.102560453423126	0.03
0.323165924	0.102560453423126	0.03
0.323537089	0.102560453423126	0.03
0.323808824	0.102560453423126	0.03
0.324596864	0.102560453423126	0.03
0.327195424	0.0899967530507138	0.04
0.328591896	0.0892161093088747	0.04
0.330254195	0.0892161093088747	0.04
0.334029253	0.0876947574538831	0.04
0.338071632	0.0855075886300147	0.05
0.340262381	0.0814449977715011	0.05
0.343625259	0.0814449977715011	0.05
0.345554528	0.0814449977715011	0.05
0.350684009	0.0808051360309238	0.06
0.351815198	0.0795551078844303	0.06
0.356200611	0.0801752498948488	0.06
0.356206548	0.0801752498948488	0.06
0.356437896	0.0795551078844303	0.06
0.357086112	0.0892161093088747	0.06
0.357959666	0.0749192085353414	0.07
0.362945858	0.0749192085353414	0.07
0.363936107	0.0749192085353414	0.07
0.366130409	0.0771675946627765	0.07
0.367663989	0.0896481202281049	0.07
0.37384574	0.099814775958666	0.08
0.386863037	0.066041583945875	0.06
0.386909127	0.0716154011656908	0.06
0.389222512	0.0684385369807086	0.06
0.389299853	0.0684385369807086	0.06
0.389825341	0.0836530414400761	0.06
0.403209246	0.0905248163636652	0.05
0.411578949	0.101214762598631	0.04
0.412388288	0.100555073434045	0.04
0.415094538	0.10205164684716	0.04
0.416416237	0.0636721886344453	0.03
0.418471182	0.0867090241540476	0.03
0.419019267	0.0867090241540476	0.03
0.423143546	0.106821143123091	0.03
0.438307149	0.0984692408819741	0.01
0.438815006	0.0984692408819741	0.01
0.440249622	0.118287212257874	0.01
0.440316292	0.118287212257874	0.01
0.441750067	0.117387196671591	0.01
0.444236336	0.111962009956374	0.01
0.444499874	0.109453648712362	0.01
0.444770984	0.10824114858741	0.01
0.445049535	0.10824114858741	0.01
0.445117302	0.113292634048018	0.01
0.445156208	0.113292634048018	0.01
0.445185068	0.111451182169012	0.01
0.445245414	0.111451182169012	0.01
0.44525283	0.111451182169012	0.01
0.445252832	0.111451182169012	0.01
0.445252833	0.111451182169012	0.01
0.445252835	0.111451182169012	0.01
0.445305777	0.111451182169012	0.01
0.44531318	0.111451182169012	0.01
0.44531319	0.111451182169012	0.01
0.445373562	0.111451182169012	0.01
0.445494353	0.110850595791898	0.01
0.445540001	0.110850595791898	0.01
0.445554774	0.109668634566622	0.01
0.445615211	0.109668634566622	0.01
0.445653547	0.109668634566622	0.01
0.445675664	0.108511613097704	0.01
0.445736134	0.113322354179984	0.01
0.445849774	0.11746844993013	0.01
0.445857123	0.11746844993013	0.01
0.446038729	0.11746844993013	0.01
0.446319857	0.116861778128977	0.01
0.446351359	0.116861778128977	0.01
0.446394864	0.116861778128977	0.01
0.446465528	0.116261340506013	0.01
0.44656991	0.116261340506013	0.01
0.446633323	0.116261340506013	0.01
0.446772341	0.116261340506013	0.01
0.446888185	0.113920048620948	0.01
0.446967543	0.113920048620948	0.01
0.447158639	0.113920048620948	0.01
0.447533088	0.113920048620948	0.01
0.447542535	0.113920048620948	0.01
0.447876705	0.113349386016119	0.01
0.449051315	0.111122785208598	0.01
0.449552291	0.108981976463811	0.01
0.449715173	0.108981976463811	0.01
0.451750007	0.110041969743671	0.01
0.453102774	0.0960100345661531	0.01
0.453312195	0.0955406444364702	0.01
0.453607731	0.0955406444364702	0.01
0.45367678	0.0955406444364702	0.01
0.453739439	0.0955406444364702	0.01
0.453782962	0.0955406444364702	0.01
0.453789353	0.0955406444364702	0.01
0.453802119	0.0955406444364702	0.01
0.453864814	0.0955406444364702	0.01
0.453927527	0.0955406444364702	0.01
0.453952078	0.0955406444364702	0.01
0.453977538	0.0955406444364702	0.01
0.453990257	0.0955406444364702	0.01
0.454172215	0.0955406444364702	0.01
0.454228692	0.0955406444364702	0.01
0.454278877	0.0964840596845179	0.01
0.454297847	0.0964840596845179	0.01
0.454379121	0.0964840596845179	0.01
0.454423548	0.0964840596845179	0.01
0.454543029	0.097446292234888	0.01
0.454618511	0.097446292234888	0.01
0.455078808	0.0984279107519794	0.01
0.455180191	0.100451697267601	0.01
0.455439212	0.132226855802238	0.01
0.455550168	0.135492886016543	0.01
0.455665947	0.140107118420121	0.01
0.455678249	0.141310203949535	0.01
0.455755613	0.147649458102798	0.01
0.455804735	0.147649458102798	0.01
0.456159276	0.144961528862044	0.01
0.456455968	0.139260238028552	0.01
0.456880284	0.103498673652969	0.02
0.45760535	0.103498673652969	0.02
0.457901934	0.103498673652969	0.02
0.458022431	0.103498673652969	0.02
0.458664131	0.103498673652969	0.02
0.459124851	0.103027427604512	0.02
0.462114195	0.0898312737980138	0.02
0.46331093	0.0898312737980138	0.02
0.464728436	0.0874201499635675	0.02
0.472596627	0.0653333321597562	0.02
0.473676694	0.0508455442693324	0.02
0.474072423	0.0829664158832836	0.03
0.478409458	0.086953374098304	0.03
0.478888149	0.086953374098304	0.03
0.479732593	0.0630449435271092	0.03
0.479936634	0.0630449435271092	0.03
0.483671852	0.0484503928994166	0.03
0.483988273	0.0792646925670547	0.04
0.484225862	0.0792646925670547	0.04
0.484458594	0.0799129629326376	0.04
0.484927676	0.0809054975934809	0.04
0.485802156	0.107942209392791	0.04
0.485999254	0.102560453423126	0.04
0.486776039	0.0817983029770183	0.04
0.489107131	0.0808051360309238	0.04
0.499369323	0.0800617786998017	0.05
0.50407637	0.0780459277263187	0.06
0.508934563	0.0742797724019383	0.06
0.511690912	0.0558876810230201	0.06
0.514553924	0.0410943281113063	0.06
0.51473946	0.0760267820105354	0.07
0.514839037	0.0763088112019242	0.07
0.51502476	0.0763088112019242	0.07
0.516063638	0.0937924289531227	0.07
0.518492841	0.0714646133330089	0.07
0.534226929	0.0282859715650285	0.07
0.534308248	0.0282859715650285	0.07
0.534380672	0.0280290263003173	0.07
0.534888196	0.0720333678488975	0.07
0.536755919	0.0646731014196768	0.07
0.539174229	0.0617605162698901	0.07
0.543234343	0.0622275913352352	0.07
0.544416783	0.0646731014196768	0.07
0.556807604	0.0789444856276516	0.06
0.559788571	0.0812840841893165	0.05
0.566766402	0.0789444856276516	0.06
0.568776608	0.0789444856276516	0.06
0.572491616	0.0812840841893165	0.06
0.579525048	0.0789444856276516	0.06
0.583655412	0.0781942641878339	0.06
0.586308239	0.0760267820105354	0.06
0.591193432	0.0726695462840404	0.06
0.591819223	0.0726695462840404	0.06
0.593573546	0.0726695462840404	0.06
0.593673806	0.0726695462840404	0.06
0.593673808	0.0726695462840404	0.06
0.593754277	0.0726695462840404	0.06
0.59375428	0.0726695462840404	0.06
0.593824895	0.0726695462840404	0.06
0.593915284	0.0726695462840404	0.06
0.594036974	0.0726695462840404	0.06
0.594152812	0.0726695462840404	0.06
0.594318181	0.065931624311215	0.06
0.595015574	0.0684385369807086	0.06
0.595887104	0.0684385369807086	0.06
0.596219211	0.0684385369807086	0.06
0.597117526	0.0684385369807086	0.06
0.602148457	0.0690953385590338	0.06
0.602674298	0.0690953385590338	0.06
0.604317115	0.0704475016029315	0.06
0.604813246	0.0718536433652279	0.06
0.604905308	0.0718536433652279	0.06
0.604905312	0.0718536433652279	0.06
0.604988853	0.0718536433652279	0.06
0.605724938	0.0718536433652279	0.06
0.60631275	0.0718536433652279	0.06
0.606824709	0.0718536433652279	0.06
0.607971158	0.0684385369807086	0.06
0.608524688	0.0684385369807086	0.06
0.608756287	0.0684385369807086	0.06
0.61827716	0.0697648688853242	0.06
0.624510489	0.0704475016029315	0.06
0.635412418	0.065931624311215	0.07
0.63624959	0.065931624311215	0.07
0.636422142	0.065931624311215	0.07
0.637031954	0.0677941045802307	0.07
0.637881775	0.0718536433652279	0.06
0.638075882	0.0718536433652279	0.06
0.641599528	0.0704475016029315	0.07
0.644129804	0.065931624311215	0.07
0.64559646	0.0653333321597562	0.07
0.646569798	0.0647458006861256	0.07
0.64801212	0.0647458006861256	0.07
0.648110758	0.0647458006861256	0.07
0.65703705	0.0647458006861256	0.07
0.667472678	0.0619598299574488	0.08
0.667879261	0.0619598299574488	0.08
0.667879263	0.0619598299574488	0.08
0.689921535	0.0581248477910021	0.09
0.692614054	0.0592407964749384	0.09
0.697379755	0.055015768662054	0.1
0.712354258	0.0531214686536316	0.11
0.7123899	0.0531214686536316	0.11
0.712401774	0.0531214686536316	0.11
0.713541741	0.0535827078877251	0.11
0.71365913	0.0535827078877251	0.11
0.714295462	0.0535827078877251	0.11
0.715653707	0.049699001895508	0.12
0.725609694	0.0102823728791489	0.12
0.725979546	0.0501024972612273	0.13
0.735438378	0.00960987359586019	0.13
0.742183791	0.0101805959571951	0.13
0.7500464	0.0100808141031169	0.13
0.756100951	0.00909974362032908	0.13
0.756122282	0.00909974362032908	0.13
0.762884543	0.0946154998524393	0.13
0.763387603	0.100363617344052	0.13
0.765321243	0.0980305008060851	0.13
0.766651587	0.0102823728791489	0.12
0.7676628	0.0102823728791489	0.12
0.772264397	0.0980674695437801	0.12
0.778829055	0.100414828700774	0.12
0.779184816	0.0999501585174592	0.12
0.786383987	0.10231162280962	0.11
0.793117932	0.103353216360113	0.1
0.794958533	0.106175649000781	0.1
0.797194853	0.102560453423126	0.1
0.799403767	0.102804529747366	0.1
0.812482547	0.105693760836991	0.08
0.828284953	0.111566318197054	0.07
0.856064956	0.117835485932672	0.04
0.861783488	0.113920048620948	0.03
0.864973627	0.121668766956948	0.03
0.866065884	0.118173956292178	0.03
0.867661243	0.119403646210866	0.03
0.874413626	0.122757878867162	0.02
0.877564409	0.12008367997767	0.02
0.880342154	0.116115827112085	0.02
0.882218863	0.117259739839452	0.01
0.88244613	0.120207290246832	0.01
0.882485476	0.120207290246832	0.01
0.883671839	0.127711769572022	0.01
0.884296127	0.127316549899367	0.01
0.885800269	0.122757878867162	0.01
0.886381245	0.122029650638811	0.01
0.887670141	0.123603443310347	0.01
0.888863234	0.120771504038493	0.01
0.889014569	0.12008367997767	0.01
0.889209764	0.12008367997767	0.01
0.889576687	0.12008367997767	0.01
0.889752182	0.12008367997767	0.01
0.889857915	0.12008367997767	0.01
0.890218543	0.119742697602834	0.01
0.890228158	0.119742697602834	0.01
0.890309475	0.119403646210866	0.01
0.890354074	0.12008367997767	0.01
0.890354075	0.12008367997767	0.01
0.890407894	0.12008367997767	0.01
0.890419078	0.12008367997767	0.01
0.890459913	0.12008367997767	0.01
0.890474761	0.12008367997767	0.01
0.890489605	0.12008367997767	0.01
0.890489606	0.12008367997767	0.01
0.890506418	0.12008367997767	0.01
0.890580647	0.12008367997767	0.01
0.890595481	0.12008367997767	0.01
0.89061031	0.12008367997767	0.01
0.890610311	0.12008367997767	0.01
0.89068659	0.12008367997767	0.01
0.890716233	0.119742697602834	0.01
0.890731048	0.119742697602834	0.01
0.890731049	0.119742697602834	0.01
0.890822213	0.119742697602834	0.01
0.890837018	0.119742697602834	0.01
0.890851819	0.119742697602834	0.01
0.890957836	0.119742697602834	0.01
0.890972622	0.119742697602834	0.01
0.890972623	0.119742697602834	0.01
0.891093459	0.119742697602834	0.01
0.89119957	0.119742697602834	0.01
0.891214328	0.119742697602834	0.01
0.891244043	0.119742697602834	0.01
0.891246709	0.119742697602834	0.01
0.891320486	0.119742697602834	0.01
0.891382479	0.119742697602834	0.01
0.891441435	0.119742697602834	0.01
0.891456164	0.119742697602834	0.01
0.89149835	0.119742697602834	0.01
0.891521465	0.119403646210866	0.01
0.891577132	0.119066509445349	0.01
0.891686849	0.119066509445349	0.01
0.891698132	0.119066509445349	0.01
0.891881522	0.119066509445349	0.01
0.892012117	0.119066509445349	0.01
0.892017347	0.119066509445349	0.01
0.89206133	0.119066509445349	0.01
0.89216782	0.118731271134073	0.01
0.892182462	0.118731271134073	0.01
0.892215798	0.118731271134073	0.01
0.892245091	0.119403646210866	0.01
0.892546055	0.119742697602834	0.01
0.892568748	0.119742697602834	0.01
0.89273031	0.119742697602834	0.01
0.892793389	0.119742697602834	0.01
0.892924751	0.121960745929216	0.01
0.892951888	0.121617386317754	0.01
0.892952212	0.121617386317754	0.01
0.89308003	0.121617386317754	0.01
0.893172464	0.121617386317754	0.01
0.893352088	0.121617386317754	0.01
0.893395592	0.121617386317754	0.01
0.89422449	0.120598810372924	0.01
0.894332391	0.121275954619052	0.01
0.894690708	0.121275954619052	0.01
0.894913415	0.121275954619052	0.01
0.895081202	0.121275954619052	0.01
0.895086463	0.121275954619052	0.01
0.895300675	0.121275954619052	0.01
0.89539422	0.120598810372924	0.01
0.895524497	0.128109450589659	0.01
0.895638516	0.128109450589659	0.01
0.895840307	0.129182142870817	0.01
0.89592425	0.129182142870817	0.01
0.89685771	0.128465029781392	0.01
0.896928207	0.128465029781392	0.01
0.89693811	0.128465029781392	0.01
0.897131294	0.127054426270365	0.01
0.897282137	0.123659825719729	0.01
0.89799116	0.109466161187068	0.01
0.898155973	0.107596534745509	0.01
0.898455429	0.106685467938992	0.01
0.898485328	0.106685467938992	0.01
0.898662437	0.106235695943683	0.01
0.898755243	0.105789700387348	0.01
0.89889623	0.105568103941679	0.01
0.900113547	0.104860828530938	0.01
0.900307304	0.105506223199867	0.01
0.900690942	0.0893711527492872	0.01
0.90151373	0.0721076336401755	0.01
0.901568195	0.0718114855103001	0.01
0.902162268	0.0755341359961513	0.01
0.902291602	0.0678366889313064	0.01
0.902860993	0.0638840531527558	0.01
0.902919093	0.0638840531527558	0.01
0.902932441	0.0641687421709328	0.01
0.903685884	0.0502136810613286	0.01
0.904039961	0.0497718805824032	0.01
0.904220945	0.0497718805824032	0.01
0.905345526	0.0508912864011937	0.01
0.905424433	0.0513532754170244	0.01
0.906154318	0.0525457969032167	0.01
0.906197141	0.0523028822677332	0.01
0.906210372	0.0515874297051557	0.01
0.906508268	0.0515874297051557	0.01
0.907060652	0.0513532754170244	0.01
0.907185931	0.0515874297051557	0.01
0.907198748	0.0515874297051557	0.01
0.907311244	0.0471186387742844	0.01
0.907324045	0.0471186387742844	0.01
0.907336843	0.0471186387742844	0.01
0.907336844	0.0471186387742844	0.01
0.907449378	0.0471186387742844	0.01
0.90746216	0.0471186387742844	0.01
0.9075492	0.0471186387742844	0.01
0.907574745	0.0471186387742844	0.01
0.907587512	0.0471186387742844	0.01
0.907674633	0.0471186387742844	0.01
0.907712898	0.0471186387742844	0.01
0.907951053	0.0471186387742844	0.01
0.907963773	0.0469037651034269	0.01
0.907963774	0.0469037651034269	0.01
0.908076559	0.0471186387742844	0.01
0.908089263	0.0471186387742844	0.01
0.908089264	0.0471186387742844	0.01
0.908151307	0.0471186387742844	0.01
0.90817671	0.0473354902472705	0.01
0.908289632	0.0473354902472705	0.01
0.908453284	0.0473354902472705	0.01
0.908566283	0.0477752368422916	0.01
0.908578929	0.0477752368422916	0.01
0.908691978	0.047998188371825	0.01
0.908729307	0.047998188371825	0.01
0.908830322	0.0484503928994166	0.01
0.908855181	0.0482232305426051	0.01
0.908943472	0.0486797055463791	0.01
0.909094444	0.0486797055463791	0.01
0.909183517	0.0484503928994166	0.01
0.909207673	0.0484503928994166	0.01
0.909270732	0.0484503928994166	0.01
0.909346075	0.0484503928994166	0.01
0.909409249	0.0484503928994166	0.01
0.909620416	0.0484503928994166	0.01
0.909642167	0.0484503928994166	0.01
0.909838426	0.0482232305426051	0.01
0.909896599	0.0482232305426051	0.01
0.909914657	0.0482232305426051	0.01
0.909925885	0.0482232305426051	0.01
0.910204731	0.047998188371825	0.01
0.910467776	0.0482232305426051	0.01
0.910628128	0.0482232305426051	0.01
0.911049792	0.0484503928994166	0.01
0.91113001	0.0484503928994166	0.01
0.911351929	0.0484503928994166	0.01
0.911383512	0.0482232305426051	0.01
0.911518912	0.0484503928994166	0.01
0.911632099	0.0486797055463791	0.01
0.911747931	0.0486797055463791	0.01
0.911776598	0.0486797055463791	0.01
0.912015459	0.0486797055463791	0.01
0.912630246	0.0484503928994166	0.01
0.912707801	0.0484503928994166	0.01
0.912811242	0.0570501651316634	0.01
0.912967277	0.0530384587727265	0.01
0.913006436	0.0530384587727265	0.01
0.913139907	0.0530384587727265	0.01
0.913244462	0.0530384587727265	0.01
0.913630289	0.0527909784444559	0.01
0.913751419	0.0532882703699486	0.01
0.914018042	0.0532882703699486	0.01
0.914968567	0.057852399104939	0.01
0.914983658	0.057852399104939	0.01
0.915026039	0.057852399104939	0.01
0.916163647	0.0444488579940417	0.01
0.916208994	0.0444488579940417	0.01
0.916688985	0.0448798630634219	0.01
0.916912552	0.0448798630634219	0.01
0.917957453	0.0653333321597562	0.01
0.918456927	0.0591596667359306	0.02
0.918837351	0.0601481347027241	0.02
0.919120121	0.0606548598867589	0.02
0.919822583	0.0606548598867589	0.02
0.920002472	0.0606548598867589	0.02
0.921364075	0.0611701955451003	0.02
0.922071236	0.0616943630272436	0.02
0.922504312	0.0622275913352352	0.02
0.922763582	0.0622275913352352	0.02
0.922787758	0.0622275913352352	0.02
0.923473233	0.0582937876991929	0.02
0.924160807	0.0588065515409531	0.02
0.924627878	0.0590663311855153	0.02
0.925553967	0.0464798439145888	0.02
0.926193857	0.0466908422995996	0.02
0.927872541	0.0678739941477688	0.02
0.929379518	0.0550859240928309	0.03
0.93220206	0.0550859240928309	0.03
0.933174706	0.0519518661169575	0.03
0.934071327	0.052564576137227	0.03
0.934700606	0.0527720371221187	0.03
0.938770844	0.0366958462261768	0.03
0.941112169	0.0364358550372605	0.03
0.942896738	0.0334171459442425	0.03
0.944027825	0.0354317158894493	0.03
0.947518522	0.0387707357126702	0.03
0.948845214	0.0395155095194011	0.03
0.955603107	0.0509294677610918	0.04
0.956018846	0.0509294677610918	0.04
0.956296714	0.0526681023319509	0.04
0.956549025	0.0526681023319509	0.04
0.956766863	0.0535827078877251	0.04
0.95679317	0.0535827078877251	0.04
0.956793172	0.0535827078877251	0.04
0.958321379	0.055015768662054	0.04
0.959031973	0.0560145011202598	0.04
0.959642592	0.0565275898229472	0.04
0.959665139	0.0565275898229472	0.04
0.959857154	0.0570501651316634	0.04
0.960819071	0.0581248477910021	0.04
0.966290332	0.0526681023319509	0.05
0.966653906	0.0526681023319509	0.05
0.966980911	0.0545296398900107	0.05
0.966980912	0.0545296398900107	0.05
0.966986309	0.0545296398900107	0.05
0.967297223	0.0545296398900107	0.05
0.967297226	0.0545296398900107	0.05
0.967302571	0.0545296398900107	0.05
0.967302572	0.0545296398900107	0.05
0.967460779	0.0545296398900107	0.05
0.96746078	0.0545296398900107	0.05
0.967608447	0.0545296398900107	0.05
0.967619041	0.0545296398900107	0.05
0.967772081	0.0545296398900107	0.05
0.967925221	0.0545296398900107	0.05
0.968083686	0.055015768662054	0.05
0.968088909	0.055015768662054	0.05
0.968237002	0.055015768662054	0.05
0.970442597	0.0581248477910021	0.05
0.973457204	0.0410943281113063	0.05
0.973766743	0.0492457497392886	0.06
0.974203145	0.0489111991602458	0.06
0.97801719	0.0524761627841799	0.06
0.981915796	0.0395155095194011	0.05
0.985118954	0.028814258723915	0.05
0.9860103	0.0282859715650285	0.05
1.021711423	0.0277767071128533	0.06
1.022530753	0.0277767071128533	0.06
1.027349785	0.0254827341747816	0.07
1.028094642	0.0254827341747816	0.07
1.029271857	0.0261301307052182	0.07
1.029637844	0.0261301307052182	0.07
1.029659545	0.0268112793250061	0.07
1.030020301	0.0272854560766538	0.07
1.030392053	0.0272854560766538	0.07
1.031720423	0.0275288901844766	0.07
1.032104884	0.0275288901844766	0.07
1.0327094	0.0275288901844766	0.07
1.033463082	0.0275288901844766	0.07
1.034014818	0.0275288901844766	0.07
1.035677928	0.0275288901844766	0.07
1.036124234	0.0275288901844766	0.07
1.038905957	0.0331479006299829	0.08
1.039046839	0.0336908009911115	0.08
1.041709188	0.0354317158894493	0.08
1.043349328	0.0354317158894493	0.08
1.044012776	0.0354317158894493	0.08
1.049025044	0.0311406723351162	0.09
1.054783865	0.0331479006299829	0.09
1.057424783	0.0398987306390881	0.09
1.058571278	0.0311406723351162	0.1
1.067766296	0.0302255381303876	0.11
1.067971123	0.0302255381303876	0.11
1.068277144	0.0302255381303876	0.11
1.06860264	0.0304492418968638	0.11
1.068892568	0.0304492418968638	0.11
1.070020858	0.0321129514781943	0.11
1.070326964	0.0321129514781943	0.11
1.088762574	0.049380854941352	0.12
1.115076799	0.0308295319229177	0.1
1.116382888	0.0308295319229177	0.1
1.13205703	0.0290858720334483	0.11
1.133988353	0.0290858720334483	0.11
1.134317617	0.0290858720334483	0.11
1.136767134	0.0282859715650285	0.11
1.137302108	0.0282859715650285	0.11
1.162829766	0.0197685892305705	0.13
1.183360064	0.0183572661777628	0.15
1.187305519	0.0228417546795486	0.15
1.18762744	0.0228417546795486	0.15
1.192075895	0.0231850188052064	0.15
1.203309389	0.0254827341747816	0.14
1.208724051	0.0290858720334483	0.13
1.210085375	0.0290858720334483	0.13
1.210771389	0.0290858720334483	0.13
1.21086869	0.0290858720334483	0.13
1.212614931	0.0282859715650285	0.13
1.224141399	0.0282859715650285	0.12
1.22465873	0.0282859715650285	0.12
1.226416878	0.0282859715650285	0.12
1.243346642	0.0193957976599199	0.11
1.245566855	0.0203554434981296	0.11
1.246668032	0.0203554434981296	0.11
1.268447511	0.0384087784397116	0.1
1.270060331	0.0384087784397116	0.1
1.270253663	0.037704767308549	0.1
1.275739262	0.0395155095194011	0.09
1.278899002	0.0373623519451305	0.1
1.285172518	0.0466908422995996	0.1
1.289511656	0.0395155095194011	0.1
1.293113698	0.0402894575005849	0.1
1.297280078	0.0402894575005849	0.1
1.302603198	0.0402894575005849	0.1
1.303502827	0.0402894575005849	0.11
1.325958837	0.0402894575005849	0.12
1.33510162	0.0508455442693324	0.12
1.335485912	0.0508455442693324	0.12
1.335508208	0.0508455442693324	0.12
1.335711503	0.0508455442693324	0.12
1.335892556	0.0508455442693324	0.12
1.336051433	0.0508455442693324	0.12
1.336413828	0.0508455442693324	0.12
1.336595099	0.0498596176392629	0.12
1.336665633	0.0498596176392629	0.12
1.336979907	0.0498596176392629	0.12
1.337161305	0.0498596176392629	0.12
1.337777279	0.0498596176392629	0.12
1.337887386	0.0498596176392629	0.12
1.338686534	0.0498596176392629	0.12
1.342315002	0.0498596176392629	0.12
1.342368518	0.0498596176392629	0.12
1.343443085	0.0498596176392629	0.12
1.346883901	0.0498596176392629	0.13
1.360774481	0.0616063788376897	0.13
1.360981621	0.0616063788376897	0.13
1.36116959	0.0616063788376897	0.13
1.361545683	0.0616063788376897	0.13
1.361952473	0.0616063788376897	0.13
1.368077892	0.0604004345296461	0.13
1.370127164	0.0604004345296461	0.13
1.377139612	0.0616063788376897	0.13
1.379222918	0.0616063788376897	0.13
1.384187356	0.0592407964749384	0.13
1.385801753	0.0592407964749384	0.13
1.418305639	0.0609974467637505	0.14
1.430594094	0.0609974467637505	0.14
1.434752614	0.0616063788376897	0.14
1.448119954	0.0609974467637505	0.15
1.450462129	0.0609974467637505	0.15
1.450674974	0.0609974467637505	0.15
1.450928234	0.0609974467637505	0.15
1.454856842	0.0598149955316239	0.16
1.45657643	0.0598149955316239	0.16
1.484117024	0.0609974467637505	0.17
1.485393153	0.0609974467637505	0.17
1.485917469	0.0609974467637505	0.17
1.494140559	0.0609974467637505	0.17
1.502972103	0.0609974467637505	0.18
1.506038743	0.0609974467637505	0.19
1.511734415	0.0609974467637505	0.19
1.512194724	0.0609974467637505	0.19
1.516740221	0.0598149955316239	0.2
1.517647523	0.0609974467637505	0.19
1.519065464	0.0609974467637505	0.19
1.558319819	0.169805731724925	0.23
1.558531046	0.169805731724925	0.23
1.55916507	0.169008516375015	0.23
1.561070241	0.16485354376913	0.22
1.56916589	0.201011862140155	0.22
1.595407686	0.19354219894071	0.19
1.595579044	0.192250185094671	0.19
1.611568792	0.20270667156905	0.17
1.652341299	0.222879554941445	0.14
1.707257935	0.25751585321313	0.08
1.730827961	0.253144783707442	0.06
1.745720251	0.243679233156806	0.04
1.758275756	0.269133732865344	0.03
1.77492366	0.262839833070526	0.01
1.777374698	0.279211063621479	0.01
1.778615293	0.279211063621479	0.01
1.77861633	0.279211063621479	0.01
1.780115455	0.271584248493854	0.01
1.780657572	0.271584248493854	0.01
1.780839524	0.266727043988997	0.01
1.780928629	0.266727043988997	0.01
1.78092863	0.266727043988997	0.01
1.781140367	0.266727043988997	0.01
1.781170031	0.266727043988997	0.01
1.781170032	0.266727043988997	0.01
1.781381862	0.266727043988997	0.01
1.781411499	0.266727043988997	0.01
1.781623424	0.266727043988997	0.01
1.781653031	0.266727043988997	0.01
1.781835463	0.266727043988997	0.01
1.781894629	0.266727043988997	0.01
1.782378022	0.262040526154653	0.01
1.782590324	0.262040526154653	0.01
1.782619816	0.262040526154653	0.01
1.783103602	0.262040526154653	0.01
1.783345594	0.262040526154653	0.01
1.78377107	0.262040526154653	0.01
1.783829774	0.262040526154653	0.01
1.783925287	0.262040526154653	0.01
1.784013316	0.262040526154653	0.01
1.784314217	0.262040526154653	0.01
1.784506241	0.262040526154653	0.01
1.784933025	0.262040526154653	0.01
1.785497332	0.255311611076906	0.01
1.785988286	0.255311611076906	0.01
1.788872102	0.255311611076906	0.01
1.789358594	0.255311611076906	0.01
1.790095821	0.253068077046152	0.01
1.790737455	0.250701863743301	0.01
1.792147241	0.248919626402526	0.02
1.794856772	0.208689105049395	0.02
1.795172249	0.187169011648168	0.02
1.799436111	0.169640174161925	0.02
1.801889818	0.0677941045802307	0.02
1.812688451	0.0763402769945213	0.03
1.813240824	0.0769750876024967	0.03
1.813793197	0.0803143744700404	0.03
1.814069384	0.0817326450125803	0.03
1.814345569	0.0647458006861256	0.03
1.814621756	0.0560145011202598	0.03
1.814621757	0.0560145011202598	0.03
1.814846808	0.0560145011202598	0.03
1.814872379	0.0560145011202598	0.03
1.815039963	0.0565275898229472	0.03
1.815123071	0.0565275898229472	0.03
1.815169565	0.0565275898229472	0.03
1.815322808	0.0565275898229472	0.03
1.815373832	0.0565275898229472	0.03
1.815624663	0.0570501651316634	0.03
1.815850116	0.0570501651316634	0.03
1.815875562	0.0570501651316634	0.03
1.816101116	0.0293626547159564	0.03
1.816377569	0.0293626547159564	0.03
1.816879855	0.0293626547159564	0.03
1.817399416	0.0293626547159564	0.03
1.817633804	0.0293626547159564	0.03
1.818363245	0.0293626547159564	0.03
1.819395454	0.0299323299568881	0.03
1.819410514	0.0299323299568881	0.03
1.81989941	0.0299323299568881	0.03
1.82134289	0.0308295319229177	0.03
1.822065256	0.0308295319229177	0.03
1.823345161	0.0763402769945213	0.04
1.824280416	0.0817326450125803	0.04
1.824759677	0.0560145011202598	0.04
1.828541204	0.0293626547159564	0.04
1.828939845	0.0296447557653453	0.04
1.829051906	0.0296447557653453	0.04
1.829613575	0.0299323299568881	0.04
1.830016016	0.0299323299568881	0.04
1.835137623	0.0555106430236463	0.05
1.836263396	0.028814258723915	0.05
1.83758722	0.028814258723915	0.05
1.837659261	0.028814258723915	0.05
1.839735229	0.0293626547159564	0.05
1.844053766	0.0308295319229177	0.05
1.876458705	0.0305245474901458	0.07
1.877534086	0.0299323299568881	0.07
1.934242286	0.0282859715650285	0.12
1.938309591	0.0263533018936587	0.13
1.938319698	0.0263533018936587	0.13
1.947078383	0.0417617544989237	0.14
1.956133657	0.0417617544989237	0.15
1.959079535	0.0417617544989237	0.15
2.03833515	0.0659987783108384	0.23
2.039242563	0.0659987783108384	0.23
2.045755957	0.0646166703180473	0.24
2.057670659	0.0646166703180473	0.25
2.058434493	0.0646166703180473	0.25
2.060706206	0.0646166703180473	0.25
2.077371996	0.0646166703180473	0.27
2.077653506	0.0646166703180473	0.27
2.077935092	0.0646166703180473	0.27
2.079378601	0.0646166703180473	0.27
2.080200147	0.0646166703180473	0.27
2.112854786	0.0641687421709328	0.3
2.116340052	0.0632912615647151	0.31
2.119081815	0.0632912615647151	0.31
2.122322709	0.0632912615647151	0.31
2.130868897	0.0632912615647151	0.32
2.201956234	0.0624374555757592	0.39
2.225736601	0.0804889606495764	0.41
2.22607531	0.0820950739858808	0.41
2.226678687	0.0666641998508774	0.42
2.226980498	0.0666641998508774	0.42
2.244892022	0.148878350941255	0.43
2.268175967	0.216109654007671	0.41
2.273953022	0.202620236169102	0.4
2.283420782	0.206494459782604	0.39
2.396315913	0.272872537922961	0.31
2.416816988	0.275580403864313	0.3
2.57811595	0.22821793421731	0.15
2.634889835	0.234367885875182	0.1
2.63880046	0.219738425422105	0.09
2.644514931	0.234367885875182	0.09
2.64482266	0.234367885875182	0.09
2.65353762	0.234367885875182	0.08
2.670697515	0.238719585419655	0.06
2.670831293	0.238719585419655	0.06
2.671148642	0.238719585419655	0.06
2.671193019	0.238719585419655	0.06
2.671193179	0.238719585419655	0.06
2.671237545	0.238719585419655	0.06
2.671237705	0.238719585419655	0.06
2.671599486	0.238719585419655	0.06
2.671599646	0.238719585419655	0.06
2.671961685	0.238719585419655	0.06
2.672686057	0.238719585419655	0.06
2.673366554	0.238719585419655	0.06
2.674201502	0.238719585419655	0.06
2.674498542	0.238719585419655	0.06
2.674640938	0.238719585419655	0.06
2.674817434	0.238719585419655	0.06
2.67498819	0.236523721072869	0.06
2.675906626	0.23270792937881	0.05
2.67595059	0.23270792937881	0.05
2.677404052	0.23270792937881	0.05
2.678640892	0.22389792415656	0.05
2.679543675	0.22389792415656	0.05
2.679587204	0.22389792415656	0.05
2.68050645	0.22389792415656	0.05
2.684222358	0.238719585419655	0.05
2.692790444	0.242757533538719	0.04
2.700424629	0.245168599447085	0.04
2.714352711	0.235800716039735	0.05
2.720992773	0.240393428181868	0.05
2.721223607	0.235800716039735	0.06
2.721339166	0.235800716039735	0.06
2.721753239	0.235800716039735	0.06
2.722090639	0.235800716039735	0.06
2.72212898	0.235800716039735	0.06
2.725138453	0.231380201433287	0.06
2.725892101	0.231380201433287	0.06
2.728457177	0.231380201433287	0.06
2.730687704	0.231380201433287	0.06
2.734951629	0.229231519913035	0.07
2.742221604	0.22712237810382	0.08
2.758261585	0.22712237810382	0.09
2.784781798	0.207985765722852	0.12
2.795646082	0.207985765722852	0.13
2.814579483	0.207985765722852	0.15
2.857457722	0.207985765722852	0.19
2.870516676	0.207985765722852	0.2
2.874914635	0.207985765722852	0.21
2.885327778	0.207985765722852	0.22
2.893176138	0.213011105263249	0.23
2.901070252	0.216599770826255	0.23
3.116410384	0.2164111873182	0.45
3.116832706	0.2164111873182	0.45
3.194633906	0.154584190665012	0.52
3.557717034	0.198182298772624	0.890000000000001
3.560201153	0.198182298772624	0.890000000000001
3.561529658	0.186040507991569	0.890000000000001
3.561648443	0.15947241948628	0.890000000000001
3.562131134	0.192301534360385	0.890000000000001
3.566965252	0.182118883807725	0.890000000000001
3.571812505	0.148986178630067	0.890000000000001
3.572497766	0.153145615944458	0.880000000000001
3.62901857	0.146336510690311	0.910000000000001
3.62939674	0.146336510690311	0.910000000000001
3.629519691	0.146336510690311	0.910000000000001
3.6300627	0.146336510690311	0.910000000000001
3.630972932	0.146336510690311	0.910000000000001
3.631023885	0.14757157407114	0.910000000000001
3.631169027	0.14757157407114	0.910000000000001
3.631970124	0.165758331239229	0.910000000000001
3.82876748	0.158181584683794	1.11
4.078052931	0.208487666024257	1.35
4.442577106	0.200737133485679	1.72
4.445571488	0.206494459782604	1.72
4.452121847	0.191823338631107	1.73
4.45272527	0.200737133485679	1.73
4.464002998	0.200737133485679	1.74
4.475601202	0.206494459782604	1.75
4.478685952	0.179681656267284	1.76
4.480518943	0.179681656267284	1.76
4.492707945	0.212591788529702	1.76
4.536342962	0.214705044972899	1.8
4.536969429	0.214705044972899	1.8
4.537444354	0.214705044972899	1.8
4.537596069	0.214705044972899	1.8
4.773228095	0.210519726513041	2.04
4.848628454	0.212591788529702	2.11
4.895921957	0.21686073664928	2.15
5.341769851	0.246567977278821	2.44999999999999
5.342582978	0.246567977278821	2.44999999999999
6.232084175	0.243957109403886	2.66999999999999
6.2338777	0.255311611076906	2.67999999999999
6.234722781	0.255311611076906	2.67999999999999
6.358499262	0.258520227944439	2.79999999999998
7	0.283456514417037	3.36999999999997
