thrs	post_p	finalwindow
0	0.124248604435178	0.23
0.03256001	0.113861675171359	0.21
0.070216248	0.0989691602166968	0.19
0.089689176	0.0852098883127105	0.21
0.093809574	0.0936392196752832	0.21
0.098963073	0.0764660859045916	0.2
0.103967892	0.0936392196752832	0.2
0.106977596	0.0758275209753287	0.19
0.115659216	0.0907283311438462	0.19
0.127200542	0.0749925087736227	0.17
0.127695348	0.0703446965402125	0.17
0.130460633	0.0852098883127105	0.17
0.148447444	0.0779987343390302	0.15
0.155752372	0.0907283311438462	0.15
0.161204767	0.0820171857381702	0.14
0.178113806	0.0907283311438462	0.13
0.178140913	0.0907283311438462	0.13
0.178358463	0.0907283311438462	0.13
0.181430774	0.0827927193453646	0.12
0.181486006	0.0827927193453646	0.12
0.181486035	0.0827927193453646	0.12
0.191788381	0.0843886341840893	0.11
0.194681585	0.0951658496531936	0.11
0.222049977	0.0870741441131396	0.09
0.222622275	0.0772248064123712	0.08
0.222656148	0.0772248064123712	0.08
0.222686318	0.0772248064123712	0.08
0.222697977	0.0757221289457733	0.08
0.222812147	0.0928941259365976	0.08
0.222924291	0.0928941259365976	0.08
0.226728961	0.0878605180211111	0.08
0.226867021	0.0878605180211111	0.08
0.226923294	0.0878605180211111	0.08
0.237068117	0.0722094150302857	0.07
0.241897099	0.0715456214901421	0.07
0.24235868	0.0715456214901421	0.07
0.242615688	0.0715456214901421	0.07
0.242875367	0.0715456214901421	0.07
0.242941212	0.0715456214901421	0.07
0.249436037	0.0472888813962393	0.07
0.254481698	0.0450968278597231	0.07
0.259750174	0.0434842736520134	0.07
0.263775407	0.0477531153136607	0.06
0.287097646	0.0463869755319998	0.06
0.296044019	0.0459488017736988	0.06
0.296839561	0.0412706639809161	0.06
0.296874128	0.0412706639809161	0.06
0.296879772	0.0412706639809161	0.06
0.296919994	0.0412706639809161	0.06
0.296960227	0.0412706639809161	0.06
0.297161557	0.0412706639809161	0.06
0.297207868	0.0412706639809161	0.06
0.297242165	0.0412706639809161	0.06
0.297345093	0.0412706639809161	0.06
0.297631463	0.0412706639809161	0.06
0.298033592	0.0412706639809161	0.06
0.298062423	0.0412706639809161	0.06
0.29855614	0.0412706639809161	0.06
0.299120783	0.0412706639809161	0.06
0.301159527	0.0409234558599934	0.06
0.301373268	0.0409234558599934	0.06
0.302452098	0.0419830602909477	0.06
0.302453753	0.0419830602909477	0.06
0.302535608	0.0419830602909477	0.06
0.302694303	0.0423485615462052	0.06
0.302757814	0.0423485615462052	0.06
0.303037639	0.0434842736520134	0.06
0.304168238	0.0419830602909477	0.06
0.305094409	0.0419830602909477	0.06
0.306047128	0.0419830602909477	0.06
0.307314933	0.0450968278597231	0.05
0.319078068	0.0463869755319998	0.04
0.320217262	0.0463869755319998	0.04
0.320290117	0.0463869755319998	0.04
0.322435043	0.0459488017736988	0.04
0.322591403	0.0459488017736988	0.04
0.322777267	0.0459488017736988	0.04
0.323165924	0.0455188285762235	0.04
0.324596864	0.0438765032348291	0.04
0.327195424	0.0438765032348291	0.04
0.330254195	0.0430989945299787	0.04
0.333944256	0.0427204827439432	0.04
0.338071632	0.0805829996491978	0.05
0.340262381	0.0805829996491978	0.05
0.343625259	0.0805829996491978	0.05
0.343706753	0.0805829996491978	0.05
0.345554528	0.0805829996491978	0.05
0.350684009	0.0805829996491978	0.06
0.356200611	0.0773783608896819	0.06
0.356206548	0.0773783608896819	0.06
0.356351443	0.0773783608896819	0.06
0.356437896	0.0773783608896819	0.06
0.356490553	0.0773783608896819	0.06
0.357086112	0.0894766604914047	0.06
0.360733393	0.0744188587582899	0.07
0.362945858	0.0744188587582899	0.07
0.363936107	0.0744188587582899	0.07
0.367161303	0.0863017218262501	0.07
0.367663989	0.0920155173440943	0.07
0.37384574	0.0958354651099181	0.08
0.381649088	0.102442977275354	0.07
0.386863037	0.114147951230659	0.06
0.386909127	0.119175168724817	0.06
0.411578949	0.140481292420388	0.04
0.412388288	0.140481292420388	0.04
0.415094538	0.116921486463773	0.04
0.415772448	0.093789675043529	0.03
0.418471182	0.120138772494797	0.03
0.423143546	0.112335632925452	0.03
0.438307149	0.130186686322189	0.01
0.440316292	0.122022328917684	0.01
0.441698853	0.122022328917684	0.01
0.441750067	0.122022328917684	0.01
0.444236336	0.106446110836369	0.01
0.444499874	0.10330632285797	0.01
0.444770984	0.100346453439458	0.01
0.445117302	0.100346453439458	0.01
0.445156208	0.100346453439458	0.01
0.445185067	0.100346453439458	0.01
0.445185068	0.100346453439458	0.01
0.445252832	0.100346453439458	0.01
0.445252833	0.100346453439458	0.01
0.445252835	0.100346453439458	0.01
0.44531318	0.100346453439458	0.01
0.445313187	0.100346453439458	0.01
0.44531319	0.100346453439458	0.01
0.445373562	0.100346453439458	0.01
0.445419149	0.100346453439458	0.01
0.445433949	0.100346453439458	0.01
0.445479567	0.100346453439458	0.01
0.445494353	0.100346453439458	0.01
0.445540001	0.100346453439458	0.01
0.445554774	0.100346453439458	0.01
0.445615211	0.100346453439458	0.01
0.445675664	0.0997747166389398	0.01
0.445849774	0.109645260180454	0.01
0.445857123	0.109645260180454	0.01
0.445970843	0.109645260180454	0.01
0.445978177	0.109645260180454	0.01
0.446038729	0.109645260180454	0.01
0.446188208	0.107822470664968	0.01
0.446319857	0.107822470664968	0.01
0.446341735	0.107822470664968	0.01
0.446351359	0.107822470664968	0.01
0.446394864	0.107822470664968	0.01
0.446465528	0.107822470664968	0.01
0.446633323	0.107822470664968	0.01
0.446888185	0.107228267863124	0.01
0.447158639	0.107228267863124	0.01
0.447533088	0.107228267863124	0.01
0.447542535	0.107228267863124	0.01
0.447649603	0.107228267863124	0.01
0.447876705	0.107228267863124	0.01
0.447928306	0.107228267863124	0.01
0.448701687	0.107228267863124	0.01
0.448791313	0.107228267863124	0.01
0.449051315	0.107228267863124	0.01
0.449715173	0.107228267863124	0.01
0.453102774	0.0980979398223503	0.01
0.453312195	0.097551468577114	0.01
0.453670383	0.097551468577114	0.01
0.45367678	0.097551468577114	0.01
0.453739439	0.097551468577114	0.01
0.453789353	0.097551468577114	0.01
0.453802119	0.097551468577114	0.01
0.453864805	0.097551468577114	0.01
0.453864814	0.097551468577114	0.01
0.453927527	0.097551468577114	0.01
0.453952078	0.097551468577114	0.01
0.453977538	0.097551468577114	0.01
0.453990257	0.097551468577114	0.01
0.454228692	0.097551468577114	0.01
0.454266222	0.0992094580158108	0.01
0.454297847	0.0992094580158108	0.01
0.454379121	0.0992094580158108	0.01
0.454423548	0.0992094580158108	0.01
0.454543029	0.0997747166389398	0.01
0.454618511	0.0997747166389398	0.01
0.454637485	0.0997747166389398	0.01
0.455665947	0.0965830108405203	0.01
0.455678249	0.097551468577114	0.01
0.455755613	0.097551468577114	0.01
0.456159276	0.100059768326582	0.02
0.456880284	0.100059768326582	0.02
0.458022431	0.0980430173382985	0.02
0.460382332	0.097551468577114	0.02
0.46331093	0.0900286685990432	0.02
0.464728436	0.0895681912755057	0.02
0.46499053	0.0891124004668718	0.02
0.472596627	0.0843886341840893	0.03
0.474072423	0.0843886341840893	0.03
0.47699163	0.0370999813567933	0.03
0.477096915	0.0370999813567933	0.03
0.478419311	0.0837029137806362	0.04
0.478888149	0.0829888998173388	0.04
0.479732593	0.0829888998173388	0.04
0.483511101	0.0766333992453849	0.04
0.483671852	0.0766333992453849	0.04
0.484225862	0.0766333992453849	0.04
0.484927676	0.078347703817685	0.04
0.489107131	0.0354119531230139	0.04
0.490830832	0.0357371572238392	0.04
0.499369323	0.0475198645765281	0.05
0.50407637	0.0776873091331755	0.06
0.508934563	0.0423485615462052	0.06
0.511690912	0.0439425637973365	0.06
0.514645345	0.0761667557680876	0.07
0.514839037	0.0764660859045916	0.07
0.514971335	0.0764660859045916	0.07
0.51502476	0.0764660859045916	0.07
0.515124567	0.0770718601743228	0.07
0.51682809	0.0434288125809716	0.07
0.518492841	0.0394840214028436	0.07
0.520735072	0.0417428778041694	0.07
0.534226929	0.0419830602909477	0.06
0.534308248	0.0412706639809161	0.06
0.534380672	0.0412706639809161	0.06
0.536755919	0.0475198645765281	0.06
0.544416783	0.0503914725798558	0.06
0.546060858	0.0578874366957846	0.05
0.55657045	0.0767677780173951	0.05
0.556645891	0.0767677780173951	0.05
0.556807604	0.0767677780173951	0.05
0.55802857	0.0767677780173951	0.05
0.562444529	0.0799210110345099	0.05
0.566766402	0.0911533730908832	0.04
0.572491616	0.0911533730908832	0.04
0.574371638	0.0749925087736227	0.04
0.57444178	0.0772248064123712	0.04
0.583655412	0.0779987343390302	0.04
0.59079165	0.0678057476320935	0.05
0.591819223	0.0678057476320935	0.05
0.593673806	0.0678057476320935	0.05
0.593673808	0.0678057476320935	0.05
0.593754277	0.0678057476320935	0.05
0.593754278	0.0678057476320935	0.05
0.59375428	0.0678057476320935	0.05
0.593824895	0.0678057476320935	0.05
0.593834769	0.0678057476320935	0.05
0.594036974	0.0678057476320935	0.05
0.594152812	0.0678057476320935	0.05
0.594237558	0.0678057476320935	0.05
0.595015574	0.0696254997062354	0.05
0.596219211	0.0772248064123712	0.04
0.596894832	0.0696254997062354	0.05
0.602148457	0.0772248064123712	0.04
0.604317115	0.0779987343390302	0.04
0.604813246	0.0779987343390302	0.04
0.604905308	0.0779987343390302	0.04
0.604905312	0.0779987343390302	0.04
0.604988853	0.0779987343390302	0.04
0.605716504	0.0772248064123712	0.04
0.605724938	0.0772248064123712	0.04
0.60631275	0.0772248064123712	0.04
0.606404306	0.0772248064123712	0.04
0.624510489	0.0779987343390302	0.04
0.635412418	0.0819404307308191	0.05
0.636066531	0.0819404307308191	0.05
0.636422142	0.0819404307308191	0.05
0.637260654	0.0819404307308191	0.05
0.638075882	0.0819404307308191	0.05
0.64559646	0.0786291357536624	0.06
0.646569798	0.0786291357536624	0.06
0.64801212	0.0786291357536624	0.06
0.648110758	0.0786291357536624	0.06
0.648827538	0.0786291357536624	0.06
0.667472678	0.0790550951768564	0.08
0.667879261	0.0790550951768564	0.08
0.667879263	0.0790550951768564	0.08
0.667969788	0.0790550951768564	0.08
0.669490645	0.0790550951768564	0.08
0.680589305	0.0726588295500957	0.09
0.68060848	0.0726588295500957	0.09
0.680786967	0.0726588295500957	0.09
0.690723937	0.0756403596935822	0.09
0.692614054	0.0762995015610451	0.09
0.7123899	0.0713270606921031	0.11
0.713541741	0.0487094750217886	0.1
0.714295462	0.0487094750217886	0.1
0.715653707	0.0487094750217886	0.1
0.715679053	0.0487094750217886	0.1
0.725979546	0.0472888813962393	0.11
0.726772429	0.0472888813962393	0.11
0.72717465	0.0472888813962393	0.11
0.735438378	0.0487094750217886	0.11
0.744518666	0.0482265543459814	0.11
0.75180067	0.0459488017736988	0.12
0.762884543	0.0482265543459814	0.12
0.763284143	0.0459488017736988	0.12
0.763387603	0.0459488017736988	0.12
0.763491091	0.0459488017736988	0.12
0.765321243	0.0430989945299787	0.12
0.766651587	0.0427204827439432	0.12
0.7676628	0.0427204827439432	0.12
0.772093843	0.0957353320347704	0.12
0.772264397	0.101893733733424	0.12
0.778829055	0.0477531153136607	0.11
0.779184816	0.0477531153136607	0.11
0.779976345	0.0280854787016519	0.11
0.786383987	0.108161246641035	0.11
0.794958533	0.114235364675957	0.1
0.797194853	0.111115357205092	0.1
0.812482547	0.101509812198117	0.08
0.828284953	0.118235998229644	0.07
0.849686346	0.120058196939853	0.05
0.861362559	0.10104526755458	0.03
0.861783488	0.106204021508656	0.03
0.866065884	0.122022328917684	0.03
0.870144812	0.121032294889182	0.03
0.874413626	0.125311997425746	0.02
0.875954975	0.122379293326133	0.02
0.877564409	0.126149911739406	0.02
0.880342154	0.121032294889182	0.02
0.882218863	0.108790701954878	0.01
0.88244613	0.112730787572236	0.01
0.883236842	0.118220321498495	0.01
0.883671839	0.117488175311541	0.01
0.884296127	0.127217400402645	0.01
0.885048106	0.126067268158455	0.01
0.885800269	0.125311997425746	0.01
0.886381245	0.125311997425746	0.01
0.889209764	0.126149911739406	0.01
0.889752182	0.125092056533191	0.01
0.889857915	0.125092056533191	0.01
0.890068113	0.124396621439022	0.01
0.890218543	0.124396621439022	0.01
0.890309475	0.124051795498529	0.01
0.890339212	0.124051795498529	0.01
0.890354074	0.124396621439022	0.01
0.890354075	0.124396621439022	0.01
0.890407894	0.124396621439022	0.01
0.890419078	0.124396621439022	0.01
0.890459913	0.124396621439022	0.01
0.890474761	0.124396621439022	0.01
0.890489605	0.124396621439022	0.01
0.890489606	0.124396621439022	0.01
0.890580647	0.124396621439022	0.01
0.890595481	0.124396621439022	0.01
0.89061031	0.124396621439022	0.01
0.890610311	0.124396621439022	0.01
0.890716233	0.124396621439022	0.01
0.890731048	0.124396621439022	0.01
0.890731049	0.124396621439022	0.01
0.890737499	0.124396621439022	0.01
0.890822213	0.124396621439022	0.01
0.890851819	0.124396621439022	0.01
0.890928251	0.124396621439022	0.01
0.890972622	0.124396621439022	0.01
0.890972623	0.124396621439022	0.01
0.891093459	0.124051795498529	0.01
0.89119957	0.124051795498529	0.01
0.891214328	0.124051795498529	0.01
0.891244043	0.124051795498529	0.01
0.891320486	0.124051795498529	0.01
0.89133523	0.124051795498529	0.01
0.891382479	0.124051795498529	0.01
0.891441435	0.124051795498529	0.01
0.891456164	0.124051795498529	0.01
0.89149835	0.124051795498529	0.01
0.891577132	0.123028693318016	0.01
0.891686849	0.123028693318016	0.01
0.891698132	0.123028693318016	0.01
0.891881522	0.123028693318016	0.01
0.892012117	0.123028693318016	0.01
0.892017347	0.123028693318016	0.01
0.89216782	0.12235594938814	0.01
0.892182462	0.12235594938814	0.01
0.892215798	0.12235594938814	0.01
0.892245091	0.122691399159272	0.01
0.89229733	0.122022328917684	0.01
0.892307805	0.122022328917684	0.01
0.892546055	0.12235594938814	0.01
0.89273031	0.12235594938814	0.01
0.892793389	0.12235594938814	0.01
0.892924751	0.124684212305917	0.01
0.892951888	0.124684212305917	0.01
0.892952212	0.124684212305917	0.01
0.893016766	0.124684212305917	0.01
0.89308003	0.124684212305917	0.01
0.893142511	0.124684212305917	0.01
0.893172464	0.124345142939133	0.01
0.893320622	0.126059185454983	0.01
0.893395592	0.126059185454983	0.01
0.89420355	0.125712606975052	0.01
0.89422449	0.125712606975052	0.01
0.894232534	0.125712606975052	0.01
0.894511483	0.125367928988247	0.01
0.894906463	0.124684212305917	0.01
0.894970751	0.124684212305917	0.01
0.895081202	0.125025135905033	0.01
0.89539422	0.125025135905033	0.01
0.895840307	0.128044857064068	0.01
0.89592425	0.128044857064068	0.01
0.89685771	0.126313106081863	0.01
0.896928207	0.125633450976255	0.01
0.89693811	0.125633450976255	0.01
0.897197773	0.126222525014339	0.01
0.897282137	0.123925604372751	0.01
0.897316929	0.122966602368133	0.01
0.89799116	0.111176700011595	0.01
0.898455429	0.107097111109499	0.01
0.898485328	0.107097111109499	0.01
0.898662437	0.106662229771152	0.01
0.898755243	0.106016489762705	0.01
0.89889623	0.105802977083593	0.01
0.898920463	0.105802977083593	0.01
0.899310528	0.10391937447656	0.01
0.899413875	0.105225017028536	0.01
0.900031532	0.103796182756863	0.01
0.900274359	0.103796182756863	0.01
0.901007608	0.0886612249897623	0.01
0.90151373	0.0835830594553838	0.01
0.901568195	0.0829888998173387	0.01
0.902162268	0.086047284106736	0.01
0.902291602	0.07697023214403	0.01
0.902860993	0.0744188587582899	0.01
0.903166806	0.0699034329176439	0.01
0.903876527	0.0660127592419562	0.01
0.904039961	0.0660127592419562	0.01
0.904508173	0.0516959873461909	0.01
0.904513058	0.0519081628596794	0.01
0.905424433	0.0514855393137561	0.01
0.906154318	0.0516959873461909	0.01
0.906197141	0.0514855393137561	0.01
0.906508268	0.0510697419852026	0.01
0.906786831	0.0510697419852026	0.01
0.906922556	0.0510697419852026	0.01
0.906983581	0.0519081628596794	0.01
0.907060652	0.0519081628596794	0.01
0.90712089	0.0519081628596794	0.01
0.907185931	0.0519081628596794	0.01
0.907198748	0.052555269640785	0.01
0.907298438	0.0407520334066324	0.01
0.907311244	0.0407520334066324	0.01
0.907324045	0.0410963265743257	0.01
0.907336843	0.0410963265743257	0.01
0.907336844	0.0410963265743257	0.01
0.907449378	0.0410963265743257	0.01
0.90746216	0.0410963265743257	0.01
0.907536422	0.0410963265743257	0.01
0.9075492	0.0410963265743257	0.01
0.907574745	0.0410963265743257	0.01
0.907587512	0.0410963265743257	0.01
0.907712898	0.0410963265743257	0.01
0.907951053	0.0410963265743257	0.01
0.907963773	0.0409234558599934	0.01
0.907963774	0.0409234558599934	0.01
0.908076559	0.0410963265743257	0.01
0.908089263	0.0410963265743257	0.01
0.908089264	0.0410963265743257	0.01
0.908151307	0.0410963265743257	0.01
0.90817671	0.0410963265743257	0.01
0.908189407	0.0410963265743257	0.01
0.908202099	0.0410963265743257	0.01
0.908289632	0.0410963265743257	0.01
0.908566283	0.0410963265743257	0.01
0.908577365	0.0410963265743257	0.01
0.908691978	0.0412706639809161	0.01
0.908729307	0.0412706639809161	0.01
0.908830322	0.0416238141731712	0.01
0.908943472	0.0416238141731712	0.01
0.908956071	0.0416238141731712	0.01
0.909094444	0.0416238141731712	0.01
0.909183517	0.0416238141731712	0.01
0.909195105	0.0416238141731712	0.01
0.909346075	0.0418026654188924	0.01
0.909409249	0.0418026654188924	0.01
0.909446878	0.0421650188600065	0.01
0.909620416	0.0421650188600065	0.01
0.909642167	0.0421650188600065	0.01
0.909838426	0.0416238141731712	0.01
0.909914657	0.0416238141731712	0.01
0.909925885	0.0416238141731712	0.01
0.910014581	0.0416238141731712	0.01
0.910051995	0.0419830602909477	0.01
0.910204731	0.0419830602909477	0.01
0.910628128	0.0421650188600065	0.01
0.911049792	0.0423485615462052	0.01
0.91113001	0.0423485615462052	0.01
0.911351929	0.0423485615462052	0.01
0.911383512	0.0419830602909477	0.01
0.911404622	0.0419830602909477	0.01
0.911518912	0.0421650188600065	0.01
0.911632099	0.0425337091267872	0.01
0.911776598	0.0425337091267872	0.01
0.912015459	0.0421650188600065	0.01
0.912707801	0.0425337091267872	0.01
0.912776305	0.0421650188600065	0.01
0.912811242	0.0501748975318618	0.01
0.913139907	0.0461867741257974	0.01
0.913244462	0.0463869755319998	0.01
0.913630289	0.0461867741257974	0.01
0.913751419	0.0461867741257974	0.01
0.914696902	0.0521937877027989	0.01
0.914870556	0.0521937877027989	0.01
0.914968567	0.0521937877027989	0.01
0.915026039	0.0521937877027989	0.01
0.915269563	0.0521937877027989	0.01
0.916024822	0.0476256045351698	0.01
0.916163647	0.0480533124264994	0.01
0.916208994	0.0472054432688537	0.01
0.916912552	0.0480533124264994	0.01
0.917248255	0.046833586714737	0.01
0.917957453	0.0475198645765281	0.01
0.918456927	0.0477531153136607	0.01
0.918483627	0.0477531153136607	0.01
0.918816837	0.0510844762117048	0.02
0.918837351	0.0510844762117048	0.02
0.919655338	0.0520607862563546	0.02
0.919822583	0.0520607862563546	0.02
0.921364075	0.0526646926353318	0.02
0.921783065	0.0532827741028663	0.02
0.922071236	0.0532827741028663	0.02
0.922455062	0.054129809190388	0.02
0.922763582	0.054129809190388	0.02
0.922787758	0.054129809190388	0.02
0.923268187	0.050660606813334	0.02
0.924160807	0.0514855393137561	0.02
0.924507726	0.0514855393137561	0.02
0.925553967	0.0487094750217886	0.02
0.926193857	0.0491193590645173	0.02
0.93064775	0.0476862389182964	0.03
0.933174706	0.0453881434229713	0.03
0.934700606	0.0467297609835706	0.03
0.938770844	0.0335785850957819	0.03
0.941112169	0.0342886702067036	0.03
0.944027825	0.031925708911255	0.03
0.949342587	0.0378211291985838	0.03
0.950306111	0.0389569958119211	0.03
0.951999424	0.0284274220718839	0.04
0.953473419	0.0306677162148971	0.04
0.954191796	0.0311588260691024	0.04
0.955603107	0.0330089326073028	0.04
0.956018846	0.0330089326073028	0.04
0.956296714	0.0341682444374613	0.04
0.956549025	0.0341682444374613	0.04
0.956766863	0.0341682444374613	0.04
0.95679317	0.0341682444374613	0.04
0.956793172	0.0341682444374613	0.04
0.957486775	0.0347789834676289	0.04
0.959665139	0.0374570845989582	0.04
0.960039043	0.0378211291985838	0.04
0.960819071	0.0378211291985838	0.04
0.960911853	0.0378211291985838	0.04
0.964446178	0.0311588260691024	0.05
0.964458654	0.0311588260691024	0.05
0.966653906	0.0341682444374613	0.05
0.966980911	0.0344709089695146	0.05
0.966980912	0.0344709089695146	0.05
0.966986309	0.0344709089695146	0.05
0.967144414	0.0344709089695146	0.05
0.967297223	0.0347789834676289	0.05
0.967297226	0.0347789834676289	0.05
0.967302571	0.0347789834676289	0.05
0.967302572	0.0347789834676289	0.05
0.967460779	0.0347789834676289	0.05
0.96746078	0.0347789834676289	0.05
0.967608447	0.0347789834676289	0.05
0.96761904	0.0347789834676289	0.05
0.967772081	0.0347789834676289	0.05
0.967925221	0.0347789834676289	0.05
0.968083686	0.0350926142902027	0.05
0.968088909	0.0350926142902027	0.05
0.968861479	0.0367496228172305	0.05
0.970442597	0.0374570845989582	0.05
0.973766743	0.027620349174128	0.06
0.981915796	0.0314103270453684	0.06
0.985118954	0.00831703905343761	0.06
1.019804062	0	0.07
1.021711423	0	0.07
1.023898132	0	0.07
1.027349785	0	0.08
1.028094642	0	0.08
1.029637844	0	0.08
1.029659545	0	0.08
1.030392053	0	0.08
1.030397618	0	0.08
1.030958443	0	0.08
1.033463082	0	0.08
1.034014818	0	0.08
1.034376329	0	0.08
1.035677928	0.0173810624132907	0.08
1.038905957	0.0190859951672975	0.08
1.041709188	0.0158259723951689	0.09
1.043349328	0.016221800699197	0.09
1.048661279	0.0176972377025544	0.09
1.049025044	0.0176972377025544	0.09
1.054783865	0.0189005965685596	0.09
1.056246636	0.0189005965685596	0.09
1.057424783	0.0173810624132907	0.1
1.067766296	0.0172271738022075	0.11
1.068277144	0.0172271738022075	0.11
1.06860264	0.0172271738022075	0.11
1.068892568	0.0172271738022075	0.11
1.070326964	0.0175377251483173	0.11
1.088762574	0.0288489079038013	0.13
1.091073782	0.0299594083677278	0.13
1.112743253	0.0286366141700215	0.15
1.113082372	0.0286366141700215	0.15
1.113233383	0.0286366141700215	0.15
1.11414031	0.0286366141700215	0.15
1.115076799	0.0290643727691128	0.15
1.125633627	0.027620349174128	0.16
1.133642817	0.0374570845989582	0.16
1.134317617	0.0378211291985838	0.16
1.136767134	0.0378211291985838	0.16
1.162829766	0.0378211291985838	0.15
1.187305519	0.0833443775818988	0.15
1.18762744	0.0826364415189551	0.15
1.192075895	0.0826364415189551	0.15
1.192725439	0.0819404307308191	0.15
1.203309389	0.0878605180211111	0.14
1.208724051	0.097551468577114	0.13
1.208769953	0.097551468577114	0.13
1.209768181	0.097551468577114	0.13
1.210085375	0.095633593117915	0.13
1.21086869	0.095633593117915	0.13
1.212614931	0.0947026593811034	0.13
1.225416562	0.095633593117915	0.13
1.226416878	0.095633593117915	0.13
1.243346642	0.097551468577114	0.12
1.245566855	0.097551468577114	0.12
1.246668032	0.0993629832912346	0.12
1.268447511	0.097551468577114	0.11
1.270253663	0.102210018109414	0.1
1.275739262	0.102210018109414	0.1
1.285172518	0.0993629832912346	0.1
1.289511656	0.0877724424323627	0.1
1.293113698	0.098448893418383	0.11
1.297280078	0.098448893418383	0.11
1.303502827	0.098448893418383	0.12
1.325958837	0.086047284106736	0.12
1.33510162	0.0965830108405203	0.12
1.335485912	0.0965830108405203	0.12
1.335508208	0.0965830108405203	0.12
1.335711503	0.0965830108405203	0.12
1.335892556	0.0965830108405203	0.12
1.33625481	0.0965830108405203	0.12
1.33638917	0.0965830108405203	0.12
1.336595099	0.095633593117915	0.12
1.336979907	0.095633593117915	0.12
1.337529375	0.095633593117915	0.12
1.337887386	0.093789675043529	0.12
1.340005107	0.093789675043529	0.12
1.342315002	0.093789675043529	0.12
1.343443085	0.093789675043529	0.12
1.346883901	0.0965830108405203	0.12
1.350085516	0.0965830108405203	0.11
1.360533959	0.0965830108405203	0.12
1.360981621	0.0965830108405203	0.12
1.361338457	0.0965830108405203	0.12
1.361545683	0.0965830108405203	0.12
1.361952473	0.0965830108405203	0.12
1.368578346	0.109439690250204	0.12
1.369020462	0.109439690250204	0.12
1.370127164	0.109439690250204	0.12
1.377139612	0.110475321157889	0.11
1.377274175	0.110475321157889	0.11
1.379222918	0.110475321157889	0.11
1.385801753	0.114821559933374	0.11
1.434752614	0.107425606432528	0.1
1.436494579	0.107425606432528	0.11
1.440102642	0.107425606432528	0.11
1.450462129	0.103611941848536	0.12
1.450674974	0.103611941848536	0.12
1.450928234	0.103611941848536	0.12
1.454003033	0.103611941848536	0.12
1.454856842	0.103611941848536	0.12
1.45657643	0.103611941848536	0.13
1.457818346	0.103611941848536	0.13
1.484067531	0.100059768326582	0.15
1.484117024	0.100059768326582	0.15
1.485393153	0.101804878923223	0.15
1.485917469	0.0992094580158108	0.16
1.488337206	0.100059768326582	0.16
1.494140559	0.100059768326582	0.16
1.502972103	0.100059768326582	0.17
1.506038743	0.100059768326582	0.18
1.511734415	0.100059768326582	0.18
1.511964569	0.100059768326582	0.18
1.512194724	0.100059768326582	0.18
1.512821455	0.100059768326582	0.18
1.515375804	0.101804878923223	0.18
1.517647523	0.097551468577114	0.19
1.523536021	0.097551468577114	0.19
1.558319819	0.160810168915041	0.23
1.558531046	0.160810168915041	0.23
1.561070241	0.162881202994248	0.22
1.595407686	0.172145156696817	0.19
1.611568792	0.171973558693421	0.17
1.707257935	0.23190631900665	0.08
1.718627381	0.220239782113889	0.07
1.730827961	0.201642366500822	0.06
1.758275756	0.227882523008226	0.03
1.777374698	0.247182346461737	0.01
1.778615293	0.233971978758534	0.01
1.77861633	0.233971978758534	0.01
1.780627841	0.214835895510879	0.01
1.780657572	0.214835895510879	0.01
1.780839524	0.213093051604257	0.01
1.780928629	0.213093051604257	0.01
1.78092863	0.213093051604257	0.01
1.781081012	0.213093051604257	0.01
1.781170031	0.213093051604257	0.01
1.781170032	0.213093051604257	0.01
1.781381862	0.213093051604257	0.01
1.781411499	0.213093051604257	0.01
1.781623424	0.213093051604257	0.01
1.781653031	0.213093051604257	0.01
1.7818108	0.213093051604257	0.01
1.781835463	0.213093051604257	0.01
1.781894629	0.213093051604257	0.01
1.782136293	0.213093051604257	0.01
1.782378022	0.209690841700158	0.01
1.782531315	0.209690841700158	0.01
1.782590324	0.209690841700158	0.01
1.782619816	0.209690841700158	0.01
1.783044725	0.209690841700158	0.01
1.783286774	0.209690841700158	0.01
1.783345594	0.209690841700158	0.01
1.78377107	0.209690841700158	0.01
1.783829774	0.209690841700158	0.01
1.783925287	0.209690841700158	0.01
1.78446873	0.209690841700158	0.01
1.784506241	0.209690841700158	0.01
1.784933025	0.208030153462943	0.01
1.785009515	0.208030153462943	0.01
1.785497332	0.206395562840654	0.01
1.785988286	0.206395562840654	0.01
1.786357195	0.206395562840654	0.01
1.787927091	0.189764417982854	0.01
1.788266632	0.189764417982854	0.01
1.788780487	0.198708920066293	0.01
1.788872102	0.198708920066293	0.01
1.78918715	0.198708920066293	0.01
1.789358594	0.198708920066293	0.01
1.789747139	0.198708920066293	0.01
1.790737455	0.190838195038605	0.01
1.792147241	0.205615609123857	0.02
1.794856772	0.192015251153785	0.02
1.795172249	0.184068153260067	0.02
1.796645824	0.173792580700594	0.02
1.796669094	0.173792580700594	0.02
1.796696941	0.173792580700594	0.02
1.808733518	0.15478296965936	0.03
1.809599251	0.15478296965936	0.03
1.812688451	0.0921607961162867	0.03
1.813240824	0.0936392196752832	0.03
1.813716026	0.0894019106968353	0.03
1.813793197	0.0901550762026251	0.03
1.814069384	0.0901550762026251	0.03
1.814345569	0.0901550762026251	0.03
1.814596154	0.0690081590190857	0.03
1.814621756	0.0690081590190857	0.03
1.814621757	0.0690081590190857	0.03
1.814846808	0.0690081590190857	0.03
1.814872379	0.0690081590190857	0.03
1.815039963	0.0702539854427736	0.03
1.815123071	0.0702539854427736	0.03
1.815169565	0.0702539854427736	0.03
1.815322808	0.0702539854427736	0.03
1.815373832	0.0702539854427736	0.03
1.815624663	0.0708939207855571	0.03
1.815850116	0.0708939207855571	0.03
1.815875562	0.0708939207855571	0.03
1.816374833	0.0546364660983647	0.03
1.816377569	0.0546364660983647	0.03
1.817382419	0.0536324626445528	0.03
1.817633804	0.0536324626445528	0.03
1.819217405	0.149577225378836	0.04
1.819395454	0.149577225378836	0.04
1.819410514	0.149577225378836	0.04
1.81989941	0.149577225378836	0.04
1.820606159	0.149577225378836	0.04
1.82134289	0.104539745606595	0.04
1.822065256	0.0928941259365976	0.04
1.823267442	0.0900286685990432	0.04
1.823345161	0.0831501039787126	0.04
1.824280416	0.0879327114485365	0.04
1.824985083	0.0678057476320935	0.04
1.828541204	0.056214988887053	0.04
1.828939845	0.0573190055875724	0.04
1.829051906	0.0573190055875724	0.04
1.829613575	0.144710252163431	0.05
1.835137623	0.0649753885770963	0.05
1.836263396	0.0499601761317997	0.05
1.83758722	0.0503914725798558	0.05
1.837659261	0.0503914725798558	0.05
1.839735229	0.0573190055875724	0.05
1.842215909	0.0904271485640487	0.06
1.844053766	0.0838012323786518	0.06
1.846490238	0.0503914725798558	0.06
1.860714054	0.0573190055875724	0.07
1.876458705	0.0578874366957846	0.07
1.877534086	0.0573190055875724	0.07
1.917919203	0.056214988887053	0.11
1.932723098	0.0374570845989582	0.12
1.933588634	0.0378211291985838	0.12
1.938309591	0.0526646926353318	0.13
1.938319698	0.0526646926353318	0.13
1.940502926	0.0360683896806759	0.13
1.945075766	0.0672201195101232	0.14
1.947078383	0.0672201195101232	0.14
1.956133657	0.0672201195101232	0.15
1.95745413	0.0672201195101232	0.15
2.03833515	0.0706365527441089	0.23
2.045755957	0.0487094750217886	0.23
2.04617014	0.0701273822308503	0.24
2.057190684	0.0701273822308503	0.25
2.058810915	0.0706365527441089	0.25
2.060706206	0.0573190055875724	0.25
2.077371996	0.0701273822308503	0.27
2.077653506	0.0701273822308503	0.27
2.07768814	0.0701273822308503	0.27
2.080200147	0.0573190055875724	0.27
2.112854786	0.0568999547599541	0.3
2.114638141	0.0427204827439432	0.3
2.116340052	0.068642981557539	0.31
2.117539144	0.068642981557539	0.31
2.119081815	0.0691307498077178	0.31
2.122322709	0.0560799699201288	0.31
2.130868897	0.0560799699201288	0.32
2.201956234	0.055678776694387	0.39
2.21647999	0.0681620482091225	0.41
2.22607531	0.0477531153136607	0.41
2.226678687	0.0487094750217886	0.41
2.273953022	0.15427162454421	0.4
2.36737444	0.197526650463562	0.32
2.396315913	0.203427064853416	0.31
2.416816988	0.166872403733296	0.31
2.57811595	0.183953665347114	0.15
2.634889835	0.197526650463562	0.1
2.63880046	0.182141036985868	0.09
2.644514931	0.197526650463562	0.09
2.64482266	0.197526650463562	0.09
2.65353762	0.189906889574709	0.08
2.664122924	0.199455052439624	0.07
2.669724846	0.183953665347114	0.06
2.67074212	0.191778679782154	0.06
2.670831293	0.191778679782154	0.06
2.671148642	0.191778679782154	0.06
2.671237545	0.191778679782154	0.06
2.671237705	0.191778679782154	0.06
2.671599486	0.191778679782154	0.06
2.671599646	0.191778679782154	0.06
2.671872794	0.191778679782154	0.06
2.672323822	0.191778679782154	0.06
2.673366554	0.191778679782154	0.06
2.674201502	0.199455052439624	0.06
2.674498542	0.199455052439624	0.06
2.674640938	0.199455052439624	0.06
2.674817434	0.199455052439624	0.06
2.67498819	0.197526650463562	0.06
2.675753192	0.197526650463562	0.06
2.675906626	0.197526650463562	0.06
2.677404052	0.197526650463562	0.06
2.679543675	0.183953665347114	0.05
2.681604422	0.191778679782154	0.05
2.684222358	0.199455052439624	0.05
2.690995907	0.188418182394888	0.06
2.692790444	0.199455052439624	0.05
2.697875326	0.193687735357528	0.05
2.714352711	0.195635180361491	0.06
2.716197088	0.195635180361491	0.06
2.721339166	0.195635180361491	0.06
2.721714851	0.195635180361491	0.06
2.721753239	0.195635180361491	0.06
2.72212898	0.195635180361491	0.06
2.725138453	0.195635180361491	0.07
2.725892101	0.195635180361491	0.07
2.727362573	0.195635180361491	0.07
2.728042156	0.195635180361491	0.07
2.728457177	0.195635180361491	0.07
2.730687704	0.195635180361491	0.07
2.733911556	0.195635180361491	0.07
2.734951629	0.193687735357528	0.08
2.741703646	0.193687735357528	0.08
2.742221604	0.193687735357528	0.08
2.744776734	0.193687735357528	0.09
2.814579483	0.169175421913131	0.15
2.857457722	0.167556698387049	0.19
2.885327778	0.167556698387049	0.22
2.893176138	0.179400997155497	0.23
2.901070252	0.151764754250005	0.23
3.017087015	0.159906519587352	0.35
3.116832706	0.158890886559883	0.45
3.153761559	0.173328132088578	0.49
3.190582361	0.160543910383349	0.52
3.194633906	0.159400239428863	0.53
3.479484296	0.162881202994248	0.81
3.557717034	0.161752816964667	0.890000000000001
3.561529658	0.137064809159313	0.890000000000001
3.561648443	0.127744621001361	0.890000000000001
3.563861522	0.162881202994248	0.890000000000001
3.565454716	0.153793435308185	0.890000000000001
3.566965252	0.15670788007429	0.890000000000001
3.567214517	0.15670788007429	0.890000000000001
3.572123566	0.15478296965936	0.890000000000001
3.572497766	0.15478296965936	0.890000000000001
3.575584373	0.151764754250005	0.890000000000001
3.579984214	0.151764754250005	0.890000000000001
3.62939674	0.145069895044449	0.910000000000001
3.629519691	0.145069895044449	0.910000000000001
3.6300627	0.145069895044449	0.910000000000001
3.630972932	0.145069895044449	0.910000000000001
3.631023885	0.145069895044449	0.910000000000001
3.631970124	0.138200601179822	0.920000000000001
3.639968026	0.140868746253085	0.920000000000001
3.707141358	0.140868746253085	0.990000000000001
3.82876748	0.14606819377891	1.11
3.963711323	0.143377326538856	1.25
4.442577106	0.183953665347114	1.72
4.452121847	0.178620875917186	1.73
4.45272527	0.183953665347114	1.73
4.453932605	0.183953665347114	1.73
4.464002998	0.183953665347114	1.74
4.478685952	0.162881202994248	1.76
4.480518943	0.162881202994248	1.76
4.492707945	0.186270824240008	1.77
4.536969429	0.195635180361491	1.81
4.537444354	0.162881202994248	1.82
4.550359745	0.161529013261618	1.83
4.773228095	0.184504510088033	2.05
4.848628454	0.161529013261618	2.13
5.342582978	0.209690841700158	2.44999999999999
5.343307119	0.20478645944574	2.45999999999999
5.346842194	0.209690841700158	2.45999999999999
5.443653327	0.214835895510879	2.43999999999999
5.445157132	0.214835895510879	2.42999999999999
6.232084175	0.252350759660246	2.66999999999999
6.2338777	0.235018669960304	2.67999999999999
6.234722781	0.235018669960304	2.67999999999999
6.358499262	0.24150090445489	2.79999999999998
7	0.235748805323266	3.36999999999997
