thrs	post_p	finalwindow
0	0.13819744352091	0.23
0.03256001	0.132578281145903	0.2
0.070216248	0.132578281145903	0.17
0.082355146	0.129079336765719	0.16
0.089689176	0.116754061090536	0.16
0.093809574	0.118164443042437	0.15
0.098963073	0.118164443042437	0.15
0.106977596	0.114031946135664	0.15
0.127200542	0.0867326786614184	0.17
0.127695348	0.0906033671009199	0.17
0.128068503	0.104475916675711	0.17
0.129609166	0.111433871137087	0.17
0.129730945	0.111433871137087	0.17
0.130460633	0.108951546673967	0.17
0.14705261	0.0875085887041363	0.15
0.148427326	0.104475916675711	0.15
0.148447444	0.104475916675711	0.15
0.148782099	0.0995677347811131	0.15
0.155752372	0.106169139396032	0.15
0.161204767	0.106577405857741	0.14
0.172569069	0.105286870761937	0.13
0.178113806	0.106221306363989	0.12
0.178140913	0.106221306363989	0.12
0.178189211	0.106221306363989	0.12
0.178358463	0.106221306363989	0.12
0.181486035	0.108148500390612	0.12
0.186084933	0.106851332384474	0.12
0.191788381	0.109766608060123	0.11
0.205298456	0.113409794710839	0.1
0.206482242	0.112641587570469	0.1
0.222049977	0.110851039898019	0.08
0.222622275	0.107245107615615	0.08
0.222656148	0.107245107615615	0.08
0.222686318	0.107245107615615	0.08
0.222812147	0.107245107615615	0.08
0.222924291	0.114031946135664	0.08
0.226728961	0.108951546673967	0.08
0.226867021	0.108951546673967	0.08
0.226923294	0.108951546673967	0.08
0.226957829	0.108951546673967	0.08
0.227081991	0.110593956234804	0.08
0.230426372	0.0856359039644259	0.07
0.241897099	0.0855602432154469	0.07
0.242615688	0.0544096789077052	0.06
0.242875367	0.0629074959497372	0.06
0.242941212	0.0629074959497372	0.06
0.243116147	0.0612201734315215	0.06
0.249436037	0.0596210021721219	0.06
0.256650521	0.0629074959497372	0.05
0.259750174	0.0623348146987999	0.05
0.272151172	0.0617724662424336	0.05
0.287097646	0.067231149306362	0.05
0.296044019	0.0685778285123522	0.05
0.296839561	0.0685778285123522	0.05
0.296839653	0.0685778285123522	0.05
0.296874128	0.0685778285123522	0.05
0.296879772	0.0685778285123522	0.05
0.29691506	0.0685778285123522	0.05
0.296960227	0.0685778285123522	0.05
0.297161557	0.0685778285123522	0.05
0.29723727	0.0685778285123522	0.05
0.297242165	0.0685778285123522	0.05
0.297631463	0.0685778285123522	0.05
0.298033592	0.0685778285123522	0.05
0.298062423	0.0685778285123522	0.05
0.298682719	0.0685778285123522	0.05
0.299120783	0.0685778285123522	0.05
0.29926506	0.0685778285123522	0.05
0.299931082	0.0581032500593076	0.06
0.300128238	0.0581032500593076	0.06
0.300638986	0.0581032500593076	0.06
0.301159527	0.0576143601621309	0.06
0.302406093	0.0678978120868341	0.05
0.30240618	0.0678978120868341	0.05
0.302443572	0.0678978120868341	0.05
0.302452098	0.0678978120868341	0.05
0.302531356	0.0678978120868341	0.05
0.302844832	0.0678978120868341	0.05
0.303037639	0.0678978120868341	0.05
0.303062807	0.0678978120868341	0.05
0.304168238	0.0678978120868341	0.05
0.305094409	0.0678978120868341	0.05
0.306047128	0.0678978120868341	0.05
0.308759935	0.0646904650643044	0.05
0.322066605	0.0653074619518398	0.04
0.322591403	0.0653074619518398	0.04
0.323537089	0.0634907974236774	0.04
0.323808824	0.0634907974236774	0.04
0.324596864	0.0629074959497372	0.04
0.327195424	0.0629074959497372	0.04
0.328591896	0.0617724662424336	0.04
0.330254195	0.0617724662424336	0.04
0.334029253	0.0617724662424336	0.04
0.338071632	0.0741028067834479	0.05
0.340262381	0.0722776697412925	0.05
0.343625259	0.0722776697412925	0.05
0.343706753	0.0722776697412925	0.05
0.351815198	0.0688844497969957	0.06
0.356200611	0.0688844497969957	0.06
0.356206548	0.0688844497969957	0.06
0.356437896	0.0678230862628428	0.06
0.356490553	0.0678230862628428	0.06
0.357086112	0.0816640590935905	0.06
0.357959666	0.0776142869766322	0.06
0.360733393	0.0643527002263663	0.07
0.362945858	0.0643527002263663	0.07
0.363236679	0.0643527002263663	0.07
0.363936107	0.0643527002263663	0.07
0.367161303	0.0773585364075901	0.07
0.367663989	0.0732549745914062	0.07
0.381649088	0.0842555633239833	0.07
0.382008897	0.0834985010682994	0.07
0.386909127	0.088654177243386	0.06
0.387745392	0.0873349669019493	0.06
0.389222512	0.0860544416866742	0.06
0.389299853	0.0860544416866742	0.06
0.395214438	0.0859017736371518	0.06
0.403209246	0.0940633546920504	0.05
0.411578949	0.103491397671033	0.04
0.415094538	0.0954244020989881	0.04
0.416416237	0.0568700063109513	0.03
0.419019267	0.0922540898999301	0.03
0.423143546	0.096890198387908	0.03
0.428769674	0.0980325748945472	0.02
0.438815006	0.103204058149523	0.01
0.440249622	0.108242361462456	0.01
0.440316292	0.108242361462456	0.01
0.441698853	0.108242361462456	0.01
0.444770984	0.0935896880550003	0.01
0.445049535	0.0935896880550003	0.01
0.445117302	0.0980325748945472	0.01
0.445156208	0.0980325748945472	0.01
0.445185067	0.0975437897784279	0.01
0.445185068	0.0975437897784279	0.01
0.445245414	0.0975437897784279	0.01
0.44525283	0.0975437897784279	0.01
0.445252832	0.0975437897784279	0.01
0.445252833	0.0975437897784279	0.01
0.445252835	0.0975437897784279	0.01
0.445305777	0.0975437897784279	0.01
0.44531318	0.0975437897784279	0.01
0.445313188	0.0975437897784279	0.01
0.44531319	0.0975437897784279	0.01
0.445373562	0.0975437897784279	0.01
0.445433949	0.0975437897784279	0.01
0.445494353	0.0970598545931198	0.01
0.445540001	0.0970598545931198	0.01
0.445554774	0.0956364373624888	0.01
0.445653547	0.0956364373624888	0.01
0.445675664	0.0956364373624888	0.01
0.445691925	0.0999403622210364	0.01
0.445736134	0.0999403622210364	0.01
0.445849774	0.103701378875404	0.01
0.445857123	0.103701378875404	0.01
0.445978177	0.103701378875404	0.01
0.446038729	0.103701378875404	0.01
0.446188208	0.102711484659554	0.01
0.446319857	0.102711484659554	0.01
0.446341735	0.102711484659554	0.01
0.446351359	0.102711484659554	0.01
0.446465528	0.102711484659554	0.01
0.44656991	0.102711484659554	0.01
0.446633323	0.102711484659554	0.01
0.446772341	0.102711484659554	0.01
0.446888185	0.10174031006626	0.01
0.446967543	0.10174031006626	0.01
0.447158639	0.10174031006626	0.01
0.447533088	0.10174031006626	0.01
0.447649603	0.100317502144607	0.01
0.448701687	0.102967891430403	0.01
0.448791313	0.102967891430403	0.01
0.449051315	0.103441310701074	0.01
0.449552291	0.102967891430403	0.01
0.451750007	0.104401330392745	0.01
0.452986292	0.102967891430403	0.01
0.453312195	0.101573281810654	0.01
0.453607731	0.101573281810654	0.01
0.45367678	0.101573281810654	0.01
0.453789353	0.101573281810654	0.01
0.453802119	0.101573281810654	0.01
0.453864805	0.101573281810654	0.01
0.453864814	0.101573281810654	0.01
0.453927527	0.101573281810654	0.01
0.453952078	0.101573281810654	0.01
0.453990257	0.101573281810654	0.01
0.454115767	0.101573281810654	0.01
0.454159539	0.101573281810654	0.01
0.454172215	0.101573281810654	0.01
0.454228692	0.101573281810654	0.01
0.454266222	0.101573281810654	0.01
0.454278877	0.101573281810654	0.01
0.454291524	0.101573281810654	0.01
0.454423548	0.101573281810654	0.01
0.454543029	0.101573281810654	0.01
0.454618511	0.101573281810654	0.01
0.454637485	0.101573281810654	0.01
0.455078808	0.103919103394059	0.01
0.455180191	0.10587524324762	0.01
0.455439212	0.140177863872502	0.01
0.455550168	0.144788698235615	0.01
0.455678249	0.157761738814475	0.01
0.455755613	0.166724848146338	0.01
0.455804735	0.166724848146338	0.01
0.456159276	0.166910787466889	0.01
0.456880284	0.0980325748945472	0.02
0.45760535	0.0976072677642242	0.02
0.457901934	0.0976072677642242	0.02
0.458619789	0.0967676292512242	0.02
0.459124851	0.0967676292512242	0.02
0.460382332	0.0971856350203775	0.02
0.462114195	0.0976072677642242	0.02
0.46331093	0.0976072677642242	0.02
0.473676694	0.0916434425357622	0.03
0.474072423	0.0916434425357622	0.03
0.47699163	0.0623348146987999	0.03
0.478409458	0.0659363416098904	0.03
0.478888149	0.0685778285123522	0.03
0.479732593	0.0587681574041603	0.03
0.479936634	0.0587681574041603	0.03
0.483511101	0.0870346512766635	0.04
0.483671852	0.0870346512766635	0.04
0.484225862	0.0870346512766635	0.04
0.484458594	0.0870346512766635	0.04
0.484927676	0.0877132885057168	0.04
0.48628356	0.11537694997554	0.04
0.486776039	0.0705402770803178	0.04
0.489107131	0.0617724662424336	0.04
0.490830832	0.0534192336084826	0.04
0.50407637	0.0834048238059999	0.06
0.508934563	0.0567783122539688	0.06
0.514553924	0.0819491228239503	0.07
0.514742139	0.0819491228239503	0.07
0.514839037	0.0825252626702132	0.07
0.514971335	0.0825252626702132	0.07
0.51502476	0.0825252626702132	0.07
0.515124567	0.0843033357935045	0.07
0.516063638	0.106965884467438	0.07
0.518492841	0.0544096789077052	0.07
0.534226929	0.0725755900755616	0.08
0.534308248	0.0763521695862259	0.08
0.534380672	0.0763521695862259	0.08
0.534888196	0.0753716504118928	0.07
0.539174229	0.0642353142920548	0.07
0.543234343	0.0642353142920548	0.07
0.544416783	0.065857070094654	0.07
0.55657045	0.0768520585803851	0.07
0.556645891	0.0768520585803851	0.07
0.556807604	0.0776142869766322	0.07
0.55802857	0.0776142869766322	0.07
0.559788571	0.078391786589194	0.07
0.562444529	0.0617028852978438	0.08
0.566766402	0.0746526302215371	0.07
0.568776608	0.0706109991489645	0.07
0.572491616	0.0699795599903294	0.07
0.579525048	0.0642353142920548	0.07
0.591193432	0.0699795599903294	0.06
0.591819223	0.0699795599903294	0.06
0.593402747	0.0699795599903294	0.06
0.593673806	0.0699795599903294	0.06
0.593673808	0.0699795599903294	0.06
0.593754277	0.0699795599903294	0.06
0.593754278	0.0699795599903294	0.06
0.593824895	0.0699795599903294	0.06
0.593834769	0.0699795599903294	0.06
0.594036974	0.0699795599903294	0.06
0.594152812	0.0699795599903294	0.06
0.594237558	0.0712539372611768	0.06
0.595015574	0.0653074619518398	0.06
0.595196772	0.0653074619518398	0.06
0.595887104	0.0653074619518398	0.06
0.596219211	0.0653074619518398	0.06
0.596894832	0.0653074619518398	0.06
0.602148457	0.0685778285123522	0.05
0.602674298	0.0685778285123522	0.05
0.604813246	0.0685778285123522	0.05
0.604905308	0.0685778285123522	0.05
0.60490531	0.0685778285123522	0.05
0.604988853	0.0685778285123522	0.05
0.606051871	0.0685778285123522	0.05
0.606824709	0.0665774506523921	0.06
0.607971158	0.0640850173093954	0.06
0.624510489	0.0739471988201891	0.06
0.635412418	0.0776142869766322	0.05
0.636066531	0.0776142869766322	0.05
0.63624959	0.0776142869766322	0.05
0.636422142	0.0776142869766322	0.05
0.637031954	0.0776142869766322	0.05
0.637881775	0.0776142869766322	0.05
0.638075882	0.0776142869766322	0.05
0.641599528	0.0768520585803851	0.05
0.644129804	0.0732549745914062	0.06
0.64559646	0.0732549745914062	0.06
0.646569798	0.0732549745914062	0.06
0.64801212	0.0732549745914062	0.06
0.648110758	0.0732549745914062	0.06
0.648827538	0.0732549745914062	0.06
0.65703705	0.0747318431820493	0.07
0.667879263	0.0734842715040735	0.08
0.667969788	0.0734842715040735	0.08
0.669490645	0.0734842715040735	0.08
0.678915807	0.0648265658615377	0.09
0.680589305	0.0648265658615377	0.09
0.68060848	0.0648265658615377	0.09
0.680702493	0.0648265658615377	0.09
0.690723937	0.0794530119279333	0.09
0.696262833	0.0747318431820493	0.1
0.697379755	0.0760225075011739	0.1
0.712401774	0.0747318431820493	0.11
0.713541741	0.0753716504118928	0.11
0.714295462	0.0753716504118928	0.11
0.715679053	0.0391616648627374	0.11
0.719314887	0.0734842715040735	0.12
0.725869057	0.0387735903626195	0.12
0.725979546	0.0387735903626195	0.12
0.726772429	0.0705402770803178	0.13
0.72717465	0.0716891070383212	0.13
0.744518666	0.037295272789034	0.13
0.75180067	0.0383931316809656	0.12
0.756100951	0.0383931316809656	0.12
0.756122282	0.0383931316809656	0.12
0.763387603	0.0359255425078488	0.12
0.763491091	0.0359255425078488	0.12
0.765321243	0.0359255425078488	0.12
0.772093843	0.0689924160346695	0.12
0.778829055	0.0853276162401179	0.12
0.779184816	0.0849044025492653	0.12
0.779976345	0.0846943661222535	0.12
0.786383987	0.0865521070772114	0.11
0.793117932	0.0823515718959742	0.1
0.794958533	0.0908057652803163	0.1
0.8034392	0.0883483502752648	0.09
0.812482547	0.0712539372611768	0.08
0.817085993	0.0895974459202259	0.08
0.828284953	0.090858386578776	0.07
0.849686346	0.0885822390385043	0.05
0.861362559	0.0767802454845788	0.03
0.864973627	0.0955610912692458	0.03
0.866065884	0.0937877404341807	0.03
0.867661243	0.0915231826151944	0.03
0.874413626	0.0967810571749901	0.02
0.875954975	0.0946661116727121	0.02
0.877564409	0.0923594593026628	0.02
0.87832845	0.0920790074900951	0.02
0.880342154	0.0888417645581629	0.02
0.882218863	0.072192998367495	0.01
0.88244613	0.0745879444125592	0.01
0.882485476	0.0745879444125592	0.01
0.883236842	0.0905761284679008	0.01
0.883671839	0.0935085031206296	0.01
0.887670141	0.0955610912692458	0.01
0.889752182	0.0943714988588873	0.01
0.889857915	0.0943714988588873	0.01
0.890218543	0.0934985611088271	0.01
0.890218544	0.0934985611088271	0.01
0.890228158	0.0934985611088271	0.01
0.890309475	0.0926416247199511	0.01
0.890354074	0.093211159577271	0.01
0.890354075	0.093211159577271	0.01
0.890407894	0.093211159577271	0.01
0.890419078	0.093211159577271	0.01
0.890459913	0.093211159577271	0.01
0.890474761	0.093211159577271	0.01
0.890489605	0.093211159577271	0.01
0.890489606	0.093211159577271	0.01
0.890580647	0.093211159577271	0.01
0.890595481	0.093211159577271	0.01
0.89061031	0.093211159577271	0.01
0.890610311	0.093211159577271	0.01
0.89068659	0.093211159577271	0.01
0.890701414	0.093211159577271	0.01
0.890716233	0.093211159577271	0.01
0.890731048	0.093211159577271	0.01
0.890731049	0.093211159577271	0.01
0.890737499	0.093211159577271	0.01
0.890837018	0.093211159577271	0.01
0.890851819	0.093211159577271	0.01
0.890928251	0.093211159577271	0.01
0.890957836	0.093211159577271	0.01
0.890972622	0.093211159577271	0.01
0.890972623	0.093211159577271	0.01
0.891093459	0.0923594593026628	0.01
0.89119957	0.0923594593026628	0.01
0.891214328	0.0923594593026628	0.01
0.891246709	0.0923594593026628	0.01
0.891320486	0.0923594593026628	0.01
0.89133523	0.0923594593026628	0.01
0.891441435	0.0923594593026628	0.01
0.891456164	0.0923594593026628	0.01
0.891562417	0.0918002537192942	0.01
0.891577132	0.0915231826151944	0.01
0.891686849	0.0915231826151944	0.01
0.891698132	0.0915231826151944	0.01
0.891793338	0.0915231826151944	0.01
0.891881522	0.0915231826151944	0.01
0.892017347	0.0915231826151944	0.01
0.89206133	0.0915231826151944	0.01
0.892182462	0.0915231826151944	0.01
0.892215798	0.0915231826151944	0.01
0.892245091	0.0920790074900951	0.01
0.89229733	0.0918002537192942	0.01
0.892307805	0.0918002537192942	0.01
0.89273031	0.093211159577271	0.01
0.892793389	0.093211159577271	0.01
0.892924751	0.0929255194956806	0.01
0.892951888	0.0926416247199511	0.01
0.892952212	0.0926416247199511	0.01
0.893016766	0.0926416247199511	0.01
0.893142511	0.0926416247199511	0.01
0.893172464	0.0918002537192942	0.01
0.893352088	0.0923594593026628	0.01
0.894189143	0.0923594593026628	0.01
0.89420355	0.0923594593026628	0.01
0.894232534	0.0923594593026628	0.01
0.894690708	0.0912477789877916	0.01
0.895300675	0.0912477789877916	0.01
0.895638516	0.0928011017216222	0.01
0.895840307	0.0928011017216222	0.01
0.89592425	0.0928011017216222	0.01
0.896329745	0.0914455574572807	0.01
0.89685771	0.0911791868614915	0.01
0.89693811	0.0911791868614915	0.01
0.897131294	0.0952256965824446	0.01
0.897197773	0.0941474410708819	0.01
0.897316929	0.0910543722180541	0.01
0.898155973	0.0786619561726412	0.01
0.898455429	0.077242182382766	0.01
0.898485328	0.077242182382766	0.01
0.898662437	0.0768952109546695	0.01
0.898755243	0.0757049788387465	0.01
0.898920463	0.0752060845123651	0.01
0.899974537	0.0720410887616806	0.01
0.900113547	0.0715891716881014	0.01
0.900307304	0.0718898171144728	0.01
0.901007608	0.0600458028403418	0.01
0.90151373	0.0548454886829503	0.01
0.901568195	0.0550660221543889	0.01
0.902291602	0.0548793018640029	0.01
0.902919093	0.0551171665898783	0.01
0.902932441	0.0553571022579096	0.01
0.903166806	0.0349625009608099	0.01
0.903685884	0.0262167658852687	0.01
0.904508173	0.0175528300768625	0.01
0.905424433	0.0167992075248209	0.01
0.905541598	0.0167992075248209	0.01
0.906154318	0.0170184107776142	0.01
0.906197141	0.016944710166427	0.01
0.906508268	0.016944710166427	0.01
0.907060652	0.016944710166427	0.01
0.90712089	0.016944710166427	0.01
0.907185931	0.0170927553075985	0.01
0.907198748	0.0171677522322391	0.01
0.907298438	0.0171677522322391	0.01
0.907311244	0.0171677522322391	0.01
0.907324045	0.0172434101768072	0.01
0.907336843	0.0172434101768072	0.01
0.907336844	0.0172434101768072	0.01
0.907449378	0.0172434101768072	0.01
0.90746216	0.0172434101768072	0.01
0.907536422	0.0172434101768072	0.01
0.907574745	0.0172434101768072	0.01
0.907587512	0.0172434101768072	0.01
0.907674633	0.0172434101768072	0.01
0.907712898	0.0172434101768072	0.01
0.907951053	0.0172434101768072	0.01
0.908089263	0.0171677522322391	0.01
0.908089264	0.0171677522322391	0.01
0.908151307	0.0171677522322391	0.01
0.90817671	0.0172434101768072	0.01
0.908202099	0.0172434101768072	0.01
0.908289632	0.0170184107776142	0.01
0.908453284	0.0170184107776142	0.01
0.908566283	0.0170184107776142	0.01
0.908577365	0.0170184107776142	0.01
0.908691978	0.0170927553075985	0.01
0.908729307	0.0170927553075985	0.01
0.908816452	0.0171677522322391	0.01
0.908855181	0.0171677522322391	0.01
0.908943472	0.0173197379192924	0.01
0.908956071	0.0173197379192924	0.01
0.909183517	0.0170927553075985	0.01
0.909195105	0.0170927553075985	0.01
0.909207673	0.0170927553075985	0.01
0.909270732	0.0170927553075985	0.01
0.909308419	0.0170927553075985	0.01
0.909346075	0.0170927553075985	0.01
0.909620416	0.0170927553075985	0.01
0.909838426	0.016944710166427	0.01
0.909896599	0.016944710166427	0.01
0.909914657	0.016944710166427	0.01
0.910014581	0.0170184107776142	0.01
0.910051995	0.0170184107776142	0.01
0.910204731	0.0171677522322391	0.01
0.910267	0.0171677522322391	0.01
0.910467776	0.017396744393798	0.01
0.911049792	0.017631927966043	0.01
0.911062134	0.017631927966043	0.01
0.911351929	0.017631927966043	0.01
0.911404622	0.0174744386940272	0.01
0.911747931	0.0177117419559404	0.01
0.911776598	0.0177117419559404	0.01
0.912488931	0.017631927966043	0.01
0.912776305	0.0175528300768625	0.01
0.912811242	0.0218451764286155	0.01
0.912967277	0.0220420765519103	0.01
0.913139907	0.0220420765519103	0.01
0.913244462	0.0223441732515544	0.01
0.913630289	0.0220420765519103	0.01
0.913751419	0.0221418636995827	0.01
0.914018042	0.0221418636995827	0.01
0.914870556	0.0349625009608099	0.01
0.914968567	0.0349625009608099	0.01
0.914983658	0.0349625009608099	0.01
0.915026039	0.0349625009608099	0.01
0.915269563	0.0349625009608099	0.01
0.915559183	0.031288078298809	0.01
0.916163647	0.0314317021885705	0.01
0.916208994	0.0320196301250012	0.01
0.916688985	0.0321700648655202	0.01
0.917957453	0.0310750867398974	0.01
0.918238351	0.034049743209969	0.01
0.918456927	0.0346528592145969	0.01
0.918483627	0.0346528592145969	0.01
0.919120121	0.0338859188256287	0.02
0.919655338	0.0338859188256287	0.02
0.919822583	0.0338859188256287	0.02
0.921364075	0.0351019028229985	0.02
0.921783065	0.035526859004638	0.02
0.922071236	0.035526859004638	0.02
0.922763582	0.0356708068503484	0.02
0.922787758	0.0356708068503484	0.02
0.923268187	0.0364084053408142	0.02
0.923473233	0.0364084053408142	0.02
0.924160807	0.036109735490139	0.02
0.924412009	0.036109735490139	0.02
0.924507726	0.036109735490139	0.02
0.924627878	0.0367120570973953	0.02
0.927872541	0.0335246117399315	0.02
0.929379518	0.046628785659891	0.02
0.93220206	0.0313517487658859	0.03
0.933174706	0.0320362755817307	0.03
0.934071327	0.0321532801260279	0.03
0.934700606	0.0323898720613617	0.03
0.938446291	0.0264530922867302	0.03
0.938770844	0.0279656402058777	0.03
0.944027825	0.0373665062786058	0.03
0.947518522	0.0437116459137024	0.03
0.949342587	0.046628785659891	0.03
0.950306111	0.047535158699352	0.03
0.954119877	0.0482724116496611	0.04
0.955603107	0.0535585123383068	0.04
0.955985355	0.0535585123383068	0.04
0.956018846	0.0535585123383068	0.04
0.956296714	0.0544096789077052	0.04
0.956766863	0.0557383936699111	0.04
0.956780018	0.0557383936699111	0.04
0.957016096	0.0557383936699111	0.04
0.957077957	0.0557383936699111	0.04
0.957486775	0.0557383936699111	0.04
0.958321379	0.0576143601621309	0.04
0.959642592	0.0601446948374544	0.04
0.959665139	0.0606776689408088	0.04
0.959857154	0.0612201734315215	0.04
0.960819071	0.0612201734315215	0.04
0.960911853	0.0612201734315215	0.04
0.964458654	0.0482724116496611	0.05
0.966653906	0.0544096789077052	0.05
0.966980911	0.0557383936699111	0.05
0.966980912	0.0557383936699111	0.05
0.966986309	0.0557383936699111	0.05
0.967297223	0.0557383936699111	0.05
0.967302572	0.0557383936699111	0.05
0.967460779	0.0557383936699111	0.05
0.96746078	0.0557383936699111	0.05
0.967608447	0.0557383936699111	0.05
0.96761904	0.0557383936699111	0.05
0.967619041	0.0557383936699111	0.05
0.967772081	0.0557383936699111	0.05
0.967925221	0.0557383936699111	0.05
0.968083686	0.0561958382604705	0.05
0.968861479	0.0586005079692274	0.05
0.969035555	0.0586005079692274	0.05
0.969666194	0.0606776689408088	0.05
0.970292984	0.0612201734315215	0.05
0.970442597	0.0612201734315215	0.05
0.973766743	0.0559661812397282	0.05
0.97801719	0.0279656402058777	0.05
0.978183481	0.0277016504406685	0.05
0.981915796	0.0259846246756002	0.05
0.985118954	0.0174744386940272	0.05
0.9860103	0.0174744386940272	0.05
1.022530753	0.0244680278800267	0.07
1.023898132	0.0244680278800267	0.07
1.027042278	0.0274425980831552	0.07
1.028094642	0.0285090075570359	0.07
1.029078227	0.0290739083587486	0.07
1.029271857	0.0290739083587486	0.07
1.029637844	0.0290739083587486	0.07
1.030392053	0.0244680278800267	0.08
1.030397618	0.0244680278800267	0.08
1.031531241	0.0244680278800267	0.08
1.032104884	0.0244680278800267	0.08
1.0327094	0.0244680278800267	0.08
1.034854243	0.0240666974051202	0.08
1.041709188	0.0310750867398974	0.09
1.043349328	0.0310750867398974	0.09
1.044012776	0.0305892073129725	0.09
1.054783865	0.0391616648627374	0.09
1.056246636	0.0391616648627374	0.09
1.058571278	0.0359255425078488	0.1
1.067971123	0.0349625009608099	0.11
1.068277144	0.0349625009608099	0.11
1.06860264	0.0355986874102067	0.11
1.068892568	0.0355986874102067	0.11
1.070326964	0.037295272789034	0.11
1.088407982	0.0407948852643852	0.13
1.088762574	0.0407948852643852	0.13
1.113233383	0.0515427202382879	0.14
1.11414031	0.0587681574041603	0.13
1.115076799	0.0587681574041603	0.13
1.125633627	0.0387735903626195	0.13
1.127882011	0.0387735903626195	0.13
1.133642817	0.0387735903626195	0.12
1.133988353	0.0387735903626195	0.12
1.162829766	0.0355986874102067	0.14
1.183360064	0.0315766507328877	0.16
1.187305519	0.0407948852643852	0.15
1.187446683	0.0407948852643852	0.15
1.18762744	0.0401255182669405	0.15
1.192009701	0.0388505887377219	0.15
1.203309389	0.0394777627614596	0.14
1.208724051	0.0359255425078488	0.13
1.209751115	0.0359255425078488	0.13
1.209825949	0.0359255425078488	0.13
1.210085375	0.0349625009608099	0.13
1.224141399	0.034049743209969	0.12
1.225416562	0.034049743209969	0.12
1.243346642	0.0279656402058777	0.1
1.245566855	0.0274425980831552	0.1
1.246668032	0.0274425980831552	0.1
1.248955951	0.0271883458999735	0.1
1.252855937	0.0282347098936764	0.09
1.265568721	0.0282347098936764	0.08
1.268447511	0.0274425980831552	0.09
1.270060331	0.0274425980831552	0.09
1.270253663	0.0274425980831552	0.09
1.270604589	0.0269387616968712	0.09
1.275739262	0.0385444156598794	0.09
1.278899002	0.0343486539405479	0.09
1.285172518	0.0266937180895212	0.08
1.297280078	0.0287886870586533	0.08
1.302603198	0.0287886870586533	0.08
1.325958837	0.0293648378201404	0.1
1.33510162	0.0293648378201404	0.1
1.335485912	0.0293648378201404	0.1
1.335508208	0.0293648378201404	0.1
1.335711503	0.0293648378201404	0.1
1.335892556	0.0293648378201404	0.1
1.336051433	0.0293648378201404	0.1
1.33638917	0.0293648378201404	0.1
1.336595099	0.0293648378201404	0.1
1.336665633	0.0293648378201404	0.1
1.337161305	0.0293648378201404	0.1
1.337524247	0.0293648378201404	0.1
1.337529375	0.0293648378201404	0.1
1.337777279	0.0293648378201404	0.1
1.338686534	0.0293648378201404	0.1
1.340005107	0.0293648378201404	0.1
1.342315002	0.0293648378201404	0.1
1.342368518	0.0293648378201404	0.1
1.343443085	0.0285090075570359	0.11
1.346883901	0.0285090075570359	0.11
1.360533959	0.0285090075570359	0.12
1.360774481	0.0285090075570359	0.12
1.360981621	0.0285090075570359	0.12
1.36116959	0.0285090075570359	0.12
1.361338457	0.0285090075570359	0.12
1.361545683	0.0285090075570359	0.12
1.361952473	0.0285090075570359	0.12
1.362110213	0.0285090075570359	0.12
1.362279458	0.0285090075570359	0.12
1.364721715	0.0271883458999735	0.12
1.368578346	0.0453322322992155	0.12
1.370127164	0.046628785659891	0.12
1.373967278	0.0470776100424349	0.12
1.377139612	0.0480016885016056	0.11
1.377274175	0.0480016885016056	0.11
1.385801753	0.0461884383839849	0.12
1.418305639	0.047535158699352	0.1
1.450462129	0.0453322322992155	0.12
1.450674974	0.0453322322992155	0.12
1.450928234	0.0453322322992155	0.12
1.484067531	0.043324443476841	0.15
1.484117024	0.043324443476841	0.15
1.485393153	0.0437116459137024	0.15
1.485917469	0.0429440405702494	0.16
1.488337206	0.043324443476841	0.16
1.494140559	0.0429440405702494	0.16
1.502972103	0.0429440405702494	0.17
1.506038743	0.0429440405702494	0.18
1.511734415	0.0429440405702494	0.18
1.511964569	0.0429440405702494	0.18
1.515375804	0.043324443476841	0.18
1.516740221	0.0429440405702494	0.19
1.517647523	0.0425702596464957	0.19
1.519065464	0.0425702596464957	0.19
1.523536021	0.0425702596464957	0.19
1.561070241	0.131391078281682	0.22
1.56916589	0.176413552372773	0.22
1.595407686	0.187098764525275	0.19
1.595579044	0.1856194480678	0.19
1.652341299	0.204390302916581	0.14
1.707257935	0.216573706846935	0.09
1.730827961	0.238956930368694	0.06
1.745720251	0.224210777197582	0.05
1.75282717	0.236732686291443	0.04
1.758275756	0.220326081749323	0.04
1.77492366	0.236732686291443	0.02
1.777374698	0.226204951785534	0.02
1.778615293	0.228234917869175	0.02
1.780115455	0.255779319890995	0.01
1.780627841	0.255779319890995	0.01
1.780657572	0.255779319890995	0.01
1.780839524	0.250735997867726	0.01
1.780928629	0.250735997867726	0.01
1.78092863	0.250735997867726	0.01
1.781140367	0.250735997867726	0.01
1.781170031	0.250735997867726	0.01
1.781170032	0.250735997867726	0.01
1.781381862	0.250735997867726	0.01
1.781411498	0.250735997867726	0.01
1.781411499	0.250735997867726	0.01
1.781623424	0.250735997867726	0.01
1.781653031	0.250735997867726	0.01
1.781835463	0.250735997867726	0.01
1.781894629	0.250735997867726	0.01
1.782136292	0.248288189935187	0.01
1.782136293	0.248288189935187	0.01
1.782531315	0.245887713336937	0.01
1.782590324	0.245887713336937	0.01
1.782619816	0.245887713336937	0.01
1.783044725	0.245887713336937	0.01
1.783286774	0.245887713336937	0.01
1.783345594	0.245887713336937	0.01
1.783587651	0.245887713336937	0.01
1.78377107	0.245887713336937	0.01
1.783829774	0.245887713336937	0.01
1.784013316	0.245887713336937	0.01
1.784314217	0.245887713336937	0.01
1.785497332	0.241223367056739	0.01
1.785988286	0.236732686291443	0.01
1.786357195	0.236732686291443	0.01
1.788872102	0.218433780399959	0.01
1.78918715	0.218433780399959	0.01
1.789358594	0.218433780399959	0.01
1.789747139	0.218433780399959	0.01
1.790033715	0.218433780399959	0.01
1.790737455	0.221661919564619	0.01
1.79204453	0.228843404860207	0.02
1.792147241	0.228843404860207	0.02
1.794856772	0.207237698516011	0.02
1.795643534	0.187968593187319	0.02
1.796669094	0.18122829984632	0.02
1.796696941	0.18122829984632	0.02
1.801889818	0.133429306723725	0.02
1.809599251	0.17144759256721	0.03
1.814069384	0.110851039898019	0.03
1.814345569	0.112817940974456	0.03
1.814596154	0.112817940974456	0.03
1.814621756	0.112817940974456	0.03
1.814621757	0.112817940974456	0.03
1.814846808	0.112817940974456	0.03
1.814872379	0.112817940974456	0.03
1.815123071	0.112817940974456	0.03
1.815169565	0.112817940974456	0.03
1.815373832	0.112817940974456	0.03
1.815624663	0.113827800801349	0.03
1.815875562	0.113827800801349	0.03
1.816101116	0.0816640590935905	0.03
1.816374833	0.0840016884761502	0.03
1.81637757	0.0840016884761502	0.03
1.816879855	0.0832077493314285	0.03
1.817382419	0.0832077493314285	0.03
1.817633804	0.0832077493314285	0.03
1.818036082	0.0832077493314285	0.03
1.818363245	0.0832077493314285	0.03
1.819410514	0.0882100344455013	0.03
1.81989941	0.167012383827113	0.04
1.820606159	0.167880972467214	0.04
1.82134289	0.147209764667807	0.04
1.822065256	0.119095343602652	0.04
1.823345161	0.0995677347811131	0.04
1.824985083	0.109893085751758	0.04
1.829051906	0.0840016884761502	0.04
1.829613575	0.0864770906325538	0.04
1.830016016	0.0873349669019493	0.04
1.835137623	0.106221306363989	0.05
1.836263396	0.0766847032000128	0.05
1.837659261	0.0787423644142547	0.05
1.839735229	0.0832077493314285	0.05
1.842215909	0.0882100344455013	0.05
1.844053766	0.0882100344455013	0.05
1.846490238	0.0787423644142547	0.06
1.860668056	0.0840016884761502	0.07
1.860714054	0.0840016884761502	0.07
1.872927722	0.0794530119279333	0.08
1.876458705	0.0824286774477486	0.08
1.917919203	0.0840016884761502	0.11
1.932723098	0.0875085887041363	0.12
1.933588634	0.0875085887041363	0.12
1.93486401	0.0913727567054256	0.13
1.937910579	0.0891028152459842	0.13
1.938309591	0.0891028152459842	0.13
1.938319698	0.0891028152459842	0.13
1.947078383	0.0941030434236484	0.14
1.956133657	0.0941030434236484	0.15
1.959079535	0.0941030434236484	0.15
1.961031557	0.0869429226067982	0.15
2.03833515	0.11537694997554	0.23
2.039242563	0.11537694997554	0.23
2.045755957	0.121436869961156	0.23
2.049316864	0.114625834013344	0.24
2.057670659	0.114625834013344	0.25
2.058434493	0.114625834013344	0.25
2.058810915	0.114625834013344	0.25
2.060706206	0.108951546673967	0.25
2.067556414	0.114625834013344	0.26
2.077371996	0.114625834013344	0.27
2.080200147	0.108951546673967	0.27
2.117539144	0.127525979967773	0.3
2.119081815	0.112430040195623	0.31
2.122322709	0.106851332384474	0.31
2.130868897	0.106851332384474	0.32
2.175983465	0.118054743495039	0.36
2.201956234	0.104830556728345	0.39
2.21647999	0.120288166180868	0.4
2.22342495	0.104830556728345	0.41
2.225736601	0.112817940974456	0.41
2.22607531	0.113827800801349	0.41
2.226678687	0.119160990551644	0.41
2.226980498	0.121436869961156	0.41
2.230993963	0.108951546673967	0.42
2.244892022	0.184163340852565	0.43
2.268175967	0.214308260764617	0.41
2.287430653	0.224483742821995	0.39
2.36737444	0.25789265272328	0.31
2.401471639	0.277113857493562	0.29
2.416816988	0.293483270347497	0.29
2.57811595	0.238956930368694	0.15
2.634889835	0.248288189935187	0.09
2.644514931	0.248288189935187	0.08
2.64482266	0.248288189935187	0.08
2.65353762	0.255779319890995	0.07
2.664122924	0.255779319890995	0.06
2.669724846	0.245887713336937	0.06
2.670697515	0.245887713336937	0.06
2.67074212	0.245887713336937	0.06
2.671148642	0.245887713336937	0.06
2.671193019	0.245887713336937	0.06
2.671193179	0.245887713336937	0.06
2.671237545	0.245887713336937	0.06
2.671237705	0.245887713336937	0.06
2.671599486	0.245887713336937	0.06
2.671599646	0.245887713336937	0.06
2.671872794	0.245887713336937	0.06
2.671961685	0.245887713336937	0.06
2.672323822	0.245887713336937	0.06
2.67300408	0.255779319890995	0.05
2.673410821	0.255779319890995	0.05
2.674498542	0.255779319890995	0.05
2.67498819	0.255779319890995	0.05
2.675753192	0.253232550954547	0.05
2.675906626	0.250735997867726	0.05
2.678640892	0.245887713336937	0.05
2.679543675	0.245887713336937	0.05
2.679587204	0.245887713336937	0.05
2.68050645	0.245887713336937	0.05
2.681604422	0.245887713336937	0.05
2.684222358	0.259886544504754	0.05
2.690797174	0.24343996574714	0.04
2.690995907	0.24343996574714	0.04
2.692790444	0.24343996574714	0.04
2.700424629	0.255398793237137	0.04
2.703341222	0.250553024805239	0.04
2.714352711	0.236380644107559	0.05
2.716197088	0.236380644107559	0.05
2.720992773	0.233651632314226	0.05
2.721223607	0.24819844789357	0.06
2.721339166	0.24819844789357	0.06
2.721714851	0.24819844789357	0.06
2.721753239	0.24819844789357	0.06
2.72212898	0.24819844789357	0.06
2.722504826	0.24819844789357	0.06
2.725138453	0.229719200023087	0.06
2.725892101	0.229719200023087	0.06
2.727362573	0.229719200023087	0.06
2.728042156	0.229719200023087	0.06
2.733911556	0.241392962741448	0.07
2.734951629	0.227581376066788	0.07
2.741703646	0.241392962741448	0.08
2.767264537	0.227581376066788	0.1
2.784781798	0.221400161321726	0.12
2.795646082	0.221400161321726	0.13
2.874914635	0.217462572396459	0.21
2.884109016	0.230843590900303	0.22
2.885327778	0.217462572396459	0.22
3.017087015	0.209993140927558	0.35
3.116832706	0.225136998409051	0.45
3.153761559	0.179422310934214	0.48
3.190582361	0.239206651307222	0.52
3.194633906	0.179422310934214	0.52
3.560201153	0.182954748216451	0.880000000000001
3.561529658	0.175010764114732	0.880000000000001
3.561648443	0.196494692668477	0.890000000000001
3.562131134	0.199703956446474	0.890000000000001
3.565454716	0.174762610461606	0.890000000000001
3.567214517	0.179339867072209	0.890000000000001
3.568359469	0.179339867072209	0.890000000000001
3.571210711	0.173801498382893	0.890000000000001
3.571812505	0.176945413118079	0.890000000000001
3.572123566	0.176945413118079	0.890000000000001
3.579984214	0.152468058743779	0.880000000000001
3.62901857	0.16362608561591	0.920000000000001
3.629519691	0.16362608561591	0.920000000000001
3.6300627	0.16362608561591	0.920000000000001
3.630972932	0.162031742990738	0.920000000000001
3.631169027	0.162031742990738	0.920000000000001
3.631970124	0.162031742990738	0.920000000000001
3.639968026	0.166910787466889	0.920000000000001
3.707141358	0.166910787466889	0.990000000000001
3.778072999	0.166910787466889	1.06
3.82876748	0.165252115720444	1.11
4.078052931	0.252452454641892	1.36
4.445571488	0.243774684774114	1.73
4.452121847	0.23965573625826	1.74
4.453328856	0.23965573625826	1.74
4.453932605	0.23965573625826	1.74
4.459832487	0.245887713336937	1.74
4.478685952	0.243774684774114	1.76
4.492707945	0.233731847280478	1.78
4.536342962	0.237648021701699	1.82
4.536969429	0.237648021701699	1.82
4.550359745	0.233731847280478	1.83
4.895921957	0.231821765175518	2.18
5.341769851	0.301220031364958	2.45999999999999
5.342582978	0.301220031364958	2.45999999999999
5.343129076	0.301220031364958	2.45999999999999
5.343307119	0.301220031364958	2.45999999999999
5.346842194	0.301220031364958	2.46999999999999
5.443653327	0.30852828163492	2.42999999999999
5.445157132	0.30852828163492	2.42999999999999
6.232084175	0.33832905216861	2.66999999999999
6.244676548	0.348820150327233	2.67999999999999
6.35095118	0.324097636448769	2.78999999999998
6.358499262	0.332747830490898	2.79999999999998
7	0.295389182670006	3.36999999999997
