thrs	post_p	finalwindow
0	0.115997518207477	0.23
0.070216248	0.114366863511049	0.17
0.082355146	0.0944505460490263	0.17
0.089689176	0.0944505460490263	0.16
0.093809574	0.0955599597590181	0.15
0.098963073	0.0955599597590181	0.15
0.103967892	0.0944505460490263	0.15
0.113424721	0.0902590568370803	0.15
0.115659216	0.0902590568370803	0.15
0.127200542	0.0846258197807435	0.16
0.127695348	0.0846258197807435	0.16
0.128068503	0.0846258197807435	0.16
0.129609166	0.0846258197807435	0.16
0.130460633	0.0846258197807435	0.16
0.148427326	0.0832404353217662	0.15
0.148447444	0.0832404353217662	0.15
0.148782099	0.0818996797019299	0.15
0.151339737	0.0806014305923973	0.15
0.155752372	0.0846258197807435	0.15
0.172569069	0.0870401939062919	0.13
0.178113806	0.0832404353217662	0.12
0.178140913	0.0832404353217662	0.12
0.178358463	0.0832404353217662	0.12
0.181824923	0.0806014305923973	0.12
0.186084933	0.0840430106746867	0.12
0.191788381	0.0812453691802882	0.11
0.194681585	0.0876654677220154	0.11
0.205298456	0.0909316113891821	0.1
0.206482242	0.0895963780285302	0.1
0.222049977	0.0766524479918422	0.08
0.222622275	0.0846258197807435	0.08
0.22265244	0.0846258197807435	0.08
0.222656148	0.0846258197807435	0.08
0.222686318	0.0846258197807435	0.08
0.222697977	0.0839274108272533	0.08
0.222716495	0.0839274108272533	0.08
0.226694446	0.0806014305923973	0.08
0.226728961	0.0806014305923973	0.08
0.226867021	0.0806014305923973	0.08
0.226923294	0.0806014305923973	0.08
0.226957829	0.0806014305923973	0.08
0.227081991	0.0806014305923973	0.08
0.227177477	0.0806014305923973	0.08
0.237068117	0.0682881786669275	0.07
0.241897099	0.067719752594584	0.07
0.24235868	0.067719752594584	0.07
0.242875367	0.0402479905967844	0.06
0.242941212	0.0402479905967844	0.06
0.243116147	0.0398536644673552	0.06
0.249436037	0.0383507135655187	0.06
0.254481698	0.0390877469770643	0.06
0.256228734	0.0406501979073432	0.05
0.256650521	0.0394669901210367	0.06
0.272151172	0.0390877469770643	0.05
0.287097646	0.0369570008783265	0.06
0.295749179	0.0369570008783265	0.06
0.296044019	0.0369570008783265	0.06
0.296834617	0.0350465480799254	0.06
0.296839561	0.0350465480799254	0.06
0.296879772	0.0350465480799254	0.06
0.296919994	0.0350465480799254	0.06
0.296960227	0.0350465480799254	0.06
0.297156652	0.0344528797716356	0.06
0.297161557	0.0344528797716356	0.06
0.297207868	0.0344528797716356	0.06
0.29723727	0.0344528797716356	0.06
0.297242165	0.0344528797716356	0.06
0.297631463	0.0344528797716356	0.06
0.29855614	0.0341635245719227	0.06
0.298682719	0.0341635245719227	0.06
0.29926506	0.0341635245719227	0.06
0.302406093	0.0359764296874613	0.06
0.302452098	0.0359764296874613	0.06
0.302453753	0.0359764296874613	0.06
0.302531356	0.0359764296874613	0.06
0.302694303	0.0359764296874613	0.06
0.303037639	0.0369570008783265	0.06
0.305094409	0.037295845243021	0.06
0.306047128	0.037295845243021	0.06
0.306464617	0.0366242580919727	0.06
0.307314933	0.0362974535476657	0.06
0.319078068	0.0376409605680487	0.05
0.320217262	0.0376409605680487	0.05
0.320290117	0.0376409605680487	0.05
0.322066605	0.0376409605680487	0.05
0.322435043	0.0383507135655187	0.05
0.322591403	0.0383507135655187	0.05
0.322777267	0.0383507135655187	0.05
0.323097253	0.0406501979073432	0.04
0.323537089	0.0398536644673552	0.04
0.323808824	0.0398536644673552	0.04
0.324596864	0.0398536644673552	0.04
0.327195424	0.0402479905967844	0.04
0.334029253	0.0394669901210367	0.04
0.338071632	0.0453649581312335	0.05
0.340262381	0.0430599202559225	0.05
0.343625259	0.0430599202559225	0.05
0.343706753	0.0430599202559225	0.05
0.345554528	0.0426983296104152	0.05
0.350684009	0.0423427612240234	0.06
0.356200611	0.0416490992862841	0.06
0.356206548	0.0416490992862841	0.06
0.356351443	0.0416490992862841	0.06
0.356490553	0.0413107217868519	0.06
0.357086112	0.0466125652771675	0.06
0.357959666	0.0390877469770643	0.07
0.360733393	0.0384958882457626	0.07
0.362945858	0.0384958882457626	0.07
0.363236679	0.0384958882457626	0.07
0.366130409	0.0390877469770643	0.07
0.367161303	0.0445696726854365	0.07
0.367663989	0.0287676306365873	0.07
0.37384574	0.0822452604799144	0.08
0.381649088	0.0766524479918422	0.07
0.382008897	0.0762930347933132	0.07
0.386863037	0.0803285710849905	0.06
0.387745392	0.0855753159588384	0.06
0.389222512	0.0814623079416175	0.06
0.389299853	0.0814623079416175	0.06
0.389825341	0.0855153486692007	0.06
0.395214438	0.085695503203379	0.06
0.403209246	0.0897611337973233	0.05
0.415094538	0.0976239999936802	0.04
0.415772448	0.0799676192583878	0.03
0.416416237	0.0963434078318528	0.03
0.419019267	0.09669574552491	0.03
0.423143546	0.103590663520418	0.03
0.428769674	0.103741629372936	0.02
0.438307149	0.113681962064617	0.01
0.440249622	0.116218458865687	0.01
0.441698853	0.116218458865687	0.01
0.444499874	0.103240112759143	0.01
0.445049535	0.102661104204236	0.01
0.445156208	0.107749958343278	0.01
0.445185067	0.107749958343278	0.01
0.445185068	0.107749958343278	0.01
0.445245414	0.107749958343278	0.01
0.44525283	0.107749958343278	0.01
0.445252832	0.107749958343278	0.01
0.445252833	0.107749958343278	0.01
0.445252835	0.107749958343278	0.01
0.445305777	0.107749958343278	0.01
0.44531318	0.107749958343278	0.01
0.445313187	0.107749958343278	0.01
0.44531319	0.107749958343278	0.01
0.445373562	0.107749958343278	0.01
0.445479567	0.107152416169585	0.01
0.445494353	0.107152416169585	0.01
0.445540001	0.107152416169585	0.01
0.445554774	0.106561464949031	0.01
0.445615211	0.106561464949031	0.01
0.445653547	0.106561464949031	0.01
0.445675664	0.105398903932666	0.01
0.445691925	0.120043087214078	0.01
0.445736134	0.120043087214078	0.01
0.445917642	0.124818518437684	0.01
0.445978177	0.124818518437684	0.01
0.446188208	0.12350040541591	0.01
0.446341735	0.12350040541591	0.01
0.446351359	0.12350040541591	0.01
0.446394864	0.12350040541591	0.01
0.446455777	0.12350040541591	0.01
0.446633323	0.122851733760278	0.01
0.446888185	0.122851733760278	0.01
0.446967543	0.122851733760278	0.01
0.447533088	0.122851733760278	0.01
0.447876705	0.122851733760278	0.01
0.448701687	0.141200432170782	0.01
0.448791313	0.141200432170782	0.01
0.449051315	0.141200432170782	0.01
0.449552291	0.141200432170782	0.01
0.449715173	0.141200432170782	0.01
0.451750007	0.141930310550198	0.01
0.452986292	0.141200432170782	0.01
0.453312195	0.141200432170782	0.01
0.45367678	0.141200432170782	0.01
0.453739439	0.141200432170782	0.01
0.453782962	0.141200432170782	0.01
0.453789353	0.141200432170782	0.01
0.453802119	0.141200432170782	0.01
0.453864805	0.141200432170782	0.01
0.453864814	0.141200432170782	0.01
0.453927527	0.141200432170782	0.01
0.453990257	0.141200432170782	0.01
0.454053004	0.141200432170782	0.01
0.454131662	0.141200432170782	0.01
0.454172215	0.141200432170782	0.01
0.454228692	0.141200432170782	0.01
0.454266222	0.141200432170782	0.01
0.454278877	0.141200432170782	0.01
0.454297847	0.141200432170782	0.01
0.454379121	0.141200432170782	0.01
0.454423548	0.141200432170782	0.01
0.454618511	0.141930310550198	0.01
0.455078808	0.143412940639811	0.01
0.455439212	0.146152076443318	0.01
0.455550168	0.153961567412174	0.01
0.455665947	0.164197591750209	0.01
0.455678249	0.172383891265145	0.01
0.455755613	0.134294329640417	0.02
0.456133439	0.134294329640417	0.02
0.456159276	0.134294329640417	0.02
0.456455968	0.134294329640417	0.02
0.458022431	0.1323523269301	0.02
0.458619789	0.131717414108688	0.02
0.460382332	0.131088563737952	0.02
0.462114195	0.1323523269301	0.02
0.472596627	0.123427992708032	0.03
0.473676694	0.123427992708032	0.03
0.474072423	0.123427992708032	0.03
0.47699163	0.122160741976592	0.03
0.477096915	0.122160741976592	0.03
0.478409458	0.128078220395594	0.03
0.478419311	0.128078220395594	0.03
0.479732593	0.115146231610596	0.04
0.483511101	0.11612015919782	0.04
0.483671852	0.11612015919782	0.04
0.484225862	0.11612015919782	0.04
0.484927676	0.116613327472086	0.04
0.485999254	0.128738514008759	0.04
0.48628356	0.115339707961752	0.04
0.486776039	0.114597001610751	0.04
0.489107131	0.117806421893015	0.04
0.489424331	0.115743628245639	0.04
0.490830832	0.10973884642742	0.04
0.511690912	0.0944505460490263	0.06
0.514645345	0.106648601638938	0.07
0.514839037	0.106648601638938	0.07
0.514971335	0.106648601638938	0.07
0.515124567	0.107483563304844	0.07
0.51682809	0.0947648841041701	0.07
0.518492841	0.0923072441381288	0.07
0.518564452	0.0923072441381288	0.07
0.520735072	0.0902590568370803	0.07
0.529143364	0.0175283916712374	0.07
0.534380672	0.0175283916712374	0.07
0.534453117	0.0175283916712374	0.07
0.534888196	0.0508041451058373	0.07
0.536755919	0.0197399853266732	0.06
0.543234343	0.0201307450178935	0.06
0.544416783	0.0534756650867894	0.07
0.55657045	0.0670816010474325	0.05
0.556645891	0.0670816010474325	0.05
0.556807604	0.0670816010474325	0.05
0.55802857	0.0646448974424832	0.05
0.566766402	0.0683701623071437	0.05
0.568776608	0.0711017289976923	0.05
0.572491616	0.0618371455206236	0.06
0.583655412	0.0711017289976923	0.05
0.586308239	0.0646448974424832	0.06
0.59079165	0.0711017289976923	0.05
0.593402747	0.0711017289976923	0.05
0.593573546	0.0711017289976923	0.05
0.593673806	0.0711017289976923	0.05
0.593754277	0.0711017289976923	0.05
0.593754278	0.0711017289976923	0.05
0.593824895	0.0711017289976923	0.05
0.593834769	0.0711017289976923	0.05
0.593915284	0.0711017289976923	0.05
0.594036974	0.0711017289976923	0.05
0.594237558	0.0711017289976923	0.05
0.594318181	0.0711017289976923	0.05
0.595015574	0.0664553643593523	0.06
0.595196772	0.0664553643593523	0.06
0.595887104	0.0664553643593523	0.06
0.596219211	0.0664553643593523	0.06
0.596894832	0.067719752594584	0.06
0.597117526	0.067719752594584	0.06
0.602148457	0.0690331868083987	0.05
0.604317115	0.0690331868083987	0.05
0.604813246	0.0690331868083987	0.05
0.604905308	0.0690331868083987	0.05
0.604988853	0.0690331868083987	0.05
0.605716504	0.0690331868083987	0.05
0.605724938	0.0690331868083987	0.05
0.606051871	0.0690331868083987	0.05
0.606824709	0.0711017289976923	0.05
0.607971158	0.0711017289976923	0.05
0.608756287	0.0629304607180486	0.06
0.61827716	0.0670816010474325	0.05
0.630942519	0.0658407119251078	0.05
0.635412418	0.0664553643593523	0.05
0.636066531	0.0664553643593523	0.05
0.63624959	0.0664553643593523	0.05
0.636422142	0.0690331868083987	0.05
0.637260654	0.0690331868083987	0.05
0.638075882	0.0690331868083987	0.05
0.641599528	0.0697091966906196	0.05
0.648110758	0.0658407119251078	0.06
0.648827538	0.0658407119251078	0.06
0.659386285	0.0568948633531594	0.07
0.667472678	0.0559997172349383	0.08
0.667879261	0.0559997172349383	0.08
0.667879263	0.0559997172349383	0.08
0.667969788	0.0559997172349383	0.08
0.671132308	0.0573532544452845	0.08
0.680589305	0.0490537098408699	0.09
0.680786967	0.0490537098408699	0.09
0.689921535	0.0664553643593523	0.09
0.690723937	0.0664553643593523	0.09
0.692614054	0.0670816010474325	0.09
0.712354258	0.0658407119251078	0.11
0.7123899	0.0658407119251078	0.11
0.712401774	0.0658407119251078	0.11
0.713541741	0.0658407119251078	0.11
0.71365913	0.0658407119251078	0.11
0.714295462	0.0658407119251078	0.11
0.717816093	0.0646448974424832	0.12
0.725609694	0.0602665933200978	0.13
0.725979546	0.0613046111778885	0.13
0.726772429	0.0602665933200978	0.13
0.72717465	0.0623790128610433	0.13
0.735438378	0.0564437414674852	0.14
0.744518666	0.0597606556219622	0.14
0.75180067	0.102661104204236	0.14
0.756100951	0.115567663643065	0.14
0.756122282	0.115567663643065	0.14
0.762884543	0.107873355787117	0.13
0.763491091	0.119246854522742	0.13
0.765321243	0.117897777766901	0.13
0.766651587	0.117013056533769	0.13
0.772093843	0.10623596664174	0.12
0.778829055	0.116141514542814	0.12
0.779184816	0.115567663643065	0.12
0.786383987	0.123827316840637	0.11
0.817085993	0.130384881040735	0.08
0.828284953	0.132602440405886	0.07
0.849686346	0.130550278033104	0.05
0.856064956	0.138640260299608	0.04
0.861362559	0.130804703341722	0.03
0.866065884	0.13950474787744	0.03
0.867661243	0.13528686016559	0.03
0.875213305	0.141266474406585	0.02
0.87832845	0.136109909305719	0.02
0.88244613	0.1318755705471	0.01
0.883236842	0.143926324333133	0.01
0.885800269	0.143994104517698	0.01
0.888469193	0.138640260299608	0.01
0.889209764	0.13652520074252	0.01
0.889576687	0.13528686016559	0.01
0.889857915	0.13528686016559	0.01
0.890068113	0.134070782189779	0.01
0.890083013	0.134070782189779	0.01
0.890218543	0.133670266655352	0.01
0.890218544	0.133670266655352	0.01
0.890228158	0.133670266655352	0.01
0.890309475	0.132091851503762	0.01
0.890339212	0.132091851503762	0.01
0.890354074	0.132091851503762	0.01
0.890354075	0.132091851503762	0.01
0.890407894	0.132091851503762	0.01
0.890419078	0.132091851503762	0.01
0.890459913	0.132091851503762	0.01
0.890474761	0.132091851503762	0.01
0.890489605	0.132091851503762	0.01
0.890489606	0.132091851503762	0.01
0.890506418	0.132091851503762	0.01
0.890580647	0.132091851503762	0.01
0.89061031	0.132091851503762	0.01
0.890610311	0.132091851503762	0.01
0.890716233	0.131703055059314	0.01
0.890731048	0.131703055059314	0.01
0.890731049	0.131703055059314	0.01
0.890737499	0.131703055059314	0.01
0.890851819	0.131703055059314	0.01
0.890928251	0.131703055059314	0.01
0.890957836	0.131703055059314	0.01
0.890972623	0.131703055059314	0.01
0.891093459	0.131316540648922	0.01
0.89119957	0.131316540648922	0.01
0.891214328	0.131316540648922	0.01
0.891244043	0.131316540648922	0.01
0.891320486	0.131316540648922	0.01
0.89133523	0.131316540648922	0.01
0.891382479	0.131316540648922	0.01
0.891441435	0.131316540648922	0.01
0.891456164	0.131316540648922	0.01
0.89149835	0.131316540648922	0.01
0.891521465	0.131316540648922	0.01
0.891562417	0.131316540648922	0.01
0.891577132	0.131316540648922	0.01
0.891686849	0.131316540648922	0.01
0.891698132	0.131316540648922	0.01
0.891881522	0.131316540648922	0.01
0.892012117	0.130932288239838	0.01
0.892017347	0.130932288239838	0.01
0.89216782	0.130932288239838	0.01
0.892182462	0.130932288239838	0.01
0.892215798	0.130932288239838	0.01
0.892245091	0.130932288239838	0.01
0.89229733	0.130932288239838	0.01
0.892546055	0.131316540648922	0.01
0.892568748	0.131316540648922	0.01
0.89273031	0.131316540648922	0.01
0.892924751	0.130932288239838	0.01
0.892951888	0.130550278033104	0.01
0.892952212	0.130550278033104	0.01
0.893142511	0.130550278033104	0.01
0.893172464	0.130170490460155	0.01
0.893313967	0.130550278033104	0.01
0.893320622	0.130550278033104	0.01
0.893352088	0.130550278033104	0.01
0.893395592	0.130550278033104	0.01
0.894085351	0.129792906179473	0.01
0.89420355	0.129792906179473	0.01
0.89422449	0.129044271244447	0.01
0.894232534	0.129044271244447	0.01
0.894332391	0.129044271244447	0.01
0.894482721	0.129044271244447	0.01
0.894511483	0.128673183013049	0.01
0.894913415	0.127937372691458	0.01
0.894970751	0.127937372691458	0.01
0.895086463	0.127937372691458	0.01
0.89539422	0.12757261430064	0.01
0.895840307	0.13083870166283	0.01
0.896329745	0.130465689399715	0.01
0.896396617	0.130465689399715	0.01
0.89685771	0.130094797955607	0.01
0.896928207	0.130094797955607	0.01
0.89693811	0.130094797955607	0.01
0.897197773	0.128240271824617	0.01
0.898155973	0.119270310523894	0.01
0.898485328	0.117965092443035	0.01
0.898755243	0.11643605034523	0.01
0.89889623	0.115935140269726	0.01
0.899310528	0.115191804311183	0.01
0.899413875	0.121530291386348	0.01
0.899974537	0.120269514236864	0.01
0.900031532	0.120269514236864	0.01
0.900113547	0.121785625474471	0.01
0.900274359	0.123078560414083	0.01
0.900690942	0.103240112759143	0.01
0.901007608	0.103825689574714	0.01
0.901947653	0.103170287117602	0.01
0.902919093	0.0946503375676759	0.01
0.902932441	0.0950524670957061	0.01
0.903166806	0.0919099773731145	0.01
0.903685884	0.0725510306521485	0.01
0.904039961	0.0715933501880514	0.01
0.904220945	0.067719752594584	0.01
0.904508173	0.0692570618993969	0.01
0.904513058	0.0695729376084799	0.01
0.905345526	0.067719752594584	0.01
0.905424433	0.0683264132176207	0.01
0.905541598	0.0683264132176207	0.01
0.906197141	0.0671237700710731	0.01
0.906508268	0.0680217302876388	0.01
0.906983581	0.0692570618993969	0.01
0.907060652	0.0692570618993969	0.01
0.90712089	0.0692570618993969	0.01
0.907185931	0.0692570618993969	0.01
0.907198748	0.0695729376084799	0.01
0.907199842	0.0695729376084799	0.01
0.907336843	0.0692570618993969	0.01
0.907336844	0.0692570618993969	0.01
0.907449378	0.0692570618993969	0.01
0.90746216	0.0692570618993969	0.01
0.9075492	0.0692570618993969	0.01
0.907574745	0.0692570618993969	0.01
0.907587512	0.0692570618993969	0.01
0.907674633	0.0692570618993969	0.01
0.907700146	0.0692570618993969	0.01
0.907712898	0.0692570618993969	0.01
0.907963773	0.0683264132176207	0.01
0.907963774	0.0683264132176207	0.01
0.908076559	0.0683264132176207	0.01
0.908089263	0.0683264132176207	0.01
0.908089264	0.0683264132176207	0.01
0.908151307	0.0683264132176207	0.01
0.908189407	0.0689440415103245	0.01
0.908202099	0.0689440415103245	0.01
0.908214789	0.0689440415103245	0.01
0.908453284	0.0689440415103245	0.01
0.908578929	0.0683264132176207	0.01
0.908691978	0.0683264132176207	0.01
0.908729307	0.0683264132176207	0.01
0.908816452	0.0689440415103245	0.01
0.908830322	0.067719752594584	0.01
0.908943472	0.0680217302876388	0.01
0.908956071	0.0680217302876388	0.01
0.909183517	0.067719752594584	0.01
0.909308419	0.067719752594584	0.01
0.909346075	0.0680217302876388	0.01
0.90938549	0.0680217302876388	0.01
0.909409249	0.0680217302876388	0.01
0.909434338	0.0686338378999808	0.01
0.909642167	0.0686338378999808	0.01
0.909838426	0.0683264132176207	0.01
0.909896599	0.0683264132176207	0.01
0.909914657	0.0683264132176207	0.01
0.909925885	0.0683264132176207	0.01
0.910267	0.0692570618993969	0.01
0.910467776	0.0705380927619386	0.01
0.910628128	0.0705380927619386	0.01
0.911049792	0.0711965452669393	0.01
0.911062134	0.0711965452669393	0.01
0.911351929	0.0711965452669393	0.01
0.911383512	0.070865789537568	0.01
0.911404622	0.070865789537568	0.01
0.911518912	0.070865789537568	0.01
0.911632099	0.070865789537568	0.01
0.911747931	0.070865789537568	0.01
0.912488931	0.0705380927619386	0.01
0.912707801	0.0698917078852111	0.01
0.912811242	0.073868516801667	0.01
0.913006436	0.0745453679010767	0.01
0.913244462	0.0748884663071894	0.01
0.913630289	0.073868516801667	0.01
0.913751419	0.0742053989398113	0.01
0.914018042	0.0742053989398113	0.01
0.914696902	0.084236386381106	0.01
0.914870556	0.084236386381106	0.01
0.914968567	0.084236386381106	0.01
0.914983658	0.084236386381106	0.01
0.915026039	0.084236386381106	0.01
0.915269563	0.084236386381106	0.01
0.915559183	0.0803019195580671	0.01
0.916024822	0.0803019195580671	0.01
0.916163647	0.0803019195580671	0.01
0.916208994	0.0806766577767223	0.01
0.916688985	0.0810549099121744	0.01
0.917248255	0.0801777792387742	0.01
0.917957453	0.085270900613351	0.01
0.918456927	0.0830892985971405	0.01
0.918483627	0.0830892985971405	0.01
0.918816837	0.0887277962321933	0.01
0.918837351	0.0895963780285302	0.01
0.919120121	0.0728397277908974	0.02
0.919655338	0.0737197712654945	0.02
0.920002472	0.0740178638038191	0.02
0.921364075	0.0768132764516457	0.02
0.922071236	0.0771369665581059	0.02
0.922455062	0.0771369665581059	0.02
0.922504312	0.0771369665581059	0.02
0.922763582	0.0771369665581059	0.02
0.922787758	0.0771369665581059	0.02
0.923268187	0.0777926004874684	0.02
0.923473233	0.0777926004874684	0.02
0.924160807	0.0784594752212092	0.02
0.924412009	0.0791378823432978	0.02
0.924627878	0.0801777792387742	0.02
0.925553967	0.0767375084847673	0.02
0.927872541	0.0797964879000254	0.02
0.93064775	0.0682245494184807	0.03
0.93220206	0.0682245494184807	0.03
0.934071327	0.0695200917141083	0.03
0.934700606	0.0703213067721809	0.03
0.942896738	0.0231034603311049	0.03
0.947518522	0.028235147353796	0.03
0.948845214	0.0558240574814464	0.04
0.949342587	0.0577253199838753	0.04
0.950306111	0.0388389415448981	0.04
0.951999424	0.0286326357692123	0.04
0.954119877	0.0310356596537429	0.04
0.954191796	0.0310356596537429	0.04
0.955603107	0.0341635245719227	0.04
0.956766863	0.0359764296874613	0.04
0.956780018	0.0359764296874613	0.04
0.956793172	0.0359764296874613	0.04
0.957016096	0.0359764296874613	0.04
0.957077957	0.0359764296874613	0.04
0.957486775	0.0362974535476657	0.04
0.958321379	0.037295845243021	0.04
0.959665139	0.0376409605680487	0.05
0.960039043	0.0385932835234369	0.05
0.960819071	0.0398536644673552	0.05
0.960911853	0.0398536644673552	0.05
0.964458654	0.0310356596537429	0.05
0.966653906	0.0356610344784798	0.05
0.966980911	0.0359764296874613	0.05
0.966986309	0.0359764296874613	0.05
0.967139043	0.0359764296874613	0.05
0.967144414	0.0359764296874613	0.05
0.967297223	0.0362974535476657	0.05
0.967302572	0.0362974535476657	0.05
0.96746078	0.0362974535476657	0.05
0.96761904	0.0362974535476657	0.05
0.967619041	0.0362974535476657	0.05
0.967772081	0.0362974535476657	0.05
0.967925221	0.0362974535476657	0.05
0.967935716	0.0362974535476657	0.05
0.968083686	0.037295845243021	0.05
0.968088909	0.037295845243021	0.05
0.968861479	0.0402479905967844	0.05
0.969035555	0.0402479905967844	0.05
0.970292984	0.046989481465089	0.06
0.970442597	0.0467196371883458	0.06
0.974203145	0.0398536644673552	0.06
0.97801719	0.0445046557163568	0.06
0.981915796	0.0472624609951509	0.06
0.9860103	0.0304928115456783	0.05
1.019804062	0.0430599202559225	0.07
1.021711423	0.0426983296104152	0.07
1.022530753	0.0434276874657149	0.07
1.023898132	0.0434276874657149	0.07
1.027042278	0.0474831388921869	0.07
1.028094642	0.0488517299653118	0.07
1.029078227	0.0498088120957636	0.07
1.029271857	0.0498088120957636	0.07
1.029659545	0.0498088120957636	0.07
1.030020301	0.0508041451058373	0.07
1.030397618	0.0426983296104152	0.08
1.031531241	0.0426983296104152	0.08
1.031720423	0.0426983296104152	0.08
1.0327094	0.0434276874657149	0.08
1.034014818	0.0416490992862841	0.08
1.034376329	0.041993065889006	0.08
1.034854243	0.041993065889006	0.08
1.035677928	0.0423427612240234	0.08
1.036124234	0.0423427612240234	0.08
1.038905957	0.0457733397584935	0.08
1.039046839	0.0457733397584935	0.08
1.041709188	0.0493256288190452	0.08
1.043349328	0.0493256288190452	0.08
1.054783865	0.0466125652771675	0.09
1.056246636	0.0466125652771675	0.09
1.058571278	0.0426983296104152	0.1
1.067971123	0.0409777982627899	0.11
1.06860264	0.0416490992862841	0.11
1.068892568	0.0416490992862841	0.11
1.070326964	0.0434276874657149	0.11
1.088407982	0.0417631270081784	0.13
1.088762574	0.0417631270081784	0.13
1.091073782	0.060954654887551	0.12
1.112743253	0.0498088120957636	0.12
1.113082372	0.0498088120957636	0.12
1.113233383	0.0498088120957636	0.12
1.11414031	0.0498088120957636	0.12
1.116382888	0.0508041451058373	0.11
1.125633627	0.0498088120957636	0.11
1.127882011	0.0498088120957636	0.11
1.133642817	0.0470438248103937	0.12
1.134317617	0.0470438248103937	0.12
1.137302108	0.0470438248103937	0.12
1.162829766	0.0438017908619467	0.14
1.187305519	0.0234587592573598	0.15
1.187446683	0.0234587592573598	0.15
1.18762744	0.0227587633212495	0.15
1.192009701	0.0231034603311049	0.15
1.192075895	0.0231034603311049	0.15
1.192725439	0.0229298164678284	0.15
1.203309389	0.02382515686757	0.14
1.208769953	0.00854452888171623	0.13
1.209751115	0.00854452888171623	0.13
1.209825949	0.00854452888171623	0.13
1.210085375	0.00854452888171623	0.13
1.21086869	0.00854452888171623	0.13
1.212614931	0.00847333452684121	0.13
1.224141399	0.00891923322843274	0.12
1.22465873	0.00891923322843274	0.12
1.225416562	0.00891923322843274	0.12
1.226416878	0.00891923322843274	0.12
1.245566855	0.00996838050579414	0.11
1.246668032	0.00996838050579414	0.11
1.248955951	0.0101677143413571	0.1
1.252855937	0.010067060787927	0.1
1.265568721	0.00891923322843274	0.1
1.270253663	0.00847333452684121	0.1
1.270604589	0.0101677143413571	0.09
1.278899002	0.00932830877782239	0.09
1.293113698	0.018484191311582	0.09
1.303502827	0.0201307450178935	0.08
1.325958837	0.0293205840406439	0.11
1.335485912	0.0304928115456783	0.11
1.335508208	0.0304928115456783	0.11
1.335711503	0.0304928115456783	0.11
1.33625481	0.0304928115456783	0.11
1.33638917	0.0304928115456783	0.11
1.336413828	0.0304928115456783	0.11
1.336595099	0.0461891407920541	0.12
1.336665633	0.0461891407920541	0.12
1.336979907	0.0461891407920541	0.12
1.337117106	0.0461891407920541	0.12
1.337161305	0.0461891407920541	0.12
1.337524247	0.0461891407920541	0.12
1.337529375	0.0461891407920541	0.12
1.337777279	0.0461891407920541	0.12
1.337887386	0.0453649581312335	0.12
1.342315002	0.0493256288190452	0.11
1.346883901	0.0493256288190452	0.11
1.350085516	0.0483868504791934	0.11
1.360533959	0.0508041451058373	0.11
1.360774481	0.0508041451058373	0.11
1.360981621	0.0508041451058373	0.11
1.36116959	0.0508041451058373	0.11
1.36135761	0.0508041451058373	0.11
1.361545683	0.0508041451058373	0.11
1.361952473	0.0508041451058373	0.11
1.362110213	0.0508041451058373	0.11
1.362279458	0.0508041451058373	0.11
1.365659238	0.0664553643593523	0.12
1.368578346	0.0664553643593523	0.12
1.369020462	0.067719752594584	0.12
1.369707356	0.067719752594584	0.12
1.373967278	0.0683701623071437	0.12
1.377139612	0.0703985772057839	0.11
1.377544294	0.0703985772057839	0.11
1.379222918	0.0697091966906196	0.11
1.38563755	0.0683701623071437	0.12
1.385801753	0.0683701623071437	0.12
1.418305639	0.0658407119251078	0.1
1.436494579	0.0658407119251078	0.11
1.448119954	0.06349174544115	0.12
1.450674974	0.0629304607180486	0.12
1.450928234	0.0629304607180486	0.12
1.457818346	0.0629304607180486	0.13
1.484067531	0.0602665933200978	0.15
1.485393153	0.0602665933200978	0.15
1.485917469	0.0597606556219622	0.16
1.488337206	0.0602665933200978	0.16
1.502972103	0.0592631418926858	0.17
1.506038743	0.0592631418926858	0.18
1.511734415	0.0592631418926858	0.18
1.511964569	0.0592631418926858	0.18
1.512821455	0.0592631418926858	0.18
1.513239565	0.0592631418926858	0.18
1.515375804	0.0592631418926858	0.18
1.516740221	0.0592631418926858	0.19
1.517647523	0.0592631418926858	0.19
1.519065464	0.0592631418926858	0.19
1.558319819	0.138175438831884	0.23
1.558531046	0.138175438831884	0.23
1.561070241	0.175348654744	0.22
1.56916589	0.168214567189046	0.22
1.595407686	0.171869762887903	0.19
1.595579044	0.171869762887903	0.19
1.611568792	0.189002616537703	0.17
1.652341299	0.192250844281043	0.13
1.718627381	0.204155164467	0.07
1.745720251	0.196670864444819	0.04
1.75282717	0.202701838240721	0.03
1.758275756	0.208642932032639	0.03
1.77492366	0.215945938207836	0.01
1.778615293	0.214942802627757	0.01
1.77861633	0.214942802627757	0.01
1.780115455	0.208642932032639	0.01
1.780657571	0.208642932032639	0.01
1.780657572	0.208642932032639	0.01
1.780839524	0.208642932032639	0.01
1.780928629	0.208642932032639	0.01
1.78092863	0.208642932032639	0.01
1.781081012	0.208642932032639	0.01
1.781140367	0.208642932032639	0.01
1.781170031	0.208642932032639	0.01
1.781170032	0.208642932032639	0.01
1.781381862	0.208642932032639	0.01
1.781411499	0.208642932032639	0.01
1.781623424	0.208642932032639	0.01
1.781653031	0.208642932032639	0.01
1.7818108	0.208642932032639	0.01
1.781835463	0.208642932032639	0.01
1.781894629	0.208642932032639	0.01
1.782136292	0.205629481229793	0.01
1.782136293	0.205629481229793	0.01
1.782378022	0.205629481229793	0.01
1.782590324	0.205629481229793	0.01
1.782619816	0.205629481229793	0.01
1.783044725	0.205629481229793	0.01
1.783103602	0.205629481229793	0.01
1.783286774	0.205629481229793	0.01
1.783345594	0.205629481229793	0.01
1.783587651	0.205629481229793	0.01
1.78377107	0.205629481229793	0.01
1.783829774	0.205629481229793	0.01
1.784314217	0.205629481229793	0.01
1.78446873	0.205629481229793	0.01
1.784506241	0.205629481229793	0.01
1.785009515	0.199856389456269	0.01
1.785322292	0.209667139270802	0.01
1.785988286	0.209667139270802	0.01
1.788266632	0.202701838240721	0.01
1.788872102	0.208236045449005	0.01
1.789358594	0.208236045449005	0.01
1.790095821	0.204057628004899	0.01
1.79204453	0.196184442597039	0.02
1.794856772	0.169954868122775	0.02
1.795060195	0.161840669858339	0.02
1.795172249	0.154465962341065	0.02
1.796645824	0.13962082812836	0.02
1.796669094	0.13962082812836	0.02
1.799436111	0.13962082812836	0.02
1.801889818	0.0754885892957805	0.02
1.812688451	0.0387157228523299	0.02
1.813240824	0.0387157228523299	0.02
1.813716026	0.0387157228523299	0.02
1.813793197	0.0387157228523299	0.02
1.814069382	0.0387157228523299	0.02
1.814596154	0.0387157228523299	0.02
1.814621756	0.0387157228523299	0.02
1.814621757	0.0387157228523299	0.02
1.814846808	0.0387157228523299	0.02
1.814872379	0.0406501979073432	0.02
1.815039963	0.0406501979073432	0.02
1.815123071	0.0602665933200978	0.03
1.815288509	0.0602665933200978	0.03
1.815322808	0.0613046111778885	0.03
1.815373832	0.0613046111778885	0.03
1.815624663	0.0613046111778885	0.03
1.815850116	0.0613046111778885	0.03
1.815875562	0.0613046111778885	0.03
1.816101116	0.0445696726854365	0.03
1.816374833	0.0445696726854365	0.03
1.816377569	0.0445696726854365	0.03
1.816628678	0.0441823956147599	0.03
1.816879855	0.0441823956147599	0.03
1.817633804	0.0441823956147599	0.03
1.818363245	0.0445696726854365	0.03
1.819395454	0.0457733397584935	0.03
1.81989941	0.0457733397584935	0.03
1.820606159	0.0461891407920541	0.03
1.82134289	0.0461891407920541	0.03
1.822065256	0.0470438248103937	0.03
1.823267442	0.0470438248103937	0.03
1.823345161	0.0470438248103937	0.03
1.824280416	0.0470438248103937	0.03
1.824985083	0.0493256288190452	0.03
1.828541204	0.0441823956147599	0.04
1.828939845	0.0445696726854365	0.04
1.829051906	0.0445696726854365	0.04
1.829613575	0.0453649581312335	0.04
1.830016016	0.0453649581312335	0.04
1.836263396	0.029895211090976	0.04
1.842215909	0.0449637990824516	0.05
1.846490238	0.0290414755012562	0.05
1.860668056	0.0434276874657149	0.07
1.872927722	0.0287676306365873	0.07
1.876458705	0.028235147353796	0.07
1.877534086	0.028235147353796	0.07
1.917919203	0.0267497492867145	0.11
1.933588634	0.0438017908619467	0.12
1.934242286	0.0457733397584935	0.12
1.937910579	0.0406501979073432	0.13
1.938309591	0.0406501979073432	0.13
1.939501786	0.0406501979073432	0.13
1.945075766	0.0376409605680487	0.14
1.95745413	0.0376409605680487	0.15
1.959079535	0.0376409605680487	0.15
1.961031557	0.0376409605680487	0.15
2.03833515	0.0480601740960643	0.23
2.04617014	0.0474198780610876	0.24
2.049316864	0.047106085608132	0.24
2.057670659	0.047106085608132	0.25
2.058810915	0.047106085608132	0.25
2.060706206	0.047106085608132	0.25
2.067556414	0.047106085608132	0.26
2.077653506	0.047106085608132	0.27
2.07768814	0.047106085608132	0.27
2.077935092	0.047106085608132	0.27
2.079378601	0.047106085608132	0.27
2.080200147	0.047106085608132	0.27
2.112854786	0.0467964187840027	0.3
2.130868897	0.0461891407920541	0.32
2.175983465	0.0461891407920541	0.37
2.201956234	0.0455974222009365	0.39
2.21647999	0.0455974222009365	0.41
2.225736601	0.0646448974424832	0.41
2.22607531	0.0670816010474325	0.41
2.226678687	0.0498698764219466	0.42
2.244892022	0.112781419662894	0.43
2.268175967	0.147258668374826	0.41
2.273953022	0.148665698179852	0.4
2.279085054	0.152154846737862	0.4
2.287430653	0.153430190298733	0.39
2.36737444	0.180037113086185	0.32
2.396315913	0.183455909383445	0.32
2.416816988	0.16329965592332	0.31
2.57811595	0.172383891265145	0.15
2.634889835	0.196817261704733	0.1
2.644514931	0.196817261704733	0.09
2.64482266	0.196817261704733	0.09
2.65353762	0.196817261704733	0.08
2.664122924	0.2007016005262	0.07
2.669724846	0.198740453288861	0.07
2.67074212	0.2007016005262	0.06
2.671193019	0.2007016005262	0.06
2.671193179	0.2007016005262	0.06
2.671237545	0.2007016005262	0.06
2.671237705	0.2007016005262	0.06
2.671599486	0.2007016005262	0.06
2.671599646	0.2007016005262	0.06
2.671872794	0.2007016005262	0.06
2.671961685	0.2007016005262	0.06
2.672323822	0.2007016005262	0.06
2.672686057	0.2007016005262	0.06
2.67300408	0.2007016005262	0.06
2.673410821	0.2007016005262	0.06
2.674498542	0.2007016005262	0.06
2.674640938	0.2007016005262	0.06
2.675753192	0.198740453288861	0.06
2.675906626	0.198740453288861	0.06
2.67595059	0.198740453288861	0.06
2.677404052	0.198740453288861	0.06
2.678640892	0.198740453288861	0.06
2.679543675	0.198740453288861	0.06
2.679587204	0.198740453288861	0.06
2.68050645	0.198740453288861	0.06
2.681604422	0.2007016005262	0.05
2.684222358	0.2007016005262	0.05
2.692790444	0.194930934455165	0.06
2.703341222	0.202701838240721	0.06
2.714352711	0.198740453288861	0.07
2.716197088	0.192599269583166	0.07
2.720992773	0.192599269583166	0.07
2.721223607	0.192599269583166	0.07
2.721339166	0.192599269583166	0.07
2.721714851	0.192599269583166	0.07
2.721753239	0.192599269583166	0.07
2.722090639	0.192599269583166	0.07
2.72212898	0.192599269583166	0.07
2.722504826	0.192599269583166	0.07
2.725138453	0.192599269583166	0.08
2.725892101	0.192599269583166	0.08
2.727362573	0.192599269583166	0.08
2.730687704	0.192599269583166	0.08
2.734951629	0.192599269583166	0.08
2.742221604	0.192599269583166	0.08
2.758261585	0.192599269583166	0.1
2.767264537	0.188834694998722	0.11
2.814579483	0.170588407618518	0.15
2.874914635	0.169013333260392	0.21
2.885327778	0.169013333260392	0.22
2.893176138	0.175141338179207	0.23
2.901070252	0.164197591750209	0.23
3.017087015	0.164457921915347	0.35
3.116832706	0.181342797062324	0.45
3.190582361	0.187733852676801	0.52
3.194633906	0.183665170839121	0.53
3.557717034	0.187477486320701	0.890000000000001
3.561648443	0.176340148887199	0.890000000000001
3.562131134	0.189002616537703	0.890000000000001
3.563861522	0.164457921915347	0.890000000000001
3.565454716	0.162993535278988	0.890000000000001
3.567214517	0.167467078710104	0.890000000000001
3.571812505	0.159097726550018	0.890000000000001
3.572123566	0.159097726550018	0.890000000000001
3.572497766	0.159097726550018	0.890000000000001
3.629519691	0.139256653283286	0.920000000000001
3.631023885	0.136584735056848	0.920000000000001
3.631169027	0.136584735056848	0.920000000000001
3.631970124	0.136584735056848	0.920000000000001
3.778072999	0.137907753495986	1.06
3.82876748	0.137907753495986	1.11
3.963711323	0.134013418801287	1.25
4.078052931	0.167467078710104	1.36
4.452121847	0.160141629342172	1.74
4.45272527	0.160141629342172	1.74
4.453932605	0.160141629342172	1.74
4.459832487	0.164457921915347	1.74
4.464002998	0.160141629342172	1.75
4.536342962	0.157387807108023	1.82
4.537596069	0.157387807108023	1.82
4.550359745	0.156046109611978	1.83
4.773228095	0.152154846737862	2.06
5.342582978	0.183223955216172	2.51999999999999
5.343129076	0.183223955216172	2.51999999999999
5.346842194	0.183223955216172	2.50999999999999
5.445157132	0.187733852676801	2.55999999999999
6.232084175	0.214080926871549	2.67999999999999
6.234722781	0.214080926871549	2.67999999999999
6.35095118	0.217128161939071	2.78999999999998
6.358499262	0.217128161939071	2.79999999999998
7	0.156046109611978	3.37999999999997
