thrs	post_p	finalwindow
0	0.12500856460015	0.23
0.03256001	0.123397051713539	0.2
0.070216248	0.12500856460015	0.16
0.082355146	0.123397051713539	0.15
0.093809574	0.108072063681783	0.15
0.098963073	0.108072063681783	0.15
0.103967892	0.108072063681783	0.14
0.106977596	0.108072063681783	0.14
0.113424721	0.104531510231125	0.15
0.115659216	0.102297266839795	0.15
0.123778241	0.100156533649299	0.15
0.127200542	0.100156533649299	0.15
0.127695348	0.100156533649299	0.15
0.128068503	0.100156533649299	0.15
0.130460633	0.100156533649299	0.15
0.14705261	0.0850314725440641	0.15
0.148427326	0.0895894665083562	0.15
0.148447444	0.0969444000922759	0.15
0.151339737	0.10356213778044	0.15
0.155752372	0.102814335241782	0.15
0.172569069	0.103963849552167	0.13
0.178062567	0.0903582808134097	0.12
0.178140913	0.0903582808134097	0.12
0.178189211	0.0903582808134097	0.12
0.181430774	0.10356213778044	0.12
0.181486006	0.10356213778044	0.12
0.181486035	0.10356213778044	0.12
0.194681585	0.106168302824378	0.11
0.205298456	0.109013251723732	0.1
0.206482242	0.10828781556831	0.1
0.222049977	0.0881641893802422	0.08
0.222622275	0.0908128800985037	0.08
0.22265244	0.0908128800985037	0.08
0.222656148	0.0908128800985037	0.08
0.222686318	0.0908128800985037	0.08
0.222716495	0.0893993028005142	0.08
0.226694446	0.0905375770919516	0.08
0.226728961	0.0905375770919516	0.08
0.226867021	0.0905375770919516	0.08
0.226923294	0.0905375770919516	0.08
0.226929675	0.0905375770919516	0.08
0.226957829	0.0905375770919516	0.08
0.226982815	0.0905375770919516	0.08
0.227081991	0.0918744792763692	0.08
0.227177477	0.0918744792763692	0.08
0.230426372	0.0854108328545774	0.08
0.237068117	0.0738752578782662	0.07
0.241897099	0.0727522961858679	0.07
0.24235868	0.0727522961858679	0.07
0.242615688	0.0831439807537165	0.06
0.242875367	0.0898187335770106	0.06
0.242941212	0.0898187335770106	0.06
0.243116147	0.0873595673408319	0.06
0.256228734	0.085793593298682	0.05
0.256650521	0.086569499089788	0.05
0.259750174	0.0850314725440641	0.05
0.263775407	0.0850314725440641	0.05
0.272151172	0.0850314725440641	0.05
0.287097646	0.0639970493996348	0.06
0.296044019	0.0639970493996348	0.06
0.296834617	0.0627974854872601	0.06
0.296839561	0.0627974854872601	0.06
0.296839653	0.0627974854872601	0.06
0.296874128	0.0627974854872601	0.06
0.296879772	0.0627974854872601	0.06
0.29691506	0.0627974854872601	0.06
0.296919994	0.0627974854872601	0.06
0.296960227	0.0627974854872601	0.06
0.297161557	0.0627974854872601	0.06
0.297242165	0.0627974854872601	0.06
0.298033592	0.0610801513444549	0.06
0.298062423	0.0610801513444549	0.06
0.298432807	0.0610801513444549	0.06
0.29855614	0.0610801513444549	0.06
0.298682719	0.0610801513444549	0.06
0.299120783	0.0610801513444549	0.06
0.300128238	0.0610801513444549	0.06
0.300638986	0.0610801513444549	0.06
0.301373268	0.0610801513444549	0.06
0.302397905	0.0627974854872601	0.06
0.30240618	0.0627974854872601	0.06
0.302443572	0.0627974854872601	0.06
0.302452098	0.0627974854872601	0.06
0.302453753	0.0627974854872601	0.06
0.302531356	0.0627974854872601	0.06
0.302535608	0.0627974854872601	0.06
0.302694303	0.0639970493996348	0.06
0.302844832	0.0639970493996348	0.06
0.303037639	0.066539123519836	0.06
0.303998368	0.0646141827228925	0.06
0.304168238	0.0646141827228925	0.06
0.305094409	0.0646141827228925	0.06
0.306047128	0.0646141827228925	0.06
0.307314933	0.0639970493996348	0.06
0.308759935	0.0633915930917053	0.06
0.320217262	0.066539123519836	0.05
0.322435043	0.0639970493996348	0.06
0.322591403	0.0639970493996348	0.06
0.322777267	0.0639970493996348	0.06
0.323097253	0.0639970493996348	0.06
0.323165924	0.0639970493996348	0.06
0.324596864	0.066539123519836	0.05
0.328591896	0.066539123519836	0.05
0.330254195	0.066539123519836	0.05
0.340262381	0.0639970493996348	0.05
0.343706753	0.0639970493996348	0.05
0.351815198	0.0610801513444549	0.06
0.356437896	0.0579126556984198	0.06
0.356490553	0.0579126556984198	0.06
0.357086112	0.066539123519836	0.06
0.357959666	0.0550574836669488	0.07
0.363236679	0.0546087693372843	0.07
0.367161303	0.0627974854872601	0.07
0.367663989	0.0646141827228925	0.07
0.37384574	0.061049234225922	0.08
0.386909127	0.0578127205930797	0.06
0.387745392	0.0539058436562621	0.06
0.389825341	0.0530102597811688	0.06
0.395214438	0.0485719403037005	0.06
0.398731854	0.054832208514385	0.05
0.403209246	0.0515819675572786	0.05
0.411578949	0.0592439749410531	0.04
0.415094538	0.0535539886858139	0.04
0.415772448	0.0241575963483978	0.03
0.416416237	0.0617051370830883	0.03
0.418471182	0.0623301576434726	0.03
0.419019267	0.0615288555286953	0.03
0.423143546	0.057465647502823	0.03
0.428769674	0.0639970493996348	0.02
0.438307149	0.0711304387433419	0.01
0.438815006	0.0706057703360282	0.01
0.440316292	0.0700887853151074	0.01
0.441698853	0.0700887853151074	0.01
0.441750067	0.067613412460382	0.01
0.444236336	0.0596466997653049	0.01
0.444499874	0.0567532483240688	0.01
0.445049535	0.0552638915751202	0.01
0.445117302	0.0599865100829317	0.01
0.445156208	0.0599865100829317	0.01
0.445185067	0.0593664515792319	0.01
0.445185068	0.0593664515792319	0.01
0.44525283	0.0593664515792319	0.01
0.445252832	0.0593664515792319	0.01
0.445252833	0.0593664515792319	0.01
0.445252835	0.0593664515792319	0.01
0.445305777	0.0593664515792319	0.01
0.44531318	0.0593664515792319	0.01
0.445313187	0.0593664515792319	0.01
0.445313188	0.0593664515792319	0.01
0.44531319	0.0593664515792319	0.01
0.445373562	0.0593664515792319	0.01
0.445419149	0.0593664515792319	0.01
0.445433949	0.0593664515792319	0.01
0.445494353	0.0590612045987061	0.01
0.445540001	0.0590612045987061	0.01
0.445554774	0.0584600317911359	0.01
0.445578303	0.0584600317911359	0.01
0.445615211	0.0584600317911359	0.01
0.445653547	0.0584600317911359	0.01
0.445691925	0.0630246657766532	0.01
0.445736134	0.0630246657766532	0.01
0.445849774	0.0627070712951132	0.01
0.445857123	0.0627070712951132	0.01
0.445978177	0.0627070712951132	0.01
0.446188208	0.0617732069395032	0.01
0.446319857	0.0617732069395032	0.01
0.446341735	0.0617732069395032	0.01
0.446351359	0.0617732069395032	0.01
0.446394864	0.0617732069395032	0.01
0.446395102	0.0617732069395032	0.01
0.446455777	0.0617732069395032	0.01
0.446633323	0.0617732069395032	0.01
0.446888185	0.0614680694281003	0.01
0.446967543	0.0614680694281003	0.01
0.447158639	0.0614680694281003	0.01
0.447533088	0.0614680694281003	0.01
0.447542535	0.0614680694281003	0.01
0.447649603	0.0608667495547606	0.01
0.447928306	0.0608667495547606	0.01
0.448701687	0.0652433341604758	0.01
0.449051315	0.066539123519836	0.01
0.451750007	0.066210374613883	0.01
0.453102774	0.0614680694281003	0.01
0.453117722	0.0614680694281003	0.01
0.453607731	0.0611659316391187	0.01
0.453670383	0.0611659316391187	0.01
0.45367678	0.0611659316391187	0.01
0.453739439	0.0611659316391187	0.01
0.453802119	0.0611659316391187	0.01
0.453864805	0.0611659316391187	0.01
0.453864814	0.0611659316391187	0.01
0.453952078	0.0611659316391187	0.01
0.453990257	0.0611659316391187	0.01
0.454115767	0.0611659316391187	0.01
0.454131662	0.0611659316391187	0.01
0.454172215	0.0611659316391187	0.01
0.454228692	0.0611659316391187	0.01
0.454266222	0.0614680694281003	0.01
0.454278877	0.0614680694281003	0.01
0.454291524	0.0614680694281003	0.01
0.454297847	0.0614680694281003	0.01
0.454379121	0.0614680694281003	0.01
0.454543029	0.0617732069395032	0.01
0.454618511	0.0617732069395032	0.01
0.454637485	0.0617732069395032	0.01
0.455078808	0.0614680694281003	0.01
0.455180191	0.0623926616148194	0.01
0.455439212	0.0782683651183589	0.01
0.455550168	0.0825644613404661	0.01
0.455678249	0.0859336308671131	0.01
0.455804735	0.0888336247541096	0.01
0.456133439	0.0698331215243125	0.01
0.456159276	0.0698331215243125	0.01
0.456880284	0.0610801513444549	0.02
0.45760535	0.0599865100829317	0.02
0.458619789	0.0589313432704899	0.02
0.458664131	0.0589313432704899	0.02
0.459124851	0.0597191917692648	0.02
0.460382332	0.0594542453905512	0.02
0.462114195	0.0556910942957522	0.02
0.46331093	0.0556910942957522	0.02
0.46499053	0.0547116684053054	0.02
0.472596627	0.0368767490410292	0.02
0.474072423	0.0524074742697009	0.03
0.47699163	0.029953102070778	0.03
0.477096915	0.029953102070778	0.03
0.478409458	0.0333441510531263	0.03
0.478419311	0.0333441510531263	0.03
0.478888149	0.0339352081237213	0.03
0.479732593	0.0339352081237213	0.03
0.479936634	0.0339352081237213	0.03
0.483511101	0.037235371562125	0.03
0.483671852	0.0383543475989455	0.03
0.483988273	0.0483361027424414	0.04
0.484458594	0.0485245888622351	0.04
0.485802156	0.0621095581752037	0.04
0.485999254	0.0476649449813184	0.04
0.489107131	0.0297205990473067	0.04
0.490830832	0.0290442540531356	0.04
0.50407637	0.0273825512131899	0.05
0.508934563	0.0255549627792079	0.06
0.511690912	0.0257266698046556	0.06
0.514742139	0.044851714390177	0.07
0.514839037	0.044851714390177	0.07
0.514971335	0.044851714390177	0.07
0.515124567	0.0453419973833868	0.07
0.51682809	0.0280238809928697	0.07
0.518492841	0.0245710002088096	0.07
0.520735072	0.0250533240003445	0.07
0.529143364	0.0159650137528153	0.07
0.534226929	0.0162358035618784	0.07
0.534308248	0.0191607509162689	0.06
0.534380672	0.0189708796575165	0.06
0.539174229	0.0564489893194349	0.07
0.546060858	0.0717973424027119	0.06
0.55657045	0.0731693831274318	0.06
0.556645891	0.0731693831274318	0.06
0.556807604	0.0731693831274318	0.06
0.55802857	0.0768404166730953	0.05
0.559788571	0.0760770336009238	0.05
0.574371638	0.0667878356138665	0.07
0.57444178	0.0667878356138665	0.07
0.586308239	0.0704758103925565	0.07
0.59079165	0.0724768699104413	0.07
0.591193432	0.0724768699104413	0.07
0.591819223	0.0724768699104413	0.07
0.593402747	0.0724768699104413	0.07
0.593573546	0.0724768699104413	0.07
0.593673806	0.0724768699104413	0.07
0.593673808	0.0724768699104413	0.07
0.59375428	0.0724768699104413	0.07
0.593915284	0.0724768699104413	0.07
0.594036974	0.0724768699104413	0.07
0.594237558	0.0724768699104413	0.07
0.594318181	0.0724768699104413	0.07
0.595015574	0.0724768699104413	0.07
0.595196772	0.0724768699104413	0.07
0.596219211	0.0724768699104413	0.07
0.596894832	0.0724768699104413	0.07
0.602148457	0.0793165162611039	0.07
0.604813246	0.0823492188903497	0.07
0.604905308	0.0823492188903497	0.07
0.60490531	0.0823492188903497	0.07
0.605716504	0.0823492188903497	0.07
0.606051871	0.0823492188903497	0.07
0.60631275	0.0823492188903497	0.07
0.606824709	0.0823492188903497	0.07
0.608756287	0.0768404166730953	0.06
0.635412418	0.0856230548557399	0.05
0.63624959	0.0856230548557399	0.05
0.637031954	0.0793165162611039	0.06
0.637881775	0.0793165162611039	0.06
0.638075882	0.0793165162611039	0.06
0.641599528	0.0793165162611039	0.06
0.644129804	0.0793165162611039	0.06
0.646569798	0.0808044221997515	0.06
0.64801212	0.0808044221997515	0.06
0.648110758	0.0808044221997515	0.06
0.648827538	0.0808044221997515	0.06
0.65703705	0.0787365844779451	0.07
0.667472678	0.0768404166730953	0.08
0.667879263	0.0768404166730953	0.08
0.669490645	0.0768404166730953	0.08
0.671132308	0.0762284943678926	0.08
0.680589305	0.0706057703360282	0.09
0.68060848	0.0706057703360282	0.09
0.680702493	0.0706057703360282	0.09
0.680786967	0.0706057703360282	0.09
0.690723937	0.0690772000706239	0.1
0.692614054	0.0711304387433419	0.1
0.696262833	0.0753286692189915	0.1
0.7123899	0.0731693831274318	0.11
0.712401774	0.0731693831274318	0.11
0.713541741	0.0731693831274318	0.11
0.71365913	0.0731693831274318	0.11
0.715653707	0.0692020484518363	0.12
0.715679053	0.0692020484518363	0.12
0.719314887	0.0717973424027119	0.12
0.725609694	0.0685822790840313	0.13
0.725869057	0.0685822790840313	0.13
0.735438378	0.0624317902944508	0.14
0.742183791	0.0634666478845929	0.14
0.744518666	0.0619269145862661	0.14
0.7500464	0.0166596616300619	0.14
0.75180067	0.0191607509162689	0.13
0.756122282	0.0184231921429146	0.13
0.763284143	0.0716629631041169	0.13
0.763387603	0.0782683651183589	0.13
0.766651587	0.0821528968331898	0.13
0.778829055	0.0831439807537165	0.12
0.779976345	0.0829438555610044	0.12
0.786383987	0.0842827726952979	0.11
0.799403767	0.0860138577800479	0.1
0.8034392	0.0858898200434788	0.09
0.817085993	0.0890324565696287	0.08
0.828284953	0.0905182069959864	0.07
0.849686346	0.0915365658960051	0.05
0.856064956	0.0955684760804703	0.04
0.861362559	0.0621502920430331	0.03
0.861783488	0.0751358589285248	0.03
0.866065884	0.0961330589963607	0.03
0.870144812	0.0917947459894239	0.03
0.874413626	0.0996657888671882	0.02
0.875954975	0.0964178593741733	0.02
0.87832845	0.0947339272152929	0.02
0.880342154	0.0925780992453958	0.02
0.88244613	0.0776192751261781	0.01
0.882485476	0.0776192751261781	0.01
0.883671839	0.0952077350795197	0.01
0.885048106	0.101531342773333	0.01
0.886381245	0.0996657888671882	0.01
0.887670141	0.0981627400051948	0.01
0.888863234	0.0967043522450238	0.01
0.889014569	0.0967043522450238	0.01
0.889209764	0.0967043522450238	0.01
0.889576687	0.0964178593741733	0.01
0.889752182	0.0964178593741733	0.01
0.889857915	0.0964178593741733	0.01
0.890083013	0.0961330589963607	0.01
0.890218543	0.0955684760804703	0.01
0.890218544	0.0955684760804703	0.01
0.890309475	0.0955684760804703	0.01
0.890339212	0.0955684760804703	0.01
0.890354074	0.0958499361578301	0.01
0.890354075	0.0958499361578301	0.01
0.890407894	0.0958499361578301	0.01
0.890419078	0.0958499361578301	0.01
0.890459913	0.0958499361578301	0.01
0.890474761	0.0958499361578301	0.01
0.890489605	0.0958499361578301	0.01
0.890489606	0.0958499361578301	0.01
0.890506418	0.0958499361578301	0.01
0.890580647	0.0958499361578301	0.01
0.890595481	0.0958499361578301	0.01
0.89061031	0.0958499361578301	0.01
0.890610311	0.0958499361578301	0.01
0.890701414	0.0958499361578301	0.01
0.890716233	0.0958499361578301	0.01
0.890731048	0.0958499361578301	0.01
0.890731049	0.0958499361578301	0.01
0.890737499	0.0958499361578301	0.01
0.890837018	0.0958499361578301	0.01
0.890851819	0.0958499361578301	0.01
0.890957836	0.0958499361578301	0.01
0.890972622	0.0958499361578301	0.01
0.890972623	0.0958499361578301	0.01
0.891093459	0.0955684760804703	0.01
0.89119957	0.0955684760804703	0.01
0.891214328	0.0955684760804703	0.01
0.891246709	0.0955684760804703	0.01
0.89133523	0.0955684760804703	0.01
0.891382479	0.0955684760804703	0.01
0.891441435	0.0955684760804703	0.01
0.891456164	0.0955684760804703	0.01
0.89149835	0.0955684760804703	0.01
0.891686849	0.0955684760804703	0.01
0.891698132	0.0955684760804703	0.01
0.891793338	0.0955684760804703	0.01
0.891881522	0.0955684760804703	0.01
0.89206133	0.0944589738253439	0.01
0.89216782	0.0941856118522427	0.01
0.892182462	0.0941856118522427	0.01
0.892215798	0.0941856118522427	0.01
0.89229733	0.0939138275192939	0.01
0.892546055	0.0944589738253439	0.01
0.892568748	0.0944589738253439	0.01
0.892793389	0.0944589738253439	0.01
0.892924751	0.0964096988044288	0.01
0.892952212	0.0958580022368289	0.01
0.893142511	0.0958580022368289	0.01
0.893172464	0.0955845149763039	0.01
0.893352088	0.0955845149763039	0.01
0.893395592	0.0955845149763039	0.01
0.894189143	0.0942401575970944	0.01
0.89420355	0.0942401575970944	0.01
0.89422449	0.0939758112740841	0.01
0.894332391	0.0939758112740841	0.01
0.894482721	0.0939758112740841	0.01
0.894511483	0.0939758112740841	0.01
0.894906463	0.0934515428019336	0.01
0.894970751	0.0934515428019336	0.01
0.895086463	0.0937129438007708	0.01
0.895300675	0.0937129438007708	0.01
0.895524497	0.100934719863966	0.01
0.89592425	0.1003776454447	0.01
0.896329745	0.0987427162142245	0.01
0.896396617	0.0992817426825352	0.01
0.89685771	0.0979450622913247	0.01
0.896928207	0.0976820337514116	0.01
0.897197773	0.0961330589963607	0.01
0.897316929	0.0934172564579184	0.01
0.89799116	0.0897804409455954	0.01
0.898155973	0.088460466409061	0.01
0.898485328	0.087541143675467	0.01
0.898662437	0.0869986650711442	0.01
0.898755243	0.0866407324720213	0.01
0.899413875	0.0884120245803794	0.01
0.900031532	0.087533233358145	0.01
0.900113547	0.0878826450923995	0.01
0.901007608	0.101400444610529	0.01
0.901947653	0.0880583991276066	0.01
0.902162268	0.087707591227813	0.01
0.902291602	0.0862857330399156	0.01
0.902860993	0.0826879629698481	0.01
0.902919093	0.0826879629698481	0.01
0.902932441	0.0830295054126449	0.01
0.903166806	0.0830295054126449	0.01
0.903685884	0.0604919612796823	0.01
0.903876527	0.0604919612796823	0.01
0.904039961	0.0602381754051041	0.01
0.904220945	0.0491960267068264	0.01
0.904513058	0.0502725892658743	0.01
0.905424433	0.0504935806835762	0.01
0.905541598	0.0507165235757084	0.01
0.906154318	0.0500535238116451	0.01
0.906197141	0.0500535238116451	0.01
0.906508268	0.0502725892658743	0.01
0.906786831	0.0502725892658743	0.01
0.906922556	0.0500535238116451	0.01
0.906983581	0.0502725892658743	0.01
0.907060652	0.0502725892658743	0.01
0.907185931	0.0502725892658743	0.01
0.907198748	0.0504935806835762	0.01
0.907311244	0.0502725892658743	0.01
0.907324045	0.0504935806835762	0.01
0.907336843	0.0504935806835762	0.01
0.907336844	0.0504935806835762	0.01
0.907449378	0.0504935806835762	0.01
0.90746216	0.0504935806835762	0.01
0.9075492	0.0504935806835762	0.01
0.907574745	0.0504935806835762	0.01
0.907587512	0.0504935806835762	0.01
0.907700146	0.0504935806835762	0.01
0.907712898	0.0504935806835762	0.01
0.907951053	0.0504935806835762	0.01
0.907963773	0.0502725892658743	0.01
0.907963774	0.0502725892658743	0.01
0.908089263	0.0504935806835762	0.01
0.908089264	0.0504935806835762	0.01
0.908189407	0.0507165235757084	0.01
0.908202099	0.0507165235757084	0.01
0.908289632	0.0500535238116451	0.01
0.908453284	0.0500535238116451	0.01
0.908566283	0.0498363592526629	0.01
0.908577365	0.0498363592526629	0.01
0.908691978	0.0500535238116451	0.01
0.908855181	0.0498363592526629	0.01
0.908943472	0.0498363592526629	0.01
0.908956071	0.0498363592526629	0.01
0.909195105	0.0498363592526629	0.01
0.909207673	0.0498363592526629	0.01
0.909270732	0.0498363592526629	0.01
0.909308419	0.0498363592526629	0.01
0.909346075	0.0498363592526629	0.01
0.90938549	0.0498363592526629	0.01
0.909409249	0.0498363592526629	0.01
0.909446878	0.0500535238116451	0.01
0.909620416	0.0500535238116451	0.01
0.909642167	0.0500535238116451	0.01
0.909896599	0.049407634704068	0.01
0.909914657	0.049407634704068	0.01
0.910014581	0.0489862235716527	0.01
0.910267	0.0496210709538715	0.01
0.910467776	0.0496210709538715	0.01
0.911049792	0.0498363592526629	0.01
0.911062134	0.0498363592526629	0.01
0.91113001	0.0498363592526629	0.01
0.911351929	0.0498363592526629	0.01
0.911404622	0.049407634704068	0.01
0.912015459	0.0502725892658743	0.01
0.912707801	0.0498363592526629	0.01
0.912776305	0.0491960267068264	0.01
0.912811242	0.0569285877705736	0.01
0.912967277	0.0539994123897932	0.01
0.913139907	0.0539994123897932	0.01
0.913244462	0.054234761547098	0.01
0.913630289	0.0535347890694511	0.01
0.914018042	0.0547116684053054	0.01
0.914968567	0.0631526061750921	0.01
0.914983658	0.0631526061750921	0.01
0.915026039	0.0631526061750921	0.01
0.915269563	0.0631526061750921	0.01
0.915559183	0.0513973230572529	0.01
0.916208994	0.0523340056584365	0.01
0.916912552	0.0535539886858139	0.01
0.917248255	0.0578709741140809	0.01
0.917957453	0.0559774041740447	0.01
0.918238351	0.0538048427687096	0.01
0.918456927	0.054832208514385	0.01
0.918483627	0.054832208514385	0.01
0.918816837	0.0575808745778473	0.01
0.918837351	0.0575808745778473	0.01
0.919822583	0.06180930475823	0.02
0.920002472	0.06180930475823	0.02
0.921364075	0.0627628845853475	0.02
0.922071236	0.063746348683426	0.02
0.922455062	0.0642497298058261	0.02
0.922504312	0.0642497298058261	0.02
0.922763582	0.0642497298058261	0.02
0.922787758	0.0642497298058261	0.02
0.923268187	0.0619269145862661	0.02
0.923473233	0.0619269145862661	0.02
0.924160807	0.0634666478845929	0.02
0.924412009	0.0637307450895998	0.02
0.924627878	0.06426558859852	0.02
0.925553967	0.0533054628596818	0.02
0.926193857	0.0537660969799924	0.02
0.927872541	0.0595202613447033	0.02
0.929379518	0.0578538285427916	0.03
0.93064775	0.0580602483188954	0.03
0.933174706	0.0572936689957876	0.03
0.93534835	0.0592898444133859	0.03
0.938770844	0.045060531319095	0.03
0.948845214	0.0485719403037005	0.04
0.949342587	0.052215057498859	0.04
0.950306111	0.0435946764880113	0.04
0.951999424	0.0475662543246097	0.04
0.953473419	0.0523340056584365	0.04
0.954119877	0.0533054628596818	0.04
0.954191796	0.0533054628596818	0.04
0.956018846	0.0469551507578206	0.05
0.956549025	0.0484840753328051	0.05
0.956766863	0.0484840753328051	0.05
0.956793172	0.0488374564547591	0.05
0.957016096	0.0491960267068264	0.05
0.959031973	0.050162817370353	0.05
0.959642592	0.0420006432042237	0.05
0.966653906	0.048309295621424	0.06
0.966980911	0.0488374564547591	0.06
0.966980912	0.0488374564547591	0.06
0.966986309	0.0490160858220585	0.06
0.967139043	0.0490160858220585	0.06
0.967144414	0.0490160858220585	0.06
0.967297223	0.0512662414027208	0.06
0.967297226	0.0512662414027208	0.06
0.967302572	0.0512662414027208	0.06
0.967608447	0.0449597476628856	0.06
0.967935716	0.0461643602941508	0.06
0.968088909	0.0423881221522932	0.06
0.969035555	0.047370093993933	0.06
0.969666194	0.0391384586107094	0.06
0.970442597	0.0396792567928823	0.06
0.97801719	0.0487782023053666	0.06
0.978183481	0.0487782023053666	0.06
0.981915796	0.0533054628596818	0.06
0.985118954	0.040806962477321	0.07
0.9860103	0.0426240603399442	0.07
1.019804062	0.0276461703076344	0.07
1.027042278	0.0266210197910352	0.08
1.027349785	0.0266210197910352	0.08
1.028094642	0.0266210197910352	0.08
1.029078227	0.0268701131561979	0.08
1.030392053	0.0273825512131899	0.08
1.030397618	0.0273825512131899	0.08
1.030958443	0.0273825512131899	0.08
1.031720423	0.0273825512131899	0.08
1.032104884	0.0276461703076344	0.08
1.0327094	0.0276461703076344	0.08
1.034014818	0.026376502334428	0.08
1.034376329	0.0261364358430878	0.08
1.034854243	0.0261364358430878	0.08
1.035677928	0.0509414439057779	0.08
1.039046839	0.0553607458261782	0.08
1.041709188	0.0570093142788727	0.08
1.043349328	0.0570093142788727	0.08
1.044012776	0.0570093142788727	0.08
1.049025044	0.0504935806835762	0.09
1.054783865	0.0523340056584365	0.09
1.058571278	0.0504935806835762	0.1
1.067766296	0.0496210709538715	0.11
1.067971123	0.0496210709538715	0.11
1.068277144	0.0496210709538715	0.11
1.06860264	0.0496210709538715	0.11
1.068892568	0.0496210709538715	0.11
1.070020858	0.0513973230572529	0.11
1.088407982	0.0760770336009238	0.11
1.088762574	0.0760770336009238	0.11
1.091073782	0.0760770336009238	0.11
1.112743253	0.0605283910746762	0.1
1.113082372	0.0605283910746762	0.1
1.113233383	0.0605283910746762	0.1
1.11414031	0.0605283910746762	0.1
1.115076799	0.0605283910746762	0.1
1.116382888	0.0605283910746762	0.1
1.125633627	0.0589313432704899	0.1
1.133642817	0.0672065134232964	0.1
1.133988353	0.0672065134232964	0.1
1.134317617	0.0569285877705736	0.11
1.136767134	0.0546087693372843	0.11
1.137302108	0.055513633164455	0.11
1.162829766	0.0639970493996348	0.12
1.187305519	0.0633915930917053	0.12
1.187446683	0.0633915930917053	0.12
1.18762744	0.0633915930917053	0.12
1.192075895	0.0633915930917053	0.13
1.192725439	0.0633915930917053	0.13
1.203309389	0.066210374613883	0.14
1.208724051	0.0586091747113914	0.13
1.208769953	0.0586091747113914	0.13
1.209215802	0.0586091747113914	0.13
1.209751115	0.0586091747113914	0.13
1.210085375	0.0581640115662657	0.13
1.21086869	0.0581640115662657	0.13
1.212614931	0.0577255598747934	0.13
1.224141399	0.0609412703533455	0.12
1.22465873	0.0609412703533455	0.12
1.226416878	0.0465635873424183	0.11
1.226767373	0.0461149377423065	0.11
1.243346642	0.0461149377423065	0.1
1.245566855	0.0461149377423065	0.1
1.246668032	0.0461149377423065	0.1
1.248955951	0.0470210524811634	0.09
1.265568721	0.0470210524811634	0.08
1.268447511	0.0461149377423065	0.09
1.270604589	0.0461149377423065	0.09
1.275739262	0.0569285877705736	0.09
1.278899002	0.0452430851544424	0.09
1.285172518	0.0465635873424183	0.09
1.289511656	0.0456748512941216	0.09
1.293113698	0.0456748512941216	0.09
1.297280078	0.0633915930917053	0.09
1.302603198	0.0622144104679651	0.1
1.303502827	0.0633915930917053	0.1
1.325958837	0.0594542453905512	0.12
1.33510162	0.0724768699104413	0.12
1.335485912	0.0724768699104413	0.12
1.335508208	0.0724768699104413	0.12
1.335711503	0.0724768699104413	0.12
1.335892556	0.0724768699104413	0.12
1.336051433	0.0724768699104413	0.12
1.33625481	0.0724768699104413	0.12
1.33638917	0.0724768699104413	0.12
1.336665633	0.0724768699104413	0.12
1.336979907	0.0724768699104413	0.12
1.337117106	0.0724768699104413	0.12
1.337161305	0.0724768699104413	0.12
1.337529375	0.0724768699104413	0.12
1.338686534	0.0724768699104413	0.12
1.340005107	0.0724768699104413	0.12
1.342315002	0.0724768699104413	0.12
1.350085516	0.0724768699104413	0.13
1.360981621	0.0898187335770106	0.13
1.36116959	0.0898187335770106	0.13
1.361545683	0.0898187335770106	0.13
1.362110213	0.0898187335770106	0.13
1.365659238	0.0924203608262934	0.12
1.368578346	0.095177197635471	0.12
1.373967278	0.0898187335770106	0.13
1.377139612	0.0961330589963607	0.12
1.384187356	0.0961330589963607	0.12
1.385801753	0.0924203608262934	0.13
1.418305639	0.0924203608262934	0.14
1.430594094	0.0942401575970944	0.14
1.434752614	0.0961330589963607	0.14
1.440102642	0.0942401575970944	0.15
1.450462129	0.095177197635471	0.15
1.450928234	0.095177197635471	0.15
1.454003033	0.0924203608262934	0.16
1.484067531	0.0961330589963607	0.16
1.484117024	0.0961330589963607	0.16
1.485393153	0.0961330589963607	0.16
1.485917469	0.0961330589963607	0.16
1.494140559	0.095177197635471	0.16
1.506038743	0.095177197635471	0.18
1.511734415	0.095177197635471	0.18
1.512194724	0.095177197635471	0.18
1.512821455	0.095177197635471	0.18
1.516740221	0.095177197635471	0.19
1.517647523	0.095177197635471	0.19
1.519065464	0.095177197635471	0.19
1.558319819	0.176948023220897	0.23
1.55916507	0.17617262627805	0.23
1.56916589	0.196139344001902	0.22
1.595579044	0.201462897357885	0.19
1.611568792	0.233162601667164	0.17
1.652341299	0.234772301164523	0.13
1.718627381	0.238130598429544	0.07
1.745720251	0.243879649653121	0.04
1.77492366	0.256529692315831	0.01
1.777374698	0.249781681289587	0.01
1.778615293	0.245773340800046	0.01
1.77861633	0.245773340800046	0.01
1.780115455	0.230948848985861	0.01
1.780657571	0.230948848985861	0.01
1.780657572	0.230948848985861	0.01
1.780839524	0.230948848985861	0.01
1.780928629	0.230948848985861	0.01
1.78092863	0.230948848985861	0.01
1.781081012	0.230948848985861	0.01
1.781140367	0.230948848985861	0.01
1.781170031	0.230948848985861	0.01
1.781170032	0.230948848985861	0.01
1.781381862	0.230948848985861	0.01
1.781411498	0.230948848985861	0.01
1.781411499	0.230948848985861	0.01
1.781623424	0.230948848985861	0.01
1.781653031	0.230948848985861	0.01
1.7818108	0.230948848985861	0.01
1.781835463	0.230948848985861	0.01
1.781894629	0.230948848985861	0.01
1.782136292	0.227518006152372	0.01
1.782136293	0.227518006152372	0.01
1.782378022	0.225840527871013	0.01
1.782619816	0.225840527871013	0.01
1.783044725	0.225840527871013	0.01
1.783103602	0.225840527871013	0.01
1.783286774	0.225840527871013	0.01
1.783345594	0.225840527871013	0.01
1.78377107	0.225840527871013	0.01
1.783829774	0.225840527871013	0.01
1.783925287	0.225840527871013	0.01
1.784013316	0.225840527871013	0.01
1.784314217	0.225840527871013	0.01
1.784506241	0.225840527871013	0.01
1.785009515	0.229220590564199	0.01
1.785322292	0.236615722138554	0.01
1.785497332	0.236615722138554	0.01
1.785988286	0.234907865270993	0.01
1.786357195	0.234907865270993	0.01
1.787927091	0.226295563856103	0.01
1.788266632	0.226295563856103	0.01
1.788780487	0.231265881592686	0.01
1.78918715	0.231265881592686	0.01
1.789358594	0.231265881592686	0.01
1.789747139	0.229585025949611	0.01
1.790033715	0.229585025949611	0.01
1.790095821	0.229585025949611	0.01
1.79204453	0.233689666301647	0.02
1.792147241	0.233689666301647	0.02
1.794856772	0.206613385452106	0.02
1.795060195	0.203059603726691	0.02
1.795172249	0.197400732574092	0.02
1.795643534	0.192048713248964	0.02
1.796669094	0.186979246052851	0.02
1.796696941	0.186979246052851	0.02
1.799436111	0.184064027716706	0.02
1.801889818	0.104181449423705	0.02
1.809599251	0.182946857757115	0.03
1.812688451	0.117140964865194	0.03
1.813240824	0.120295539232454	0.03
1.813793197	0.114749094700736	0.03
1.814069384	0.116905144386195	0.03
1.814345569	0.101704407588712	0.03
1.814596154	0.0933213884008899	0.03
1.814621756	0.0933213884008899	0.03
1.814621757	0.0933213884008899	0.03
1.814846808	0.0933213884008899	0.03
1.814872379	0.0933213884008899	0.03
1.815123071	0.095177197635471	0.03
1.815322808	0.0961330589963607	0.03
1.815373832	0.0961330589963607	0.03
1.815624663	0.182330648791754	0.04
1.815850116	0.182330648791754	0.04
1.815875562	0.182330648791754	0.04
1.816101116	0.182330648791754	0.04
1.816377569	0.182330648791754	0.04
1.816879855	0.182330648791754	0.04
1.817382419	0.178678157464526	0.04
1.818036082	0.178678157464526	0.04
1.818363245	0.178678157464526	0.04
1.819217405	0.181215133844488	0.04
1.819410514	0.181215133844488	0.04
1.820606159	0.18382519079667	0.04
1.82134289	0.123397051713539	0.04
1.823267442	0.117140964865194	0.04
1.823345161	0.109691565648943	0.04
1.824280416	0.114749094700736	0.04
1.824759677	0.0915365658960051	0.04
1.828939845	0.175403995358706	0.05
1.830016016	0.175403995358706	0.05
1.835137623	0.088983771087735	0.05
1.83758722	0.0839542327924211	0.05
1.839735229	0.175403995358706	0.06
1.844053766	0.109691565648943	0.06
1.860668056	0.170711721897956	0.08
1.860714054	0.170711721897956	0.08
1.872927722	0.0831439807537165	0.08
1.876458705	0.0672065134232964	0.08
1.877534086	0.069691890395458	0.09
1.917919203	0.066539123519836	0.11
1.919145255	0.066539123519836	0.11
1.93486401	0.0610801513444549	0.13
1.937910579	0.0605283910746762	0.13
1.938309591	0.0605283910746762	0.13
1.938319698	0.0605283910746762	0.13
1.939501786	0.0605283910746762	0.13
1.940502926	0.0439954140903554	0.13
1.945075766	0.0667878356138665	0.14
1.956133657	0.0667878356138665	0.15
1.95745413	0.0667878356138665	0.15
1.959079535	0.0667878356138665	0.15
1.961031557	0.0509414439057779	0.15
2.03833515	0.0835471423344542	0.23
2.045755957	0.0823492188903497	0.24
2.058434493	0.0823492188903497	0.25
2.058810915	0.0823492188903497	0.25
2.060706206	0.0695793161310103	0.25
2.067556414	0.0823492188903497	0.26
2.077371996	0.0823492188903497	0.27
2.077653506	0.0823492188903497	0.27
2.077935092	0.0823492188903497	0.27
2.080200147	0.0695793161310103	0.27
2.112854786	0.0685822790840313	0.3
2.116340052	0.0800535561305435	0.31
2.117539144	0.0800535561305435	0.31
2.122322709	0.067613412460382	0.31
2.130868897	0.067613412460382	0.32
2.201956234	0.067139172581492	0.39
2.21647999	0.0794995009548405	0.41
2.22342495	0.0685822790840313	0.41
2.225736601	0.0839542327924211	0.41
2.22607531	0.0856230548557399	0.41
2.226678687	0.0838285522842523	0.42
2.230993963	0.0718585906440407	0.42
2.244892022	0.173287079310478	0.43
2.283420782	0.208216762198501	0.39
2.36737444	0.258850334459906	0.32
2.401471639	0.289010106586533	0.32
2.57811595	0.287981671592062	0.18
2.63880046	0.287981671592062	0.12
2.644514931	0.287981671592062	0.12
2.64482266	0.287981671592062	0.12
2.664122924	0.287981671592062	0.1
2.67074212	0.290898930325954	0.09
2.671148642	0.290898930325954	0.09
2.671193179	0.290898930325954	0.09
2.671237545	0.290898930325954	0.09
2.671237705	0.290898930325954	0.09
2.671599486	0.290898930325954	0.09
2.671599646	0.290898930325954	0.09
2.671872794	0.290898930325954	0.09
2.671961685	0.290898930325954	0.09
2.672323822	0.290898930325954	0.09
2.673366554	0.290898930325954	0.09
2.674640938	0.290898930325954	0.09
2.674817434	0.290898930325954	0.09
2.67498819	0.290898930325954	0.09
2.675906626	0.290898930325954	0.09
2.67595059	0.290898930325954	0.09
2.68050645	0.290898930325954	0.08
2.681604422	0.290898930325954	0.08
2.684222358	0.290898930325954	0.08
2.690995907	0.290898930325954	0.07
2.692790444	0.290898930325954	0.07
2.697875326	0.290898930325954	0.07
2.703341222	0.290898930325954	0.07
2.716197088	0.285122342943967	0.08
2.721339166	0.287981671592062	0.08
2.721714851	0.287981671592062	0.08
2.721753239	0.287981671592062	0.08
2.722090639	0.287981671592062	0.08
2.722504826	0.287981671592062	0.08
2.725138453	0.282319235807358	0.09
2.725892101	0.282319235807358	0.09
2.727362573	0.282319235807358	0.09
2.728042156	0.282319235807358	0.09
2.730687704	0.285122342943967	0.09
2.741703646	0.285122342943967	0.1
2.744776734	0.278262897152182	0.1
2.758261585	0.281080483454901	0.1
2.784781798	0.265888299614561	0.12
2.795646082	0.265888299614561	0.13
2.814579483	0.265888299614561	0.15
2.857457722	0.265888299614561	0.19
2.885327778	0.260715481097128	0.22
2.901070252	0.246505891292018	0.23
3.091199805	0.234772301164523	0.42
3.116410384	0.248162757405869	0.45
3.116832706	0.248162757405869	0.45
3.153761559	0.252527342716854	0.49
3.194633906	0.243650793350971	0.53
3.557717034	0.23854270361515	0.890000000000001
3.560201153	0.23854270361515	0.890000000000001
3.561529658	0.208216762198501	0.890000000000001
3.561648443	0.19309577350851	0.890000000000001
3.566965252	0.19496864281711	0.890000000000001
3.567214517	0.19496864281711	0.890000000000001
3.571210711	0.18207687830944	0.890000000000001
3.571812505	0.18382519079667	0.890000000000001
3.572123566	0.18382519079667	0.890000000000001
3.575584373	0.185607403587372	0.890000000000001
3.579984214	0.185607403587372	0.890000000000001
3.62901857	0.146818901557203	0.910000000000001
3.62939674	0.146818901557203	0.910000000000001
3.629519691	0.146818901557203	0.910000000000001
3.6300627	0.146818901557203	0.910000000000001
3.630972932	0.146818901557203	0.910000000000001
3.631023885	0.146818901557203	0.910000000000001
3.631169027	0.146818901557203	0.910000000000001
3.631970124	0.145424815002098	0.920000000000001
3.707141358	0.146818901557203	0.990000000000001
3.778072999	0.146818901557203	1.06
3.82876748	0.153122131090569	1.11
3.963711323	0.151694721067211	1.25
4.078052931	0.198090782560929	1.36
4.442577106	0.213714447418596	1.72
4.452121847	0.216783313446962	1.73
4.45272527	0.213714447418596	1.73
4.453932605	0.213714447418596	1.73
4.459832487	0.186814869033728	1.74
4.464002998	0.213714447418596	1.74
4.478685952	0.186814869033728	1.76
4.480518943	0.186814869033728	1.76
4.492707945	0.211659817094602	1.77
4.536342962	0.217945745969268	1.81
4.536969429	0.217945745969268	1.81
4.537596069	0.220124854563308	1.81
4.848628454	0.220124854563308	2.12
4.895921957	0.204905723078839	2.16
5.342582978	0.230783130934992	2.26
5.343129076	0.230783130934992	2.26
5.343307119	0.230783130934992	2.26
5.346842194	0.230783130934992	2.26
5.443653327	0.236206840984968	2.32999999999999
5.445157132	0.236206840984968	2.32999999999999
6.244676548	0.208087437124158	2.61999999999999
6.35095118	0.208087437124158	2.72999999999999
7	0.271270539534622	3.17999999999998
