thrs	post_p	finalwindow
0	0.123398024972525	0.23
0.03256001	0.123398024972525	0.2
0.070216248	0.110087301408383	0.18
0.082355146	0.103134235795223	0.18
0.089689176	0.104453685577468	0.17
0.103967892	0.100592875069236	0.18
0.106977596	0.100592875069236	0.18
0.113424721	0.0970072974858504	0.18
0.115659216	0.0970072974858504	0.18
0.123778241	0.105807333687797	0.18
0.127200542	0.0791412946106219	0.17
0.129609166	0.113795343994465	0.17
0.130460633	0.112877613110999	0.17
0.14705261	0.0799159397561357	0.15
0.148427326	0.0999769845743372	0.15
0.151339737	0.107667733645758	0.15
0.178062567	0.102615742576152	0.12
0.178113806	0.102615742576152	0.12
0.178140913	0.102615742576152	0.12
0.178189211	0.102615742576152	0.12
0.178358463	0.102615742576152	0.12
0.181430774	0.110211137634275	0.12
0.186084933	0.103789767408345	0.12
0.194681585	0.110087301408383	0.11
0.222049977	0.108334425392896	0.08
0.222622275	0.1011593973778	0.08
0.22265244	0.1011593973778	0.08
0.222656148	0.1011593973778	0.08
0.222686318	0.1011593973778	0.08
0.222697977	0.1011593973778	0.08
0.222924291	0.109350089038478	0.08
0.223196808	0.106036360102207	0.08
0.226694446	0.101425963970128	0.08
0.226728961	0.101425963970128	0.08
0.226867021	0.101425963970128	0.08
0.226929675	0.101425963970128	0.08
0.226957829	0.101425963970128	0.08
0.226982815	0.101425963970128	0.08
0.227432153	0.101425963970128	0.08
0.242615688	0.0958682406215851	0.06
0.242875367	0.105397569627761	0.06
0.242941212	0.105397569627761	0.06
0.243116147	0.101720814560088	0.06
0.249436037	0.093561195663988	0.06
0.256228734	0.0982919368524707	0.05
0.256650521	0.0982919368524707	0.05
0.259750174	0.0943177734497707	0.05
0.263775407	0.0943177734497707	0.05
0.272151172	0.093561195663988	0.05
0.287097646	0.0807058994546019	0.04
0.296044019	0.0783815229500928	0.04
0.296834617	0.0747914608538201	0.05
0.296839561	0.0747914608538201	0.05
0.296874128	0.0747914608538201	0.05
0.296879772	0.0747914608538201	0.05
0.296960227	0.0747914608538201	0.05
0.297161557	0.0747914608538201	0.05
0.297207868	0.0747914608538201	0.05
0.29723727	0.0747914608538201	0.05
0.297345093	0.0747914608538201	0.05
0.29736316	0.0747914608538201	0.05
0.298062423	0.0747914608538201	0.05
0.298432807	0.0747914608538201	0.05
0.29855614	0.0747914608538201	0.05
0.298682719	0.0747914608538201	0.05
0.299120783	0.0747914608538201	0.05
0.29926506	0.0747914608538201	0.05
0.300128238	0.0754829206832841	0.05
0.300638986	0.0807058994546019	0.04
0.301159527	0.0807058994546019	0.04
0.302397905	0.0807058994546019	0.04
0.302406093	0.0807058994546019	0.04
0.30240618	0.0807058994546019	0.04
0.302443572	0.0807058994546019	0.04
0.302452098	0.0807058994546019	0.04
0.302493847	0.0807058994546019	0.04
0.302531356	0.0807058994546019	0.04
0.302757814	0.0807058994546019	0.04
0.303062807	0.0807058994546019	0.04
0.303998368	0.0799159397561357	0.04
0.305094409	0.0799159397561357	0.04
0.306047128	0.0799159397561357	0.04
0.307314933	0.0799159397561357	0.04
0.308759935	0.0799159397561357	0.04
0.319078068	0.070894874144502	0.04
0.322066605	0.0807058994546019	0.03
0.322777267	0.0807058994546019	0.03
0.323097253	0.0807058994546019	0.03
0.323537089	0.0807058994546019	0.03
0.323808824	0.0807058994546019	0.03
0.327195424	0.0673842008859162	0.04
0.330254195	0.0668326154604776	0.04
0.333944256	0.0647137127900179	0.04
0.334029253	0.0647137127900179	0.04
0.340262381	0.0699833523031552	0.05
0.343625259	0.0699833523031552	0.05
0.343706753	0.0699833523031552	0.05
0.351815198	0.0674537899015935	0.06
0.356200611	0.0664924368781681	0.06
0.356206548	0.0664924368781681	0.06
0.356437896	0.0660219635779227	0.06
0.357086112	0.0750492686168684	0.06
0.357959666	0.0727910576427926	0.06
0.360733393	0.0338080699275779	0.06
0.362945858	0.062485016142609	0.07
0.363236679	0.062485016142609	0.07
0.363936107	0.062485016142609	0.07
0.366130409	0.06290627022054	0.07
0.367161303	0.0710491080006489	0.07
0.367663989	0.0685151443568144	0.07
0.37384574	0.110734306586572	0.08
0.381649088	0.0972792555597714	0.07
0.386863037	0.090551948877816	0.06
0.386909127	0.0963964533181693	0.06
0.389222512	0.0918421831832052	0.06
0.395214438	0.113334620744052	0.06
0.398731854	0.0953457851520166	0.05
0.403209246	0.10670207739277	0.05
0.411578949	0.121774078756324	0.04
0.412388288	0.121774078756324	0.04
0.415094538	0.13020359120234	0.04
0.416416237	0.0937663286619912	0.03
0.418471182	0.110087301408383	0.03
0.419019267	0.109350089038478	0.03
0.423143546	0.121447763189902	0.03
0.428769674	0.113138307983276	0.02
0.440249622	0.137561792601904	0.01
0.440316292	0.137561792601904	0.01
0.441750067	0.137561792601904	0.01
0.444499874	0.135295208356287	0.01
0.444770984	0.134585593674964	0.01
0.445049535	0.134585593674964	0.01
0.445117302	0.139847599198275	0.01
0.445156208	0.139847599198275	0.01
0.445185067	0.139847599198275	0.01
0.445185068	0.139847599198275	0.01
0.44525283	0.139847599198275	0.01
0.445252832	0.139847599198275	0.01
0.445252833	0.139847599198275	0.01
0.445252835	0.139847599198275	0.01
0.445305777	0.139847599198275	0.01
0.445313188	0.139847599198275	0.01
0.44531319	0.139847599198275	0.01
0.445373562	0.139847599198275	0.01
0.445419149	0.139847599198275	0.01
0.445433949	0.139847599198275	0.01
0.445479567	0.137694181367732	0.01
0.445494353	0.137694181367732	0.01
0.445540001	0.137694181367732	0.01
0.445554774	0.136295038454517	0.01
0.445578303	0.136295038454517	0.01
0.445615211	0.136295038454517	0.01
0.445653547	0.136295038454517	0.01
0.445675664	0.136295038454517	0.01
0.445691925	0.141383091695174	0.01
0.445736134	0.141383091695174	0.01
0.445849774	0.149147869174665	0.01
0.445857123	0.149147869174665	0.01
0.445917642	0.149147869174665	0.01
0.445970843	0.149147869174665	0.01
0.446188208	0.14841791714544	0.01
0.446319857	0.14841791714544	0.01
0.446351359	0.14841791714544	0.01
0.446394864	0.14841791714544	0.01
0.446395102	0.14841791714544	0.01
0.446465528	0.14841791714544	0.01
0.44656991	0.14841791714544	0.01
0.446633323	0.14841791714544	0.01
0.446772341	0.14841791714544	0.01
0.446888185	0.14841791714544	0.01
0.447158639	0.14841791714544	0.01
0.447533088	0.14841791714544	0.01
0.447649603	0.147695075307179	0.01
0.447876705	0.147695075307179	0.01
0.447928306	0.147695075307179	0.01
0.448701687	0.147695075307179	0.01
0.449552291	0.146270310665843	0.01
0.449715173	0.146270310665843	0.01
0.452986292	0.141440241334103	0.01
0.453117722	0.141440241334103	0.01
0.453312195	0.140081279195575	0.01
0.453607731	0.140081279195575	0.01
0.453670383	0.140081279195575	0.01
0.45367678	0.140081279195575	0.01
0.453739439	0.140081279195575	0.01
0.453782962	0.140081279195575	0.01
0.453789353	0.140081279195575	0.01
0.453802119	0.140081279195575	0.01
0.453864805	0.140081279195575	0.01
0.453864814	0.140081279195575	0.01
0.453927527	0.140081279195575	0.01
0.453952078	0.140081279195575	0.01
0.453977538	0.140081279195575	0.01
0.453990257	0.140081279195575	0.01
0.454053004	0.140081279195575	0.01
0.454115767	0.140081279195575	0.01
0.454159539	0.140081279195575	0.01
0.454172215	0.140081279195575	0.01
0.454291524	0.140081279195575	0.01
0.454297847	0.140081279195575	0.01
0.454379121	0.140081279195575	0.01
0.454423548	0.140081279195575	0.01
0.454618511	0.14075748027031	0.01
0.455078808	0.145680073494855	0.01
0.455439212	0.177627612135967	0.01
0.455550168	0.189149960639326	0.01
0.455678249	0.202270867937625	0.01
0.455755613	0.20767304750074	0.01
0.455804735	0.20767304750074	0.01
0.456159276	0.206800968358634	0.01
0.45760535	0.140835923797124	0.02
0.459124851	0.137017948684537	0.02
0.462114195	0.132446007591735	0.02
0.46331093	0.132446007591735	0.02
0.473676694	0.125061362085688	0.03
0.477096915	0.120662516348148	0.03
0.478409458	0.130812039556531	0.03
0.478419311	0.130812039556531	0.03
0.478888149	0.132046157082976	0.03
0.479732593	0.111439640746015	0.03
0.479936634	0.111439640746015	0.03
0.483511101	0.117502019656951	0.04
0.483671852	0.117502019656951	0.04
0.483988273	0.117502019656951	0.04
0.484225862	0.117502019656951	0.04
0.484458594	0.117502019656951	0.04
0.484927676	0.119427026222053	0.04
0.486776039	0.11649096063006	0.04
0.489424331	0.116640312471253	0.04
0.499369323	0.111357797797449	0.05
0.50407637	0.110545931844401	0.06
0.508934563	0.102338707447981	0.06
0.514553924	0.107034376696584	0.07
0.514839037	0.108179841673846	0.07
0.51502476	0.108179841673846	0.07
0.515124567	0.110950379658132	0.07
0.51682809	0.0981737471870128	0.07
0.518492841	0.0970960394038917	0.07
0.520735072	0.0845027150675884	0.07
0.529143364	0.0281054629200704	0.07
0.534226929	0.0325500847588894	0.06
0.534308248	0.0319555578033447	0.06
0.534380672	0.0311034028157267	0.06
0.534453117	0.0311034028157267	0.06
0.534888196	0.0311034028157267	0.06
0.539174229	0.0316663648926008	0.06
0.543234343	0.0316663648926008	0.06
0.546060858	0.0732810589879781	0.06
0.55657045	0.0762762560750207	0.05
0.556807604	0.0762762560750207	0.05
0.55802857	0.0744504598577619	0.05
0.559788571	0.0756577879762024	0.05
0.566766402	0.0853458869501387	0.04
0.568776608	0.083066571511442	0.04
0.574371638	0.0754829206832841	0.04
0.579525048	0.083066571511442	0.05
0.583655412	0.083066571511442	0.05
0.59079165	0.074112554239559	0.05
0.591193432	0.074112554239559	0.05
0.593573546	0.0747914608538201	0.05
0.593673806	0.0747914608538201	0.05
0.593673808	0.0747914608538201	0.05
0.593754277	0.0747914608538201	0.05
0.593754278	0.0747914608538201	0.05
0.59375428	0.0747914608538201	0.05
0.593824895	0.0747914608538201	0.05
0.593915284	0.0747914608538201	0.05
0.594036974	0.0747914608538201	0.05
0.594152812	0.0747914608538201	0.05
0.594237558	0.0747914608538201	0.05
0.594318181	0.0747914608538201	0.05
0.595887104	0.074112554239559	0.05
0.596219211	0.0761872851467334	0.05
0.596894832	0.0747914608538201	0.05
0.602148457	0.0721478258228448	0.05
0.602674298	0.0721478258228448	0.05
0.604813246	0.0721478258228448	0.05
0.604905308	0.0721478258228448	0.05
0.60490531	0.0721478258228448	0.05
0.604905312	0.0721478258228448	0.05
0.604988853	0.0721478258228448	0.05
0.606051871	0.0721478258228448	0.05
0.60631275	0.0721478258228448	0.05
0.606404306	0.0721478258228448	0.05
0.606824709	0.0769049189034788	0.05
0.607971158	0.0761872851467334	0.05
0.624510489	0.0845723425405886	0.05
0.635412418	0.0845723425405886	0.05
0.63624959	0.0845723425405886	0.05
0.636422142	0.0845723425405886	0.05
0.637031954	0.0845723425405886	0.05
0.637881775	0.0845723425405886	0.05
0.638075882	0.0845723425405886	0.05
0.641599528	0.0838126944362997	0.05
0.64559646	0.0795267308337769	0.06
0.646569798	0.0795267308337769	0.06
0.64801212	0.0795267308337769	0.06
0.648110758	0.0795267308337769	0.06
0.65703705	0.0804408499963778	0.07
0.659386285	0.0798291200151555	0.07
0.667472678	0.078048509300659	0.08
0.667879261	0.078048509300659	0.08
0.667879263	0.078048509300659	0.08
0.667969788	0.078048509300659	0.08
0.669490645	0.078048509300659	0.08
0.680410924	0.0716553401697492	0.09
0.68060848	0.0716553401697492	0.09
0.680786967	0.0716553401697492	0.09
0.689921535	0.0783815229500928	0.09
0.692614054	0.0783815229500928	0.09
0.696262833	0.0747914608538201	0.1
0.697379755	0.0747914608538201	0.1
0.7123899	0.0721478258228448	0.11
0.712401774	0.0721478258228448	0.11
0.713541741	0.0727910576427926	0.11
0.71365913	0.0727910576427926	0.11
0.715653707	0.0673842008859162	0.12
0.715679053	0.0673842008859162	0.12
0.725609694	0.0673842008859162	0.13
0.725979546	0.0685151443568144	0.13
0.72717465	0.0702845773122646	0.13
0.735438378	0.0622468229621009	0.14
0.744518666	0.0604047183588776	0.14
0.7500464	0.0207663119575743	0.14
0.756122282	0.0223586261342275	0.13
0.762884543	0.0812309104741528	0.13
0.763284143	0.0846819892662789	0.13
0.763387603	0.0842450994259355	0.13
0.763491091	0.0838126944362997	0.13
0.766651587	0.0799159397561357	0.13
0.772093843	0.0802103557259626	0.12
0.779976345	0.08134361178531	0.12
0.786383987	0.0825494358024837	0.11
0.793117932	0.0906264023602069	0.1
0.794958533	0.0866372563599203	0.1
0.797194853	0.0838684963620104	0.1
0.799403767	0.0838126944362997	0.1
0.8034392	0.0914156202539168	0.09
0.812482547	0.088029780304347	0.08
0.817085993	0.0846313477777888	0.08
0.828284953	0.0868762609987848	0.07
0.856064956	0.0923643439718333	0.04
0.861783488	0.0924155212886679	0.03
0.866065884	0.0929304310371985	0.03
0.867661243	0.0933116931872822	0.03
0.870144812	0.088586943437234	0.03
0.874413626	0.0961722700050926	0.02
0.875954975	0.0929304310371985	0.02
0.880342154	0.0883384470974775	0.02
0.88244613	0.0996211855275167	0.01
0.883671839	0.101652620062144	0.01
0.884296127	0.0999769845743372	0.01
0.888469193	0.096160975273969	0.01
0.888863234	0.0952880858424569	0.01
0.889014569	0.094714910538028	0.01
0.889209764	0.094714910538028	0.01
0.889576687	0.0933116931872822	0.01
0.889752182	0.0933116931872822	0.01
0.890068113	0.0930360243135651	0.01
0.890083013	0.0930360243135651	0.01
0.890218543	0.0922187046748883	0.01
0.890218544	0.0922187046748883	0.01
0.890339212	0.0916817563937476	0.01
0.890354075	0.0922187046748883	0.01
0.890407894	0.0922187046748883	0.01
0.890419078	0.0922187046748883	0.01
0.890459913	0.0922187046748883	0.01
0.890474761	0.0922187046748883	0.01
0.890489605	0.0922187046748883	0.01
0.890489606	0.0922187046748883	0.01
0.890506418	0.0922187046748883	0.01
0.890580647	0.0922187046748883	0.01
0.890595481	0.0922187046748883	0.01
0.89061031	0.0922187046748883	0.01
0.890610311	0.0922187046748883	0.01
0.89068659	0.0922187046748883	0.01
0.890716233	0.0919494466497781	0.01
0.890731048	0.0919494466497781	0.01
0.890731049	0.0919494466497781	0.01
0.890822213	0.0919494466497781	0.01
0.890837018	0.0919494466497781	0.01
0.890851819	0.0919494466497781	0.01
0.890928251	0.0919494466497781	0.01
0.890957836	0.0919494466497781	0.01
0.890972623	0.0919494466497781	0.01
0.891093459	0.0916817563937476	0.01
0.89119957	0.0916817563937476	0.01
0.891244043	0.0916817563937476	0.01
0.891246709	0.0916817563937476	0.01
0.891320486	0.0916817563937476	0.01
0.891441435	0.0916817563937476	0.01
0.891456164	0.0916817563937476	0.01
0.891521465	0.0914156202539168	0.01
0.891562417	0.0914156202539168	0.01
0.891577132	0.0908879564993968	0.01
0.891698132	0.0908879564993968	0.01
0.891881522	0.0908879564993968	0.01
0.892017347	0.090366349283771	0.01
0.89206133	0.090366349283771	0.01
0.89216782	0.090366349283771	0.01
0.892182462	0.090366349283771	0.01
0.892245091	0.090366349283771	0.01
0.89229733	0.0901077843851331	0.01
0.892307805	0.0901077843851331	0.01
0.892568748	0.0906264023602069	0.01
0.892924751	0.0936685342153889	0.01
0.892951888	0.0931342903049654	0.01
0.892952212	0.0931342903049654	0.01
0.893016766	0.0931342903049654	0.01
0.89308003	0.0931342903049654	0.01
0.893313967	0.0926061060153196	0.01
0.893395592	0.0926061060153196	0.01
0.894085351	0.0923442541018304	0.01
0.89422449	0.0923442541018304	0.01
0.894232534	0.0923442541018304	0.01
0.894332391	0.0926061060153196	0.01
0.894482721	0.0926061060153196	0.01
0.894511483	0.0926061060153196	0.01
0.894690708	0.0926061060153196	0.01
0.894906463	0.0926061060153196	0.01
0.895081202	0.0926061060153196	0.01
0.895086463	0.0926061060153196	0.01
0.89539422	0.0918249677492167	0.01
0.895524497	0.0977428061582181	0.01
0.89592425	0.0977428061582181	0.01
0.896329745	0.0971997770678203	0.01
0.896396617	0.0971997770678203	0.01
0.896928207	0.094064224947719	0.01
0.897131294	0.0978795128061424	0.01
0.897197773	0.0973688243684866	0.01
0.897282137	0.094413206891102	0.01
0.897316929	0.0937021280393814	0.01
0.89799116	0.0941274841875863	0.01
0.898155973	0.0931874403013072	0.01
0.898455429	0.091362578329595	0.01
0.898485328	0.0915418420004793	0.01
0.898755243	0.0904766892600847	0.01
0.89889623	0.0903015690425143	0.01
0.898920463	0.0903015690425143	0.01
0.899310528	0.0896078150953334	0.01
0.899413875	0.0894360389962805	0.01
0.899974537	0.0887554703007203	0.01
0.900113547	0.0896078150953334	0.01
0.900274359	0.0897802523106549	0.01
0.900690942	0.0695659491366396	0.01
0.901007608	0.0726206767195779	0.01
0.90151373	0.070453047695541	0.01
0.901568195	0.0709290904381149	0.01
0.901947653	0.0748275374961623	0.01
0.902291602	0.0681785925473975	0.01
0.902860993	0.0656938533311887	0.01
0.902932441	0.0661320632116892	0.01
0.903166806	0.0598146754525458	0.01
0.903685884	0.060226486790945	0.01
0.904039961	0.060019874744969	0.01
0.905345526	0.0608549468702461	0.01
0.905424433	0.0612812579088734	0.01
0.906154318	0.0614966611491598	0.01
0.906508268	0.0614966611491598	0.01
0.906786831	0.0612812579088734	0.01
0.906922556	0.0610673583796162	0.01
0.906983581	0.0614966611491598	0.01
0.907060652	0.0614966611491598	0.01
0.90712089	0.0614966611491598	0.01
0.907185931	0.0617135840130125	0.01
0.907198748	0.0619320426382825	0.01
0.907298438	0.0578373015567254	0.01
0.907311244	0.0578373015567254	0.01
0.907324045	0.0584584751814301	0.01
0.907336843	0.0584584751814301	0.01
0.907336844	0.0584584751814301	0.01
0.90746216	0.0584584751814301	0.01
0.907536422	0.0584584751814301	0.01
0.9075492	0.0584584751814301	0.01
0.907574745	0.0584584751814301	0.01
0.907587512	0.0584584751814301	0.01
0.907674633	0.0584584751814301	0.01
0.907712898	0.0584584751814301	0.01
0.907951053	0.0584584751814301	0.01
0.907963774	0.0582499400583005	0.01
0.908089263	0.058668508783021	0.01
0.908089264	0.058668508783021	0.01
0.90817671	0.0588800570728198	0.01
0.908202099	0.0588800570728198	0.01
0.908214789	0.0588800570728198	0.01
0.908289632	0.0588800570728198	0.01
0.908453284	0.0588800570728198	0.01
0.908566283	0.058668508783021	0.01
0.908577365	0.058668508783021	0.01
0.908578929	0.058668508783021	0.01
0.908691978	0.058668508783021	0.01
0.908816452	0.0588800570728198	0.01
0.908830322	0.0588800570728198	0.01
0.908943472	0.0593077637335096	0.01
0.909094444	0.0593077637335096	0.01
0.909195105	0.0590931364952174	0.01
0.909207673	0.0590931364952174	0.01
0.909270732	0.0590931364952174	0.01
0.909308419	0.0590931364952174	0.01
0.909346075	0.0593077637335096	0.01
0.909434338	0.0601820931197649	0.01
0.909642167	0.0601820931197649	0.01
0.909838426	0.0597417296117094	0.01
0.909914657	0.0597417296117094	0.01
0.909925885	0.0597417296117094	0.01
0.910014581	0.0599611028524042	0.01
0.910051995	0.0599611028524042	0.01
0.910204731	0.0606289967813437	0.01
0.910267	0.0606289967813437	0.01
0.910467776	0.0610825873852271	0.01
0.910628128	0.0610825873852271	0.01
0.911062134	0.0615430161460587	0.01
0.911351929	0.0615430161460587	0.01
0.911383512	0.0613119373676799	0.01
0.911404622	0.0613119373676799	0.01
0.911518912	0.0615430161460587	0.01
0.911632099	0.0620104388724175	0.01
0.911747931	0.0620104388724175	0.01
0.911776598	0.0620104388724175	0.01
0.912015459	0.0622468229621009	0.01
0.912488931	0.062485016142609	0.01
0.912630246	0.0617758433413082	0.01
0.912707801	0.0617758433413082	0.01
0.912776305	0.0615430161460587	0.01
0.912811242	0.0656503515390086	0.01
0.912967277	0.0620104388724175	0.01
0.913006436	0.0620104388724175	0.01
0.913244462	0.062485016142609	0.01
0.914018042	0.0620104388724175	0.01
0.914870556	0.0658976263341884	0.01
0.914968567	0.0658976263341884	0.01
0.914983658	0.0658976263341884	0.01
0.915026039	0.0658976263341884	0.01
0.915269563	0.0658976263341884	0.01
0.916024822	0.0580587622860522	0.01
0.916163647	0.0585068108865495	0.01
0.916208994	0.0580587622860522	0.01
0.916688985	0.0594239792760315	0.01
0.916912552	0.0601309509076195	0.01
0.917248255	0.0568128621404474	0.01
0.917957453	0.0452670827110799	0.01
0.918456927	0.0313823593402809	0.01
0.918483627	0.0313823593402809	0.01
0.919120121	0.0344742446674384	0.01
0.919655338	0.062485016142609	0.02
0.919822583	0.062485016142609	0.02
0.921364075	0.0639846810737074	0.02
0.921783065	0.0646496598870887	0.02
0.922504312	0.0653286058167531	0.02
0.922763582	0.0653286058167531	0.02
0.922787758	0.0653286058167531	0.02
0.923268187	0.0619320426382825	0.02
0.923473233	0.0619320426382825	0.02
0.924160807	0.0625967979254597	0.02
0.924507726	0.0625967979254597	0.02
0.924627878	0.0625967979254597	0.02
0.925553967	0.0553057850692578	0.02
0.926193857	0.0557122020186638	0.02
0.927872541	0.0405462487638339	0.02
0.93064775	0.0583800997705598	0.03
0.93220206	0.0587476610110912	0.03
0.93534835	0.0572693328287676	0.03
0.938770844	0.0200522803769496	0.03
0.941112169	0.0229450853436077	0.03
0.942896738	0.0184650211353385	0.03
0.944027825	0.0192259460779713	0.03
0.947518522	0.0223586261342275	0.03
0.948845214	0.0227956050886785	0.03
0.949342587	0.0230205630424627	0.03
0.954191796	0.0359808450610247	0.04
0.955603107	0.0393161816559823	0.04
0.956549025	0.040687690638516	0.04
0.956780018	0.0410456506192872	0.04
0.95679317	0.0410456506192872	0.04
0.956793172	0.0410456506192872	0.04
0.957016096	0.0414099649865492	0.04
0.957077957	0.0414099649865492	0.04
0.958321379	0.042158345917836	0.04
0.959031973	0.04373930157712	0.04
0.959642592	0.0441532428600117	0.04
0.959665139	0.0445750939391298	0.04
0.959857154	0.0450050837179647	0.04
0.960039043	0.0450050837179647	0.04
0.960819071	0.0450050837179647	0.04
0.960911853	0.0450050837179647	0.04
0.964458654	0.0359808450610247	0.05
0.966290332	0.040687690638516	0.05
0.966653906	0.040687690638516	0.05
0.966980911	0.0414099649865492	0.05
0.966980912	0.0414099649865492	0.05
0.966986309	0.0414099649865492	0.05
0.967297223	0.0417808044569872	0.05
0.967302571	0.0417808044569872	0.05
0.967302572	0.0417808044569872	0.05
0.967460779	0.0417808044569872	0.05
0.967608447	0.0417808044569872	0.05
0.96761904	0.0417808044569872	0.05
0.967925221	0.0417808044569872	0.05
0.968083686	0.042158345917836	0.05
0.968088909	0.042158345917836	0.05
0.969035555	0.04373930157712	0.05
0.969666194	0.0445750939391298	0.05
0.970292984	0.04373930157712	0.05
0.970442597	0.04373930157712	0.05
0.973766743	0.038664525791563	0.06
0.974203145	0.038664525791563	0.06
0.97801719	0.042006513508849	0.06
0.978183481	0.042006513508849	0.06
0.985118954	0.0334845449563878	0.05
0.9860103	0.0328557219261261	0.05
1.019804062	0.0551047921027927	0.06
1.022530753	0.0459808953014987	0.07
1.023898132	0.0459808953014987	0.07
1.027042278	0.0499165428663768	0.07
1.029078227	0.0516861335118846	0.07
1.029637844	0.0516861335118846	0.07
1.029659545	0.0521483107662167	0.07
1.030020301	0.0535858030474664	0.07
1.030392053	0.0540827416347797	0.07
1.031531241	0.0567124106544637	0.07
1.031720423	0.0567124106544637	0.07
1.032104884	0.0567124106544637	0.07
1.033463082	0.0567124106544637	0.07
1.034014818	0.0567124106544637	0.07
1.034854243	0.0572693328287676	0.07
1.035677928	0.0572693328287676	0.07
1.036124234	0.0572693328287676	0.07
1.038905957	0.0499165428663768	0.08
1.041709188	0.0551047921027927	0.08
1.043349328	0.0551047921027927	0.08
1.044012776	0.0551047921027927	0.08
1.048661279	0.0456211970079057	0.09
1.049025044	0.0456211970079057	0.09
1.056246636	0.0503474825990405	0.09
1.058571278	0.0456211970079057	0.1
1.067971123	0.044918423382656	0.11
1.06860264	0.0456211970079057	0.11
1.070020858	0.0474782560734606	0.11
1.070326964	0.0478679592531703	0.11
1.088407982	0.0612544385574228	0.13
1.088762574	0.0612544385574228	0.13
1.113082372	0.067944966810855	0.12
1.113233383	0.067944966810855	0.12
1.125633627	0.067944966810855	0.11
1.13205703	0.063621125833248	0.12
1.133642817	0.0692904355442059	0.11
1.134317617	0.0619320426382825	0.12
1.136767134	0.067944966810855	0.11
1.137302108	0.0686111056268148	0.11
1.187305519	0.0463463107218369	0.15
1.18762744	0.0459808953014987	0.15
1.192009701	0.0459808953014987	0.15
1.192725439	0.044918423382656	0.15
1.208769953	0.0328557219261261	0.13
1.209215802	0.0328557219261261	0.13
1.209751115	0.0328557219261261	0.13
1.209825949	0.0328557219261261	0.13
1.210085375	0.0328557219261261	0.13
1.210771389	0.0328557219261261	0.13
1.212614931	0.0319555578033447	0.13
1.224141399	0.0328557219261261	0.12
1.22465873	0.0328557219261261	0.12
1.225416562	0.0328557219261261	0.12
1.226416878	0.0328557219261261	0.12
1.226767373	0.0328557219261261	0.12
1.243346642	0.0344742446674384	0.11
1.245566855	0.0478679592531703	0.12
1.246668032	0.0486668781148298	0.12
1.252855937	0.0530979135406371	0.11
1.268447511	0.0526188281734783	0.1
1.270060331	0.0516861335118846	0.1
1.270253663	0.0507859279107587	0.1
1.275739262	0.0526188281734783	0.09
1.285172518	0.0225750011849479	0.09
1.289511656	0.0328557219261261	0.09
1.297280078	0.0535858030474664	0.09
1.302603198	0.0535858030474664	0.1
1.303502827	0.0535858030474664	0.1
1.33510162	0.0654049255582737	0.12
1.335508208	0.0654049255582737	0.12
1.335711503	0.0654049255582737	0.12
1.335892556	0.0654049255582737	0.12
1.336051433	0.0654049255582737	0.12
1.33638917	0.0654049255582737	0.12
1.336413828	0.0654049255582737	0.12
1.336595099	0.0647993143580117	0.12
1.336665633	0.0647993143580117	0.12
1.337117106	0.0647993143580117	0.12
1.337524247	0.0647993143580117	0.12
1.337777279	0.0647993143580117	0.12
1.337887386	0.063621125833248	0.12
1.338686534	0.063621125833248	0.12
1.342315002	0.063621125833248	0.12
1.342368518	0.063621125833248	0.12
1.343443085	0.063621125833248	0.12
1.346883901	0.0686111056268148	0.12
1.350085516	0.0686111056268148	0.11
1.360533959	0.0686111056268148	0.12
1.360981621	0.0686111056268148	0.12
1.36116959	0.0686111056268148	0.12
1.361338457	0.0686111056268148	0.12
1.361545683	0.0686111056268148	0.12
1.361952473	0.0686111056268148	0.12
1.362110213	0.0686111056268148	0.12
1.364721715	0.0754829206832841	0.13
1.369020462	0.0807058994546019	0.12
1.369707356	0.0807058994546019	0.12
1.370127164	0.0807058994546019	0.12
1.373967278	0.0776362004828744	0.13
1.377139612	0.0799159397561357	0.13
1.377544294	0.0799159397561357	0.13
1.379222918	0.0799159397561357	0.13
1.384187356	0.0769049189034788	0.13
1.38563755	0.0769049189034788	0.13
1.418305639	0.0791412946106219	0.13
1.434752614	0.0807058994546019	0.13
1.440102642	0.0799159397561357	0.13
1.448119954	0.0807058994546019	0.12
1.450462129	0.0799159397561357	0.12
1.450674974	0.0799159397561357	0.12
1.450928234	0.0799159397561357	0.12
1.454856842	0.0799159397561357	0.12
1.45657643	0.0799159397561357	0.13
1.457818346	0.0799159397561357	0.13
1.484117024	0.0783815229500928	0.15
1.485393153	0.0791412946106219	0.15
1.485917469	0.0783815229500928	0.16
1.488337206	0.0783815229500928	0.16
1.506038743	0.0776362004828744	0.18
1.511734415	0.0776362004828744	0.18
1.511964569	0.0776362004828744	0.18
1.512403577	0.0776362004828744	0.18
1.512821455	0.0776362004828744	0.18
1.513239565	0.0776362004828744	0.18
1.517647523	0.0769049189034788	0.19
1.519065464	0.0769049189034788	0.19
1.523536021	0.0769049189034788	0.19
1.558319819	0.168835702403199	0.23
1.55916507	0.166503260289944	0.23
1.561070241	0.23676027632483	0.22
1.56916589	0.202952077409838	0.22
1.611568792	0.195238782742062	0.18
1.652341299	0.204337977543261	0.14
1.707257935	0.259210146458975	0.08
1.730827961	0.235248102901066	0.06
1.745720251	0.245175596023556	0.04
1.75282717	0.23328758506319	0.04
1.768990518	0.259210146458975	0.02
1.77492366	0.243431155106821	0.02
1.77861633	0.261982633266515	0.02
1.780657571	0.249952049357195	0.01
1.780657572	0.249952049357195	0.01
1.780839524	0.249952049357195	0.01
1.780928629	0.249952049357195	0.01
1.78092863	0.249952049357195	0.01
1.781081012	0.249952049357195	0.01
1.781170031	0.249952049357195	0.01
1.781170032	0.249952049357195	0.01
1.781381862	0.249952049357195	0.01
1.781411498	0.249952049357195	0.01
1.781411499	0.249952049357195	0.01
1.781653031	0.249952049357195	0.01
1.7818108	0.249952049357195	0.01
1.781894629	0.249952049357195	0.01
1.782136293	0.247739944150027	0.01
1.782378022	0.245566650243824	0.01
1.782590324	0.245566650243824	0.01
1.782619816	0.245566650243824	0.01
1.783044725	0.245566650243824	0.01
1.783103602	0.245566650243824	0.01
1.783345594	0.245566650243824	0.01
1.783829774	0.245566650243824	0.01
1.784013316	0.245566650243824	0.01
1.78446873	0.245566650243824	0.01
1.784506241	0.245566650243824	0.01
1.784933025	0.247739944150027	0.01
1.785009515	0.247739944150027	0.01
1.785497332	0.277569108918172	0.01
1.785988286	0.275229878723599	0.01
1.787927091	0.266254380147332	0.01
1.788266632	0.266254380147332	0.01
1.788780487	0.268442922576453	0.01
1.788872102	0.268442922576453	0.01
1.78918715	0.268442922576453	0.01
1.789358594	0.268442922576453	0.01
1.789747139	0.268442922576453	0.01
1.790095821	0.268442922576453	0.01
1.79204453	0.279948443073306	0.02
1.792147241	0.279948443073306	0.02
1.795060195	0.224360867376767	0.02
1.795643534	0.206428129059794	0.02
1.796645824	0.195279338416408	0.02
1.796669094	0.195279338416408	0.02
1.796696941	0.195279338416408	0.02
1.801889818	0.0899533544662703	0.02
1.808733518	0.0791412946106219	0.02
1.809599251	0.18089909594193	0.03
1.813215031	0.103610161051411	0.03
1.813240824	0.103610161051411	0.03
1.813716026	0.106182621122967	0.03
1.813793197	0.106182621122967	0.03
1.814069384	0.109818076887289	0.03
1.814345569	0.109818076887289	0.03
1.814596154	0.101720814560088	0.03
1.814621757	0.101720814560088	0.03
1.814846808	0.101720814560088	0.03
1.814872379	0.101720814560088	0.03
1.815039963	0.103526557309039	0.03
1.815123071	0.103526557309039	0.03
1.815169565	0.103526557309039	0.03
1.815373832	0.103526557309039	0.03
1.815624663	0.104453685577468	0.03
1.815850116	0.104453685577468	0.03
1.815875562	0.104453685577468	0.03
1.816374833	0.0853458869501387	0.03
1.816377569	0.0853458869501387	0.03
1.81637757	0.0853458869501387	0.03
1.817382419	0.0845723425405886	0.03
1.817399416	0.0845723425405886	0.03
1.817633804	0.0845723425405886	0.03
1.818363245	0.0861337124941894	0.03
1.819217405	0.0894360389962805	0.03
1.819581019	0.0911840153799563	0.03
1.81989941	0.17916238503594	0.04
1.82134289	0.102486932828097	0.04
1.822065256	0.0917546081284487	0.04
1.823267442	0.102780151292276	0.04
1.823345161	0.102780151292276	0.04
1.824759677	0.100841361202807	0.04
1.828541204	0.0861337124941894	0.04
1.835137623	0.101720814560088	0.05
1.836263396	0.0838126944362997	0.05
1.837659261	0.0838126944362997	0.05
1.839735229	0.0903015690425142	0.05
1.846490238	0.0838126944362997	0.06
1.872927722	0.0861337124941894	0.08
1.917919203	0.0463463107218369	0.11
1.919145255	0.0454434500184285	0.12
1.93486401	0.042542772708214	0.13
1.937910579	0.042158345917836	0.13
1.938319698	0.042158345917836	0.13
1.940502926	0.0109862317471578	0.13
1.945075766	0.0503474825990405	0.14
1.947078383	0.0503474825990405	0.14
1.95745413	0.0503474825990405	0.15
1.961031557	0.0209528367173349	0.15
2.03833515	0.0582499400583005	0.23
2.039242563	0.058668508783021	0.23
2.04617014	0.0578373015567254	0.24
2.057190684	0.0566337333381218	0.25
2.057670659	0.0566337333381218	0.25
2.058434493	0.0566337333381218	0.25
2.058810915	0.0570293181539835	0.25
2.060706206	0.0334046288917989	0.25
2.067556414	0.0566337333381218	0.26
2.077371996	0.0566337333381218	0.27
2.07768814	0.0566337333381218	0.27
2.077935092	0.0566337333381218	0.27
2.080200147	0.0334046288917989	0.27
2.116340052	0.0558588023116955	0.31
2.117539144	0.0558588023116955	0.31
2.119081815	0.0562435986784971	0.31
2.122322709	0.0329330301583526	0.31
2.175983465	0.0558588023116955	0.37
2.201956234	0.0329330301583526	0.39
2.21647999	0.0558588023116955	0.41
2.225736601	0.0551047921027927	0.42
2.22607531	0.0551047921027927	0.42
2.226678687	0.0551047921027927	0.42
2.226980498	0.0551047921027927	0.42
2.244892022	0.0939379612092991	0.43
2.268175967	0.123567805195227	0.41
2.273953022	0.115763291672291	0.41
2.287430653	0.124769475361554	0.39
2.401471639	0.162755844117548	0.33
2.416816988	0.144183969388003	0.31
2.634889835	0.14841791714544	0.39
2.64482266	0.14841791714544	0.4
2.65353762	0.14841791714544	0.41
2.669724846	0.146979240276804	0.43
2.670697515	0.146979240276804	0.43
2.671148642	0.146979240276804	0.43
2.671237705	0.14841791714544	0.42
2.671599486	0.14841791714544	0.42
2.671599646	0.14841791714544	0.42
2.671961685	0.14841791714544	0.42
2.672323822	0.14841791714544	0.42
2.67300408	0.14841791714544	0.42
2.673410821	0.14841791714544	0.42
2.674201502	0.14841791714544	0.42
2.674498542	0.14841791714544	0.42
2.675753192	0.14841791714544	0.42
2.67595059	0.14841791714544	0.42
2.678640892	0.14841791714544	0.42
2.679543675	0.14841791714544	0.42
2.679587204	0.14841791714544	0.42
2.681604422	0.14841791714544	0.42
2.684222358	0.14841791714544	0.42
2.690797174	0.14841791714544	0.43
2.692790444	0.14841791714544	0.43
2.697875326	0.14841791714544	0.43
2.700424629	0.14841791714544	0.44
2.703341222	0.14841791714544	0.44
2.716197088	0.144183969388003	0.45
2.721223607	0.144183969388003	0.46
2.721339166	0.144183969388003	0.46
2.721753239	0.144183969388003	0.46
2.722090639	0.144183969388003	0.46
2.72212898	0.144183969388003	0.46
2.722504826	0.144183969388003	0.46
2.727362573	0.144183969388003	0.46
2.728457177	0.142825829009648	0.47
2.730687704	0.14841791714544	0.46
2.734951629	0.142825829009648	0.47
2.741703646	0.14841791714544	0.47
2.742221604	0.14841791714544	0.47
2.784781798	0.142825829009648	0.52
2.795646082	0.142825829009648	0.53
2.857457722	0.142825829009648	0.59
2.874914635	0.140184886938292	0.61
2.884109016	0.146979240276804	0.6
2.893176138	0.146979240276804	0.61
3.017087015	0.145368816660855	0.55
3.091199805	0.154151671700813	0.48
3.153761559	0.178485986092594	0.49
3.190582361	0.178485986092594	0.52
3.479484296	0.181780138996319	0.81
3.561529658	0.177309932848671	0.890000000000001
3.561648443	0.1749630787132	0.890000000000001
3.562131134	0.194120571363456	0.890000000000001
3.563861522	0.155521963291058	0.890000000000001
3.568359469	0.165841393846467	0.890000000000001
3.571210711	0.189149960639326	0.900000000000001
3.571812505	0.182905378192722	0.900000000000001
3.572123566	0.184427547456763	0.900000000000001
3.572497766	0.179449517421684	0.900000000000001
3.62901857	0.180026552086495	0.940000000000001
3.62939674	0.180026552086495	0.940000000000001
3.629519691	0.180026552086495	0.940000000000001
3.631023885	0.181780138996319	0.940000000000001
3.633483005	0.178306474735039	0.950000000000001
3.707141358	0.180026552086495	1.02
3.778072999	0.180026552086495	1.09
3.963711323	0.159574818306754	1.27
4.078052931	0.203841985718739	1.36
4.442577106	0.199959082641343	1.73
4.452121847	0.199959082641343	1.74
4.45272527	0.199959082641343	1.74
4.453328856	0.199959082641343	1.74
4.453932605	0.199959082641343	1.74
4.475601202	0.201169184739866	1.76
4.478685952	0.203012051588481	1.76
4.492707945	0.199359474607699	1.78
4.536342962	0.197582034340481	1.82
4.537596069	0.197582034340481	1.82
4.895921957	0.195836008435022	2.18
5.342582978	0.215341397767716	2.48999999999999
5.343129076	0.215341397767716	2.48999999999999
5.343307119	0.215341397767716	2.48999999999999
5.346842194	0.215341397767716	2.48999999999999
5.443653327	0.223063243024222	2.55999999999999
6.232084175	0.256831915495666	2.67999999999999
6.2338777	0.256831915495666	2.67999999999999
6.234722781	0.256831915495666	2.67999999999999
6.244676548	0.256831915495666	2.68999999999999
6.35095118	0.256831915495666	2.78999999999998
7	0.284831620497137	3.42999999999997
