thrs	post_p	finalwindow
0	0.0971660120203165	0.23
0.082355146	0.0797799343049659	0.18
0.089689176	0.0808127891682634	0.17
0.093809574	0.0768339291656163	0.17
0.098963073	0.0768339291656163	0.17
0.103967892	0.0758996889308451	0.17
0.115659216	0.072379383117484	0.18
0.123778241	0.0740977480872413	0.18
0.127200542	0.0561132060026585	0.17
0.128068503	0.0610526447250517	0.17
0.129609166	0.0765199707622875	0.17
0.129730945	0.0765199707622875	0.17
0.14705261	0.0571405238282504	0.15
0.148427326	0.0610526447250517	0.15
0.151339737	0.0746888125292371	0.15
0.155752372	0.0735737320550001	0.15
0.172569069	0.0691711537040143	0.13
0.178062567	0.0610526447250517	0.12
0.178113806	0.0610526447250517	0.12
0.178140913	0.0610526447250517	0.12
0.178189211	0.0610526447250517	0.12
0.178358463	0.0610526447250517	0.12
0.181486006	0.0746888125292371	0.12
0.181824923	0.0746888125292371	0.12
0.186084933	0.0725476247986567	0.12
0.191788381	0.0746888125292371	0.11
0.206482242	0.0768339291656163	0.1
0.222049977	0.0872107775904875	0.08
0.222622275	0.0797799343049659	0.08
0.22265244	0.0797799343049659	0.08
0.222656148	0.0797799343049659	0.08
0.222686318	0.0797799343049659	0.08
0.222716495	0.0797799343049659	0.08
0.222812147	0.0878654933073253	0.08
0.226728961	0.0823045440700025	0.08
0.226867021	0.0823045440700025	0.08
0.226923294	0.0823045440700025	0.08
0.226929675	0.0823045440700025	0.08
0.226957829	0.0823045440700025	0.08
0.226982815	0.0823045440700025	0.08
0.227081991	0.0829608613587001	0.08
0.227177477	0.0829608613587001	0.08
0.227432153	0.0797799343049659	0.08
0.230426372	0.0726199680444676	0.07
0.237068117	0.0686010126198034	0.07
0.241897099	0.0648588341494812	0.07
0.242941212	0.0653682385730545	0.07
0.249436037	0.0472024518193436	0.06
0.254481698	0.0476347015992684	0.06
0.256228734	0.0514002238720175	0.05
0.256650521	0.0514002238720175	0.05
0.259750174	0.0480749410762266	0.05
0.263775407	0.0480749410762266	0.05
0.272151172	0.0485233938387424	0.05
0.287097646	0.0391991300359682	0.06
0.296044019	0.0391991300359682	0.06
0.296834617	0.0371021991411229	0.06
0.296839561	0.0371021991411229	0.06
0.296839653	0.0371021991411229	0.06
0.296874128	0.0371021991411229	0.06
0.296879772	0.0371021991411229	0.06
0.29691506	0.0371021991411229	0.06
0.296960227	0.0371021991411229	0.06
0.297156652	0.0374359677617789	0.06
0.297161557	0.0374359677617789	0.06
0.297207868	0.0374359677617789	0.06
0.29723727	0.0374359677617789	0.06
0.297242165	0.0374359677617789	0.06
0.297345093	0.0374359677617789	0.06
0.29736316	0.0374359677617789	0.06
0.298033592	0.0374359677617789	0.06
0.298062423	0.0374359677617789	0.06
0.298432807	0.0374359677617789	0.06
0.299120783	0.0374359677617789	0.06
0.29926506	0.0374359677617789	0.06
0.299931082	0.0374359677617789	0.06
0.300638986	0.0374359677617789	0.06
0.301159527	0.0374359677617789	0.06
0.302397905	0.0388333349185821	0.06
0.30240618	0.0388333349185821	0.06
0.302452098	0.0388333349185821	0.06
0.302453753	0.0388333349185821	0.06
0.302493847	0.0388333349185821	0.06
0.302531356	0.0388333349185821	0.06
0.302757814	0.0388333349185821	0.06
0.303037639	0.0391991300359682	0.06
0.303062807	0.0391991300359682	0.06
0.303998368	0.0388333349185821	0.06
0.306047128	0.0388333349185821	0.06
0.306464617	0.0411365842483796	0.05
0.307314933	0.0415472870689377	0.05
0.308759935	0.0415472870689377	0.05
0.322591403	0.0411365842483796	0.05
0.322777267	0.0411365842483796	0.05
0.323097253	0.0411365842483796	0.05
0.323808824	0.0411365842483796	0.05
0.324596864	0.0403390656043868	0.05
0.327195424	0.0403390656043868	0.05
0.328591896	0.0403390656043868	0.05
0.333944256	0.0403390656043868	0.05
0.334029253	0.0403390656043868	0.05
0.340262381	0.0395718819833775	0.05
0.345554528	0.0384743036743683	0.05
0.350684009	0.0381218504169893	0.06
0.351815198	0.0377757960097051	0.06
0.356206548	0.0381218504169893	0.06
0.356437896	0.0381218504169893	0.06
0.362945858	0.0358245909971301	0.07
0.363936107	0.0358245909971301	0.07
0.366130409	0.0364522038281128	0.07
0.367161303	0.0679661096013954	0.08
0.367663989	0.066235263517167	0.08
0.37384574	0.0921457842521837	0.08
0.386863037	0.0682634171634081	0.06
0.386909127	0.0745806459053734	0.06
0.389299853	0.0683449530058765	0.06
0.389825341	0.0788496898590413	0.06
0.395214438	0.106510873243043	0.06
0.403209246	0.0827071966884305	0.05
0.411578949	0.0898501691989129	0.04
0.412388288	0.089257195321398	0.04
0.418471182	0.0838728936849475	0.03
0.423143546	0.0942323510113416	0.03
0.428769674	0.0877307756847647	0.02
0.440249622	0.102829888186927	0.01
0.441750067	0.102053958009651	0.01
0.444236336	0.127022391220883	0.01
0.444499874	0.122534157278987	0.01
0.444770984	0.11902931961964	0.01
0.445117302	0.129392106145736	0.01
0.445185068	0.128664726105424	0.01
0.445245414	0.128664726105424	0.01
0.445252832	0.128664726105424	0.01
0.445252833	0.128664726105424	0.01
0.445252835	0.128664726105424	0.01
0.445305777	0.128664726105424	0.01
0.445313188	0.128664726105424	0.01
0.44531319	0.128664726105424	0.01
0.445373562	0.128664726105424	0.01
0.445419149	0.128664726105424	0.01
0.445433949	0.128664726105424	0.01
0.445479567	0.128664726105424	0.01
0.445494353	0.128664726105424	0.01
0.445540001	0.128664726105424	0.01
0.445554774	0.127234227135746	0.01
0.445578303	0.127234227135746	0.01
0.445615211	0.127234227135746	0.01
0.445691925	0.127234227135746	0.01
0.445736134	0.127234227135746	0.01
0.445849774	0.126530839961667	0.01
0.445978177	0.126530839961667	0.01
0.446038729	0.126530839961667	0.01
0.446319857	0.125147141624003	0.01
0.446341735	0.125147141624003	0.01
0.446395102	0.125147141624003	0.01
0.446465528	0.124466579481306	0.01
0.446633323	0.124466579481306	0.01
0.446888185	0.123127422052864	0.01
0.447158639	0.123127422052864	0.01
0.447533088	0.123127422052864	0.01
0.447542535	0.123127422052864	0.01
0.447649603	0.122468591686546	0.01
0.447876705	0.122468591686546	0.01
0.447928306	0.121816774335699	0.01
0.448701687	0.120533735491633	0.01
0.448791313	0.120533735491633	0.01
0.449051315	0.120533735491633	0.01
0.449552291	0.118659065224984	0.01
0.449715173	0.118659065224984	0.01
0.451750007	0.118047066917311	0.01
0.453312195	0.112704751349813	0.01
0.453607731	0.112704751349813	0.01
0.453670383	0.112704751349813	0.01
0.45367678	0.112704751349813	0.01
0.453739439	0.112704751349813	0.01
0.453782962	0.112704751349813	0.01
0.453802119	0.112704751349813	0.01
0.453864805	0.112704751349813	0.01
0.453864814	0.112704751349813	0.01
0.453990257	0.112704751349813	0.01
0.454131662	0.112704751349813	0.01
0.454159539	0.112704751349813	0.01
0.454172215	0.112704751349813	0.01
0.454228692	0.112704751349813	0.01
0.454266222	0.113289175460917	0.01
0.454297847	0.113289175460917	0.01
0.454379121	0.113289175460917	0.01
0.454543029	0.113879692161118	0.01
0.454618511	0.113879692161118	0.01
0.454637485	0.113879692161118	0.01
0.455078808	0.114476397221981	0.01
0.455180191	0.116927088262467	0.01
0.455550168	0.14502419912962	0.01
0.455804735	0.115079388432931	0.02
0.456133439	0.115079388432931	0.02
0.456159276	0.115079388432931	0.02
0.456455968	0.115079388432931	0.02
0.456880284	0.115079388432931	0.02
0.45760535	0.114503668793073	0.02
0.457901934	0.114503668793073	0.02
0.458022431	0.114503668793073	0.02
0.458664131	0.113369339592167	0.02
0.459124851	0.113369339592167	0.02
0.460382332	0.11170936834585	0.02
0.46331093	0.107175876578973	0.02
0.472596627	0.100288205130143	0.03
0.473676694	0.100288205130143	0.03
0.474072423	0.100288205130143	0.03
0.47699163	0.105528698816446	0.03
0.478409458	0.0991299148237615	0.04
0.479936634	0.0987024241446926	0.04
0.483511101	0.0950523062875034	0.04
0.484225862	0.0950523062875034	0.04
0.484458594	0.0954676583898303	0.04
0.485802156	0.115934327398793	0.04
0.485999254	0.110705908939931	0.04
0.489107131	0.109570242630752	0.04
0.489424331	0.109570242630752	0.04
0.490830832	0.0932934379231888	0.04
0.508934563	0.0890968310964163	0.06
0.511690912	0.0771504745007624	0.06
0.514645345	0.0857278777690027	0.07
0.51473946	0.0857278777690027	0.07
0.51502476	0.0860655918088057	0.07
0.51682809	0.08351584176154	0.07
0.518492841	0.0832626602449927	0.07
0.534380672	0.0296903060690785	0.06
0.536755919	0.0286019624823313	0.06
0.539174229	0.0291359743368979	0.06
0.544416783	0.0305625150279772	0.06
0.546060858	0.0436385619745852	0.06
0.556645891	0.0455491519967085	0.05
0.55802857	0.0429184643554826	0.05
0.559788571	0.0429184643554826	0.05
0.566766402	0.0508972950935667	0.04
0.568776608	0.0467779761905511	0.04
0.572491616	0.0467779761905511	0.04
0.574371638	0.0467779761905511	0.04
0.579525048	0.0494458760811415	0.04
0.583655412	0.0494458760811415	0.04
0.586308239	0.0504041128273517	0.04
0.59079165	0.0504041128273517	0.04
0.591819223	0.0504041128273517	0.04
0.593402747	0.0504041128273517	0.04
0.593673806	0.0504041128273517	0.04
0.593673808	0.0504041128273517	0.04
0.593754277	0.0504041128273517	0.04
0.593754278	0.0504041128273517	0.04
0.59375428	0.0504041128273517	0.04
0.593824895	0.0504041128273517	0.04
0.594237558	0.0504041128273517	0.04
0.594318181	0.0504041128273517	0.04
0.595196772	0.0504041128273517	0.04
0.595887104	0.049920396468449	0.04
0.596219211	0.0494458760811415	0.04
0.597117526	0.0489802918966108	0.04
0.602148457	0.0476347015992684	0.04
0.604813246	0.0472024518193436	0.04
0.604905308	0.0472024518193436	0.04
0.60490531	0.0472024518193436	0.04
0.604905312	0.0472024518193436	0.04
0.604988853	0.0472024518193436	0.04
0.605716504	0.0467779761905511	0.04
0.605724938	0.0467779761905511	0.04
0.606824709	0.0467779761905511	0.04
0.607971158	0.0467779761905511	0.04
0.608524688	0.0459515232844691	0.04
0.608756287	0.0459515232844691	0.04
0.61827716	0.049920396468449	0.03
0.624510489	0.0476347015992684	0.04
0.635412418	0.043275517795374	0.05
0.636066531	0.043275517795374	0.05
0.63624959	0.043275517795374	0.05
0.637260654	0.0436385619745852	0.05
0.638075882	0.0436385619745852	0.05
0.641599528	0.043275517795374	0.05
0.644129804	0.0405750552738245	0.06
0.64559646	0.0405750552738245	0.06
0.646569798	0.0408940370562827	0.06
0.64801212	0.0408940370562827	0.06
0.648110758	0.0408940370562827	0.06
0.648827538	0.0408940370562827	0.06
0.65703705	0.0344029971192017	0.07
0.659386285	0.0341769616960423	0.07
0.667879261	0.0201853266741616	0.07
0.667879263	0.0201853266741616	0.07
0.671132308	0.0201853266741616	0.07
0.678915807	0.0194313038376476	0.08
0.680589305	0.0194313038376476	0.08
0.68060848	0.0194313038376476	0.08
0.680786967	0.0194313038376476	0.08
0.689921535	0.026422692965069	0.09
0.690723937	0.0262008792135329	0.09
0.692614054	0.0266482944849098	0.09
0.696262833	0.0253496560155941	0.1
0.697379755	0.0253496560155941	0.1
0.712354258	0.0247466722012584	0.11
0.7123899	0.0247466722012584	0.11
0.712401774	0.0247466722012584	0.11
0.713541741	0.0247466722012584	0.11
0.71365913	0.0247466722012584	0.11
0.714295462	0.0247466722012584	0.11
0.715653707	0.00962935511107336	0.11
0.725609694	0.00936919686232662	0.12
0.725869057	0.00981097190685617	0.12
0.725979546	0.00981097190685617	0.12
0.726772429	0.00981097190685617	0.12
0.72717465	0.0101955637293327	0.12
0.75180067	0.0103993927406034	0.12
0.756122282	0.0101955637293327	0.12
0.762884543	0.0750522960254443	0.13
0.763387603	0.0102964695835078	0.12
0.763491091	0.0102964695835078	0.12
0.765321243	0.0101955637293327	0.12
0.772093843	0.0786628489343772	0.12
0.772264397	0.0777914549227567	0.12
0.778829055	0.0843456122363309	0.12
0.779184816	0.0841449671623973	0.12
0.779976345	0.0100966164446963	0.11
0.786383987	0.0866239913514692	0.11
0.794958533	0.091960669216195	0.1
0.797194853	0.0879555351464517	0.1
0.8034392	0.0960783282553361	0.09
0.812482547	0.0885859528112872	0.08
0.817085993	0.0950147261488246	0.08
0.828284953	0.0973442792085617	0.07
0.849686346	0.0952784128783991	0.05
0.856064956	0.100490017751209	0.04
0.861783488	0.0972824973585802	0.03
0.866065884	0.102029898833228	0.03
0.867661243	0.101473883702065	0.03
0.870144812	0.0968917888224949	0.03
0.874413626	0.10694634706318	0.02
0.875213305	0.104266755498355	0.02
0.875954975	0.102343555669536	0.02
0.882218863	0.0965877447867898	0.01
0.88244613	0.0959028451377208	0.01
0.883236842	0.106083028651295	0.01
0.884296127	0.10940656846373	0.01
0.886381245	0.104923985582494	0.01
0.887670141	0.104883917687052	0.01
0.888469193	0.104246967942766	0.01
0.888863234	0.10238170577247	0.01
0.889014569	0.102077298958614	0.01
0.889209764	0.102077298958614	0.01
0.889576687	0.100582019511006	0.01
0.889752182	0.100582019511006	0.01
0.889857915	0.100582019511006	0.01
0.890083013	0.0999961022967748	0.01
0.890218543	0.0999961022967748	0.01
0.890218544	0.0999961022967748	0.01
0.890228158	0.0999961022967748	0.01
0.890309475	0.0999961022967748	0.01
0.890339212	0.0999961022967748	0.01
0.890354074	0.0999961022967748	0.01
0.890354075	0.0999961022967748	0.01
0.890459913	0.0999961022967748	0.01
0.890474761	0.0999961022967748	0.01
0.890489605	0.0999961022967748	0.01
0.890489606	0.0999961022967748	0.01
0.890580647	0.0999961022967748	0.01
0.890595481	0.0999961022967748	0.01
0.89061031	0.0999961022967748	0.01
0.890610311	0.0999961022967748	0.01
0.890716233	0.0994169717976439	0.01
0.890731048	0.0994169717976439	0.01
0.890731049	0.0994169717976439	0.01
0.890737499	0.0994169717976439	0.01
0.890822213	0.0994169717976439	0.01
0.890851819	0.0994169717976439	0.01
0.890928251	0.0994169717976439	0.01
0.890957836	0.0994169717976439	0.01
0.890972623	0.0994169717976439	0.01
0.891093459	0.0991299148237615	0.01
0.89119957	0.0991299148237615	0.01
0.891244043	0.0991299148237615	0.01
0.891246709	0.0991299148237615	0.01
0.891320486	0.0991299148237615	0.01
0.89133523	0.0991299148237615	0.01
0.891456164	0.0991299148237615	0.01
0.891521465	0.0991299148237615	0.01
0.891562417	0.0991299148237615	0.01
0.891686849	0.0988445107761905	0.01
0.891698132	0.0988445107761905	0.01
0.891793338	0.0988445107761905	0.01
0.891881522	0.0988445107761905	0.01
0.892012117	0.0988445107761905	0.01
0.89206133	0.0988445107761905	0.01
0.892182462	0.0979980746461514	0.01
0.892215798	0.0979980746461514	0.01
0.89229733	0.0988445107761905	0.01
0.892307805	0.0988445107761905	0.01
0.892546055	0.0994169717976439	0.01
0.892568748	0.0994169717976439	0.01
0.89273031	0.0994169717976439	0.01
0.892793389	0.0994169717976439	0.01
0.892951888	0.100956082913682	0.01
0.892952212	0.100956082913682	0.01
0.893016766	0.100956082913682	0.01
0.893172464	0.100099002916742	0.01
0.893313967	0.100668763423534	0.01
0.893320622	0.100668763423534	0.01
0.893352088	0.100668763423534	0.01
0.893395592	0.100668763423534	0.01
0.894189143	0.100383074706108	0.01
0.89422449	0.100383074706108	0.01
0.894232534	0.100383074706108	0.01
0.894332391	0.100956082913682	0.01
0.894482721	0.100956082913682	0.01
0.894690708	0.0998165343670493	0.01
0.894906463	0.0998165343670493	0.01
0.894913415	0.0998165343670493	0.01
0.894970751	0.0998165343670493	0.01
0.895081202	0.0998165343670493	0.01
0.895086463	0.0998165343670493	0.01
0.89539422	0.0998165343670493	0.01
0.895524497	0.102451539565492	0.01
0.895638516	0.101593995357444	0.01
0.895840307	0.101593995357444	0.01
0.896329745	0.100196217661947	0.01
0.896396617	0.100472687706044	0.01
0.89685771	0.0993758619149367	0.01
0.896928207	0.099105387054949	0.01
0.89693811	0.099105387054949	0.01
0.897131294	0.103617707767124	0.01
0.897282137	0.10063779978449	0.01
0.897316929	0.0995962520590822	0.01
0.898155973	0.0914706459469793	0.01
0.898455429	0.0903359974846412	0.01
0.898485328	0.0908997810665007	0.01
0.898755243	0.0899640110194309	0.01
0.89889623	0.0897791642535229	0.01
0.899310528	0.0892291536341517	0.01
0.899325427	0.0892291536341517	0.01
0.899413875	0.0883272935011999	0.01
0.899974537	0.0881491047364759	0.01
0.900031532	0.087971633469359	0.01
0.900690942	0.0591250304550409	0.01
0.901007608	0.0667071482345362	0.01
0.901568195	0.0663180515625431	0.01
0.902162268	0.0704727017934136	0.01
0.902860993	0.0694427474539985	0.01
0.902919093	0.0694427474539985	0.01
0.902932441	0.0694427474539985	0.01
0.903166806	0.0656259532802378	0.01
0.904039961	0.0496424922299364	0.01
0.904508173	0.0508558282515102	0.01
0.905424433	0.0516982155472435	0.01
0.905541598	0.0519131909692205	0.01
0.906154318	0.0523485503557483	0.01
0.906197141	0.0523485503557483	0.01
0.906210372	0.0523485503557483	0.01
0.906786831	0.0527912736031696	0.01
0.906922556	0.053015455308088	0.01
0.907060652	0.0536995718724801	0.01
0.90712089	0.0536995718724801	0.01
0.907185931	0.054165543481446	0.01
0.907198748	0.054165543481446	0.01
0.907298438	0.0498768822274095	0.01
0.907311244	0.0498768822274095	0.01
0.907336843	0.0503154683712728	0.01
0.907336844	0.0503154683712728	0.01
0.907449378	0.0503154683712728	0.01
0.90746216	0.0503154683712728	0.01
0.907536422	0.0503154683712728	0.01
0.9075492	0.0503154683712728	0.01
0.907574745	0.0503154683712728	0.01
0.907587512	0.0503154683712728	0.01
0.907712898	0.0503154683712728	0.01
0.907951053	0.0503154683712728	0.01
0.907963774	0.0498768822274095	0.01
0.908089263	0.0498768822274095	0.01
0.908089264	0.0498768822274095	0.01
0.90817671	0.0500952153567685	0.01
0.908202099	0.0500952153567685	0.01
0.908214789	0.0500952153567685	0.01
0.908289632	0.0500952153567685	0.01
0.908577365	0.0507618362479558	0.01
0.908691978	0.0507618362479558	0.01
0.908729307	0.0507618362479558	0.01
0.908816452	0.0512161948154415	0.01
0.908855181	0.0512161948154415	0.01
0.908943472	0.0514464379624851	0.01
0.908956071	0.0514464379624851	0.01
0.909195105	0.0512161948154415	0.01
0.909308419	0.0512161948154415	0.01
0.909346075	0.0521497579433845	0.01
0.90938549	0.0521497579433845	0.01
0.909620416	0.0523884908459292	0.01
0.909896599	0.0521497579433845	0.01
0.909914657	0.0521497579433845	0.01
0.909925885	0.0521497579433845	0.01
0.910014581	0.0516787605806389	0.01
0.910051995	0.0519131909692205	0.01
0.910204731	0.0519131909692205	0.01
0.910267	0.0519131909692205	0.01
0.910467776	0.0519131909692205	0.01
0.910628128	0.0519131909692205	0.01
0.911062134	0.0526294195594297	0.01
0.911383512	0.0526294195594297	0.01
0.911518912	0.0526294195594297	0.01
0.911632099	0.0528725745187073	0.01
0.911747931	0.0528725745187073	0.01
0.911776598	0.0528725745187073	0.01
0.912015459	0.0526294195594297	0.01
0.912811242	0.0616088705526176	0.01
0.912967277	0.0582061593409925	0.01
0.913006436	0.0582061593409925	0.01
0.913139907	0.0582061593409925	0.01
0.913630289	0.0584788077615813	0.01
0.913751419	0.0584788077615813	0.01
0.914018042	0.0584788077615813	0.01
0.914696902	0.0582061593409925	0.01
0.914983658	0.0582061593409925	0.01
0.915269563	0.0582061593409925	0.01
0.915559183	0.0541228485231324	0.01
0.916688985	0.0551664624503237	0.01
0.917957453	0.0504041128273517	0.01
0.918483627	0.0561132060026585	0.02
0.919120121	0.05766841912385	0.02
0.919655338	0.0588331316866692	0.02
0.920002472	0.0590717427042089	0.02
0.921783065	0.0600458607580169	0.02
0.922071236	0.0600458607580169	0.02
0.922455062	0.0607977968208931	0.02
0.922504312	0.0607977968208931	0.02
0.922787758	0.0607977968208931	0.02
0.923268187	0.0581644389218592	0.02
0.923473233	0.0581644389218592	0.02
0.924412009	0.0581644389218592	0.02
0.924507726	0.0581644389218592	0.02
0.924627878	0.059182524885913	0.02
0.925553967	0.0556132761273486	0.02
0.926193857	0.0558621225751189	0.02
0.927872541	0.0532415491384448	0.02
0.929379518	0.0515457485312947	0.03
0.93220206	0.0524742831762819	0.03
0.933174706	0.0501796994698816	0.03
0.934071327	0.0503665713132465	0.03
0.938446291	0.0307431426332775	0.03
0.941112169	0.036073024735547	0.03
0.942896738	0.0236228542863852	0.03
0.944027825	0.0247466722012584	0.03
0.947518522	0.0259827586315415	0.03
0.948845214	0.0262008792135329	0.03
0.949342587	0.026422692965069	0.03
0.950306111	0.0273488213778563	0.03
0.951999424	0.0273488213778563	0.03
0.954119877	0.00971931515233784	0.03
0.954191796	0.00971931515233784	0.03
0.955603107	0.0102964695835078	0.03
0.955985355	0.0102964695835078	0.03
0.956018846	0.0102964695835078	0.03
0.956296714	0.0103993927406034	0.03
0.956549025	0.0103993927406034	0.03
0.956766863	0.0103993927406034	0.03
0.956780018	0.0103993927406034	0.03
0.95679317	0.0103993927406034	0.03
0.956793172	0.0103993927406034	0.03
0.957077957	0.0103993927406034	0.03
0.959031973	0.0257682397444406	0.04
0.959642592	0.0259827586315415	0.04
0.959665139	0.0262008792135329	0.04
0.959857154	0.0262008792135329	0.04
0.960819071	0.0268777816304401	0.04
0.964446178	0.00990437383352368	0.04
0.964458654	0.00990437383352368	0.04
0.966653906	0.0103993927406034	0.04
0.966980911	0.0103993927406034	0.04
0.966980912	0.0103993927406034	0.04
0.966986309	0.0103993927406034	0.04
0.967139043	0.0103993927406034	0.04
0.967297223	0.0103993927406034	0.04
0.967297226	0.0103993927406034	0.04
0.967302572	0.0103993927406034	0.04
0.967460779	0.0103993927406034	0.04
0.96746078	0.0103993927406034	0.04
0.967608447	0.0103993927406034	0.04
0.96761904	0.0103993927406034	0.04
0.967619041	0.0103993927406034	0.04
0.967772081	0.0103993927406034	0.04
0.967925221	0.0249444540043303	0.05
0.967935716	0.0249444540043303	0.05
0.968083686	0.0253496560155941	0.05
0.968088909	0.0253496560155941	0.05
0.968861479	0.0257682397444406	0.05
0.970292984	0.0268777816304401	0.05
0.970442597	0.0268777816304401	0.05
0.973457204	0.00945434014020139	0.05
0.973766743	0.00954104510181728	0.05
0.974203145	0.00954104510181728	0.05
0.97801719	0.0102964695835078	0.05
0.978183481	0.0101955637293327	0.05
0.981915796	0.0189017477756043	0.05
0.985118954	0.00971931515233784	0.05
1.022530753	0.00818920059187122	0.07
1.027349785	0.00971931515233784	0.07
1.028094642	0.00971931515233784	0.07
1.029078227	0.00990437383352368	0.07
1.029271857	0.00990437383352368	0.07
1.030020301	0.0102964695835078	0.07
1.030392053	0.0102964695835078	0.07
1.030397618	0.0102964695835078	0.07
1.030958443	0.0103993927406034	0.07
1.031720423	0.0103993927406034	0.07
1.032104884	0.0103993927406034	0.07
1.034376329	0.0103993927406034	0.07
1.035677928	0.0163731996423512	0.08
1.036124234	0.016769067749276	0.08
1.038905957	0.0184002896636751	0.08
1.041709188	0.019614478539047	0.08
1.043349328	0.019614478539047	0.08
1.044012776	0.019614478539047	0.08
1.048661279	0.0170437887376298	0.09
1.056246636	0.0187315854997231	0.09
1.057424783	0.0170437887376298	0.1
1.067766296	0.016769067749276	0.11
1.067971123	0.016769067749276	0.11
1.06860264	0.016769067749276	0.11
1.070020858	0.0176211493442124	0.11
1.070326964	0.0176211493442124	0.11
1.076612069	0.0180805090785536	0.11
1.088407982	0.0212143427281209	0.13
1.088762574	0.0212143427281209	0.13
1.091073782	0.022274143311519	0.13
1.112743253	0.0278366658067911	0.14
1.113233383	0.0278366658067911	0.14
1.115076799	0.0288664989010338	0.14
1.116382888	0.0288664989010338	0.14
1.125633627	0.0302661399712746	0.13
1.127882011	0.0308647518706823	0.12
1.13205703	0.0302661399712746	0.12
1.133642817	0.0302661399712746	0.12
1.136767134	0.0311730261403091	0.11
1.162829766	0.0207903980730608	0.13
1.183360064	0.0192515187270068	0.15
1.187305519	0.0324702661267846	0.15
1.192009701	0.0314875205657114	0.15
1.192725439	0.0303396935416	0.15
1.208769953	0.0384743036743683	0.13
1.209215802	0.0384743036743683	0.13
1.209751115	0.0384743036743683	0.13
1.209768181	0.0384743036743683	0.13
1.209825949	0.0384743036743683	0.13
1.210085375	0.0377757960097051	0.13
1.210771389	0.0377757960097051	0.13
1.21086869	0.0377757960097051	0.13
1.212614931	0.0361356724864085	0.13
1.224141399	0.0371021991411229	0.12
1.22465873	0.0371021991411229	0.12
1.225416562	0.0371021991411229	0.12
1.226416878	0.0371021991411229	0.12
1.226767373	0.0371021991411229	0.12
1.245566855	0.0777914549227567	0.12
1.246668032	0.0771504745007624	0.12
1.248955951	0.0771504745007624	0.12
1.270060331	0.0825949540855083	0.1
1.270604589	0.0818727380946347	0.1
1.275739262	0.0856158946135448	0.09
1.278899002	0.090585702188956	0.09
1.285172518	0.0805520763570193	0.09
1.293113698	0.0782792236317786	0.09
1.297280078	0.104564472836287	0.09
1.302603198	0.104564472836287	0.1
1.303502827	0.104564472836287	0.1
1.335485912	0.112996207740055	0.12
1.335508208	0.112996207740055	0.12
1.335711503	0.112996207740055	0.12
1.335892556	0.112996207740055	0.12
1.336051433	0.112996207740055	0.12
1.33625481	0.112996207740055	0.12
1.33638917	0.112996207740055	0.12
1.336413828	0.112996207740055	0.12
1.336595099	0.111982646190683	0.12
1.336979907	0.111982646190683	0.12
1.337117106	0.111982646190683	0.12
1.337529375	0.111982646190683	0.12
1.338686534	0.110987106027035	0.12
1.340005107	0.110987106027035	0.12
1.342315002	0.110987106027035	0.12
1.342368518	0.110987106027035	0.12
1.343443085	0.110987106027035	0.12
1.350085516	0.118352274917312	0.11
1.360981621	0.118352274917312	0.12
1.36116959	0.118352274917312	0.12
1.361338457	0.118352274917312	0.12
1.361545683	0.118352274917312	0.12
1.361952473	0.118352274917312	0.12
1.365659238	0.126962770104449	0.12
1.368578346	0.126962770104449	0.12
1.369707356	0.129392106145736	0.12
1.370127164	0.129392106145736	0.12
1.377139612	0.130641973546153	0.11
1.377274175	0.130641973546153	0.11
1.379222918	0.129392106145736	0.11
1.384187356	0.133215574183148	0.11
1.38563755	0.133215574183148	0.11
1.430594094	0.13191622273565	0.13
1.434752614	0.124622974482439	0.14
1.436494579	0.124622974482439	0.14
1.450462129	0.133215574183148	0.12
1.450674974	0.133215574183148	0.12
1.450928234	0.133215574183148	0.12
1.454003033	0.133215574183148	0.12
1.454856842	0.133215574183148	0.12
1.45657643	0.133215574183148	0.13
1.457818346	0.133215574183148	0.13
1.484117024	0.13191622273565	0.15
1.485393153	0.13191622273565	0.15
1.485917469	0.13191622273565	0.16
1.488337206	0.13191622273565	0.16
1.494140559	0.130641973546153	0.16
1.506038743	0.130641973546153	0.18
1.513239565	0.130641973546153	0.18
1.515375804	0.130641973546153	0.18
1.516740221	0.130641973546153	0.19
1.517647523	0.128165927375448	0.19
1.519065464	0.128165927375448	0.19
1.558319819	0.166123032801802	0.23
1.558531046	0.166123032801802	0.23
1.55916507	0.166123032801802	0.23
1.56916589	0.188780429528716	0.22
1.611568792	0.149015784549793	0.17
1.652341299	0.170573512247268	0.13
1.707257935	0.197871508938601	0.08
1.718627381	0.194652208276607	0.07
1.745720251	0.179670895368288	0.04
1.75282717	0.175655847574247	0.03
1.758275756	0.20119908666624	0.03
1.768990518	0.208201684377324	0.02
1.77492366	0.204378313288801	0.01
1.778615293	0.217671573685173	0.01
1.77861633	0.217671573685173	0.01
1.780115455	0.210029165026772	0.01
1.780627841	0.210029165026772	0.01
1.780657571	0.210029165026772	0.01
1.780839524	0.206405731514161	0.01
1.780928629	0.206405731514161	0.01
1.78092863	0.206405731514161	0.01
1.781081012	0.206405731514161	0.01
1.781140367	0.206405731514161	0.01
1.781170031	0.206405731514161	0.01
1.781170032	0.206405731514161	0.01
1.781411499	0.206405731514161	0.01
1.781623424	0.206405731514161	0.01
1.781653031	0.206405731514161	0.01
1.7818108	0.206405731514161	0.01
1.781894629	0.206405731514161	0.01
1.782136292	0.206405731514161	0.01
1.782378022	0.202905200980592	0.01
1.782531315	0.202905200980592	0.01
1.782590324	0.202905200980592	0.01
1.782619816	0.202905200980592	0.01
1.783286774	0.202905200980592	0.01
1.783587651	0.202905200980592	0.01
1.783829774	0.202905200980592	0.01
1.784013316	0.202905200980592	0.01
1.784506241	0.202905200980592	0.01
1.785009515	0.204640497536498	0.01
1.785322292	0.20119908666624	0.01
1.785988286	0.197871508938601	0.01
1.786357195	0.197871508938601	0.01
1.787927091	0.193081523643387	0.01
1.78918715	0.199521424600967	0.01
1.789358594	0.199521424600967	0.01
1.789747139	0.199521424600967	0.01
1.790033715	0.199521424600967	0.01
1.790095821	0.199521424600967	0.01
1.790737455	0.206405731514161	0.01
1.792147241	0.193602261115248	0.02
1.795172249	0.158582630260752	0.02
1.795643534	0.152985891712409	0.02
1.796669094	0.146935908966835	0.02
1.796696941	0.146935908966835	0.02
1.801889818	0.108103932334986	0.02
1.808733518	0.150623298036963	0.03
1.809599251	0.150623298036963	0.03
1.812688451	0.10948960342396	0.03
1.813215031	0.10948960342396	0.03
1.813240824	0.10948960342396	0.03
1.813716026	0.102764776967688	0.03
1.814069382	0.105366761455242	0.03
1.814069384	0.105366761455242	0.03
1.814345569	0.105366761455242	0.03
1.814621756	0.0893751631282618	0.03
1.814621757	0.0893751631282618	0.03
1.814872379	0.0893751631282618	0.03
1.815039963	0.0901496205195796	0.03
1.815123071	0.0901496205195796	0.03
1.815169565	0.0901496205195796	0.03
1.815288509	0.0901496205195796	0.03
1.815322808	0.0909376169509306	0.03
1.815373832	0.0909376169509306	0.03
1.815624663	0.0909376169509306	0.03
1.815875562	0.0909376169509306	0.03
1.816101116	0.0654416645733317	0.03
1.816377569	0.0660350647676494	0.03
1.81637757	0.0660350647676494	0.03
1.816628678	0.0654416645733317	0.03
1.817399416	0.0654416645733317	0.03
1.817633804	0.0654416645733317	0.03
1.818036082	0.0666393248914962	0.03
1.818363245	0.0666393248914962	0.03
1.819395454	0.0685203302352319	0.03
1.81989941	0.0691711537040143	0.03
1.820606159	0.0705106089859328	0.03
1.822065256	0.0719029640328282	0.03
1.823267442	0.103617707767124	0.04
1.823345161	0.0964156043942926	0.04
1.824280416	0.101925773353126	0.04
1.824759677	0.0864059771345672	0.04
1.828541204	0.0648588341494812	0.04
1.828939845	0.0648588341494812	0.04
1.829051906	0.0648588341494812	0.04
1.829613575	0.0666393248914962	0.04
1.830016016	0.0672547458225272	0.04
1.835137623	0.0705106089859328	0.04
1.836263396	0.0605450676611642	0.05
1.842215909	0.0678816396565413	0.05
1.844053766	0.0678816396565413	0.05
1.846490238	0.0705106089859328	0.05
1.860714054	0.0685203302352319	0.06
1.872927722	0.0622707479351496	0.06
1.876458705	0.0626277563186829	0.07
1.917919203	0.0605450676611642	0.11
1.919145255	0.0615688042421104	0.11
1.933588634	0.0626277563186829	0.12
1.934242286	0.0648588341494812	0.12
1.93486401	0.0648588341494812	0.13
1.937910579	0.0643573077511362	0.13
1.938309591	0.0643573077511362	0.13
1.938319698	0.0643573077511362	0.13
1.945075766	0.0712774098689437	0.14
1.947078383	0.0712774098689437	0.14
1.956133657	0.0712774098689437	0.15
1.959079535	0.072379383117484	0.15
2.03833515	0.090711072928608	0.23
2.045755957	0.107175876578973	0.23
2.04617014	0.11000911084706	0.23
2.049316864	0.0914706459469793	0.23
2.057670659	0.115079388432931	0.24
2.060706206	0.0837312780047753	0.25
2.067556414	0.112996207740055	0.25
2.077371996	0.110987106027035	0.26
2.079378601	0.0897177173493341	0.26
2.112854786	0.0842528880456809	0.3
2.114638141	0.0908053289561639	0.3
2.116340052	0.10626361962662	0.3
2.119081815	0.0880307111041293	0.3
2.122322709	0.0827071966884305	0.31
2.130868897	0.0932934379231888	0.31
2.175983465	0.103617707767124	0.36
2.201956234	0.0914706459469793	0.38
2.21647999	0.10626361962662	0.4
2.225736601	0.101100358568263	0.41
2.22607531	0.101925773353126	0.41
2.226678687	0.107175876578973	0.41
2.226980498	0.107175876578973	0.41
2.230993963	0.090585702188956	0.41
2.244892022	0.113933680903576	0.42
2.268175967	0.181373249549144	0.41
2.273953022	0.186974744152049	0.4
2.279085054	0.187044342218039	0.4
2.283420782	0.193602261115248	0.39
2.287430653	0.193081523643387	0.39
2.36737444	0.231258087867778	0.32
2.416816988	0.201605932146827	0.31
2.57811595	0.254967513230026	0.16
2.63880046	0.254967513230026	0.1
2.644514931	0.24305414268124	0.1
2.65353762	0.24305414268124	0.09
2.664122924	0.247683349730759	0.08
2.669724846	0.247683349730759	0.08
2.67074212	0.247683349730759	0.08
2.670831293	0.247683349730759	0.08
2.671193019	0.247683349730759	0.08
2.671193179	0.247683349730759	0.08
2.671237545	0.247683349730759	0.08
2.671237705	0.247683349730759	0.08
2.671599486	0.247683349730759	0.08
2.671599646	0.247683349730759	0.08
2.671872794	0.252492316148572	0.07
2.671961685	0.252492316148572	0.07
2.672323822	0.247683349730759	0.07
2.672686057	0.247683349730759	0.07
2.674201502	0.247683349730759	0.07
2.674498542	0.247683349730759	0.07
2.674817434	0.247683349730759	0.07
2.67498819	0.247683349730759	0.07
2.675753192	0.247683349730759	0.07
2.67595059	0.247683349730759	0.07
2.677404052	0.247683349730759	0.07
2.678640892	0.247683349730759	0.07
2.679543675	0.247683349730759	0.07
2.679587204	0.247683349730759	0.07
2.68050645	0.247683349730759	0.07
2.684222358	0.247683349730759	0.06
2.690995907	0.247683349730759	0.06
2.703341222	0.244865691728625	0.04
2.714352711	0.234755870497697	0.05
2.716197088	0.234755870497697	0.05
2.720992773	0.240155314653086	0.06
2.721223607	0.240155314653086	0.06
2.721339166	0.240155314653086	0.06
2.721714851	0.240155314653086	0.06
2.721753239	0.240155314653086	0.06
2.72212898	0.240155314653086	0.06
2.722504826	0.240155314653086	0.06
2.725138453	0.228043973871783	0.06
2.728457177	0.228043973871783	0.06
2.730687704	0.230238218067863	0.06
2.733911556	0.233420012527541	0.07
2.734951629	0.225891158549666	0.07
2.741703646	0.227052195366102	0.08
2.742221604	0.227052195366102	0.08
2.758261585	0.219669875874729	0.09
2.767264537	0.217671573685173	0.1
2.784781798	0.215709300227171	0.12
2.795646082	0.215709300227171	0.13
2.814579483	0.215709300227171	0.15
2.857457722	0.213782089826835	0.19
2.884109016	0.217177665947871	0.22
3.017087015	0.225318481625941	0.35
3.091199805	0.210029165026772	0.42
3.116410384	0.245720770919298	0.45
3.116832706	0.245720770919298	0.45
3.190582361	0.269462192978047	0.52
3.561529658	0.265712285258819	0.890000000000001
3.561648443	0.253312024741239	0.890000000000001
3.563861522	0.269624979127609	0.890000000000001
3.565454716	0.276756802659013	0.890000000000001
3.568359469	0.277426369068998	0.890000000000001
3.571210711	0.280645207587247	0.890000000000001
3.571812505	0.280645207587247	0.890000000000001
3.572123566	0.277085867468086	0.880000000000001
3.572497766	0.277085867468086	0.880000000000001
3.579984214	0.269398295043087	0.880000000000001
3.62901857	0.264257703659696	0.910000000000001
3.62939674	0.264257703659696	0.910000000000001
3.630972932	0.264257703659696	0.910000000000001
3.631023885	0.266592746030556	0.910000000000001
3.633483005	0.257491719760232	0.920000000000001
3.639968026	0.264257703659696	0.920000000000001
3.707141358	0.264257703659696	0.990000000000001
3.82876748	0.266279025598501	1.11
3.963711323	0.259633721852509	1.25
4.445571488	0.342182942475085	1.72
4.452121847	0.323918990703024	1.73
4.45272527	0.338904455246666	1.73
4.459832487	0.345525480042458	1.73
4.464002998	0.338904455246666	1.74
4.475601202	0.342182942475085	1.75
4.478685952	0.345525480042458	1.75
4.480518943	0.345525480042458	1.75
4.492707945	0.312356183892932	1.76
4.536342962	0.329435399807671	1.81
4.536969429	0.329435399807671	1.81
4.773228095	0.312356183892932	2.04
4.848628454	0.332532406196731	2.12
4.895921957	0.329435399807671	2.17
5.342582978	0.354235823532288	2.45999999999999
5.343129076	0.354235823532288	2.45999999999999
5.343307119	0.354235823532288	2.45999999999999
5.443653327	0.358444378788245	2.42999999999999
5.445157132	0.358444378788245	2.42999999999999
6.232084175	0.357520990699339	2.66999999999999
6.234722781	0.362943870191251	2.66999999999999
6.244676548	0.362943870191251	2.67999999999999
7	0.248046757141553	3.37999999999997
