thrs	post_p	finalwindow
0	0.202965695790657	0.23
0.03256001	0.202965695790657	0.2
0.082355146	0.184272916672926	0.17
0.089689176	0.179548322183537	0.17
0.093809574	0.177275725828967	0.17
0.103967892	0.172898861510768	0.18
0.113424721	0.135352724574371	0.19
0.123778241	0.135352724574371	0.18
0.127200542	0.1333813094326	0.17
0.127695348	0.127318843003572	0.17
0.128068503	0.142810836285195	0.17
0.129609166	0.145790140379829	0.17
0.14705261	0.137304065570431	0.15
0.148427326	0.142810836285195	0.15
0.148447444	0.150894929961607	0.15
0.148782099	0.145790140379829	0.15
0.155752372	0.1333813094326	0.15
0.172569069	0.140546003151149	0.13
0.178062567	0.146700000747813	0.12
0.178113806	0.146700000747813	0.12
0.178140913	0.146700000747813	0.12
0.178358463	0.146700000747813	0.12
0.181430774	0.142182602336783	0.12
0.181824923	0.142182602336783	0.12
0.186084933	0.136360448422269	0.12
0.206482242	0.14273663840787	0.1
0.22265244	0.116547589528299	0.08
0.222656148	0.116547589528299	0.08
0.222686318	0.116547589528299	0.08
0.223196808	0.114483493241294	0.08
0.226694446	0.110567132407231	0.08
0.226867021	0.110567132407231	0.08
0.226923294	0.110567132407231	0.08
0.226929675	0.110567132407231	0.08
0.227081991	0.111520885687554	0.08
0.227177477	0.111520885687554	0.08
0.227432153	0.110567132407231	0.08
0.237068117	0.0694811215526895	0.07
0.241897099	0.0688468316853185	0.07
0.24235868	0.0688468316853185	0.07
0.242615688	0.0694811215526895	0.07
0.242875367	0.0694811215526895	0.07
0.256259656	0.0470932719114099	0.07
0.256650521	0.0470932719114099	0.07
0.263775407	0.0483616425885864	0.06
0.272151172	0.0462840177478341	0.06
0.287097646	0.0413143736226999	0.07
0.296044019	0.0433072389423203	0.07
0.296834617	0.0405371264141424	0.06
0.296839561	0.0405371264141424	0.06
0.296874128	0.0405371264141424	0.06
0.296879772	0.0405371264141424	0.06
0.296919994	0.0405371264141424	0.06
0.296960227	0.0405371264141424	0.06
0.297156652	0.0413143736226999	0.06
0.297161557	0.0413143736226999	0.06
0.297207868	0.0413143736226999	0.06
0.297242165	0.0413143736226999	0.06
0.297345093	0.0413143736226999	0.06
0.297631463	0.0413143736226999	0.06
0.298033592	0.0409220597181644	0.06
0.298062423	0.0409220597181644	0.06
0.298432807	0.0409220597181644	0.06
0.29855614	0.0409220597181644	0.06
0.298682719	0.0409220597181644	0.06
0.300128238	0.0409220597181644	0.06
0.301159527	0.0409220597181644	0.06
0.302443572	0.0421220089126743	0.06
0.302452098	0.0421220089126743	0.06
0.302453753	0.0421220089126743	0.06
0.302694303	0.0425377845000438	0.06
0.303998368	0.0417142824527206	0.06
0.305094409	0.0417142824527206	0.06
0.306464617	0.0413143736226999	0.06
0.307314933	0.0409220597181644	0.06
0.319078068	0.0417142824527206	0.05
0.320290117	0.0417142824527206	0.05
0.322066605	0.0417142824527206	0.05
0.322435043	0.0425377845000438	0.05
0.322777267	0.0425377845000438	0.05
0.323097253	0.0425377845000438	0.05
0.323165924	0.0425377845000438	0.05
0.323537089	0.0425377845000438	0.05
0.324596864	0.0421220089126743	0.05
0.328591896	0.0429618499436419	0.04
0.330254195	0.0429618499436419	0.04
0.333944256	0.0425377845000438	0.04
0.334029253	0.0425377845000438	0.04
0.351815198	0.0401593673747039	0.06
0.356206548	0.0405371264141424	0.06
0.356351443	0.0405371264141424	0.06
0.356437896	0.0401593673747039	0.06
0.356490553	0.0401593673747039	0.06
0.357959666	0.0387162066641273	0.07
0.362945858	0.0387162066641273	0.07
0.363236679	0.0387162066641273	0.07
0.363936107	0.0387162066641273	0.07
0.366130409	0.0394245844984709	0.07
0.367161303	0.0976593955541171	0.08
0.367663989	0.0976593955541171	0.08
0.37384574	0.098323794391481	0.08
0.382008897	0.107471152634874	0.07
0.386863037	0.112837757064208	0.06
0.386909127	0.118687482227622	0.06
0.398731854	0.120158273766291	0.05
0.403209246	0.121505490376218	0.05
0.412388288	0.137873169026825	0.04
0.416416237	0.113863015825768	0.03
0.419019267	0.138131604274765	0.03
0.423143546	0.138808092313857	0.03
0.438307149	0.146478387258915	0.01
0.441698853	0.14999654863273	0.01
0.441750067	0.148905426850401	0.01
0.444236336	0.127373980341139	0.01
0.444499874	0.122544629217447	0.01
0.445049535	0.121231356319792	0.01
0.445117302	0.121231356319792	0.01
0.445156208	0.121231356319792	0.01
0.445185067	0.121231356319792	0.01
0.445185068	0.121231356319792	0.01
0.445245414	0.121231356319792	0.01
0.44525283	0.121231356319792	0.01
0.445252832	0.121231356319792	0.01
0.445252833	0.121231356319792	0.01
0.445252835	0.121231356319792	0.01
0.445305777	0.121231356319792	0.01
0.44531318	0.121231356319792	0.01
0.445313187	0.121231356319792	0.01
0.445313188	0.121231356319792	0.01
0.44531319	0.121231356319792	0.01
0.445373562	0.121231356319792	0.01
0.445419149	0.121231356319792	0.01
0.445433949	0.121231356319792	0.01
0.445479567	0.121231356319792	0.01
0.445494353	0.121231356319792	0.01
0.445554774	0.121231356319792	0.01
0.445578303	0.121231356319792	0.01
0.445615211	0.121231356319792	0.01
0.445653547	0.121231356319792	0.01
0.445675664	0.121231356319792	0.01
0.445736134	0.141065600554926	0.01
0.445849774	0.140330632217685	0.01
0.445857123	0.140330632217685	0.01
0.445917642	0.140330632217685	0.01
0.445978177	0.140330632217685	0.01
0.446038729	0.140330632217685	0.01
0.446188208	0.139603282727969	0.01
0.446319857	0.139603282727969	0.01
0.446341735	0.139603282727969	0.01
0.446351359	0.139603282727969	0.01
0.446395102	0.139603282727969	0.01
0.446455777	0.139603282727969	0.01
0.446465528	0.136767752008528	0.01
0.44656991	0.136767752008528	0.01
0.446633323	0.136767752008528	0.01
0.446772341	0.136767752008528	0.01
0.446888185	0.136767752008528	0.01
0.446967543	0.136767752008528	0.01
0.447876705	0.136767752008528	0.01
0.448791313	0.13539274747017	0.01
0.449051315	0.13539274747017	0.01
0.449552291	0.1333813094326	0.01
0.449715173	0.1333813094326	0.01
0.451750007	0.132724045782526	0.01
0.453102774	0.117510623326386	0.01
0.453117722	0.117510623326386	0.01
0.453607731	0.116930902655608	0.01
0.453670383	0.116930902655608	0.01
0.45367678	0.116930902655608	0.01
0.453739439	0.116930902655608	0.01
0.453782962	0.116930902655608	0.01
0.453802119	0.116930902655608	0.01
0.453864805	0.116930902655608	0.01
0.453864814	0.116930902655608	0.01
0.453952078	0.116930902655608	0.01
0.453990257	0.116930902655608	0.01
0.454053004	0.116930902655608	0.01
0.454131662	0.116930902655608	0.01
0.454159539	0.116930902655608	0.01
0.454172215	0.116930902655608	0.01
0.454228692	0.116930902655608	0.01
0.454266222	0.117510623326386	0.01
0.454278877	0.117510623326386	0.01
0.454291524	0.117510623326386	0.01
0.454297847	0.117510623326386	0.01
0.454379121	0.117510623326386	0.01
0.454543029	0.118096120922682	0.01
0.454637485	0.118096120922682	0.01
0.455678249	0.142810836285195	0.01
0.455804735	0.145380287985796	0.01
0.456159276	0.146320501405139	0.01
0.456455968	0.125899685182387	0.02
0.457901934	0.123588902328204	0.02
0.458664131	0.123588902328204	0.02
0.459124851	0.123588902328204	0.02
0.460382332	0.123024399975205	0.02
0.462114195	0.110912058386747	0.02
0.46331093	0.110912058386747	0.02
0.464728436	0.107883083175523	0.02
0.472596627	0.103186432071554	0.03
0.473676694	0.103186432071554	0.03
0.47699163	0.0721396279154413	0.03
0.477096915	0.0721396279154413	0.03
0.478409458	0.0728363491736427	0.03
0.479732593	0.0637093668547612	0.03
0.483511101	0.0960759574263219	0.04
0.483671852	0.0960759574263219	0.04
0.483988273	0.0960759574263219	0.04
0.484458594	0.0964669835507438	0.04
0.485802156	0.105513808229028	0.04
0.48628356	0.0972586629481252	0.04
0.486776039	0.0680700711168399	0.04
0.489107131	0.0636197929957168	0.04
0.489424331	0.0630875950201816	0.04
0.490830832	0.0550314063794896	0.04
0.508934563	0.0577715609717505	0.06
0.514553924	0.0926943525607862	0.07
0.514742139	0.0926943525607862	0.07
0.514839037	0.0926943525607862	0.07
0.514971335	0.0926943525607862	0.07
0.515124567	0.0945430474064321	0.07
0.516063638	0.0966355422437548	0.07
0.51682809	0.062629172763341	0.07
0.518492841	0.0573323724207602	0.07
0.520735072	0.0507140061067377	0.07
0.529143364	0.0429618499436419	0.07
0.534888196	0.0831793871102936	0.07
0.536755919	0.0790270727096053	0.07
0.539174229	0.077140930015872	0.07
0.543234343	0.0777595603220894	0.07
0.55657045	0.0962928019175528	0.06
0.556645891	0.0962928019175528	0.06
0.559788571	0.0962928019175528	0.06
0.562444529	0.0962928019175528	0.06
0.568776608	0.0944175099749294	0.06
0.59079165	0.0892056960184879	0.06
0.591819223	0.0892056960184879	0.06
0.593402747	0.0892056960184879	0.06
0.593573546	0.0892056960184879	0.06
0.593673806	0.0892056960184879	0.06
0.593673808	0.0892056960184879	0.06
0.593754278	0.0892056960184879	0.06
0.59375428	0.0892056960184879	0.06
0.594036974	0.0892056960184879	0.06
0.594152812	0.0892056960184879	0.06
0.594237558	0.0892056960184879	0.06
0.594318181	0.0892056960184879	0.06
0.595015574	0.0900340036721164	0.06
0.595196772	0.0900340036721164	0.06
0.597117526	0.0908778377761583	0.06
0.602148457	0.0926138649336928	0.05
0.602674298	0.0926138649336928	0.05
0.604317115	0.0926138649336928	0.05
0.604813246	0.0926138649336928	0.05
0.604905308	0.0926138649336928	0.05
0.60490531	0.0926138649336928	0.05
0.604905312	0.0926138649336928	0.05
0.604988853	0.0926138649336928	0.05
0.605716504	0.0926138649336928	0.05
0.606051871	0.0926138649336928	0.05
0.606404306	0.0926138649336928	0.05
0.607971158	0.0944175099749294	0.05
0.608524688	0.0944175099749294	0.05
0.624510489	0.0962928019175528	0.05
0.635412418	0.0900340036721164	0.05
0.636066531	0.0900340036721164	0.05
0.63624959	0.0900340036721164	0.05
0.636422142	0.0900340036721164	0.05
0.637031954	0.0900340036721164	0.05
0.637260654	0.0900340036721164	0.05
0.637881775	0.0900340036721164	0.05
0.638075882	0.0900340036721164	0.05
0.64559646	0.0823843172134501	0.06
0.64801212	0.0823843172134501	0.06
0.648110758	0.0823843172134501	0.06
0.648827538	0.0823843172134501	0.06
0.667879261	0.0805367720857772	0.08
0.671132308	0.0799392017082201	0.08
0.678915807	0.0630875950201816	0.08
0.680410924	0.0630875950201816	0.08
0.68060848	0.0630875950201816	0.08
0.680702493	0.0630875950201816	0.08
0.680786967	0.0630875950201816	0.08
0.689921535	0.067612371413573	0.09
0.690723937	0.0670115946651344	0.09
0.692614054	0.0688468316853185	0.09
0.696262833	0.0658415114878415	0.1
0.697379755	0.0664214004132141	0.1
0.712354258	0.0652716603145506	0.11
0.7123899	0.0652716603145506	0.11
0.712401774	0.0652716603145506	0.11
0.713541741	0.0658415114878415	0.11
0.715679053	0.0625642271582837	0.12
0.717816093	0.0630875950201816	0.12
0.725609694	0.0625642271582837	0.13
0.725869057	0.0625642271582837	0.13
0.725979546	0.0625642271582837	0.13
0.726772429	0.0620494714571347	0.13
0.72717465	0.0625642271582837	0.13
0.742183791	0.0591304485382189	0.14
0.7500464	0.0199227553392938	0.14
0.75180067	0.0608806949654783	0.14
0.756100951	0.0747618055222647	0.14
0.756122282	0.0747618055222647	0.14
0.762884543	0.074379479216396	0.13
0.763387603	0.077867224945433	0.13
0.763491091	0.077481020682643	0.13
0.765321243	0.0763512756417334	0.13
0.7676628	0.0779612405711277	0.13
0.779184816	0.0792562824712985	0.12
0.779976345	0.0785110397230343	0.12
0.793117932	0.0872136288979902	0.1
0.799403767	0.0823843172134501	0.1
0.8034392	0.0877032578796033	0.09
0.817085993	0.0826021246992418	0.08
0.828284953	0.0863459364867047	0.07
0.856064956	0.0863953948222612	0.04
0.861783488	0.0717064198067312	0.03
0.864973627	0.0908170397028877	0.03
0.867661243	0.0879501398057999	0.03
0.870144812	0.0850762945269429	0.03
0.874413626	0.0916447400611438	0.02
0.875954975	0.087144127830096	0.02
0.87832845	0.0877032578796033	0.02
0.882218863	0.0741614070664911	0.01
0.88244613	0.0807012995300405	0.01
0.886381245	0.0892056960184879	0.01
0.887670141	0.0902362497778652	0.01
0.888469193	0.0902362497778652	0.01
0.888863234	0.0894611213468595	0.01
0.889209764	0.0892056960184879	0.01
0.889576687	0.088198415585442	0.01
0.890068113	0.088198415585442	0.01
0.890218544	0.0877032578796033	0.01
0.890228158	0.0877032578796033	0.01
0.890309475	0.0874577581017898	0.01
0.890339212	0.0874577581017898	0.01
0.890354074	0.0874577581017898	0.01
0.890354075	0.0874577581017898	0.01
0.890407894	0.0874577581017898	0.01
0.890419078	0.0874577581017898	0.01
0.890459913	0.0874577581017898	0.01
0.890474761	0.0874577581017898	0.01
0.890489605	0.0874577581017898	0.01
0.890489606	0.0874577581017898	0.01
0.890506418	0.0874577581017898	0.01
0.890580647	0.0874577581017898	0.01
0.890595481	0.0874577581017898	0.01
0.89061031	0.0874577581017898	0.01
0.890610311	0.0874577581017898	0.01
0.89068659	0.0874577581017898	0.01
0.890716233	0.0874577581017898	0.01
0.890731048	0.0874577581017898	0.01
0.890731049	0.0874577581017898	0.01
0.890737499	0.0874577581017898	0.01
0.890837018	0.0874577581017898	0.01
0.890851819	0.0874577581017898	0.01
0.890928251	0.0874577581017898	0.01
0.890957836	0.0874577581017898	0.01
0.890972622	0.0874577581017898	0.01
0.890972623	0.0874577581017898	0.01
0.891093459	0.0874577581017898	0.01
0.89119957	0.0874577581017898	0.01
0.891214328	0.0874577581017898	0.01
0.891244043	0.0874577581017898	0.01
0.89133523	0.0874577581017898	0.01
0.891382479	0.0874577581017898	0.01
0.891456164	0.0874577581017898	0.01
0.89149835	0.0874577581017898	0.01
0.891562417	0.0869708588227107	0.01
0.891577132	0.086489350909407	0.01
0.891698132	0.086489350909407	0.01
0.891881522	0.086489350909407	0.01
0.89206133	0.0862505908088185	0.01
0.89216782	0.08601314530819	0.01
0.892182462	0.08601314530819	0.01
0.892215798	0.08601314530819	0.01
0.892245091	0.0862505908088185	0.01
0.892307805	0.08601314530819	0.01
0.892546055	0.0862505908088185	0.01
0.89273031	0.0862505908088185	0.01
0.892793389	0.0862505908088185	0.01
0.892924751	0.0857770035801565	0.01
0.892951888	0.0857770035801565	0.01
0.892952212	0.0857770035801565	0.01
0.893016766	0.0857770035801565	0.01
0.893313967	0.0853085887236802	0.01
0.893320622	0.0853085887236802	0.01
0.893395592	0.0853085887236802	0.01
0.894085351	0.0848452619630528	0.01
0.894189143	0.0848452619630528	0.01
0.89420355	0.0848452619630528	0.01
0.894232534	0.084615480781603	0.01
0.894332391	0.084615480781603	0.01
0.894511483	0.084615480781603	0.01
0.894690708	0.0841596321166169	0.01
0.894913415	0.0841596321166169	0.01
0.895081202	0.0841596321166169	0.01
0.895086463	0.0841596321166169	0.01
0.895300675	0.0841596321166169	0.01
0.89539422	0.083708668716895	0.01
0.895638516	0.0828210869158606	0.01
0.895840307	0.0828210869158606	0.01
0.89592425	0.0828210869158606	0.01
0.896329745	0.082167655348033	0.01
0.896396617	0.0823843172134501	0.01
0.89685771	0.0819521300881247	0.01
0.897131294	0.0832329377580185	0.01
0.897197773	0.0821748590484677	0.01
0.897282137	0.0809401405568026	0.01
0.898155973	0.0752739106485866	0.01
0.898485328	0.0745083570745692	0.01
0.898755243	0.0737582184506881	0.01
0.898920463	0.0730230338316623	0.01
0.899310528	0.0709028622152449	0.01
0.899325427	0.0709028622152449	0.01
0.899413875	0.0722779037973194	0.01
0.900113547	0.0709185503633779	0.01
0.900274359	0.0713209571137303	0.01
0.90151373	0.0604334909267965	0.01
0.901568195	0.060646106788154	0.01
0.901947653	0.0619538963094558	0.01
0.902162268	0.062629172763341	0.01
0.902291602	0.0526522810262612	0.01
0.902919093	0.0409999253100814	0.01
0.903166806	0.0338504315276809	0.01
0.903685884	0.0341184274951721	0.01
0.904220945	0.0301011559314866	0.01
0.904513058	0.0309663391234456	0.01
0.905345526	0.031882729228362	0.01
0.905541598	0.0320180884616231	0.01
0.906154318	0.0327124987034243	0.01
0.906197141	0.0325712173962968	0.01
0.906508268	0.0325712173962968	0.01
0.906786831	0.0325712173962968	0.01
0.906922556	0.0327124987034243	0.01
0.906983581	0.0327124987034243	0.01
0.907060652	0.0327124987034243	0.01
0.90712089	0.0327124987034243	0.01
0.907185931	0.0329987704361693	0.01
0.907198748	0.0331437934634615	0.01
0.907298438	0.0280486978016516	0.01
0.907324045	0.0280486978016516	0.01
0.907336843	0.0280486978016516	0.01
0.907336844	0.0280486978016516	0.01
0.907436592	0.0280486978016516	0.01
0.907449378	0.0280486978016516	0.01
0.90746216	0.0280486978016516	0.01
0.907536422	0.0280486978016516	0.01
0.9075492	0.0280486978016516	0.01
0.907574745	0.0280486978016516	0.01
0.907587512	0.0280486978016516	0.01
0.907712898	0.0280486978016516	0.01
0.907963773	0.0280486978016516	0.01
0.908076559	0.0280486978016516	0.01
0.908089263	0.0280486978016516	0.01
0.908089264	0.0280486978016516	0.01
0.90817671	0.028294239074087	0.01
0.908189407	0.028294239074087	0.01
0.908214789	0.028294239074087	0.01
0.908566283	0.0281709334061527	0.01
0.908578929	0.0281709334061527	0.01
0.908729307	0.0281709334061527	0.01
0.908816452	0.028294239074087	0.01
0.908830322	0.0281709334061527	0.01
0.908855181	0.0281709334061527	0.01
0.908943472	0.028294239074087	0.01
0.909094444	0.028294239074087	0.01
0.909183517	0.028294239074087	0.01
0.909195105	0.028294239074087	0.01
0.909207673	0.028294239074087	0.01
0.909270732	0.028294239074087	0.01
0.909308419	0.028294239074087	0.01
0.909346075	0.0286707188398515	0.01
0.90938549	0.0286707188398515	0.01
0.909409249	0.0286707188398515	0.01
0.909434338	0.028798448411514	0.01
0.909446878	0.028798448411514	0.01
0.909620416	0.028798448411514	0.01
0.909642167	0.028798448411514	0.01
0.909838426	0.0286707188398515	0.01
0.909896599	0.0286707188398515	0.01
0.909914657	0.0286707188398515	0.01
0.910014581	0.028294239074087	0.01
0.910267	0.0285441173013144	0.01
0.910467776	0.0286707188398515	0.01
0.911049792	0.0286707188398515	0.01
0.911062134	0.0286707188398515	0.01
0.91113001	0.0286707188398515	0.01
0.911351929	0.0286707188398515	0.01
0.911404622	0.0285441173013144	0.01
0.911747931	0.029057352501741	0.01
0.911776598	0.029057352501741	0.01
0.912488931	0.0284186289184007	0.01
0.912707801	0.028294239074087	0.01
0.912811242	0.0281709334061527	0.01
0.913630289	0.0285441173013144	0.01
0.913751419	0.028798448411514	0.01
0.914018042	0.028798448411514	0.01
0.914696902	0.029057352501741	0.01
0.915269563	0.029057352501741	0.01
0.915559183	0.0297254475182086	0.01
0.916163647	0.0298627702006365	0.01
0.916208994	0.0297254475182086	0.01
0.916912552	0.0300013675511425	0.01
0.917248255	0.0272908304253656	0.01
0.918238351	0.0103516279665007	0.01
0.918483627	0.0103516279665007	0.01
0.918816837	0.0289458257687808	0.02
0.919822583	0.0295121880896333	0.02
0.920002472	0.0295121880896333	0.02
0.921364075	0.0298627702006365	0.02
0.922071236	0.0304659571240552	0.02
0.922455062	0.0307141102531139	0.02
0.922504312	0.0307141102531139	0.02
0.922763582	0.0307141102531139	0.02
0.923268187	0.0309663391234456	0.02
0.924412009	0.0309663391234456	0.02
0.925553967	0.0320180884616231	0.02
0.926193857	0.032154601939915	0.02
0.927872541	0.0163046775724387	0.02
0.93064775	0.025517868652088	0.03
0.93220206	0.0258679781307338	0.03
0.933174706	0.0263193607379515	0.03
0.93534835	0.0267867758824861	0.03
0.938770844	0.0118944744546928	0.03
0.942896738	0.00841187021869075	0.03
0.944027825	0.00854531002956665	0.03
0.947518522	0.00944420628007145	0.03
0.948845214	0.00952772614140192	0.03
0.949342587	0.00952772614140192	0.03
0.950306111	0.0098771194618502	0.03
0.954119877	0.0163046775724387	0.04
0.955985355	0.0166834018264115	0.04
0.956018846	0.0166834018264115	0.04
0.956549025	0.0170801384477043	0.04
0.956766863	0.0170801384477043	0.04
0.956780018	0.0170801384477043	0.04
0.95679317	0.0170801384477043	0.04
0.956793172	0.0170801384477043	0.04
0.957016096	0.0173552811992129	0.04
0.957077957	0.0173552811992129	0.04
0.957486775	0.0179330455433163	0.04
0.958321379	0.0180835477010839	0.04
0.959031973	0.0185506026219703	0.04
0.959642592	0.0185506026219703	0.04
0.959665139	0.0185506026219703	0.04
0.959857154	0.0187116954484776	0.04
0.960911853	0.0192122100600669	0.04
0.964446178	0.0163046775724387	0.05
0.966290332	0.0170801384477043	0.05
0.966980911	0.0173552811992129	0.05
0.966980912	0.0173552811992129	0.05
0.966986309	0.0173552811992129	0.05
0.967139043	0.0173552811992129	0.05
0.967144414	0.0173552811992129	0.05
0.967302571	0.0179330455433163	0.05
0.967302572	0.0179330455433163	0.05
0.967460779	0.0179330455433163	0.05
0.96746078	0.0179330455433163	0.05
0.967608447	0.0179330455433163	0.05
0.96761904	0.0179330455433163	0.05
0.968237002	0.0179330455433163	0.05
0.969035555	0.0185506026219703	0.05
0.970292984	0.0190424230057496	0.05
0.973457204	0.0210929069302016	0.05
0.973766743	0.0210929069302016	0.05
0.978183481	0.0227241980301797	0.06
0.981915796	0.0310087805813072	0.05
0.985118954	0.0193850520817866	0.05
0.9860103	0.019561032271161	0.05
1.019804062	0.0352342339642675	0.07
1.021711423	0.0355246831007494	0.07
1.023898132	0.0355246831007494	0.07
1.027349785	0.0417142824527206	0.07
1.029078227	0.0343907008080906	0.08
1.029271857	0.0343907008080906	0.08
1.029637844	0.0349484957248625	0.08
1.029659545	0.0349484957248625	0.08
1.030020301	0.0349484957248625	0.08
1.030397618	0.0355246831007494	0.08
1.030958443	0.0355246831007494	0.08
1.031531241	0.0355246831007494	0.08
1.031720423	0.0355246831007494	0.08
1.0327094	0.0355246831007494	0.08
1.033463082	0.0335866128971361	0.08
1.034014818	0.0335866128971361	0.08
1.034376329	0.0338504315276809	0.08
1.034854243	0.0338504315276809	0.08
1.038905957	0.0397885838841541	0.08
1.039046839	0.0409220597181644	0.08
1.041709188	0.0328192666398226	0.09
1.043349328	0.0325712173962968	0.09
1.044012776	0.0318490680571348	0.09
1.049025044	0.0367359980887232	0.09
1.056246636	0.0409220597181644	0.09
1.057424783	0.0355246831007494	0.1
1.058571278	0.0367359980887232	0.1
1.067766296	0.0361201878811448	0.11
1.067971123	0.0361201878811448	0.11
1.068168044	0.0361201878811448	0.11
1.06860264	0.0364254904453781	0.11
1.068892568	0.0364254904453781	0.11
1.070020858	0.0390671847157017	0.11
1.070326964	0.0390671847157017	0.11
1.088407982	0.0548313526874611	0.13
1.088762574	0.0548313526874611	0.13
1.091073782	0.0591304485382189	0.13
1.112743253	0.0735466594789404	0.14
1.113082372	0.0721396279154413	0.14
1.113233383	0.0721396279154413	0.14
1.116382888	0.0735466594789404	0.14
1.125633627	0.0688468316853185	0.15
1.13205703	0.0624778422551275	0.14
1.133642817	0.0624778422551275	0.14
1.133988353	0.0624778422551275	0.14
1.136767134	0.0618797633963635	0.14
1.162829766	0.059053279881338	0.14
1.183360064	0.0450580725898609	0.16
1.187305519	0.0458897315281971	0.15
1.187446683	0.0458897315281971	0.15
1.18762744	0.0451209746489819	0.15
1.192009701	0.0458897315281971	0.15
1.203309389	0.0479313285249447	0.14
1.208769953	0.0304249875945733	0.14
1.209751115	0.0307141102531139	0.14
1.209768181	0.0307141102531139	0.14
1.210085375	0.0313091597984565	0.14
1.224141399	0.0458897315281971	0.14
1.22465873	0.0458897315281971	0.14
1.225416562	0.0458897315281971	0.14
1.226416878	0.0455021062884922	0.14
1.226767373	0.0455021062884922	0.14
1.252855937	0.0506345570557954	0.12
1.265568721	0.0643435166648339	0.12
1.268447511	0.0839899525819012	0.12
1.270060331	0.0839899525819012	0.12
1.270604589	0.0839899525819012	0.12
1.275739262	0.0848164710893951	0.11
1.278899002	0.0848164710893951	0.11
1.285172518	0.0848164710893951	0.11
1.303502827	0.0856594182797792	0.12
1.335485912	0.0688468316853185	0.13
1.335508208	0.0688468316853185	0.13
1.335711503	0.0688468316853185	0.13
1.335892556	0.0688468316853185	0.13
1.336051433	0.0688468316853185	0.13
1.33625481	0.0688468316853185	0.13
1.336413828	0.0688468316853185	0.13
1.337117106	0.0750096691323948	0.12
1.337524247	0.0750096691323948	0.12
1.337777279	0.0750096691323948	0.12
1.338686534	0.0742709603135317	0.12
1.342315002	0.0742709603135317	0.12
1.343443085	0.0742709603135317	0.12
1.346883901	0.0742709603135317	0.13
1.360533959	0.0944175099749294	0.13
1.360981621	0.0944175099749294	0.13
1.36116959	0.0944175099749294	0.13
1.36135761	0.0944175099749294	0.13
1.361545683	0.0944175099749294	0.13
1.362279458	0.0944175099749294	0.13
1.365659238	0.0926138649336928	0.13
1.368077892	0.0962928019175528	0.12
1.368578346	0.0944175099749294	0.12
1.370127164	0.0944175099749294	0.12
1.384187356	0.0935069906903688	0.12
1.38563755	0.0944175099749294	0.12
1.418305639	0.0944175099749294	0.14
1.434752614	0.0944175099749294	0.15
1.440102642	0.0926138649336928	0.16
1.448119954	0.0953459358892993	0.15
1.450462129	0.0953459358892993	0.15
1.450674974	0.0953459358892993	0.15
1.450928234	0.0953459358892993	0.15
1.454003033	0.0962928019175528	0.15
1.45657643	0.0962928019175528	0.14
1.457818346	0.0962928019175528	0.14
1.484117024	0.0953459358892993	0.15
1.485393153	0.0953459358892993	0.15
1.485917469	0.0953459358892993	0.16
1.488337206	0.0953459358892993	0.16
1.494140559	0.0944175099749294	0.16
1.502972103	0.0944175099749294	0.17
1.511964569	0.0944175099749294	0.18
1.512194724	0.0944175099749294	0.18
1.513239565	0.0944175099749294	0.18
1.516740221	0.0944175099749294	0.19
1.519065464	0.0926138649336928	0.19
1.558319819	0.18614192742623	0.23
1.558531046	0.18614192742623	0.23
1.55916507	0.184464520287244	0.23
1.56916589	0.219001033896485	0.22
1.595407686	0.213592850573198	0.19
1.611568792	0.212190596771999	0.18
1.652341299	0.229322368319022	0.14
1.707257935	0.273483144810882	0.08
1.718627381	0.2642316392872	0.07
1.730827961	0.251471319263688	0.06
1.745720251	0.261762452993163	0.04
1.768990518	0.275898140587414	0.02
1.777374698	0.291333903095309	0.01
1.77861633	0.280858386437437	0.01
1.780627841	0.266485334432829	0.01
1.780657571	0.266485334432829	0.01
1.780657572	0.266485334432829	0.01
1.780928629	0.266485334432829	0.01
1.78092863	0.266485334432829	0.01
1.781081012	0.266485334432829	0.01
1.781140367	0.266485334432829	0.01
1.781170031	0.266485334432829	0.01
1.781170032	0.266485334432829	0.01
1.781381862	0.266485334432829	0.01
1.781411498	0.266485334432829	0.01
1.781411499	0.266485334432829	0.01
1.781623424	0.266485334432829	0.01
1.781653031	0.266485334432829	0.01
1.781835463	0.266485334432829	0.01
1.781894629	0.266485334432829	0.01
1.782136293	0.266485334432829	0.01
1.782531315	0.266485334432829	0.01
1.782619816	0.266485334432829	0.01
1.783044725	0.266485334432829	0.01
1.783286774	0.266485334432829	0.01
1.783345594	0.266485334432829	0.01
1.783587651	0.266485334432829	0.01
1.78377107	0.266485334432829	0.01
1.783829774	0.266485334432829	0.01
1.783925287	0.266485334432829	0.01
1.784013316	0.266485334432829	0.01
1.784314217	0.266485334432829	0.01
1.78446873	0.266485334432829	0.01
1.784506241	0.266485334432829	0.01
1.784933025	0.2642316392872	0.01
1.785009515	0.2642316392872	0.01
1.785322292	0.257693611490896	0.01
1.785497332	0.257693611490896	0.01
1.785988286	0.257693611490896	0.01
1.786357195	0.257693611490896	0.01
1.787927091	0.244923732187428	0.01
1.788266632	0.244923732187428	0.01
1.788780487	0.246928569853463	0.01
1.788872102	0.246928569853463	0.01
1.78918715	0.246928569853463	0.01
1.789358594	0.246928569853463	0.01
1.789747139	0.246928569853463	0.01
1.794856772	0.208221907022553	0.02
1.795172249	0.191506699679955	0.02
1.796669094	0.181121218026063	0.02
1.796696941	0.181121218026063	0.02
1.801889818	0.0885392411710709	0.02
1.809599251	0.169661996227128	0.03
1.812688451	0.0952738707602133	0.03
1.813716026	0.0930582849204818	0.03
1.813793197	0.0937329701642937	0.03
1.814069382	0.0972586629481252	0.03
1.814069384	0.0972586629481252	0.03
1.814596154	0.0686119484749996	0.03
1.814621756	0.0686119484749996	0.03
1.814621757	0.0686119484749996	0.03
1.814872379	0.0686119484749996	0.03
1.815039963	0.0702906109144906	0.03
1.815123071	0.0702906109144906	0.03
1.815169565	0.0702906109144906	0.03
1.815322808	0.0720534738393504	0.03
1.815373832	0.0720534738393504	0.03
1.815875562	0.0726609102288507	0.03
1.816101116	0.0466851381295258	0.03
1.816374833	0.0479313285249447	0.03
1.816377569	0.0479313285249447	0.03
1.81637757	0.0479313285249447	0.03
1.816628678	0.0479313285249447	0.03
1.816879855	0.0479313285249447	0.03
1.817633804	0.0479313285249447	0.03
1.818036082	0.0483616425885864	0.03
1.818363245	0.049700226801696	0.03
1.819217405	0.05160468991317	0.03
1.819395454	0.0526127234520142	0.03
1.819581019	0.0526127234520142	0.03
1.822065256	0.0531316538940885	0.03
1.823345161	0.0531316538940885	0.03
1.824759677	0.0531316538940885	0.03
1.824985083	0.0536609229499651	0.03
1.828939845	0.0501630416277327	0.04
1.829051906	0.0501630416277327	0.04
1.829613575	0.0521038316258111	0.04
1.830016016	0.0526127234520142	0.04
1.835137623	0.0521038316258111	0.04
1.836263396	0.0536609229499651	0.04
1.837659261	0.0466851381295258	0.05
1.839735229	0.0511150207620016	0.05
1.842215909	0.05160468991317	0.05
1.860714054	0.0536609229499651	0.06
1.872927722	0.049700226801696	0.07
1.917919203	0.0466851381295258	0.11
1.919145255	0.0466851381295258	0.11
1.932723098	0.0451209746489819	0.12
1.934242286	0.048799753125439	0.12
1.93486401	0.0503192346630266	0.13
1.938309591	0.0499305617605149	0.13
1.939501786	0.0499305617605149	0.13
1.940502926	0.0419579655992119	0.13
1.947078383	0.0536609229499651	0.14
1.956133657	0.0536609229499651	0.15
1.95745413	0.0536609229499651	0.15
1.959079535	0.0536609229499651	0.15
2.03833515	0.0665973642075908	0.23
2.039242563	0.0665973642075908	0.23
2.045755957	0.0772177199654772	0.23
2.04617014	0.0800877614051795	0.23
2.049316864	0.0649904177899383	0.24
2.057670659	0.0823843172134501	0.24
2.058434493	0.0735466594789404	0.24
2.058810915	0.0735466594789404	0.24
2.060706206	0.058874000600544	0.25
2.067556414	0.0816043027552101	0.25
2.077371996	0.0816043027552101	0.26
2.077653506	0.0823843172134501	0.26
2.07768814	0.0823843172134501	0.26
2.077935092	0.0823843172134501	0.26
2.114638141	0.064504031599321	0.3
2.116340052	0.0758584799444464	0.3
2.119081815	0.0701272075978638	0.3
2.122322709	0.0571393137064478	0.31
2.130868897	0.0571393137064478	0.32
2.201956234	0.0750096691323948	0.38
2.21647999	0.0758584799444464	0.4
2.22342495	0.0574780247681962	0.41
2.225736601	0.0702906109144906	0.41
2.22607531	0.0714561094382139	0.41
2.230993963	0.0728363491736427	0.41
2.244892022	0.110912058386747	0.42
2.268175967	0.179548322183537	0.41
2.273953022	0.152227477621895	0.4
2.283420782	0.152227477621895	0.39
2.287430653	0.183068610033319	0.39
2.36737444	0.191606578877453	0.31
2.396315913	0.218333643096001	0.28
2.416816988	0.251876775156626	0.27
2.57811595	0.215587432909273	0.15
2.634889835	0.232323529496094	0.09
2.63880046	0.215587432909273	0.09
2.644514931	0.232323529496094	0.08
2.64482266	0.232323529496094	0.08
2.65353762	0.234344889696123	0.07
2.664122924	0.234344889696123	0.06
2.670697515	0.217326963535445	0.06
2.670831293	0.217326963535445	0.06
2.671148642	0.217326963535445	0.06
2.671193019	0.217326963535445	0.06
2.671193179	0.217326963535445	0.06
2.671237545	0.217326963535445	0.06
2.671237705	0.217326963535445	0.06
2.671599646	0.217326963535445	0.06
2.671961685	0.247252393703435	0.05
2.672323822	0.238495001437777	0.05
2.672686057	0.234344889696123	0.05
2.673366554	0.234344889696123	0.05
2.674640938	0.234344889696123	0.05
2.674817434	0.234344889696123	0.05
2.67498819	0.234344889696123	0.05
2.675906626	0.224575166738145	0.05
2.67595059	0.224575166738145	0.05
2.677404052	0.219094794339146	0.05
2.678640892	0.217326963535445	0.05
2.679543675	0.217326963535445	0.05
2.679587204	0.217326963535445	0.05
2.68050645	0.217326963535445	0.05
2.681604422	0.217326963535445	0.05
2.684222358	0.240625671808293	0.04
2.692790444	0.237531003612096	0.03
2.697875326	0.19911832284748	0.03
2.716197088	0.19072554302476	0.05
2.721339166	0.212190596771999	0.06
2.721714851	0.212190596771999	0.06
2.721753239	0.212190596771999	0.06
2.72212898	0.212190596771999	0.06
2.722504826	0.212190596771999	0.06
2.725138453	0.19072554302476	0.06
2.725892101	0.19072554302476	0.06
2.727362573	0.19072554302476	0.06
2.728042156	0.19072554302476	0.06
2.734951629	0.189131178113666	0.07
2.742221604	0.207092185183786	0.08
2.758261585	0.186021101588084	0.09
2.795646082	0.174540512187014	0.13
2.814579483	0.174540512187014	0.15
2.857457722	0.17320431457212	0.19
2.870516676	0.17320431457212	0.2
2.874914635	0.17320431457212	0.21
2.884109016	0.190324437021064	0.22
2.885327778	0.170592369478568	0.22
2.901070252	0.174663007715382	0.23
3.017087015	0.166095224406358	0.35
3.091199805	0.173385317390725	0.42
3.116410384	0.172728277922328	0.45
3.116832706	0.172728277922328	0.45
3.153761559	0.153503319745167	0.48
3.190582361	0.106909857740163	0.5
3.194633906	0.106909857740163	0.51
3.557717034	0.105859391308571	0.870000000000001
3.561529658	0.105859391308571	0.870000000000001
3.561648443	0.105859391308571	0.870000000000001
3.563861522	0.101856150837841	0.880000000000001
3.565454716	0.104829367196551	0.880000000000001
3.566965252	0.104829367196551	0.880000000000001
3.568359469	0.104829367196551	0.880000000000001
3.571210711	0.104829367196551	0.880000000000001
3.62901857	0.12666089907529	0.910000000000001
3.629519691	0.12666089907529	0.910000000000001
3.630972932	0.12666089907529	0.910000000000001
3.631023885	0.12666089907529	0.910000000000001
3.631169027	0.12666089907529	0.910000000000001
3.631970124	0.138663433529063	0.910000000000001
3.639968026	0.124568768757786	0.920000000000001
3.778072999	0.123548408986119	1.06
4.442577106	0.168605962211387	1.71
4.452121847	0.168605962211387	1.72
4.45272527	0.168605962211387	1.72
4.464002998	0.168605962211387	1.73
4.480518943	0.168605962211387	1.75
4.536342962	0.18077521182753	1.75
4.550359745	0.18077521182753	1.76
4.773228095	0.18077521182753	1.92
4.895921957	0.18077521182753	2.04
5.341769851	0.202792826443787	2.23
5.342582978	0.202792826443787	2.23
5.343129076	0.202792826443787	2.23
5.346842194	0.202792826443787	2.24
5.443653327	0.202233029146684	2.29
5.445157132	0.202233029146684	2.29999999999999
6.232084175	0.230336741888896	2.66999999999999
6.2338777	0.233667206020366	2.66999999999999
6.234722781	0.233667206020366	2.66999999999999
6.35095118	0.217546380656993	2.78999999999998
7	0.193168137391833	3.36999999999997
