thrs	post_p	finalwindow
0	0.219049045259467	0.21
0.03256001	0.187558570213843	0.2
0.070216248	0.179735811995209	0.17
0.082355146	0.159747410026689	0.17
0.089689176	0.159747410026689	0.16
0.093809574	0.159747410026689	0.16
0.103967892	0.152223515713001	0.16
0.113424721	0.152223515713001	0.17
0.115659216	0.152223515713001	0.17
0.123778241	0.138226406874161	0.18
0.127200542	0.117604616881233	0.17
0.130460633	0.13217455279468	0.17
0.14705261	0.11978393211148	0.15
0.148447444	0.13159582539927	0.15
0.148782099	0.130516387534614	0.15
0.151339737	0.13217455279468	0.15
0.155752372	0.136331457678362	0.15
0.172569069	0.136036994338507	0.13
0.178140913	0.125440255315022	0.12
0.178189211	0.125440255315022	0.12
0.181486006	0.13217455279468	0.12
0.181486035	0.13217455279468	0.12
0.181824923	0.13217455279468	0.12
0.191788381	0.133216068962448	0.11
0.194681585	0.140174776565557	0.11
0.205298456	0.144241075414632	0.1
0.222049977	0.147449063170477	0.08
0.222622275	0.150549328164824	0.08
0.222656148	0.150549328164824	0.08
0.222686318	0.150549328164824	0.08
0.222697977	0.14929370796157	0.08
0.222716495	0.14929370796157	0.08
0.222924291	0.156291506265365	0.08
0.226867021	0.148901536216203	0.08
0.226923294	0.148901536216203	0.08
0.226929675	0.148901536216203	0.08
0.226957829	0.148901536216203	0.08
0.227432153	0.15008428160054	0.08
0.237068117	0.0943522428612478	0.07
0.241897099	0.0927522267446587	0.07
0.24235868	0.0927522267446587	0.07
0.242615688	0.0935453935672021	0.07
0.242875367	0.0935453935672021	0.07
0.242941212	0.0935453935672021	0.07
0.256228734	0.0877897910768091	0.06
0.256259656	0.0877897910768091	0.06
0.256650521	0.0877897910768091	0.06
0.259750174	0.0895464619754534	0.05
0.287097646	0.0696395353393238	0.05
0.296839561	0.0575494637079095	0.06
0.296839653	0.0575494637079095	0.06
0.296879772	0.0575494637079095	0.06
0.29691506	0.0575494637079095	0.06
0.296960227	0.0575494637079095	0.06
0.297161557	0.059013066232085	0.06
0.297207868	0.059013066232085	0.06
0.29723727	0.059013066232085	0.06
0.29736316	0.059013066232085	0.06
0.297631463	0.059013066232085	0.06
0.298033592	0.0585169965996203	0.06
0.298062423	0.0585169965996203	0.06
0.298432807	0.0585169965996203	0.06
0.29855614	0.0585169965996203	0.06
0.299120783	0.0585169965996203	0.06
0.29926506	0.0585169965996203	0.06
0.299931082	0.0585169965996203	0.06
0.300128238	0.0585169965996203	0.06
0.301373268	0.0580291974646742	0.06
0.302406093	0.0696395353393238	0.05
0.302443572	0.0696395353393238	0.05
0.302452098	0.0696395353393238	0.05
0.302531356	0.0696395353393238	0.05
0.302535608	0.0696395353393238	0.05
0.302694303	0.0696395353393238	0.05
0.302844832	0.0696395353393238	0.05
0.303037639	0.0696395353393238	0.05
0.303062807	0.0696395353393238	0.05
0.303998368	0.0696395353393238	0.05
0.305094409	0.0696395353393238	0.05
0.306047128	0.0696395353393238	0.05
0.306464617	0.0656962335111989	0.05
0.308759935	0.065082027616924	0.05
0.319078068	0.0656962335111989	0.04
0.320217262	0.0656962335111989	0.04
0.320290117	0.0656962335111989	0.04
0.322066605	0.065082027616924	0.04
0.322435043	0.065082027616924	0.04
0.322591403	0.065082027616924	0.04
0.322777267	0.065082027616924	0.04
0.323097253	0.0638874373491791	0.04
0.323165924	0.0638874373491791	0.04
0.324596864	0.0621755745141002	0.04
0.330254195	0.0610844041104613	0.04
0.333944256	0.0610844041104613	0.04
0.334029253	0.0610844041104613	0.04
0.338071632	0.0680233544870671	0.05
0.340262381	0.0657738253454877	0.05
0.343625259	0.0657738253454877	0.05
0.345554528	0.0652344998828237	0.05
0.350684009	0.0641819546730266	0.06
0.351815198	0.0641819546730266	0.06
0.356206548	0.0631628353435693	0.06
0.356437896	0.0631628353435693	0.06
0.356490553	0.0631628353435693	0.06
0.357959666	0.0631628353435693	0.07
0.360733393	0.06266531671952	0.07
0.362945858	0.06266531671952	0.07
0.363236679	0.06266531671952	0.07
0.367663989	0.0849334889318114	0.08
0.381649088	0.0729223112444961	0.07
0.386863037	0.0823819964197344	0.06
0.387745392	0.0839097159844696	0.06
0.389299853	0.0795924474944927	0.06
0.389825341	0.0795924474944927	0.06
0.395214438	0.0810336845036622	0.06
0.398731854	0.088160393894011	0.05
0.403209246	0.0865168626040443	0.05
0.415094538	0.0927959385352107	0.04
0.415772448	0.0758007319420519	0.03
0.428769674	0.101853342401491	0.02
0.438815006	0.102662164152327	0.01
0.440249622	0.101057165598782	0.01
0.441698853	0.101057165598782	0.01
0.441750067	0.101057165598782	0.01
0.444236336	0.0930975760319562	0.01
0.444499874	0.0904514270499256	0.01
0.444770984	0.0889347309691994	0.01
0.445049535	0.0889347309691994	0.01
0.445156208	0.0939708222923043	0.01
0.445185067	0.0939708222923043	0.01
0.445185068	0.0939708222923043	0.01
0.445245414	0.0939708222923043	0.01
0.44525283	0.0939708222923043	0.01
0.445252832	0.0939708222923043	0.01
0.445252833	0.0939708222923043	0.01
0.445252835	0.0939708222923043	0.01
0.445305777	0.0939708222923043	0.01
0.44531318	0.0939708222923043	0.01
0.445313187	0.0939708222923043	0.01
0.445313188	0.0939708222923043	0.01
0.44531319	0.0939708222923043	0.01
0.445373562	0.0939708222923043	0.01
0.445433949	0.0939708222923043	0.01
0.445479567	0.0934513764410617	0.01
0.445494353	0.0934513764410617	0.01
0.445554774	0.0929376417386532	0.01
0.445578303	0.0929376417386532	0.01
0.445615211	0.0929376417386532	0.01
0.445675664	0.0919269331235408	0.01
0.445736134	0.101642608401018	0.01
0.445849774	0.100560698854666	0.01
0.445857123	0.100560698854666	0.01
0.445917642	0.100560698854666	0.01
0.445970843	0.100560698854666	0.01
0.445978177	0.100560698854666	0.01
0.446038729	0.100560698854666	0.01
0.446188208	0.100028335445624	0.01
0.446319857	0.100028335445624	0.01
0.446394864	0.100028335445624	0.01
0.446395102	0.100028335445624	0.01
0.446465528	0.100028335445624	0.01
0.44656991	0.100028335445624	0.01
0.446633323	0.100028335445624	0.01
0.446772341	0.100028335445624	0.01
0.446888185	0.0995015789653467	0.01
0.446967543	0.0995015789653467	0.01
0.447158639	0.0995015789653467	0.01
0.447542535	0.0995015789653467	0.01
0.447649603	0.0989803412983721	0.01
0.447876705	0.0989803412983721	0.01
0.447928306	0.0989803412983721	0.01
0.448701687	0.0974488872896527	0.01
0.448791313	0.0974488872896527	0.01
0.449051315	0.0979540790786065	0.01
0.453117722	0.0876380939913641	0.01
0.453312195	0.0871861320277598	0.01
0.453607731	0.0871861320277598	0.01
0.45367678	0.0871861320277598	0.01
0.453739439	0.0871861320277598	0.01
0.453782962	0.0871861320277598	0.01
0.453789353	0.0871861320277598	0.01
0.453802119	0.0871861320277598	0.01
0.453864814	0.0871861320277598	0.01
0.453927527	0.0871861320277598	0.01
0.453952078	0.0871861320277598	0.01
0.453990257	0.0871861320277598	0.01
0.454115767	0.0871861320277598	0.01
0.454159539	0.0871861320277598	0.01
0.454172215	0.0871861320277598	0.01
0.454266222	0.0876380939913641	0.01
0.454278877	0.0876380939913641	0.01
0.454297847	0.0876380939913641	0.01
0.454379121	0.0876380939913641	0.01
0.454423548	0.0876380939913641	0.01
0.454543029	0.0880947662004552	0.01
0.454618511	0.0880947662004552	0.01
0.454637485	0.0880947662004552	0.01
0.455078808	0.0890225389916854	0.01
0.455439212	0.086860349463539	0.01
0.455550168	0.0897096517253201	0.01
0.455665947	0.0968585200452113	0.01
0.455678249	0.0986046763856306	0.01
0.455804735	0.101345240151936	0.01
0.456133439	0.0975495083379896	0.01
0.456880284	0.0922172387962096	0.02
0.45760535	0.0913257980955183	0.02
0.458022431	0.0913257980955183	0.02
0.458664131	0.0913257980955183	0.02
0.460382332	0.0917693536497042	0.02
0.462114195	0.0833189445020182	0.02
0.46331093	0.0833189445020182	0.02
0.46499053	0.0825057034767741	0.02
0.473676694	0.0779411968647968	0.03
0.474072423	0.0779411968647968	0.03
0.47699163	0.0537709553032504	0.03
0.477096915	0.0537709553032504	0.03
0.479732593	0.0781117792023702	0.04
0.479936634	0.0781117792023702	0.04
0.483671852	0.0710613124505253	0.04
0.484225862	0.0710613124505253	0.04
0.484458594	0.0713612683008295	0.04
0.484927676	0.0722765243909482	0.04
0.485802156	0.0724736960895594	0.04
0.485999254	0.0681398770081676	0.04
0.486776039	0.0519646920058153	0.04
0.489424331	0.0501550920757094	0.04
0.499369323	0.049737017274001	0.05
0.50407637	0.0386283052177099	0.05
0.508934563	0.0461128609389859	0.06
0.514553924	0.0390070963115439	0.06
0.514645345	0.0397874109977682	0.06
0.51473946	0.0397874109977682	0.06
0.514742139	0.0397874109977682	0.06
0.514839037	0.0397874109977682	0.06
0.514971335	0.0397874109977682	0.06
0.515124567	0.0665687849493124	0.07
0.51682809	0.0465367313248818	0.07
0.518564452	0.0437921514891359	0.07
0.520735072	0.0455099257600671	0.07
0.529143364	0.0318285191329802	0.07
0.534226929	0.0365015445082512	0.06
0.534308248	0.0365015445082512	0.06
0.534380672	0.0365015445082512	0.06
0.534453117	0.0365015445082512	0.06
0.534888196	0.0365015445082512	0.06
0.536755919	0.0352092012318333	0.06
0.543234343	0.0352092012318333	0.06
0.544416783	0.036169645483876	0.06
0.546060858	0.0647039470980112	0.06
0.556807604	0.0668796792734479	0.05
0.55802857	0.0652344998828237	0.05
0.562444529	0.0657738253454877	0.05
0.566766402	0.0750853318519544	0.05
0.568776608	0.0772732238371188	0.04
0.572491616	0.0795924474944927	0.04
0.574371638	0.0772732238371188	0.05
0.579525048	0.0780311334817286	0.05
0.586308239	0.0689497703886035	0.05
0.59079165	0.0682735353801769	0.05
0.593402747	0.0674466689796663	0.06
0.593573546	0.0674466689796663	0.06
0.593673806	0.0674466689796663	0.06
0.593673808	0.0674466689796663	0.06
0.593754277	0.0674466689796663	0.06
0.593754278	0.0674466689796663	0.06
0.593834769	0.0674466689796663	0.06
0.595015574	0.0638874373491791	0.06
0.595196772	0.0638874373491791	0.06
0.595887104	0.0638874373491791	0.06
0.596894832	0.0644791999877893	0.06
0.602148457	0.0638874373491791	0.06
0.602674298	0.0638874373491791	0.06
0.604813246	0.0696395353393238	0.06
0.604905308	0.0696395353393238	0.06
0.60490531	0.0696395353393238	0.06
0.604905312	0.0696395353393238	0.06
0.604988853	0.0696395353393238	0.06
0.60631275	0.0580291974646742	0.07
0.606404306	0.0580291974646742	0.07
0.606824709	0.0585169965996203	0.07
0.607971158	0.065082027616924	0.06
0.608756287	0.065082027616924	0.06
0.624510489	0.0656962335111989	0.06
0.630942519	0.0689497703886035	0.05
0.636066531	0.0689497703886035	0.05
0.63624959	0.0689497703886035	0.05
0.636422142	0.0696395353393238	0.05
0.64559646	0.0627359104106546	0.06
0.64801212	0.0633064378222955	0.06
0.648110758	0.0633064378222955	0.06
0.648827538	0.0633064378222955	0.06
0.65703705	0.0636683170864311	0.07
0.667879261	0.0631628353435693	0.08
0.667879263	0.0631628353435693	0.08
0.667969788	0.0631628353435693	0.08
0.671132308	0.0631628353435693	0.08
0.680589305	0.0598373684439528	0.09
0.68060848	0.0598373684439528	0.09
0.680702493	0.0598373684439528	0.09
0.680786967	0.0598373684439528	0.09
0.692614054	0.0585169965996203	0.1
0.696262833	0.0482879769475591	0.1
0.697379755	0.0482879769475591	0.1
0.7123899	0.0460518494571426	0.11
0.712401774	0.0460518494571426	0.11
0.713541741	0.0469209791915393	0.11
0.71365913	0.0469209791915393	0.11
0.714295462	0.0469209791915393	0.11
0.715653707	0.0436274793647439	0.12
0.715679053	0.0436274793647439	0.12
0.719314887	0.044806894482677	0.12
0.725609694	0.042508561383132	0.13
0.725869057	0.042508561383132	0.13
0.742183791	0.0391607010290639	0.14
0.7500464	0.00857338368087224	0.14
0.756100951	0.00965551938392346	0.13
0.763284143	0.073499768836163	0.13
0.763387603	0.0733062694754372	0.13
0.763491091	0.0729223112444961	0.13
0.765321243	0.0707004531857367	0.13
0.778829055	0.0715905156306119	0.12
0.779976345	0.0710613124505253	0.12
0.786383987	0.0731137862727274	0.11
0.793117932	0.0756344322902772	0.1
0.794958533	0.0775962319013506	0.1
0.797194853	0.0754924694163737	0.1
0.799403767	0.0757260934776031	0.1
0.8034392	0.0816940830832617	0.09
0.812482547	0.0755607553277296	0.08
0.817085993	0.0765298955862308	0.08
0.828284953	0.07825041752047	0.07
0.849686346	0.08005007915557	0.05
0.861362559	0.0705307959724486	0.03
0.861783488	0.0778922278549858	0.03
0.864973627	0.0852803207789133	0.03
0.866065884	0.0834255399389052	0.03
0.867661243	0.0844184986582327	0.03
0.870144812	0.0809813135681563	0.03
0.875213305	0.0858255032567466	0.02
0.875954975	0.0842104738672068	0.02
0.877564409	0.0851933475294447	0.02
0.87832845	0.0839097159844696	0.02
0.880342154	0.0814551032007304	0.02
0.882218863	0.0823135793704867	0.01
0.883236842	0.0929565682041911	0.01
0.884296127	0.0916868889612281	0.01
0.885800269	0.0872194507656613	0.01
0.886381245	0.0858255032567466	0.01
0.887670141	0.0884404059249222	0.01
0.888863234	0.0862488799596144	0.01
0.889209764	0.0859825523206756	0.01
0.889576687	0.0854548011098488	0.01
0.889857915	0.0854548011098488	0.01
0.890068113	0.0849334889318114	0.01
0.890218543	0.0849334889318114	0.01
0.890218544	0.0849334889318114	0.01
0.890228158	0.0849334889318114	0.01
0.890309475	0.0846752107661788	0.01
0.890339212	0.0846752107661788	0.01
0.890354074	0.0849334889318114	0.01
0.890354075	0.0849334889318114	0.01
0.890459913	0.0849334889318114	0.01
0.890474761	0.0849334889318114	0.01
0.890489605	0.0849334889318114	0.01
0.890489606	0.0849334889318114	0.01
0.890506418	0.0849334889318114	0.01
0.890580647	0.0849334889318114	0.01
0.890595481	0.0849334889318114	0.01
0.89061031	0.0849334889318114	0.01
0.890610311	0.0849334889318114	0.01
0.890701414	0.0841633384074478	0.01
0.890716233	0.0841633384074478	0.01
0.890731048	0.0841633384074478	0.01
0.890731049	0.0841633384074478	0.01
0.890737499	0.0841633384074478	0.01
0.890822213	0.0841633384074478	0.01
0.890837018	0.0841633384074478	0.01
0.890851819	0.0841633384074478	0.01
0.890928251	0.0841633384074478	0.01
0.890957836	0.0841633384074478	0.01
0.890972623	0.0841633384074478	0.01
0.891093459	0.0839097159844696	0.01
0.89119957	0.0839097159844696	0.01
0.891214328	0.0839097159844696	0.01
0.891246709	0.0839097159844696	0.01
0.891320486	0.0839097159844696	0.01
0.891382479	0.0839097159844696	0.01
0.891456164	0.0839097159844696	0.01
0.89149835	0.0839097159844696	0.01
0.891521465	0.0836576175285427	0.01
0.891562417	0.0836576175285427	0.01
0.891577132	0.0834070293449858	0.01
0.891698132	0.0834070293449858	0.01
0.891793338	0.0834070293449858	0.01
0.891881522	0.0834070293449858	0.01
0.892012117	0.083157937902712	0.01
0.89206133	0.083157937902712	0.01
0.89216782	0.0826641919210669	0.01
0.892182462	0.0826641919210669	0.01
0.892215798	0.0826641919210669	0.01
0.892245091	0.0829103298317929	0.01
0.89229733	0.0826641919210669	0.01
0.892546055	0.0826641919210669	0.01
0.892924751	0.082176274515323	0.01
0.892952212	0.082176274515323	0.01
0.893016766	0.082176274515323	0.01
0.893142511	0.082176274515323	0.01
0.893172464	0.0819344693708742	0.01
0.893313967	0.082176274515323	0.01
0.893395592	0.082176274515323	0.01
0.89422449	0.0809813135681563	0.01
0.894332391	0.0812175174168008	0.01
0.894511483	0.0812175174168008	0.01
0.894690708	0.0812175174168008	0.01
0.894906463	0.0812175174168008	0.01
0.894913415	0.0812175174168008	0.01
0.895081202	0.0812175174168008	0.01
0.89539422	0.0812175174168008	0.01
0.895638516	0.0812175174168008	0.01
0.89592425	0.0816940830832617	0.01
0.896329745	0.0805130037268542	0.01
0.897131294	0.0873750956850839	0.01
0.897197773	0.0863956322611638	0.01
0.897282137	0.0880252677568413	0.01
0.89799116	0.0870850822767483	0.01
0.898155973	0.085037241908163	0.01
0.898485328	0.0841379071929142	0.01
0.898755243	0.0825661454721651	0.01
0.89889623	0.0825661454721651	0.01
0.899310528	0.0825661454721651	0.01
0.899325427	0.0825661454721651	0.01
0.900031532	0.0851065514988093	0.01
0.900274359	0.0858059124533414	0.01
0.900690942	0.0831770459493989	0.01
0.901007608	0.0911144109092673	0.01
0.90151373	0.0791400184838223	0.01
0.901568195	0.0797444088945271	0.01
0.901947653	0.0806685040213121	0.01
0.902162268	0.0809813135681563	0.01
0.902291602	0.0747142026257057	0.01
0.902919093	0.0699505471603963	0.01
0.903166806	0.0705015549977915	0.01
0.903685884	0.0634145689238597	0.01
0.904039961	0.0631628353435693	0.01
0.904220945	0.0631628353435693	0.01
0.906154318	0.0665997442522005	0.01
0.906197141	0.0665997442522005	0.01
0.906210372	0.0663221428839064	0.01
0.906786831	0.0671619774986016	0.01
0.906983581	0.0668796792734479	0.01
0.907060652	0.0668796792734479	0.01
0.90712089	0.0668796792734479	0.01
0.907185931	0.0671619774986016	0.01
0.907198748	0.0674466689796663	0.01
0.907199842	0.0674466689796663	0.01
0.907298438	0.0634989266111689	0.01
0.907311244	0.0634989266111689	0.01
0.907324045	0.0634989266111689	0.01
0.907336843	0.0634989266111689	0.01
0.907336844	0.0634989266111689	0.01
0.907449378	0.0634989266111689	0.01
0.90746216	0.0634989266111689	0.01
0.907536422	0.0634989266111689	0.01
0.9075492	0.0634989266111689	0.01
0.907574745	0.0634989266111689	0.01
0.907587512	0.0634989266111689	0.01
0.907674633	0.0634989266111689	0.01
0.907712898	0.0634989266111689	0.01
0.907951053	0.0634989266111689	0.01
0.907963774	0.0632297686737458	0.01
0.908089263	0.0643203273696562	0.01
0.908089264	0.0643203273696562	0.01
0.908151307	0.0643203273696562	0.01
0.908189407	0.0645988704570366	0.01
0.908202099	0.0645988704570366	0.01
0.908453284	0.0645988704570366	0.01
0.908566283	0.0651632573508391	0.01
0.908577365	0.0651632573508391	0.01
0.908578929	0.0651632573508391	0.01
0.908691978	0.0651632573508391	0.01
0.908729307	0.0651632573508391	0.01
0.908855181	0.0645988704570366	0.01
0.908943472	0.0648798365328578	0.01
0.909094444	0.0648798365328578	0.01
0.909207673	0.0648798365328578	0.01
0.909308419	0.0648798365328578	0.01
0.909346075	0.065449165221985	0.01
0.909409249	0.065449165221985	0.01
0.909446878	0.065449165221985	0.01
0.909642167	0.065449165221985	0.01
0.909838426	0.0640441760623204	0.01
0.909925885	0.0640441760623204	0.01
0.910014581	0.0640441760623204	0.01
0.910051995	0.0645988704570366	0.01
0.910204731	0.0645988704570366	0.01
0.910267	0.0645988704570366	0.01
0.910467776	0.0648798365328578	0.01
0.911062134	0.0660285742282215	0.01
0.91113001	0.0660285742282215	0.01
0.911351929	0.0660285742282215	0.01
0.911383512	0.0657375930268655	0.01
0.911632099	0.0663221428839064	0.01
0.911747931	0.0663221428839064	0.01
0.911776598	0.0663221428839064	0.01
0.912015459	0.0663221428839064	0.01
0.912488931	0.0669171818453312	0.01
0.912707801	0.0666183336601754	0.01
0.912776305	0.0663221428839064	0.01
0.912811242	0.0704322047596536	0.01
0.912967277	0.0710613124505253	0.01
0.913139907	0.0710613124505253	0.01
0.913244462	0.0713800996432162	0.01
0.913630289	0.0704322047596536	0.01
0.913751419	0.0707453600375278	0.01
0.914696902	0.0707453600375278	0.01
0.914983658	0.0707453600375278	0.01
0.915026039	0.0707453600375278	0.01
0.915269563	0.0707453600375278	0.01
0.915559183	0.0704322047596536	0.01
0.916208994	0.071701759938722	0.01
0.916688985	0.0720263323540733	0.01
0.916912552	0.0723538566159868	0.01
0.917957453	0.0605530563628181	0.01
0.918456927	0.0631038940940958	0.02
0.918816837	0.0638185315485879	0.02
0.918837351	0.0638185315485879	0.02
0.919655338	0.0645495406259801	0.02
0.919822583	0.0645495406259801	0.02
0.921364075	0.0663221428839064	0.02
0.921783065	0.0668466236598237	0.02
0.922455062	0.067920870948804	0.02
0.922504312	0.067920870948804	0.02
0.922763582	0.067920870948804	0.02
0.922787758	0.067920870948804	0.02
0.923268187	0.0687494911972241	0.02
0.923473233	0.0687494911972241	0.02
0.924412009	0.0695985791303299	0.02
0.924507726	0.0695985791303299	0.02
0.924627878	0.0695985791303299	0.02
0.925553967	0.0695985791303299	0.02
0.927872541	0.0612187012913083	0.02
0.929379518	0.0595475668586509	0.03
0.93220206	0.0614970633598121	0.03
0.933174706	0.0624050843666238	0.03
0.934071327	0.063340321586691	0.03
0.934700606	0.0631038940940958	0.03
0.93534835	0.0631038940940958	0.03
0.938770844	0.0297793377484083	0.03
0.944027825	0.0163041851893753	0.03
0.947518522	0.0171475855987555	0.03
0.949342587	0.0177600599060746	0.03
0.950306111	0.0185900551162438	0.03
0.951999424	0.0189441887396116	0.03
0.953473419	0.0303704779458336	0.04
0.954191796	0.0308414188948491	0.04
0.955603107	0.0320852465767171	0.04
0.955985355	0.0320852465767171	0.04
0.956018846	0.0320852465767171	0.04
0.956780018	0.0328808941403212	0.04
0.957016096	0.0331549521547031	0.04
0.957077957	0.0331549521547031	0.04
0.957486775	0.0331549521547031	0.04
0.958321379	0.0334336170432359	0.04
0.959665139	0.0355236312554488	0.04
0.959857154	0.036169645483876	0.04
0.960039043	0.036169645483876	0.04
0.964446178	0.0308414188948491	0.05
0.966290332	0.0323461492019588	0.05
0.966653906	0.0323461492019588	0.05
0.966980911	0.0331549521547031	0.05
0.966980912	0.0331549521547031	0.05
0.966986309	0.0331549521547031	0.05
0.967139043	0.0331549521547031	0.05
0.967144414	0.0331549521547031	0.05
0.967297223	0.0331549521547031	0.05
0.967297226	0.0331549521547031	0.05
0.967302571	0.0331549521547031	0.05
0.967302572	0.0331549521547031	0.05
0.967460779	0.0331549521547031	0.05
0.96746078	0.0331549521547031	0.05
0.967619041	0.0331549521547031	0.05
0.967925221	0.0331549521547031	0.05
0.968083686	0.0334336170432359	0.05
0.968088909	0.0334336170432359	0.05
0.968237002	0.0334336170432359	0.05
0.969035555	0.0345967493882179	0.05
0.969666194	0.0355236312554488	0.05
0.970292984	0.0358437278151285	0.05
0.973766743	0.0289696718254219	0.05
0.974203145	0.0286910728069874	0.05
0.978183481	0.027249750127818	0.06
0.985118954	0.0185900551162438	0.05
0.9860103	0.018417907331302	0.05
1.019804062	0.0772732238371188	0.06
1.022530753	0.0788040578207288	0.06
1.023898132	0.0788040578207288	0.06
1.027349785	0.0723538566159868	0.07
1.029078227	0.0750853318519544	0.07
1.029637844	0.0750853318519544	0.07
1.029659545	0.0750853318519544	0.07
1.030392053	0.0772732238371188	0.07
1.030397618	0.0772732238371188	0.07
1.031531241	0.0772732238371188	0.07
1.031720423	0.0772732238371188	0.07
1.032104884	0.0772732238371188	0.07
1.0327094	0.0772732238371188	0.07
1.033463082	0.0772732238371188	0.07
1.034014818	0.0772732238371188	0.07
1.034376329	0.0772732238371188	0.07
1.035677928	0.0788040578207288	0.07
1.036124234	0.0788040578207288	0.07
1.039046839	0.0843162491245096	0.08
1.056246636	0.0815505271759773	0.09
1.057424783	0.0759454509733962	0.1
1.058571278	0.0783384766157293	0.1
1.067971123	0.077123405245353	0.11
1.068168044	0.077123405245353	0.11
1.068277144	0.077123405245353	0.11
1.06860264	0.0783384766157293	0.11
1.068892568	0.0783384766157293	0.11
1.070020858	0.0795924474944927	0.11
1.088407982	0.0839875906968332	0.13
1.088762574	0.0839875906968332	0.13
1.112743253	0.107310285437879	0.12
1.113082372	0.107310285437879	0.12
1.113233383	0.107310285437879	0.12
1.115076799	0.107310285437879	0.12
1.125633627	0.107310285437879	0.11
1.13205703	0.10837340437655	0.11
1.133642817	0.109457798647354	0.11
1.133988353	0.102292931177727	0.12
1.136767134	0.105245417272948	0.11
1.137302108	0.105245417272948	0.11
1.183360064	0.106267821794964	0.15
1.187305519	0.128409779998966	0.15
1.187446683	0.128409779998966	0.15
1.18762744	0.1263700959302	0.15
1.192009701	0.124394196118887	0.15
1.192075895	0.124394196118887	0.15
1.192725439	0.123429237576117	0.15
1.209215802	0.0896361427923107	0.13
1.209751115	0.0896361427923107	0.13
1.209825949	0.0896361427923107	0.13
1.210085375	0.0896361427923107	0.13
1.210771389	0.0896361427923107	0.13
1.212614931	0.0888354243804722	0.13
1.224141399	0.0896361427923107	0.12
1.22465873	0.0896361427923107	0.12
1.225416562	0.0896361427923107	0.12
1.226416878	0.0896361427923107	0.12
1.246668032	0.0668796792734479	0.12
1.270253663	0.0686099866448835	0.1
1.270604589	0.0686099866448835	0.1
1.275739262	0.071701759938722	0.09
1.278899002	0.0568445534463204	0.09
1.285172518	0.0487615169675622	0.09
1.289511656	0.0478235458903262	0.09
1.293113698	0.0478235458903262	0.09
1.302603198	0.0563081160089565	0.1
1.33510162	0.0638874373491791	0.12
1.335485912	0.0638874373491791	0.12
1.335508208	0.0638874373491791	0.12
1.335711503	0.0638874373491791	0.12
1.335892556	0.0638874373491791	0.12
1.33625481	0.0638874373491791	0.12
1.33638917	0.0638874373491791	0.12
1.336595099	0.0633064378222955	0.12
1.336665633	0.0633064378222955	0.12
1.336979907	0.0633064378222955	0.12
1.337529375	0.0633064378222955	0.12
1.337887386	0.0633064378222955	0.12
1.338686534	0.0633064378222955	0.12
1.342368518	0.0633064378222955	0.12
1.343443085	0.0633064378222955	0.12
1.346883901	0.0676104360897631	0.11
1.350085516	0.0676104360897631	0.11
1.360533959	0.0676104360897631	0.12
1.360981621	0.0676104360897631	0.12
1.36116959	0.0676104360897631	0.12
1.361338457	0.0676104360897631	0.12
1.36135761	0.0676104360897631	0.12
1.361952473	0.0676104360897631	0.12
1.362110213	0.0676104360897631	0.12
1.362279458	0.0676104360897631	0.12
1.364721715	0.0676104360897631	0.12
1.368077892	0.0758007319420519	0.13
1.368578346	0.0758007319420519	0.13
1.369707356	0.0758007319420519	0.13
1.373967278	0.0758007319420519	0.13
1.377274175	0.0795924474944927	0.12
1.379222918	0.0795924474944927	0.12
1.384187356	0.0795924474944927	0.12
1.385801753	0.0795924474944927	0.12
1.430594094	0.0780311334817286	0.13
1.434752614	0.0780311334817286	0.13
1.436494579	0.0780311334817286	0.13
1.440102642	0.0788040578207288	0.12
1.448119954	0.0780311334817286	0.12
1.450462129	0.0758007319420519	0.12
1.450674974	0.0758007319420519	0.12
1.450928234	0.0758007319420519	0.12
1.454856842	0.0758007319420519	0.12
1.45657643	0.0758007319420519	0.13
1.485393153	0.0750853318519544	0.15
1.494140559	0.0743833092621386	0.16
1.506038743	0.0743833092621386	0.18
1.511734415	0.0743833092621386	0.18
1.511964569	0.0743833092621386	0.18
1.512194724	0.0743833092621386	0.18
1.512403577	0.0743833092621386	0.18
1.512821455	0.0743833092621386	0.18
1.513239565	0.0743833092621386	0.18
1.523536021	0.0743833092621386	0.19
1.558319819	0.132063926890806	0.23
1.558531046	0.132063926890806	0.23
1.561070241	0.0880488849210325	0.22
1.56916589	0.131548522175328	0.22
1.595407686	0.131716866115037	0.19
1.611568792	0.146953862958871	0.18
1.718627381	0.191447058257316	0.07
1.730827961	0.180993971939503	0.06
1.745720251	0.174637133492672	0.05
1.75282717	0.179361767838797	0.04
1.758275756	0.193307767352008	0.03
1.77492366	0.186073824743818	0.02
1.778615293	0.176184110325988	0.02
1.77861633	0.176184110325988	0.02
1.780115455	0.189621828645766	0.01
1.780627841	0.189621828645766	0.01
1.780657571	0.189621828645766	0.01
1.780657572	0.189621828645766	0.01
1.780928629	0.189621828645766	0.01
1.78092863	0.189621828645766	0.01
1.781081012	0.189621828645766	0.01
1.781140367	0.189621828645766	0.01
1.781170031	0.189621828645766	0.01
1.781170032	0.189621828645766	0.01
1.781381862	0.189621828645766	0.01
1.781411498	0.189621828645766	0.01
1.781411499	0.189621828645766	0.01
1.781623424	0.189621828645766	0.01
1.781653031	0.189621828645766	0.01
1.7818108	0.189621828645766	0.01
1.781894629	0.189621828645766	0.01
1.782378022	0.187831073331299	0.01
1.782531315	0.187831073331299	0.01
1.782590324	0.187831073331299	0.01
1.782619816	0.187831073331299	0.01
1.783103602	0.187831073331299	0.01
1.783345594	0.187831073331299	0.01
1.783829774	0.187831073331299	0.01
1.783925287	0.187831073331299	0.01
1.784013316	0.187831073331299	0.01
1.78446873	0.187831073331299	0.01
1.784506241	0.187831073331299	0.01
1.784933025	0.189621828645766	0.01
1.785497332	0.189621828645766	0.01
1.785988286	0.184349151185928	0.01
1.788266632	0.177758739076305	0.01
1.789358594	0.182656155185719	0.01
1.790033715	0.174637133492672	0.01
1.790095821	0.174637133492672	0.01
1.79204453	0.163175117912825	0.02
1.795643534	0.122103176476141	0.02
1.796645824	0.119176609567671	0.02
1.796669094	0.119176609567671	0.02
1.796696941	0.119176609567671	0.02
1.799436111	0.113725087543856	0.02
1.801889818	0.0641819546730266	0.02
1.808733518	0.10500488066725	0.03
1.812688451	0.0469948898245045	0.03
1.813215031	0.048132167551117	0.03
1.813240824	0.048132167551117	0.03
1.813716026	0.0489214343248645	0.03
1.814345569	0.0501550920757094	0.03
1.814596154	0.0432480186618075	0.03
1.814621756	0.0432480186618075	0.03
1.814621757	0.0432480186618075	0.03
1.814846808	0.0432480186618075	0.03
1.814872379	0.0432480186618075	0.03
1.815039963	0.0436274793647439	0.03
1.815123071	0.0436274793647439	0.03
1.815169565	0.0436274793647439	0.03
1.815288509	0.0436274793647439	0.03
1.815322808	0.0436274793647439	0.03
1.815624663	0.0444067340468273	0.03
1.815850116	0.0444067340468273	0.03
1.816374833	0.00920848168717129	0.03
1.81637757	0.00920848168717129	0.03
1.816879855	0.00920848168717129	0.03
1.817399416	0.00920848168717129	0.03
1.817633804	0.00920848168717129	0.03
1.819217405	0.00938223569748684	0.03
1.819395454	0.00956267291003726	0.03
1.819410514	0.00956267291003726	0.03
1.81989941	0.00956267291003726	0.03
1.820606159	0.00994520099916283	0.03
1.82134289	0.00994520099916283	0.03
1.822065256	0.0552650523809517	0.04
1.823345161	0.0466276469663689	0.04
1.824280416	0.0493258546967236	0.04
1.824759677	0.042508561383132	0.04
1.824985083	0.0428751019460172	0.04
1.828939845	0.00920848168717129	0.04
1.829051906	0.00920848168717129	0.04
1.829613575	0.00938223569748684	0.04
1.830016016	0.00938223569748684	0.04
1.837659261	0.00880100678639673	0.05
1.844053766	0.00956267291003726	0.05
1.860668056	0.00920848168717129	0.07
1.860714054	0.00920848168717129	0.07
1.872927722	0.00880100678639673	0.08
1.876458705	0.00994520099916283	0.07
1.877534086	0.00994520099916283	0.07
1.917919203	0.00956267291003726	0.11
1.932723098	0.0182489185421366	0.12
1.934242286	0.0189441887396116	0.12
1.93486401	0.0167152533074257	0.13
1.945075766	0.0242585200821433	0.14
1.956133657	0.0242585200821433	0.15
1.959079535	0.0248650670143133	0.15
2.03833515	0.039263778026205	0.23
2.039242563	0.0400545001316054	0.23
2.045755957	0.0547578790282508	0.23
2.04617014	0.0557817085525942	0.23
2.049316864	0.0596877253268464	0.23
2.057190684	0.0552650523809517	0.24
2.058434493	0.0568445534463204	0.24
2.058810915	0.0568445534463204	0.24
2.060706206	0.0385036710779136	0.25
2.067556414	0.0563081160089565	0.25
2.077371996	0.0552650523809517	0.26
2.079378601	0.057948687182416	0.26
2.080200147	0.0385036710779136	0.27
2.112854786	0.0385036710779136	0.3
2.114638141	0.044539324322193	0.3
2.116340052	0.0532907150896269	0.3
2.122322709	0.0377724350187529	0.31
2.175983465	0.052355517828411	0.36
2.201956234	0.0377724350187529	0.39
2.21647999	0.0532907150896269	0.4
2.22342495	0.038753748844666	0.41
2.22607531	0.0510126874998018	0.41
2.226980498	0.052355517828411	0.41
2.230993963	0.0488213633072168	0.42
2.244892022	0.137637758804905	0.43
2.268175967	0.184876405020476	0.41
2.273953022	0.17519651724383	0.4
2.279085054	0.187558570213843	0.4
2.283420782	0.178048064105425	0.39
2.287430653	0.191730986193048	0.39
2.401471639	0.241699720563629	0.28
2.416816988	0.241699720563629	0.27
2.634889835	0.258933541618737	0.09
2.644514931	0.258933541618737	0.08
2.670697515	0.246586450564376	0.06
2.670831293	0.246586450564376	0.06
2.671148642	0.246586450564376	0.06
2.671193019	0.246586450564376	0.06
2.671237545	0.246586450564376	0.06
2.671237705	0.246586450564376	0.06
2.671599486	0.246586450564376	0.06
2.671599646	0.246586450564376	0.06
2.672323822	0.246586450564376	0.06
2.672686057	0.258933541618737	0.05
2.67300408	0.258933541618737	0.05
2.673366554	0.258933541618737	0.05
2.673410821	0.258933541618737	0.05
2.674498542	0.258933541618737	0.05
2.674640938	0.258933541618737	0.05
2.674817434	0.258933541618737	0.05
2.67498819	0.258933541618737	0.05
2.675753192	0.256366185120682	0.05
2.675906626	0.253849240070048	0.05
2.677404052	0.251381236117923	0.05
2.678640892	0.246586450564376	0.05
2.679543675	0.246586450564376	0.05
2.679587204	0.246586450564376	0.05
2.68050645	0.246586450564376	0.05
2.681604422	0.246586450564376	0.05
2.690797174	0.238989082917243	0.04
2.692790444	0.238989082917243	0.04
2.703341222	0.241699720563629	0.04
2.716197088	0.23265251704137	0.05
2.721339166	0.22629945661117	0.06
2.721714851	0.22629945661117	0.06
2.721753239	0.22629945661117	0.06
2.722090639	0.22629945661117	0.06
2.72212898	0.22629945661117	0.06
2.722504826	0.22629945661117	0.06
2.725138453	0.220284140406495	0.06
2.725892101	0.220284140406495	0.06
2.727362573	0.220284140406495	0.06
2.728042156	0.220284140406495	0.06
2.728457177	0.220284140406495	0.06
2.733911556	0.216448496642465	0.07
2.734951629	0.216448496642465	0.07
2.742221604	0.214580332838173	0.08
2.744776734	0.214580332838173	0.08
2.758261585	0.214580332838173	0.09
2.767264537	0.212744141270837	0.1
2.784781798	0.204015218653715	0.12
2.795646082	0.204015218653715	0.13
2.814579483	0.204015218653715	0.15
2.857457722	0.204015218653715	0.19
2.884109016	0.202354690263163	0.22
2.893176138	0.223840433778055	0.23
2.901070252	0.227369940871632	0.23
3.091199805	0.232877956461548	0.42
3.116410384	0.218030329908925	0.45
3.479484296	0.230264772533029	0.81
3.561648443	0.247028177723052	0.890000000000001
3.562131134	0.274256201373458	0.890000000000001
3.568359469	0.214580332838173	0.890000000000001
3.572123566	0.229785439342187	0.880000000000001
3.575584373	0.214018145344918	0.880000000000001
3.62901857	0.214580332838173	0.910000000000001
3.62939674	0.214580332838173	0.910000000000001
3.629519691	0.214580332838173	0.910000000000001
3.630972932	0.214580332838173	0.910000000000001
3.631023885	0.214580332838173	0.910000000000001
3.631970124	0.229785439342187	0.910000000000001
3.633483005	0.205703225218122	0.920000000000001
3.639968026	0.209164447002563	0.920000000000001
3.778072999	0.209164447002563	1.06
3.82876748	0.234773747163583	1.11
3.963711323	0.253849240070048	1.24
4.078052931	0.288858522344831	1.34
4.442577106	0.283185702653678	1.7
4.445571488	0.280432035632102	1.71
4.452121847	0.280432035632102	1.71
4.45272527	0.283185702653678	1.71
4.453328856	0.283185702653678	1.71
4.459832487	0.280432035632102	1.72
4.464002998	0.283185702653678	1.72
4.478685952	0.280432035632102	1.74
4.492707945	0.300718343736867	1.75
4.536342962	0.312531733366225	1.77
4.537444354	0.309492217957427	1.78
4.537596069	0.309492217957427	1.78
4.550359745	0.312531733366225	1.79
4.848628454	0.312531733366225	2.07
5.342582978	0.358273466296585	2.23
5.343129076	0.358273466296585	2.23
5.346842194	0.358273466296585	2.24
5.443653327	0.358273466296585	2.32999999999999
5.445157132	0.358273466296585	2.32999999999999
6.2338777	0.317636367936527	2.60999999999999
6.234722781	0.317636367936527	2.60999999999999
6.358499262	0.317636367936527	2.72999999999999
7	0.38330254335895	2.55999999999999
