thrs	post_p	finalwindow
0	0.155860237831532	0.23
0.03256001	0.155860237831532	0.2
0.070216248	0.135755559619244	0.18
0.082355146	0.135755559619244	0.17
0.093809574	0.124512778485824	0.17
0.103967892	0.124512778485824	0.16
0.106977596	0.124512778485824	0.16
0.113424721	0.124512778485824	0.17
0.115659216	0.123056903532289	0.18
0.123778241	0.137529577117932	0.18
0.127695348	0.113369926537149	0.17
0.14705261	0.102652315860158	0.15
0.148427326	0.127530378948646	0.15
0.148447444	0.127530378948646	0.15
0.151339737	0.128700033841931	0.15
0.161204767	0.128700033841931	0.14
0.178062567	0.129624705197207	0.12
0.178113806	0.129624705197207	0.12
0.178140913	0.129624705197207	0.12
0.178189211	0.129624705197207	0.12
0.178358463	0.129624705197207	0.12
0.181824923	0.13069787692512	0.12
0.194681585	0.137529577117932	0.11
0.206482242	0.134026725995306	0.1
0.222049977	0.1182700081256	0.08
0.222622275	0.120704656526676	0.08
0.22265244	0.120704656526676	0.08
0.222656148	0.120704656526676	0.08
0.222686318	0.120704656526676	0.08
0.222697977	0.118886631115526	0.08
0.222924291	0.13263570038632	0.08
0.223196808	0.129750045079268	0.08
0.226694446	0.120164197094668	0.08
0.226867021	0.120164197094668	0.08
0.226957829	0.120164197094668	0.08
0.227081991	0.121800292640771	0.08
0.227177477	0.121800292640771	0.08
0.227432153	0.121800292640771	0.08
0.241897099	0.111340219147425	0.07
0.24235868	0.111340219147425	0.07
0.242615688	0.0783795436958512	0.06
0.242875367	0.0943682888083565	0.06
0.242941212	0.0943682888083565	0.06
0.249436037	0.0831805278515247	0.06
0.254481698	0.0895504815314817	0.05
0.256228734	0.0873214596376755	0.05
0.256650521	0.0858960866381171	0.05
0.259750174	0.0852007089464284	0.05
0.287097646	0.10469465291084	0.04
0.295749179	0.10469465291084	0.04
0.296044019	0.10469465291084	0.04
0.296839561	0.0952221122185722	0.05
0.296839653	0.0952221122185722	0.05
0.29691506	0.0952221122185722	0.05
0.296960227	0.0952221122185722	0.05
0.297161557	0.0952221122185722	0.05
0.297207868	0.0952221122185722	0.05
0.29723727	0.0952221122185722	0.05
0.297242165	0.0952221122185722	0.05
0.297345093	0.0952221122185722	0.05
0.29736316	0.0952221122185722	0.05
0.298033592	0.0952221122185722	0.05
0.298062423	0.0952221122185722	0.05
0.29855614	0.0952221122185722	0.05
0.299120783	0.0952221122185722	0.05
0.299931082	0.0960915271078758	0.05
0.300128238	0.0960915271078758	0.05
0.300638986	0.10469465291084	0.04
0.302397905	0.10469465291084	0.04
0.302452098	0.10469465291084	0.04
0.302493847	0.10469465291084	0.04
0.302531356	0.10469465291084	0.04
0.302694303	0.10469465291084	0.04
0.302757814	0.10469465291084	0.04
0.302844832	0.10469465291084	0.04
0.303037639	0.10469465291084	0.04
0.303062807	0.10469465291084	0.04
0.303998368	0.10469465291084	0.04
0.304168238	0.10469465291084	0.04
0.305094409	0.10469465291084	0.04
0.306047128	0.102652315860158	0.04
0.306464617	0.102652315860158	0.04
0.308759935	0.102652315860158	0.04
0.319078068	0.103663426026187	0.03
0.320290117	0.103663426026187	0.03
0.322066605	0.103663426026187	0.03
0.322435043	0.103663426026187	0.03
0.322591403	0.103663426026187	0.03
0.323165924	0.103663426026187	0.03
0.323537089	0.103663426026187	0.03
0.327195424	0.0873214596376755	0.04
0.328591896	0.0866029085813558	0.04
0.330254195	0.0866029085813558	0.04
0.334029253	0.0852007089464284	0.04
0.338071632	0.0818861346999406	0.05
0.340262381	0.0800183560018769	0.05
0.345554528	0.0800183560018769	0.05
0.356200611	0.0788197978660031	0.06
0.356206548	0.0788197978660031	0.06
0.356437896	0.0788197978660031	0.06
0.356490553	0.0788197978660031	0.06
0.357959666	0.0734011213001784	0.06
0.362945858	0.0754302910019913	0.07
0.363236679	0.0754302910019913	0.07
0.366130409	0.0765272645007491	0.07
0.367161303	0.0858960866381171	0.07
0.367663989	0.0705879300389387	0.07
0.37384574	0.10369637421931	0.08
0.382008897	0.0933452953483584	0.07
0.386863037	0.0972933804361278	0.06
0.386909127	0.0972933804361278	0.06
0.387745392	0.0972933804361278	0.06
0.389222512	0.0957316172210615	0.06
0.389299853	0.0957316172210615	0.06
0.389825341	0.10026181635331	0.06
0.411578949	0.117704736901679	0.04
0.412388288	0.117704736901679	0.04
0.415772448	0.0645569969595303	0.03
0.418471182	0.11857147301585	0.03
0.423143546	0.123056903532289	0.03
0.438307149	0.127895034282289	0.01
0.438815006	0.126987278249955	0.01
0.440249622	0.132526537245619	0.01
0.440316292	0.132526537245619	0.01
0.441698853	0.132526537245619	0.01
0.441750067	0.132526537245619	0.01
0.444236336	0.117496152798969	0.01
0.444499874	0.114453805694975	0.01
0.444770984	0.111004690562429	0.01
0.445049535	0.111004690562429	0.01
0.445117302	0.115679155405861	0.01
0.445185067	0.115104076680964	0.01
0.445185068	0.115104076680964	0.01
0.445245414	0.115104076680964	0.01
0.44525283	0.115104076680964	0.01
0.445252832	0.115104076680964	0.01
0.445252833	0.115104076680964	0.01
0.445252835	0.115104076680964	0.01
0.445305777	0.115104076680964	0.01
0.445313187	0.115104076680964	0.01
0.44531319	0.115104076680964	0.01
0.445373562	0.115104076680964	0.01
0.445419149	0.115104076680964	0.01
0.445433949	0.115104076680964	0.01
0.445479567	0.114534687478557	0.01
0.445494353	0.114534687478557	0.01
0.445540001	0.114534687478557	0.01
0.445554774	0.114534687478557	0.01
0.445578303	0.114534687478557	0.01
0.445615211	0.114534687478557	0.01
0.445653547	0.114534687478557	0.01
0.445675664	0.114534687478557	0.01
0.445691925	0.123659360323117	0.01
0.445736134	0.123659360323117	0.01
0.445849774	0.123056903532289	0.01
0.445917642	0.123056903532289	0.01
0.445970843	0.123056903532289	0.01
0.445978177	0.123056903532289	0.01
0.446341735	0.120704656526676	0.01
0.446351359	0.120704656526676	0.01
0.446394864	0.120704656526676	0.01
0.446395102	0.120704656526676	0.01
0.446455777	0.120704656526676	0.01
0.446465528	0.120704656526676	0.01
0.446772341	0.120704656526676	0.01
0.447542535	0.120130579033454	0.01
0.447928306	0.117887856439202	0.01
0.448791313	0.121074954417565	0.01
0.449552291	0.122769804512231	0.01
0.449715173	0.122769804512231	0.01
0.453117722	0.115704289209535	0.01
0.453312195	0.115153856445558	0.01
0.453607731	0.115153856445558	0.01
0.453670383	0.115153856445558	0.01
0.45367678	0.115153856445558	0.01
0.453739439	0.115153856445558	0.01
0.453789353	0.115153856445558	0.01
0.453802119	0.115153856445558	0.01
0.453864805	0.115153856445558	0.01
0.453864814	0.115153856445558	0.01
0.453990257	0.115153856445558	0.01
0.454053004	0.115153856445558	0.01
0.454115767	0.115153856445558	0.01
0.454131662	0.115153856445558	0.01
0.454266222	0.115704289209535	0.01
0.454278877	0.115704289209535	0.01
0.454297847	0.115704289209535	0.01
0.454423548	0.115704289209535	0.01
0.454543029	0.116821093445903	0.01
0.454618511	0.116821093445903	0.01
0.454637485	0.116821093445903	0.01
0.455078808	0.119709758293821	0.01
0.455180191	0.120304719363975	0.01
0.455439212	0.143255781643667	0.01
0.455678249	0.158483417325827	0.01
0.455804735	0.165827996754267	0.01
0.456133439	0.116776007497657	0.02
0.456159276	0.116776007497657	0.02
0.456880284	0.116776007497657	0.02
0.45760535	0.116260009358791	0.02
0.458022431	0.116260009358791	0.02
0.458619789	0.116776007497657	0.02
0.460382332	0.11729660637701	0.02
0.46331093	0.109427555094159	0.02
0.464728436	0.107483956117754	0.02
0.472596627	0.10469465291084	0.03
0.473676694	0.10469465291084	0.03
0.47699163	0.0776566151595043	0.03
0.478409458	0.080631409028621	0.03
0.478419311	0.080631409028621	0.03
0.478888149	0.0814110629266665	0.03
0.479732593	0.0712708161915616	0.03
0.483671852	0.0959772258856324	0.04
0.483988273	0.0959772258856324	0.04
0.484225862	0.0959772258856324	0.04
0.484458594	0.0963592916494422	0.04
0.48628356	0.0904483642223974	0.04
0.489107131	0.0682184849165159	0.04
0.499369323	0.0664827604616118	0.05
0.50407637	0.0901256322686358	0.06
0.508934563	0.0625325575690677	0.06
0.511690912	0.0563480080465339	0.06
0.514645345	0.0891711086672416	0.07
0.51473946	0.0891711086672416	0.07
0.514742139	0.0891711086672416	0.07
0.514839037	0.0898051952285278	0.07
0.51502476	0.0898051952285278	0.07
0.515124567	0.0914305787793523	0.07
0.516063638	0.0787744161070584	0.07
0.51682809	0.0579422238975732	0.07
0.518492841	0.0593955762208175	0.07
0.518564452	0.0593955762208175	0.07
0.520735072	0.0538263526271482	0.07
0.529143364	0.0403968488522397	0.07
0.534308248	0.0359163422732367	0.06
0.534380672	0.0356125065600927	0.06
0.534453117	0.0356125065600927	0.06
0.539174229	0.0441228023034952	0.06
0.543234343	0.0448753518753595	0.06
0.544416783	0.0415942685884547	0.05
0.546060858	0.049520738059793	0.05
0.55657045	0.0503901148769054	0.05
0.556645891	0.0503901148769054	0.05
0.556807604	0.0503901148769054	0.05
0.55802857	0.048456712636559	0.05
0.559788571	0.0480877003104689	0.05
0.572491616	0.0567276617415786	0.04
0.57444178	0.0490590586748352	0.04
0.579525048	0.049520738059793	0.04
0.583655412	0.0499911894344181	0.04
0.586308239	0.0460535724700104	0.05
0.59079165	0.0460535724700104	0.05
0.591193432	0.0524842126563759	0.04
0.593402747	0.0524842126563759	0.04
0.593573546	0.0524842126563759	0.04
0.593673806	0.0524842126563759	0.04
0.593673808	0.0524842126563759	0.04
0.593754277	0.0524842126563759	0.04
0.59375428	0.0524842126563759	0.04
0.593824895	0.0524842126563759	0.04
0.593834769	0.0524842126563759	0.04
0.593915284	0.0524842126563759	0.04
0.594237558	0.0524842126563759	0.04
0.594318181	0.0524842126563759	0.04
0.595015574	0.0524842126563759	0.04
0.595887104	0.0524842126563759	0.04
0.596894832	0.048605908203259	0.05
0.597117526	0.0524842126563759	0.04
0.604813246	0.0468740370608005	0.05
0.604905308	0.0468740370608005	0.05
0.604905312	0.0468740370608005	0.05
0.604988853	0.0468740370608005	0.05
0.605716504	0.0468740370608005	0.05
0.605724938	0.0468740370608005	0.05
0.606051871	0.0468740370608005	0.05
0.60631275	0.0468740370608005	0.05
0.606824709	0.0490590586748352	0.05
0.607971158	0.0490590586748352	0.05
0.608524688	0.0519659124203548	0.04
0.61827716	0.0524842126563759	0.04
0.630942519	0.0798665465869399	0.04
0.636066531	0.0723202842947785	0.05
0.63624959	0.0723202842947785	0.05
0.637031954	0.0729468707047504	0.05
0.637881775	0.0729468707047504	0.05
0.64559646	0.0671306398845139	0.06
0.646569798	0.0676701907179665	0.06
0.64801212	0.0676701907179665	0.06
0.648110758	0.0676701907179665	0.06
0.648827538	0.0676701907179665	0.06
0.659386285	0.0694056807394544	0.07
0.667472678	0.0674293234067335	0.08
0.667879261	0.0674293234067335	0.08
0.667879263	0.0674293234067335	0.08
0.667969788	0.0674293234067335	0.08
0.669490645	0.0674293234067335	0.08
0.678915807	0.0642286785554362	0.09
0.680589305	0.0642286785554362	0.09
0.68060848	0.0642286785554362	0.09
0.680702493	0.0642286785554362	0.09
0.689921535	0.0625325575690677	0.1
0.690723937	0.0625325575690677	0.1
0.692614054	0.0637960804215302	0.1
0.696262833	0.0509594275372535	0.1
0.697379755	0.0519659124203548	0.1
0.712354258	0.0509594275372535	0.11
0.7123899	0.0509594275372535	0.11
0.712401774	0.0509594275372535	0.11
0.713541741	0.0509594275372535	0.11
0.714295462	0.0509594275372535	0.11
0.715653707	0.049520738059793	0.12
0.715679053	0.049520738059793	0.12
0.725869057	0.049520738059793	0.13
0.72717465	0.0509594275372535	0.13
0.742183791	0.0464601827947762	0.14
0.744518666	0.0452613359609249	0.14
0.756100951	0.100140672975546	0.14
0.756122282	0.100140672975546	0.14
0.763284143	0.0912369783964501	0.13
0.763387603	0.101929264559773	0.13
0.765321243	0.103809498632702	0.13
0.766651587	0.10208334534133	0.13
0.7676628	0.103550097894341	0.13
0.772093843	0.0819392629297487	0.12
0.786383987	0.0988557122589671	0.11
0.794958533	0.108401517640483	0.1
0.812482547	0.080631409028621	0.08
0.817085993	0.103041364653746	0.08
0.861362559	0.079614806905768	0.03
0.861783488	0.0852007089464284	0.03
0.864973627	0.116260009358791	0.03
0.867661243	0.112006754176131	0.03
0.870144812	0.10910387758034	0.03
0.874413626	0.118369030444625	0.02
0.875954975	0.111874727593155	0.02
0.877564409	0.112006754176131	0.02
0.87832845	0.112006754176131	0.02
0.882485476	0.0883688933072481	0.01
0.883671839	0.114946439121292	0.01
0.885048106	0.11923422041457	0.01
0.887670141	0.115462828740118	0.01
0.888469193	0.115860047805809	0.01
0.889576687	0.11351690010239	0.01
0.889752182	0.11351690010239	0.01
0.889857915	0.11351690010239	0.01
0.890083013	0.113135558806271	0.01
0.890218543	0.112756771038326	0.01
0.890218544	0.112756771038326	0.01
0.890309475	0.112006754176131	0.01
0.890339212	0.112006754176131	0.01
0.890354074	0.112006754176131	0.01
0.890354075	0.112006754176131	0.01
0.890407894	0.112006754176131	0.01
0.890459913	0.112006754176131	0.01
0.890474761	0.112006754176131	0.01
0.890489605	0.112006754176131	0.01
0.890489606	0.112006754176131	0.01
0.890506418	0.112006754176131	0.01
0.890595481	0.112006754176131	0.01
0.89061031	0.112006754176131	0.01
0.890610311	0.112006754176131	0.01
0.89068659	0.112006754176131	0.01
0.890701414	0.111635474971005	0.01
0.890716233	0.111635474971005	0.01
0.890731048	0.111635474971005	0.01
0.890731049	0.111635474971005	0.01
0.890822213	0.111635474971005	0.01
0.890837018	0.111635474971005	0.01
0.890851819	0.111635474971005	0.01
0.890928251	0.111635474971005	0.01
0.890957836	0.111635474971005	0.01
0.890972623	0.111635474971005	0.01
0.891093459	0.110900252210701	0.01
0.89119957	0.110900252210701	0.01
0.891244043	0.110900252210701	0.01
0.891456164	0.110900252210701	0.01
0.89149835	0.110900252210701	0.01
0.891562417	0.109815398399365	0.01
0.891698132	0.109815398399365	0.01
0.891881522	0.109815398399365	0.01
0.892017347	0.109458481714614	0.01
0.89206133	0.109458481714614	0.01
0.892182462	0.108751563593748	0.01
0.892215798	0.108751563593748	0.01
0.892245091	0.108751563593748	0.01
0.89229733	0.108401517640483	0.01
0.892307805	0.108401517640483	0.01
0.892546055	0.108751563593748	0.01
0.892924751	0.108751563593748	0.01
0.892951888	0.108401517640483	0.01
0.892952212	0.108401517640483	0.01
0.893142511	0.108401517640483	0.01
0.893172464	0.108053717889999	0.01
0.893320622	0.108053717889999	0.01
0.893352088	0.108053717889999	0.01
0.893395592	0.108053717889999	0.01
0.894085351	0.106347667412311	0.01
0.894189143	0.106347667412311	0.01
0.89420355	0.106347667412311	0.01
0.894690708	0.10469465291084	0.01
0.894913415	0.10469465291084	0.01
0.894970751	0.10469465291084	0.01
0.895081202	0.105021132011699	0.01
0.895086463	0.105021132011699	0.01
0.895300675	0.105021132011699	0.01
0.89539422	0.10469465291084	0.01
0.895524497	0.107614278329368	0.01
0.895638516	0.107614278329368	0.01
0.895840307	0.107614278329368	0.01
0.89592425	0.107614278329368	0.01
0.896329745	0.106296809509021	0.01
0.896396617	0.106296809509021	0.01
0.89685771	0.106296809509021	0.01
0.896928207	0.106296809509021	0.01
0.89693811	0.106296809509021	0.01
0.897282137	0.102593452690606	0.01
0.897316929	0.102008512708587	0.01
0.898485328	0.0879294240192573	0.01
0.898755243	0.0859350517011404	0.01
0.89889623	0.0849714116392678	0.01
0.899974537	0.0816743089499808	0.01
0.900113547	0.0813236909467535	0.01
0.900274359	0.0820279633449299	0.01
0.900307304	0.0820279633449299	0.01
0.900690942	0.0811721855347161	0.01
0.901007608	0.0769099062827819	0.01
0.90151373	0.0699180059294701	0.01
0.901947653	0.0743059842131757	0.01
0.902162268	0.0743059842131757	0.01
0.902291602	0.0710282939508693	0.01
0.902932441	0.0629481338085558	0.01
0.903166806	0.0592363819268487	0.01
0.903685884	0.0392257895681033	0.01
0.903876527	0.0390640150070057	0.01
0.904039961	0.0387444362685617	0.01
0.904220945	0.0306491850554396	0.01
0.904508173	0.0306491850554396	0.01
0.904513058	0.0306491850554396	0.01
0.905345526	0.0309063446292881	0.01
0.905424433	0.0311678560714557	0.01
0.906154318	0.0317043840428828	0.01
0.906197141	0.0317043840428828	0.01
0.906210372	0.0315685277450262	0.01
0.906983581	0.032259707298875	0.01
0.907060652	0.032259707298875	0.01
0.907185931	0.032259707298875	0.01
0.907198748	0.032259707298875	0.01
0.907199842	0.032259707298875	0.01
0.907298438	0.0276575282477022	0.01
0.907324045	0.0277791989457481	0.01
0.907336843	0.0277791989457481	0.01
0.907336844	0.0277791989457481	0.01
0.907449378	0.0277791989457481	0.01
0.90746216	0.0277791989457481	0.01
0.907536422	0.0277791989457481	0.01
0.907574745	0.0277791989457481	0.01
0.907587512	0.0277791989457481	0.01
0.907674633	0.0277791989457481	0.01
0.907700146	0.0277791989457481	0.01
0.907712898	0.0277791989457481	0.01
0.907963773	0.0275369187179245	0.01
0.908089263	0.0275369187179245	0.01
0.908151307	0.0275369187179245	0.01
0.908189407	0.0275369187179245	0.01
0.908289632	0.0275369187179245	0.01
0.908453284	0.0275369187179245	0.01
0.908566283	0.0279019448787844	0.01
0.908577365	0.0279019448787844	0.01
0.908578929	0.0279019448787844	0.01
0.908691978	0.0279019448787844	0.01
0.908816452	0.0281507199709116	0.01
0.908830322	0.0281507199709116	0.01
0.908855181	0.0281507199709116	0.01
0.908956071	0.0282767785344909	0.01
0.909094444	0.0282767785344909	0.01
0.909183517	0.0281507199709116	0.01
0.909270732	0.0281507199709116	0.01
0.909346075	0.0281507199709116	0.01
0.90938549	0.0281507199709116	0.01
0.909434338	0.0281507199709116	0.01
0.909446878	0.0281507199709116	0.01
0.909642167	0.0281507199709116	0.01
0.909838426	0.0280257803632589	0.01
0.909896599	0.0280257803632589	0.01
0.910014581	0.0280257803632589	0.01
0.910051995	0.0280257803632589	0.01
0.910267	0.0281507199709116	0.01
0.910628128	0.0284039711536237	0.01
0.911049792	0.0287925084715611	0.01
0.911062134	0.0287925084715611	0.01
0.91113001	0.0287925084715611	0.01
0.911383512	0.0284039711536237	0.01
0.911518912	0.0287925084715611	0.01
0.911632099	0.0287925084715611	0.01
0.911776598	0.0287925084715611	0.01
0.912015459	0.0286618203277902	0.01
0.912707801	0.0290574930247126	0.01
0.912776305	0.0290574930247126	0.01
0.912811242	0.0290574930247126	0.01
0.912967277	0.0291918227953671	0.01
0.913139907	0.0291918227953671	0.01
0.913630289	0.0290574930247126	0.01
0.913751419	0.0296023688198665	0.01
0.914018042	0.0297417957189618	0.01
0.914696902	0.0402039496682883	0.01
0.915026039	0.0402039496682883	0.01
0.915269563	0.0402039496682883	0.01
0.916024822	0.035356138008874	0.01
0.916208994	0.0356987909398253	0.01
0.916688985	0.0358726201406988	0.01
0.917248255	0.0344468873547301	0.01
0.917957453	0.0385473413412673	0.01
0.919120121	0.037665941912866	0.02
0.919822583	0.037665941912866	0.02
0.920002472	0.0378163218071909	0.02
0.921364075	0.0384300439826657	0.02
0.921783065	0.0389035693429443	0.02
0.923268187	0.0398865125439007	0.02
0.923473233	0.0398865125439007	0.02
0.924160807	0.0410979641573264	0.02
0.924412009	0.0412770621615814	0.02
0.924627878	0.0420093406800066	0.02
0.925553967	0.0376846739610171	0.02
0.926193857	0.0380250656207425	0.02
0.927872541	0.0430401420310453	0.02
0.929379518	0.0345096385579804	0.03
0.93064775	0.0343843639467544	0.03
0.93220206	0.0354127893021348	0.03
0.933174706	0.0358144892825961	0.03
0.934700606	0.0373687418058606	0.03
0.93534835	0.0375167532788614	0.03
0.938446291	0.0310889391363746	0.03
0.941112169	0.0413491391946828	0.03
0.948845214	0.0379679072872196	0.04
0.950306111	0.0450032796779394	0.04
0.951999424	0.0338922305963105	0.04
0.953473419	0.036539837137669	0.04
0.954119877	0.0378541045889213	0.04
0.955603107	0.0403968488522397	0.04
0.955985355	0.0403968488522397	0.04
0.956296714	0.0411873184639463	0.04
0.956549025	0.0411873184639463	0.04
0.956766863	0.0420093406800066	0.04
0.956780018	0.0420093406800066	0.04
0.95679317	0.0420093406800066	0.04
0.956793172	0.0420093406800066	0.04
0.957077957	0.0420093406800066	0.04
0.958321379	0.0348268554757271	0.05
0.959642592	0.0431578066707659	0.05
0.959857154	0.0434548023018026	0.05
0.960039043	0.0440612275626624	0.05
0.960819071	0.0453263131135192	0.05
0.964446178	0.0378541045889213	0.05
0.966980912	0.0420093406800066	0.05
0.966986309	0.0420093406800066	0.05
0.967139043	0.0420093406800066	0.05
0.967144414	0.0420093406800066	0.05
0.967297226	0.0316023825479661	0.06
0.967302572	0.0318414147196781	0.06
0.96746078	0.0282767785344909	0.06
0.967608447	0.0315235006798728	0.06
0.96761904	0.0315235006798728	0.06
0.967619041	0.0315235006798728	0.06
0.967935716	0.03283483108245	0.06
0.968083686	0.0330064584856578	0.06
0.968237002	0.0338922305963105	0.06
0.968861479	0.03729517315942	0.06
0.970442597	0.0480354425635006	0.06
0.973457204	0.038336718825615	0.06
0.973766743	0.038336718825615	0.06
0.974203145	0.0386180640848609	0.06
0.978183481	0.0413491391946828	0.06
0.981915796	0.0420093406800066	0.06
0.985118954	0.0256363915709277	0.06
0.9860103	0.0258462553259592	0.06
1.021711423	0.0300246271835768	0.06
1.027349785	0.027181320104001	0.07
1.028094642	0.027181320104001	0.07
1.029078227	0.0274173565339978	0.07
1.029271857	0.0274173565339978	0.07
1.030020301	0.0281507199709116	0.07
1.030392053	0.0286618203277902	0.07
1.030397618	0.0286618203277902	0.07
1.030958443	0.0289243938612605	0.07
1.031531241	0.0289243938612605	0.07
1.031720423	0.0289243938612605	0.07
1.032104884	0.0289243938612605	0.07
1.0327094	0.0289243938612605	0.07
1.033463082	0.0289243938612605	0.07
1.034014818	0.0289243938612605	0.07
1.034854243	0.0291918227953671	0.07
1.035677928	0.0291918227953671	0.07
1.036124234	0.0291918227953671	0.07
1.038905957	0.0524842126563759	0.08
1.039046839	0.0524842126563759	0.08
1.041709188	0.0552389371304375	0.08
1.043349328	0.0552389371304375	0.08
1.044012776	0.0552389371304375	0.08
1.048661279	0.048456712636559	0.09
1.049025044	0.048456712636559	0.09
1.054783865	0.0512073758909774	0.09
1.056246636	0.0512073758909774	0.09
1.057424783	0.0567276617415786	0.09
1.058571278	0.048456712636559	0.1
1.068277144	0.0480877003104689	0.11
1.06860264	0.048456712636559	0.11
1.068892568	0.048456712636559	0.11
1.070020858	0.0495985307576607	0.11
1.070326964	0.0503901148769054	0.11
1.076612069	0.0503901148769054	0.11
1.088762574	0.0898051952285278	0.11
1.091073782	0.0898051952285278	0.11
1.113082372	0.0742331905476432	0.1
1.115076799	0.0838431922590261	0.09
1.116382888	0.0838431922590261	0.09
1.125633627	0.0748935136829858	0.1
1.127882011	0.0748935136829858	0.1
1.13205703	0.0742331905476432	0.11
1.133988353	0.0742331905476432	0.11
1.134317617	0.0742331905476432	0.11
1.136767134	0.0699180059294701	0.11
1.183360064	0.0712708161915616	0.14
1.187305519	0.0719670442569139	0.14
1.187446683	0.0719670442569139	0.14
1.18762744	0.0719670442569139	0.14
1.192009701	0.0595355747833511	0.15
1.192075895	0.0595355747833511	0.15
1.192725439	0.0587053448821224	0.15
1.203309389	0.0650558167016669	0.14
1.208724051	0.0661511106110745	0.13
1.208769953	0.0661511106110745	0.13
1.209215802	0.0661511106110745	0.13
1.209751115	0.0661511106110745	0.13
1.210085375	0.0655624050424728	0.13
1.21086869	0.0655624050424728	0.13
1.212614931	0.0644158789659393	0.13
1.22465873	0.0667504843192253	0.12
1.226767373	0.0667504843192253	0.12
1.245566855	0.0410267593734581	0.12
1.246668032	0.0413491391946828	0.12
1.248955951	0.0410267593734581	0.12
1.252855937	0.0444958953894059	0.11
1.265568721	0.0444958953894059	0.1
1.268447511	0.0437559138794449	0.1
1.270060331	0.0433950766152701	0.1
1.270604589	0.0426909664651899	0.1
1.275739262	0.0448753518753595	0.09
1.278899002	0.0289243938612605	0.09
1.285172518	0.0210266754203614	0.08
1.289511656	0.0189449176713538	0.09
1.293113698	0.0189449176713538	0.09
1.302603198	0.0686155951226134	0.09
1.303502827	0.0692606782788146	0.09
1.325958837	0.0726770090944347	0.08
1.335485912	0.0705879300389387	0.09
1.335508208	0.0705879300389387	0.09
1.335711503	0.0726770090944347	0.09
1.335892556	0.0726770090944347	0.09
1.33625481	0.0726770090944347	0.09
1.33638917	0.0726770090944347	0.09
1.336595099	0.0726770090944347	0.09
1.336665633	0.0726770090944347	0.09
1.337161305	0.0692606782788146	0.1
1.337524247	0.0692606782788146	0.1
1.337529375	0.0692606782788146	0.1
1.337777279	0.0692606782788146	0.1
1.337887386	0.0692606782788146	0.1
1.340005107	0.0692606782788146	0.1
1.342315002	0.0692606782788146	0.1
1.346883901	0.0705034882953871	0.11
1.350085516	0.0734011213001784	0.1
1.360981621	0.0769469005127849	0.1
1.36116959	0.0769469005127849	0.1
1.361338457	0.0769469005127849	0.1
1.36135761	0.0769469005127849	0.1
1.361545683	0.0769469005127849	0.1
1.361952473	0.0769469005127849	0.1
1.362110213	0.0769469005127849	0.1
1.365659238	0.0830164952236571	0.09
1.368077892	0.0814110629266665	0.09
1.368578346	0.0814110629266665	0.09
1.370127164	0.0822059415420584	0.09
1.373967278	0.0822059415420584	0.09
1.377139612	0.0814110629266665	0.1
1.377274175	0.0814110629266665	0.1
1.379222918	0.0822059415420584	0.1
1.384187356	0.080631409028621	0.1
1.38563755	0.0924343600504109	0.1
1.385801753	0.0924343600504109	0.1
1.434752614	0.0865237988854194	0.1
1.436494579	0.0865237988854194	0.11
1.448119954	0.0820279633449299	0.12
1.450462129	0.080631409028621	0.12
1.450674974	0.080631409028621	0.12
1.450928234	0.080631409028621	0.12
1.454003033	0.080631409028621	0.12
1.454856842	0.080631409028621	0.12
1.45657643	0.080631409028621	0.13
1.484117024	0.0786235202771105	0.15
1.485393153	0.0786235202771105	0.15
1.485917469	0.077976263563381	0.16
1.488337206	0.0786235202771105	0.16
1.511734415	0.0773395767284738	0.18
1.511964569	0.0773395767284738	0.18
1.512194724	0.0773395767284738	0.18
1.512821455	0.0773395767284738	0.18
1.513239565	0.0773395767284738	0.18
1.517647523	0.0767132029558213	0.19
1.519065464	0.0767132029558213	0.19
1.523536021	0.0767132029558213	0.19
1.558319819	0.145587202085792	0.23
1.55916507	0.144412082736615	0.23
1.561070241	0.158419631322583	0.22
1.56916589	0.166388792197114	0.22
1.595407686	0.161109313456033	0.19
1.595579044	0.160128798436646	0.19
1.611568792	0.161991018283555	0.17
1.652341299	0.202574953215879	0.13
1.707257935	0.213370485043224	0.08
1.718627381	0.209965027563022	0.07
1.730827961	0.198856682743897	0.06
1.745720251	0.203060487004032	0.04
1.758275756	0.218690962330549	0.03
1.780115455	0.216888231105793	0.01
1.780627841	0.216888231105793	0.01
1.780657572	0.216888231105793	0.01
1.780839524	0.215114977729734	0.01
1.780928629	0.215114977729734	0.01
1.78092863	0.215114977729734	0.01
1.781081012	0.215114977729734	0.01
1.781170031	0.215114977729734	0.01
1.781170032	0.215114977729734	0.01
1.781381862	0.215114977729734	0.01
1.781411498	0.215114977729734	0.01
1.781411499	0.215114977729734	0.01
1.781623424	0.215114977729734	0.01
1.781653031	0.215114977729734	0.01
1.7818108	0.215114977729734	0.01
1.781835463	0.215114977729734	0.01
1.781894629	0.215114977729734	0.01
1.782136293	0.21165405896342	0.01
1.782378022	0.21165405896342	0.01
1.782531315	0.21165405896342	0.01
1.782590324	0.21165405896342	0.01
1.782619816	0.21165405896342	0.01
1.783345594	0.21165405896342	0.01
1.783587651	0.21165405896342	0.01
1.78377107	0.21165405896342	0.01
1.783829774	0.21165405896342	0.01
1.784013316	0.21165405896342	0.01
1.784314217	0.21165405896342	0.01
1.78446873	0.21165405896342	0.01
1.784506241	0.21165405896342	0.01
1.785322292	0.216544953976332	0.01
1.785497332	0.216544953976332	0.01
1.785988286	0.214844739879662	0.01
1.787927091	0.213171016431101	0.01
1.788872102	0.213171016431101	0.01
1.78918715	0.213171016431101	0.01
1.789358594	0.213171016431101	0.01
1.789747139	0.211523169299407	0.01
1.790033715	0.211523169299407	0.01
1.790737455	0.225466303111746	0.01
1.79204453	0.211523169299407	0.02
1.795060195	0.178421673797293	0.02
1.795172249	0.174998460878796	0.02
1.795643534	0.170633411964193	0.02
1.796669094	0.156932896111695	0.02
1.799436111	0.149230178495553	0.02
1.812688451	0.0481610524676047	0.03
1.813215031	0.0481610524676047	0.03
1.813240824	0.0481610524676047	0.03
1.813716026	0.049520738059793	0.03
1.813793197	0.0504706652005747	0.03
1.814345569	0.13389556086271	0.04
1.814621757	0.13389556086271	0.04
1.814846808	0.13389556086271	0.04
1.814872379	0.13389556086271	0.04
1.815123071	0.13389556086271	0.04
1.815169565	0.13389556086271	0.04
1.815322808	0.13389556086271	0.04
1.815624663	0.13389556086271	0.04
1.815850116	0.13389556086271	0.04
1.815875562	0.13389556086271	0.04
1.816101116	0.13389556086271	0.04
1.816374833	0.13389556086271	0.04
1.816628678	0.13389556086271	0.04
1.816879855	0.13389556086271	0.04
1.817399416	0.13389556086271	0.04
1.817633804	0.13389556086271	0.04
1.818363245	0.13389556086271	0.04
1.819217405	0.13389556086271	0.04
1.819395454	0.13389556086271	0.04
1.819581019	0.13389556086271	0.04
1.82134289	0.0844035318992207	0.04
1.822065256	0.0430401420310453	0.04
1.823267442	0.0464601827947762	0.04
1.823345161	0.0464601827947762	0.04
1.824759677	0.131958445683254	0.05
1.828541204	0.130076581056578	0.05
1.828939845	0.130076581056578	0.05
1.829613575	0.130076581056578	0.05
1.835137623	0.0306067406077273	0.05
1.844053766	0.0490590586748352	0.06
1.846490238	0.130076581056578	0.07
1.860668056	0.126469410500054	0.08
1.872927722	0.00974005185340042	0.08
1.876458705	0	0.08
1.877534086	0	0.07
1.917919203	0	0.11
1.919145255	0	0.11
1.932723098	0	0.12
1.933588634	0	0.12
1.934242286	0	0.12
1.937910579	0	0.13
1.938319698	0	0.13
1.939501786	0	0.13
1.945075766	0	0.14
1.947078383	0	0.14
1.95745413	0	0.15
2.03833515	0.0302403062447817	0.23
2.039242563	0.0302403062447817	0.23
2.045755957	0.0375167532788614	0.23
2.057190684	0.0291918227953671	0.25
2.057670659	0.0291918227953671	0.25
2.058434493	0.0291918227953671	0.25
2.058810915	0.0291918227953671	0.25
2.077653506	0.0291918227953671	0.27
2.080200147	0.0291918227953671	0.27
2.112854786	0.0291918227953671	0.3
2.117539144	0.0420093406800066	0.3
2.119081815	0.0285969201400494	0.31
2.122322709	0.0285969201400494	0.31
2.130868897	0.0285969201400494	0.32
2.175983465	0.0378541045889213	0.36
2.225736601	0.0353137683448471	0.41
2.22607531	0.0368597733833173	0.41
2.226678687	0.0400128839569239	0.41
2.230993963	0.0341119359721243	0.42
2.244892022	0.138982526431197	0.43
2.268175967	0.190179248787823	0.41
2.273953022	0.185905634344314	0.4
2.283420782	0.190289993153762	0.39
2.36737444	0.234268502614279	0.31
2.396315913	0.249840294221371	0.28
2.57811595	0.264540095731018	0.15
2.634889835	0.274772193509987	0.09
2.63880046	0.264540095731018	0.09
2.644514931	0.274772193509987	0.08
2.64482266	0.274772193509987	0.08
2.65353762	0.280190920079797	0.07
2.664122924	0.280190920079797	0.06
2.669724846	0.269559080426855	0.06
2.670697515	0.283858520331664	0.06
2.670831293	0.283858520331664	0.06
2.671148642	0.283858520331664	0.06
2.671193019	0.283858520331664	0.06
2.671193179	0.283858520331664	0.06
2.671237545	0.283858520331664	0.06
2.671237705	0.283858520331664	0.06
2.671599486	0.283858520331664	0.06
2.671599646	0.283858520331664	0.06
2.671872794	0.283858520331664	0.06
2.671961685	0.283858520331664	0.06
2.672323822	0.283858520331664	0.06
2.673366554	0.280190920079797	0.05
2.673410821	0.280190920079797	0.05
2.674498542	0.280190920079797	0.05
2.674640938	0.280190920079797	0.05
2.674817434	0.280190920079797	0.05
2.67498819	0.280190920079797	0.05
2.675753192	0.274772193509987	0.05
2.67595059	0.274772193509987	0.05
2.677404052	0.274772193509987	0.05
2.678640892	0.269559080426855	0.05
2.679543675	0.269559080426855	0.05
2.68050645	0.269559080426855	0.05
2.690995907	0.287583975684704	0.04
2.692790444	0.287583975684704	0.04
2.700424629	0.299063804877735	0.04
2.703341222	0.293503607528659	0.04
2.714352711	0.259704594062973	0.05
2.721339166	0.275571602264552	0.06
2.721714851	0.275571602264552	0.06
2.721753239	0.275571602264552	0.06
2.722090639	0.275571602264552	0.06
2.72212898	0.275571602264552	0.06
2.722504826	0.275571602264552	0.06
2.725138453	0.250545212826672	0.06
2.728042156	0.250545212826672	0.06
2.730687704	0.252773949847684	0.06
2.733911556	0.268540105457646	0.07
2.734951629	0.248355434365429	0.07
2.741703646	0.261858512438123	0.08
2.742221604	0.261858512438123	0.08
2.744776734	0.242009896339384	0.08
2.758261585	0.242009896339384	0.09
2.767264537	0.242009896339384	0.1
2.784781798	0.239966166235787	0.12
2.795646082	0.239966166235787	0.13
2.814579483	0.239966166235787	0.15
2.884109016	0.251431974695302	0.22
3.017087015	0.221279509160179	0.35
3.091199805	0.23795666494327	0.42
3.116832706	0.220332873445104	0.45
3.190582361	0.229024835595373	0.52
3.194633906	0.189544961831711	0.52
3.479484296	0.222119644880485	0.81
3.557717034	0.222119644880485	0.890000000000001
3.560201153	0.223467169852909	0.890000000000001
3.561529658	0.214595124337928	0.890000000000001
3.561648443	0.203273640683257	0.890000000000001
3.562131134	0.218272292653978	0.890000000000001
3.563861522	0.185001465771025	0.890000000000001
3.566965252	0.187853332060542	0.890000000000001
3.568359469	0.172304801972546	0.890000000000001
3.571210711	0.16737936542716	0.890000000000001
3.572123566	0.16737936542716	0.890000000000001
3.572497766	0.16737936542716	0.890000000000001
3.575584373	0.143419832527934	0.880000000000001
3.579984214	0.142037260928464	0.880000000000001
3.62901857	0.162809963129989	0.910000000000001
3.62939674	0.162809963129989	0.910000000000001
3.629519691	0.162809963129989	0.910000000000001
3.630972932	0.162809963129989	0.910000000000001
3.631169027	0.162809963129989	0.910000000000001
3.633483005	0.159899821020091	0.920000000000001
3.639968026	0.16134177049101	0.920000000000001
3.707141358	0.16134177049101	0.990000000000001
3.778072999	0.158483417325827	1.06
4.452121847	0.188650850531896	1.73
4.45272527	0.196049192174921	1.73
4.453328856	0.196049192174921	1.73
4.453932605	0.196049192174921	1.73
4.459832487	0.170913883401321	1.74
4.464002998	0.196049192174921	1.74
4.475601202	0.170913883401321	1.76
4.478685952	0.170913883401321	1.76
4.536342962	0.197990344583081	1.81
4.537444354	0.197990344583081	1.81
4.550359745	0.192278880915417	1.82
4.773228095	0.175592979943278	2.04
4.848628454	0.192278880915417	2.12
5.342582978	0.18402122376036	2.52999999999999
5.443653327	0.193021297001231	2.51999999999999
6.244676548	0.22301618186626	2.68999999999999
6.35095118	0.214363857279312	2.78999999999998
6.358499262	0.22621187212279	2.79999999999998
7	0.14626732548613	3.37999999999997
