thrs	post_p	finalwindow
0	0.0923494962899444	0.23
0.089689176	0.0728405242625204	0.17
0.103967892	0.0711699942731896	0.16
0.113424721	0.0711699942731896	0.16
0.115659216	0.0711699942731896	0.16
0.127200542	0.0558104596028186	0.17
0.128068503	0.0800425532465244	0.17
0.129609166	0.0852463216354776	0.17
0.130460633	0.0845495467803302	0.17
0.148447444	0.0800425532465244	0.15
0.148782099	0.0780299121597702	0.15
0.155752372	0.0814430036710697	0.15
0.161204767	0.0818727452881732	0.14
0.178140913	0.0800425532465244	0.12
0.178189211	0.0800425532465244	0.12
0.178358463	0.0800425532465244	0.12
0.181430774	0.0818727452881732	0.12
0.181486006	0.0818727452881732	0.12
0.181486035	0.0818727452881732	0.12
0.186084933	0.0814430036710697	0.12
0.194681585	0.0819808902446374	0.11
0.205298456	0.0830782633870052	0.1
0.222622275	0.0555962010252925	0.08
0.22265244	0.0555962010252925	0.08
0.222656148	0.0555962010252925	0.08
0.222686318	0.0555962010252925	0.08
0.222716495	0.0551725815487568	0.08
0.222812147	0.0625612835530612	0.08
0.223196808	0.0693153633058068	0.08
0.226728961	0.0668275484015947	0.08
0.226867021	0.0668275484015947	0.08
0.226957829	0.0668275484015947	0.08
0.226982815	0.0668275484015947	0.08
0.227432153	0.0663512624764272	0.08
0.230426372	0.0511215281362932	0.07
0.241897099	0.0523788492087913	0.07
0.242615688	0.0365718790266133	0.06
0.242875367	0.053409110849212	0.06
0.242941212	0.053409110849212	0.06
0.243116147	0.0529534269266837	0.06
0.249436037	0.0495699966253305	0.06
0.254481698	0.054344418696749	0.05
0.256228734	0.054344418696749	0.05
0.256259656	0.054344418696749	0.05
0.256650521	0.0525054529690084	0.05
0.259750174	0.0503746620065214	0.05
0.263775407	0.0503746620065214	0.05
0.287097646	0.0563168768030594	0.05
0.295749179	0.0563168768030594	0.05
0.296044019	0.0563168768030594	0.05
0.296834617	0.0563168768030594	0.05
0.296839561	0.0563168768030594	0.05
0.296839653	0.0563168768030594	0.05
0.296879772	0.0563168768030594	0.05
0.296960227	0.0563168768030594	0.05
0.297161557	0.0563168768030594	0.05
0.297207868	0.0563168768030594	0.05
0.29723727	0.0563168768030594	0.05
0.298682719	0.0563168768030594	0.05
0.299120783	0.0563168768030594	0.05
0.29926506	0.0563168768030594	0.05
0.300128238	0.0573577918051824	0.05
0.300638986	0.0573577918051824	0.05
0.301159527	0.0573577918051824	0.05
0.302397905	0.0573577918051824	0.05
0.302406093	0.0573577918051824	0.05
0.302443572	0.0573577918051824	0.05
0.302452098	0.0573577918051824	0.05
0.302453753	0.0573577918051824	0.05
0.302493847	0.0573577918051824	0.05
0.302531356	0.0573577918051824	0.05
0.302535608	0.0573577918051824	0.05
0.302694303	0.0573577918051824	0.05
0.302757814	0.0573577918051824	0.05
0.302844832	0.0573577918051824	0.05
0.303037639	0.0573577918051824	0.05
0.305094409	0.058993369453733	0.05
0.306464617	0.0578928134671954	0.05
0.307314933	0.0558104596028186	0.05
0.308759935	0.054344418696749	0.05
0.319078068	0.0553130689254219	0.04
0.320217262	0.0553130689254219	0.04
0.320290117	0.0553130689254219	0.04
0.322777267	0.0548244655657698	0.04
0.323165924	0.0548244655657698	0.04
0.323808824	0.0548244655657698	0.04
0.324596864	0.054344418696749	0.04
0.327195424	0.054344418696749	0.04
0.328591896	0.0538727055056259	0.04
0.330254195	0.0538727055056259	0.04
0.333944256	0.053409110849212	0.04
0.334029253	0.053409110849212	0.04
0.340262381	0.0655338970532565	0.05
0.343706753	0.0655338970532565	0.05
0.345554528	0.0655338970532565	0.05
0.356206548	0.0635217308078188	0.06
0.356351443	0.0635217308078188	0.06
0.356437896	0.0625612835530612	0.06
0.356490553	0.0625612835530612	0.06
0.357086112	0.0724155825312867	0.06
0.357959666	0.0478133664815855	0.06
0.360733393	0.0413196876237224	0.06
0.363936107	0.0598466435199175	0.07
0.367161303	0.0711699942731896	0.07
0.367663989	0.0469453903038642	0.07
0.37384574	0.102733614264394	0.08
0.381649088	0.0764284408790709	0.07
0.382008897	0.0764284408790709	0.07
0.386909127	0.082273474835048	0.06
0.387745392	0.0803081177719704	0.06
0.389222512	0.0775300493179525	0.06
0.389299853	0.0775300493179525	0.06
0.398731854	0.0848697144391817	0.05
0.403209246	0.0869872776816993	0.05
0.412388288	0.0981938014260465	0.04
0.415094538	0.12089710606481	0.04
0.416416237	0.0780299121597702	0.03
0.423143546	0.089680685809675	0.03
0.428769674	0.0893286615416571	0.02
0.438307149	0.0969389665799439	0.01
0.440249622	0.0997723153279557	0.01
0.440316292	0.0997723153279557	0.01
0.441750067	0.0997723153279557	0.01
0.444236336	0.12951555125543	0.01
0.444499874	0.125042368890233	0.01
0.445049535	0.124326707041047	0.01
0.445117302	0.124326707041047	0.01
0.445156208	0.124326707041047	0.01
0.445185067	0.122919681133237	0.01
0.445185068	0.122919681133237	0.01
0.445245414	0.122919681133237	0.01
0.44525283	0.122919681133237	0.01
0.445252832	0.122919681133237	0.01
0.445252833	0.122919681133237	0.01
0.445252835	0.122919681133237	0.01
0.44531318	0.122919681133237	0.01
0.445313187	0.122919681133237	0.01
0.44531319	0.122919681133237	0.01
0.445373562	0.122919681133237	0.01
0.445433949	0.122919681133237	0.01
0.445494353	0.122228043639753	0.01
0.445554774	0.121544145929773	0.01
0.445578303	0.121544145929773	0.01
0.445653547	0.121544145929773	0.01
0.445675664	0.120867858807871	0.01
0.445691925	0.125898846181373	0.01
0.445736134	0.125898846181373	0.01
0.445849774	0.130156613450274	0.01
0.445857123	0.130156613450274	0.01
0.445917642	0.130156613450274	0.01
0.445978177	0.130156613450274	0.01
0.446394864	0.129448438180772	0.01
0.446395102	0.129448438180772	0.01
0.446455777	0.129448438180772	0.01
0.446465528	0.129448438180772	0.01
0.44656991	0.129448438180772	0.01
0.446633323	0.129448438180772	0.01
0.446772341	0.129448438180772	0.01
0.446967543	0.128747927497249	0.01
0.447542535	0.128747927497249	0.01
0.447649603	0.128747927497249	0.01
0.447876705	0.128747927497249	0.01
0.447928306	0.128747927497249	0.01
0.448701687	0.132882725718022	0.01
0.448791313	0.132882725718022	0.01
0.449552291	0.132175247690215	0.01
0.449715173	0.132175247690215	0.01
0.453102774	0.123843434367322	0.01
0.453312195	0.123843434367322	0.01
0.453607731	0.123843434367322	0.01
0.45367678	0.123843434367322	0.01
0.453739439	0.123843434367322	0.01
0.453782962	0.123843434367322	0.01
0.453802119	0.123843434367322	0.01
0.453927527	0.123843434367322	0.01
0.453952078	0.123843434367322	0.01
0.453990257	0.123843434367322	0.01
0.454053004	0.123843434367322	0.01
0.454115767	0.123843434367322	0.01
0.454131662	0.123843434367322	0.01
0.454172215	0.123843434367322	0.01
0.454228692	0.123843434367322	0.01
0.454266222	0.12452107384814	0.01
0.454278877	0.12452107384814	0.01
0.454291524	0.12452107384814	0.01
0.454379121	0.12452107384814	0.01
0.454423548	0.12452107384814	0.01
0.454618511	0.125206169867786	0.01
0.455180191	0.127307448556985	0.01
0.455439212	0.145831031866895	0.01
0.455550168	0.150834453598513	0.01
0.455665947	0.16046935600894	0.01
0.455678249	0.161947177950212	0.01
0.455755613	0.166548601878093	0.01
0.455804735	0.166548601878093	0.01
0.456133439	0.126131444580615	0.02
0.456880284	0.126131444580615	0.02
0.458022431	0.124237824896245	0.02
0.458619789	0.123006686571851	0.02
0.458664131	0.123006686571851	0.02
0.459124851	0.122400222297743	0.02
0.462114195	0.114497094512968	0.02
0.464728436	0.113923912945255	0.02
0.46499053	0.112794595500934	0.02
0.472596627	0.107977906987994	0.03
0.473676694	0.107977906987994	0.03
0.47699163	0.123999157266183	0.03
0.477096915	0.123999157266183	0.03
0.478409458	0.131261372392558	0.03
0.478419311	0.131261372392558	0.03
0.478888149	0.103516492614776	0.04
0.479936634	0.103516492614776	0.04
0.483988273	0.0977719290258453	0.04
0.484225862	0.0977719290258453	0.04
0.484927676	0.0986193302457345	0.04
0.485802156	0.116007759335775	0.04
0.48628356	0.108114702311457	0.04
0.486776039	0.101530010056374	0.04
0.490830832	0.10482779102081	0.04
0.499369323	0.102302410440235	0.05
0.508934563	0.0964333919004326	0.06
0.511690912	0.0909955268509021	0.06
0.514553924	0.0893286615416571	0.07
0.514645345	0.0893286615416571	0.07
0.51473946	0.0893286615416571	0.07
0.514742139	0.0893286615416571	0.07
0.514839037	0.0893286615416571	0.07
0.514971335	0.0893286615416571	0.07
0.51502476	0.0893286615416571	0.07
0.516063638	0.0926251397481366	0.07
0.51682809	0.0859546761960448	0.07
0.518564452	0.0905868723982045	0.07
0.529143364	0.0449073358541058	0.07
0.534380672	0.0298092782255494	0.06
0.534888196	0.0298092782255494	0.06
0.543234343	0.0747710861131817	0.07
0.544416783	0.0753154929234664	0.07
0.546060858	0.0912631352320619	0.06
0.55657045	0.0937443671433483	0.05
0.556645891	0.0937443671433483	0.05
0.556807604	0.0937443671433483	0.05
0.55802857	0.0912631352320619	0.05
0.566766402	0.0859546761960448	0.06
0.568776608	0.0859546761960448	0.06
0.572491616	0.0859546761960448	0.06
0.57444178	0.0859546761960448	0.06
0.59079165	0.102069459150117	0.05
0.591193432	0.102069459150117	0.05
0.593573546	0.102069459150117	0.05
0.593673806	0.102069459150117	0.05
0.593673808	0.102069459150117	0.05
0.593754277	0.102069459150117	0.05
0.593754278	0.102069459150117	0.05
0.59375428	0.102069459150117	0.05
0.593824895	0.102069459150117	0.05
0.593834769	0.102069459150117	0.05
0.593915284	0.102069459150117	0.05
0.594036974	0.102069459150117	0.05
0.594152812	0.101072143061283	0.05
0.594318181	0.101072143061283	0.05
0.595015574	0.0937443671433483	0.06
0.595887104	0.0937443671433483	0.06
0.602148457	0.0981938014260464	0.05
0.604317115	0.0981938014260464	0.05
0.604813246	0.0981938014260464	0.05
0.604905308	0.0981938014260464	0.05
0.604988853	0.0981938014260464	0.05
0.605716504	0.0981938014260464	0.05
0.605724938	0.0981938014260464	0.05
0.606051871	0.0981938014260464	0.05
0.60631275	0.0981938014260464	0.05
0.606404306	0.0981938014260464	0.05
0.606824709	0.101072143061283	0.05
0.607971158	0.100094127845669	0.05
0.608524688	0.101072143061283	0.05
0.608756287	0.101072143061283	0.05
0.61827716	0.0991348585835772	0.05
0.624510489	0.0929024336057355	0.06
0.630942519	0.100094127845669	0.05
0.635412418	0.100094127845669	0.05
0.636066531	0.100094127845669	0.05
0.63624959	0.100094127845669	0.05
0.637031954	0.100094127845669	0.05
0.637881775	0.100094127845669	0.05
0.641599528	0.101072143061283	0.05
0.644129804	0.0972704426041678	0.06
0.646569798	0.0972704426041678	0.06
0.648110758	0.0972704426041678	0.06
0.648827538	0.0972704426041678	0.06
0.65703705	0.113598949868602	0.07
0.659386285	0.112714786109551	0.07
0.667472678	0.11014299014715	0.08
0.667879263	0.11014299014715	0.08
0.667969788	0.11014299014715	0.08
0.680410924	0.101639638105145	0.09
0.680589305	0.101639638105145	0.09
0.68060848	0.101639638105145	0.09
0.690723937	0.0867556723233236	0.09
0.692614054	0.0875717375537909	0.09
0.697379755	0.0843962519646336	0.1
0.712354258	0.0828933322479337	0.11
0.712401774	0.0828933322479337	0.11
0.713541741	0.0828933322479337	0.11
0.71365913	0.0828933322479337	0.11
0.715653707	0.0807367058990306	0.12
0.715679053	0.0807367058990306	0.12
0.717816093	0.0814430036710697	0.12
0.719314887	0.0814430036710697	0.12
0.725869057	0.0807367058990306	0.13
0.725979546	0.0814430036710697	0.13
0.726772429	0.0807367058990306	0.13
0.72717465	0.0807367058990306	0.13
0.735438378	0.0405105896091179	0.13
0.742183791	0.0725566778011224	0.14
0.7500464	0.0359366067781287	0.14
0.756122282	0.0401178078559962	0.13
0.762884543	0.0580010177754577	0.13
0.763284143	0.0655790565266444	0.13
0.763491091	0.0652195138736258	0.13
0.765321243	0.0664104266090244	0.13
0.766651587	0.0662332498998031	0.13
0.772093843	0.0533550943292314	0.12
0.772264397	0.0587289468299436	0.12
0.779976345	0.0671941239097471	0.12
0.786383987	0.06937993414461	0.11
0.793117932	0.0656825122621315	0.1
0.799403767	0.0691711598656388	0.1
0.817085993	0.0625612835530612	0.08
0.828284953	0.064897593728377	0.07
0.856064956	0.0676777115400072	0.04
0.861362559	0.0450852722706625	0.03
0.861783488	0.050850887760733	0.03
0.864973627	0.0702039566223513	0.03
0.866065884	0.0681234166608419	0.03
0.867661243	0.0690217064291347	0.03
0.870144812	0.0664866499940479	0.03
0.875954975	0.0681234166608419	0.02
0.87832845	0.0688030914643433	0.02
0.880342154	0.0660821348785983	0.02
0.883236842	0.0707855047946877	0.01
0.883671839	0.0702792682461085	0.01
0.884296127	0.0731840853674399	0.01
0.885048106	0.0724155825312867	0.01
0.885800269	0.0706836748795366	0.01
0.887670141	0.0717577433487234	0.01
0.888469193	0.0712867725683799	0.01
0.889014569	0.0696859670712145	0.01
0.889209764	0.0696859670712145	0.01
0.890068113	0.0692417150767322	0.01
0.890083013	0.0692417150767322	0.01
0.890218543	0.0692417150767322	0.01
0.890218544	0.0692417150767322	0.01
0.890228158	0.0692417150767322	0.01
0.890309475	0.068585856981383	0.01
0.890354074	0.0690217064291347	0.01
0.890354075	0.0690217064291347	0.01
0.890419078	0.0690217064291347	0.01
0.890474761	0.0690217064291347	0.01
0.890489605	0.0690217064291347	0.01
0.890489606	0.0690217064291347	0.01
0.890595481	0.0690217064291347	0.01
0.89061031	0.0690217064291347	0.01
0.890610311	0.0690217064291347	0.01
0.89068659	0.0690217064291347	0.01
0.890701414	0.0688030914643433	0.01
0.890716233	0.0688030914643433	0.01
0.890731048	0.0688030914643433	0.01
0.890731049	0.0688030914643433	0.01
0.890837018	0.0688030914643433	0.01
0.890851819	0.0688030914643433	0.01
0.890928251	0.0688030914643433	0.01
0.890957836	0.0688030914643433	0.01
0.890972622	0.0688030914643433	0.01
0.890972623	0.0688030914643433	0.01
0.891093459	0.068585856981383	0.01
0.89119957	0.068585856981383	0.01
0.891214328	0.068585856981383	0.01
0.891246709	0.068585856981383	0.01
0.89133523	0.068585856981383	0.01
0.891382479	0.068585856981383	0.01
0.891456164	0.068585856981383	0.01
0.89149835	0.068585856981383	0.01
0.891686849	0.0681554774854229	0.01
0.891698132	0.0681554774854229	0.01
0.891793338	0.0681554774854229	0.01
0.892012117	0.0675199412489248	0.01
0.892017347	0.0675199412489248	0.01
0.89206133	0.0675199412489248	0.01
0.89216782	0.0675199412489248	0.01
0.892182462	0.0675199412489248	0.01
0.892245091	0.0675199412489248	0.01
0.892307805	0.0673107215635975	0.01
0.892546055	0.0673107215635975	0.01
0.89273031	0.0673107215635975	0.01
0.892951888	0.0694328543800856	0.01
0.893016766	0.0694328543800856	0.01
0.893142511	0.0694328543800856	0.01
0.893172464	0.0694328543800856	0.01
0.893313967	0.0698591404187409	0.01
0.893320622	0.0698591404187409	0.01
0.894085351	0.0700742523835811	0.01
0.89420355	0.0700742523835811	0.01
0.89422449	0.0698591404187409	0.01
0.894482721	0.0700742523835811	0.01
0.894906463	0.0698591404187409	0.01
0.894913415	0.0698591404187409	0.01
0.895081202	0.0700742523835811	0.01
0.895300675	0.0700742523835811	0.01
0.89539422	0.0698591404187409	0.01
0.895524497	0.0698591404187409	0.01
0.895638516	0.0698591404187409	0.01
0.895840307	0.0702906931962334	0.01
0.89592425	0.0702906931962334	0.01
0.89685771	0.0681846498878644	0.01
0.89693811	0.0677784952749723	0.01
0.897131294	0.0698125515919743	0.01
0.897197773	0.0696082968159388	0.01
0.897282137	0.0699665310612214	0.01
0.897316929	0.0695743704967226	0.01
0.89799116	0.0722117405189202	0.01
0.898455429	0.0690996137996023	0.01
0.898485328	0.0697003927115794	0.01
0.898662437	0.0690996137996023	0.01
0.89889623	0.0686557825876182	0.01
0.898920463	0.0686557825876182	0.01
0.899325427	0.0666577630245385	0.01
0.900274359	0.0667966140293504	0.01
0.900690942	0.0711699942731896	0.01
0.901007608	0.0760272033775907	0.01
0.90151373	0.0700982355160567	0.01
0.901947653	0.0751140021326433	0.01
0.902291602	0.0685349421941841	0.01
0.902860993	0.0645121276212058	0.01
0.902919093	0.0645121276212058	0.01
0.902932441	0.0645121276212058	0.01
0.903685884	0.0532680673046155	0.01
0.904039961	0.0528493711764514	0.01
0.904220945	0.0491772276118424	0.01
0.904513058	0.0495699966253305	0.01
0.905345526	0.0499690900914164	0.01
0.906197141	0.0509955162936562	0.01
0.906210372	0.0509955162936562	0.01
0.906508268	0.0509955162936562	0.01
0.906786831	0.0507868714075989	0.01
0.906922556	0.0509955162936562	0.01
0.906983581	0.0512058825800658	0.01
0.907060652	0.0512058825800658	0.01
0.90712089	0.0512058825800658	0.01
0.907185931	0.051417991658392	0.01
0.907198748	0.0522842963365342	0.01
0.907199842	0.0522842963365342	0.01
0.907298438	0.0479342199419125	0.01
0.907336843	0.048341514648577	0.01
0.907336844	0.048341514648577	0.01
0.907436592	0.048341514648577	0.01
0.907449378	0.048341514648577	0.01
0.90746216	0.048341514648577	0.01
0.907574745	0.048341514648577	0.01
0.907587512	0.048341514648577	0.01
0.907674633	0.048341514648577	0.01
0.907700146	0.048341514648577	0.01
0.907712898	0.048341514648577	0.01
0.907951053	0.048341514648577	0.01
0.907963773	0.0481370057646691	0.01
0.907963774	0.0481370057646691	0.01
0.908076559	0.0485477686484841	0.01
0.908089263	0.0485477686484841	0.01
0.908089264	0.0485477686484841	0.01
0.908151307	0.0485477686484841	0.01
0.90817671	0.0485477686484841	0.01
0.908189407	0.0485477686484841	0.01
0.908202099	0.0485477686484841	0.01
0.908214789	0.0485477686484841	0.01
0.908289632	0.0485477686484841	0.01
0.908566283	0.0479342199419125	0.01
0.908691978	0.0481370057646691	0.01
0.908855181	0.0481370057646691	0.01
0.908943472	0.0487557901972486	0.01
0.908956071	0.0487557901972486	0.01
0.909094444	0.0487557901972486	0.01
0.909183517	0.0485477686484841	0.01
0.909195105	0.0485477686484841	0.01
0.909207673	0.0485477686484841	0.01
0.909270732	0.0485477686484841	0.01
0.909308419	0.0485477686484841	0.01
0.909346075	0.0489656021138717	0.01
0.90938549	0.0489656021138717	0.01
0.909434338	0.0489656021138717	0.01
0.909642167	0.0489656021138717	0.01
0.909838426	0.0485477686484841	0.01
0.909896599	0.0485477686484841	0.01
0.910051995	0.0485477686484841	0.01
0.910267	0.0485477686484841	0.01
0.910467776	0.0491772276118425	0.01
0.910628128	0.0491772276118425	0.01
0.91113001	0.0496060142298163	0.01
0.911518912	0.0496060142298163	0.01
0.911632099	0.0496060142298163	0.01
0.911747931	0.0496060142298163	0.01
0.911776598	0.0496060142298163	0.01
0.912015459	0.0496060142298163	0.01
0.912630246	0.0496060142298163	0.01
0.912707801	0.0496060142298163	0.01
0.912776305	0.0496060142298163	0.01
0.912811242	0.0538727055056259	0.01
0.912967277	0.0504864176742323	0.01
0.913139907	0.0504864176742323	0.01
0.913244462	0.0504864176742323	0.01
0.913751419	0.0500423439798372	0.01
0.914018042	0.0500423439798372	0.01
0.914983658	0.0545833866794335	0.01
0.915026039	0.0545833866794335	0.01
0.916163647	0.0545833866794335	0.01
0.916688985	0.0565735474856633	0.01
0.916912552	0.0570939722557619	0.01
0.917248255	0.0526837299219308	0.01
0.917957453	0.0465231134681666	0.01
0.918456927	0.050659321029332	0.02
0.918483627	0.050659321029332	0.02
0.919120121	0.051830872351957	0.02
0.919655338	0.0522335245094211	0.02
0.921364075	0.0532680673046155	0.02
0.921783065	0.0536934506038901	0.02
0.922504312	0.0545649299383714	0.02
0.922787758	0.0545649299383714	0.02
0.923268187	0.0512058825800658	0.02
0.923473233	0.0512058825800658	0.02
0.924160807	0.051417991658392	0.02
0.924412009	0.0516318652761127	0.02
0.924507726	0.0516318652761127	0.02
0.925553967	0.0520649949440027	0.02
0.927872541	0.040352557561516	0.02
0.929379518	0.0476102276211242	0.03
0.93064775	0.0476102276211242	0.03
0.93220206	0.0482941662079196	0.03
0.934700606	0.045903752612677	0.03
0.938770844	0.0198794238375135	0.03
0.942896738	0.0172303534186615	0.03
0.944027825	0.0175222230621549	0.03
0.947518522	0.0179790511183853	0.03
0.948845214	0.0193224151130016	0.03
0.949342587	0.0195045837615492	0.03
0.951999424	0.0206740538603047	0.03
0.954119877	0.0168103359296654	0.04
0.955603107	0.0172303534186615	0.04
0.955985355	0.0172303534186615	0.04
0.956018846	0.0172303534186615	0.04
0.956296714	0.0173750626062622	0.04
0.956549025	0.0173750626062622	0.04
0.956766863	0.0175222230621549	0.04
0.956780018	0.0175222230621549	0.04
0.95679317	0.0175222230621549	0.04
0.956793172	0.0175222230621549	0.04
0.958321379	0.0179790511183853	0.04
0.959031973	0.0191436178093891	0.04
0.959642592	0.0193224151130016	0.04
0.959665139	0.0196902200160731	0.04
0.960039043	0.0196902200160731	0.04
0.960911853	0.0196902200160731	0.04
0.964446178	0.0168103359296654	0.05
0.964458654	0.0168103359296654	0.05
0.966290332	0.0173750626062622	0.05
0.966653906	0.0173750626062622	0.05
0.966980912	0.0176718976024196	0.05
0.967139043	0.0176718976024196	0.05
0.967144414	0.0176718976024196	0.05
0.967297223	0.0178241512079233	0.05
0.967297226	0.0178241512079233	0.05
0.967302572	0.0178241512079233	0.05
0.96746078	0.0178241512079233	0.05
0.967608447	0.0178241512079233	0.05
0.96761904	0.0178241512079233	0.05
0.967619041	0.0178241512079233	0.05
0.967772081	0.0178241512079233	0.05
0.967925221	0.0178241512079233	0.05
0.967935716	0.0178241512079233	0.05
0.968083686	0.0179790511183853	0.05
0.968861479	0.0191436178093891	0.05
0.969035555	0.0191436178093891	0.05
0.969666194	0.0196902200160731	0.05
0.970442597	0.0195045837615492	0.05
0.973457204	0.0219927087786405	0.06
0.973766743	0.0219927087786405	0.06
0.974203145	0.0219927087786405	0.06
0.981915796	0.0103405831087045	0.05
1.019804062	0.0260550632779054	0.07
1.021711423	0.0260550632779054	0.07
1.023898132	0.0262756758768642	0.07
1.027042278	0.0298092782255494	0.07
1.027349785	0.0298092782255494	0.07
1.028094642	0.0298092782255494	0.07
1.029078227	0.0310004195902041	0.07
1.030020301	0.0260550632779054	0.08
1.030392053	0.0260550632779054	0.08
1.030397618	0.0260550632779054	0.08
1.032104884	0.0262756758768642	0.08
1.0327094	0.0262756758768642	0.08
1.033463082	0.0258381243948984	0.08
1.034014818	0.0258381243948984	0.08
1.034376329	0.0258381243948984	0.08
1.034854243	0.0258381243948984	0.08
1.035677928	0.0344409638728541	0.08
1.038905957	0.0382628662434952	0.08
1.039046839	0.0393546596345598	0.08
1.041709188	0.0328027077909412	0.09
1.043349328	0.0325446984124146	0.09
1.048661279	0.0362514599809983	0.09
1.049025044	0.0362514599809983	0.09
1.056246636	0.0401178078559962	0.09
1.058571278	0.0362514599809983	0.1
1.068168044	0.0350240288300687	0.11
1.068277144	0.0350240288300687	0.11
1.06860264	0.035323027715812	0.11
1.068892568	0.035323027715812	0.11
1.070020858	0.036898012817035	0.11
1.070326964	0.0372300156135186	0.11
1.113233383	0.0585757921145715	0.15
1.11414031	0.0585757921145715	0.15
1.115076799	0.0594169432229724	0.15
1.116382888	0.0602826042330488	0.15
1.125633627	0.0554365835858393	0.16
1.13205703	0.0743679180581837	0.16
1.133642817	0.0743679180581837	0.16
1.136767134	0.0825259289484141	0.15
1.162829766	0.0801286688605627	0.14
1.187305519	0.0617608638534652	0.15
1.187446683	0.0617608638534652	0.15
1.18762744	0.0602199356603887	0.15
1.192009701	0.0617608638534652	0.15
1.192075895	0.0617608638534652	0.15
1.192725439	0.0617608638534652	0.15
1.203309389	0.0650920593556378	0.14
1.208724051	0.0511215281362932	0.13
1.208769953	0.0511215281362932	0.13
1.209751115	0.0511215281362932	0.13
1.209768181	0.0511215281362932	0.13
1.210771389	0.0506211807546432	0.13
1.21086869	0.0506211807546432	0.13
1.212614931	0.0506211807546432	0.13
1.224141399	0.0506211807546432	0.12
1.225416562	0.0506211807546432	0.12
1.226767373	0.0506211807546432	0.12
1.243346642	0.0453006661625858	0.12
1.245566855	0.0453006661625858	0.12
1.246668032	0.0461083657229535	0.12
1.248955951	0.0461083657229535	0.12
1.268447511	0.0491772276118425	0.1
1.270060331	0.0482595029245466	0.1
1.270253663	0.0478133664815855	0.1
1.270604589	0.0478133664815855	0.1
1.285172518	0.0737055470006991	0.1
1.289511656	0.066283775275659	0.1
1.293113698	0.059559489397521	0.1
1.297280078	0.0601365799686599	0.09
1.303502827	0.0601365799686599	0.1
1.335485912	0.0843962519646336	0.12
1.335508208	0.0843962519646336	0.12
1.335711503	0.0843962519646336	0.12
1.335892556	0.0843962519646336	0.12
1.336051433	0.0843962519646336	0.12
1.33638917	0.0843962519646336	0.12
1.336595099	0.0821617681180755	0.12
1.336665633	0.0821617681180755	0.12
1.337117106	0.0821617681180755	0.12
1.337524247	0.0821617681180755	0.12
1.337529375	0.0821617681180755	0.12
1.337777279	0.0821617681180755	0.12
1.340005107	0.0821617681180755	0.12
1.350085516	0.0859546761960448	0.11
1.360533959	0.0918937182589851	0.1
1.360774481	0.0918937182589851	0.1
1.360981621	0.0918937182589851	0.1
1.36116959	0.0918937182589851	0.1
1.361338457	0.0918937182589851	0.1
1.361545683	0.0918937182589851	0.1
1.361952473	0.0918937182589851	0.1
1.369020462	0.0918937182589851	0.11
1.370127164	0.0918937182589851	0.11
1.377274175	0.0901147237648926	0.11
1.384187356	0.0851683356011719	0.12
1.38563755	0.0851683356011719	0.12
1.385801753	0.0851683356011719	0.12
1.418305639	0.0836380410354221	0.1
1.430594094	0.0800425532465244	0.1
1.440102642	0.0800425532465244	0.11
1.448119954	0.0773813369053717	0.12
1.450674974	0.0761160027664086	0.12
1.450928234	0.0761160027664086	0.12
1.454856842	0.0761160027664086	0.12
1.45657643	0.0761160027664086	0.13
1.484067531	0.0742937339550165	0.15
1.484117024	0.0742937339550165	0.15
1.488337206	0.0742937339550165	0.16
1.494140559	0.0731266002979411	0.16
1.502972103	0.0731266002979411	0.17
1.506038743	0.0918937182589851	0.17
1.511734415	0.0731266002979411	0.18
1.511964569	0.0731266002979411	0.18
1.512194724	0.0731266002979411	0.18
1.512821455	0.0731266002979411	0.18
1.513239565	0.0731266002979411	0.18
1.515375804	0.0731266002979411	0.18
1.517647523	0.0731266002979411	0.19
1.519065464	0.0731266002979411	0.19
1.558319819	0.144631615962371	0.23
1.558531046	0.144631615962371	0.23
1.56916589	0.169764290173462	0.22
1.595407686	0.167454871336781	0.19
1.595579044	0.166492285632867	0.19
1.611568792	0.164912335018701	0.17
1.652341299	0.171419154163401	0.14
1.730827961	0.210485754145674	0.06
1.745720251	0.227123431046796	0.04
1.758275756	0.223202789989794	0.03
1.768990518	0.221292794155402	0.02
1.77492366	0.235392963123836	0.01
1.777374698	0.229135859878696	0.01
1.77861633	0.229135859878696	0.01
1.780627841	0.223202789989794	0.01
1.780657571	0.223202789989794	0.01
1.780657572	0.223202789989794	0.01
1.780839524	0.223202789989794	0.01
1.780928629	0.223202789989794	0.01
1.78092863	0.223202789989794	0.01
1.781140367	0.223202789989794	0.01
1.781170032	0.223202789989794	0.01
1.781381862	0.223202789989794	0.01
1.781411499	0.223202789989794	0.01
1.781623424	0.223202789989794	0.01
1.781653031	0.223202789989794	0.01
1.781835463	0.223202789989794	0.01
1.781894629	0.223202789989794	0.01
1.782136293	0.219415209488363	0.01
1.782378022	0.219415209488363	0.01
1.782531315	0.219415209488363	0.01
1.782590324	0.219415209488363	0.01
1.782619816	0.219415209488363	0.01
1.783103602	0.219415209488363	0.01
1.783286774	0.219415209488363	0.01
1.783345594	0.219415209488363	0.01
1.783587651	0.219415209488363	0.01
1.78377107	0.219415209488363	0.01
1.783829774	0.219415209488363	0.01
1.784013316	0.219415209488363	0.01
1.78446873	0.219415209488363	0.01
1.784506241	0.219415209488363	0.01
1.785497332	0.230954861881362	0.01
1.786357195	0.230954861881362	0.01
1.788780487	0.220639235295828	0.01
1.788872102	0.220639235295828	0.01
1.78918715	0.220639235295828	0.01
1.789747139	0.217077515330604	0.01
1.79204453	0.23683012167604	0.02
1.794856772	0.190345111813029	0.02
1.795060195	0.186905811720081	0.02
1.796669094	0.16330068498211	0.02
1.796696941	0.16330068498211	0.02
1.799436111	0.157499077486862	0.02
1.809599251	0.0613249737745377	0.02
1.813240824	0.0725566778011224	0.03
1.813716026	0.0671287150728311	0.03
1.813793197	0.0676777115400072	0.03
1.814069382	0.0688030914643433	0.03
1.814069384	0.0688030914643433	0.03
1.814345569	0.0688030914643433	0.03
1.814596154	0.0538727055056259	0.03
1.814621756	0.0538727055056259	0.03
1.814621757	0.0538727055056259	0.03
1.814846808	0.0538727055056259	0.03
1.814872379	0.0538727055056259	0.03
1.815039963	0.0538727055056259	0.03
1.815123071	0.0538727055056259	0.03
1.815169565	0.0538727055056259	0.03
1.815288509	0.0538727055056259	0.03
1.815322808	0.0538727055056259	0.03
1.815373832	0.0538727055056259	0.03
1.815624663	0.054344418696749	0.03
1.815850116	0.054344418696749	0.03
1.815875562	0.054344418696749	0.03
1.816101116	0.054344418696749	0.03
1.816374833	0.0553130689254219	0.03
1.816377569	0.0553130689254219	0.03
1.81637757	0.0553130689254219	0.03
1.816879855	0.0553130689254219	0.03
1.817399416	0.0553130689254219	0.03
1.817633804	0.0553130689254219	0.03
1.818036082	0.0553130689254219	0.03
1.818363245	0.0553130689254219	0.03
1.819410514	0.0578928134671954	0.03
1.819581019	0.0578928134671954	0.03
1.81989941	0.058993369453733	0.03
1.82134289	0.058993369453733	0.03
1.823267442	0.0601365799686599	0.03
1.823345161	0.0601365799686599	0.03
1.824280416	0.0601365799686599	0.03
1.824759677	0.0601365799686599	0.03
1.824985083	0.0619369598525792	0.03
1.829051906	0.054344418696749	0.04
1.829613575	0.0553130689254219	0.04
1.83758722	0.03973256961337	0.04
1.837659261	0.03973256961337	0.04
1.839735229	0.0405105896091179	0.04
1.860668056	0.03973256961337	0.06
1.860714054	0.03973256961337	0.06
1.872927722	0.0100395016731962	0.06
1.876458705	0.035323027715812	0.07
1.877534086	0.035323027715812	0.07
1.917919203	0.0350240288300687	0.11
1.919145255	0.0350240288300687	0.11
1.932723098	0.00876366592518634	0.12
1.933588634	0.00891471880010469	0.12
1.934242286	0.00940082410817943	0.12
1.93486401	0.0338769942535719	0.13
1.937910579	0.0336018794335964	0.13
1.938309591	0.0336018794335964	0.13
1.940502926	0.00861764670252375	0.13
1.956133657	0.0400401637345027	0.15
2.03833515	0.0653269620307946	0.23
2.045755957	0.0668961480086713	0.23
2.057190684	0.0641122858486598	0.25
2.067556414	0.0641122858486598	0.26
2.077371996	0.0641122858486598	0.27
2.07768814	0.0641122858486598	0.27
2.079378601	0.0641122858486598	0.27
2.112854786	0.044087065092032	0.3
2.114638141	0.054344418696749	0.3
2.116340052	0.066283775275659	0.3
2.117539144	0.0708219437629729	0.3
2.122322709	0.0438202602918788	0.31
2.201956234	0.0438202602918788	0.39
2.225736601	0.0622921816965896	0.41
2.22607531	0.0650920593556378	0.41
2.226678687	0.0694631307769629	0.41
2.226980498	0.0701359564817515	0.41
2.230993963	0.0422848703064407	0.42
2.244892022	0.139138626037262	0.43
2.268175967	0.187583692654808	0.41
2.273953022	0.200490625235371	0.4
2.287430653	0.20068510963116	0.39
2.36737444	0.230240887546026	0.31
2.396315913	0.232396177611276	0.29
2.401471639	0.232396177611276	0.29
2.416816988	0.246617079455099	0.29
2.63880046	0.223641487169784	0.12
2.64482266	0.223641487169784	0.12
2.65353762	0.223641487169784	0.11
2.664122924	0.223641487169784	0.1
2.669724846	0.223641487169784	0.09
2.67074212	0.223641487169784	0.09
2.670831293	0.223641487169784	0.09
2.671148642	0.223641487169784	0.09
2.671193019	0.223641487169784	0.09
2.671193179	0.223641487169784	0.09
2.671237545	0.223641487169784	0.09
2.671237705	0.223641487169784	0.09
2.671599646	0.223641487169784	0.09
2.671961685	0.223641487169784	0.09
2.672323822	0.223641487169784	0.09
2.672686057	0.223641487169784	0.09
2.67300408	0.223641487169784	0.09
2.673366554	0.223641487169784	0.09
2.673410821	0.223641487169784	0.09
2.674498542	0.223641487169784	0.09
2.674640938	0.223641487169784	0.09
2.675753192	0.223641487169784	0.09
2.675906626	0.223641487169784	0.09
2.677404052	0.219330621470965	0.09
2.679543675	0.223641487169784	0.08
2.681604422	0.223641487169784	0.08
2.684222358	0.223641487169784	0.08
2.692790444	0.223641487169784	0.07
2.697875326	0.219330621470965	0.07
2.700424629	0.219330621470965	0.07
2.703341222	0.219330621470965	0.07
2.716197088	0.213167173872814	0.08
2.720992773	0.221465078323567	0.08
2.721339166	0.221465078323567	0.08
2.721714851	0.221465078323567	0.08
2.721753239	0.221465078323567	0.08
2.72212898	0.221465078323567	0.08
2.722504826	0.221465078323567	0.08
2.725138453	0.225861097112319	0.08
2.728457177	0.225861097112319	0.08
2.734951629	0.223641487169784	0.09
2.741703646	0.223641487169784	0.09
2.744776734	0.219330621470965	0.1
2.758261585	0.225861097112319	0.1
2.767264537	0.213167173872814	0.11
2.784781798	0.199799104641301	0.12
2.795646082	0.199799104641301	0.13
2.814579483	0.199799104641301	0.15
2.857457722	0.196190104700116	0.19
2.870516676	0.199799104641301	0.2
2.874914635	0.196190104700116	0.21
2.901070252	0.209079944954185	0.23
3.017087015	0.210700123667889	0.35
3.116410384	0.222210762974204	0.45
3.116832706	0.222210762974204	0.45
3.479484296	0.181441765604371	0.78
3.557717034	0.179690726039559	0.860000000000001
3.560201153	0.181441765604371	0.860000000000001
3.561529658	0.185048260300309	0.860000000000001
3.561648443	0.185048260300309	0.860000000000001
3.563861522	0.179690726039559	0.870000000000001
3.565454716	0.179690726039559	0.870000000000001
3.566965252	0.179690726039559	0.870000000000001
3.568359469	0.181441765604371	0.870000000000001
3.571812505	0.185048260300309	0.870000000000001
3.572497766	0.185048260300309	0.870000000000001
3.575584373	0.193341084135666	0.870000000000001
3.579984214	0.193341084135666	0.870000000000001
3.62901857	0.186905811720081	0.910000000000001
3.629519691	0.186905811720081	0.910000000000001
3.6300627	0.186905811720081	0.910000000000001
3.631970124	0.197978158666287	0.910000000000001
3.639968026	0.20146683507383	0.900000000000001
3.707141358	0.203448054819108	0.950000000000001
3.778072999	0.203448054819108	1.02
3.963711323	0.199523830248869	1.21
4.442577106	0.274005755258368	1.58
4.445571488	0.274005755258368	1.58
4.452121847	0.274005755258368	1.59
4.45272527	0.274005755258368	1.59
4.453932605	0.274005755258368	1.59
4.459832487	0.274005755258368	1.59
4.475601202	0.274005755258368	1.61
4.478685952	0.274005755258368	1.61
4.492707945	0.274005755258368	1.63
4.536342962	0.274005755258368	1.67
4.537444354	0.274005755258368	1.67
4.537596069	0.274005755258368	1.67
4.550359745	0.274005755258368	1.68
4.895921957	0.311126639486424	2
5.341769851	0.318408658609366	2.08
5.342582978	0.318408658609366	2.08
5.343129076	0.318408658609366	2.08
5.346842194	0.318408658609366	2.07
6.232084175	0.290506211998772	2.65999999999999
6.2338777	0.340894193854001	2.66999999999999
6.244676548	0.340894193854001	2.67999999999999
6.35095118	0.311558479197815	2.77999999999998
7	0.347633225541161	3.29999999999997
