thrs	post_p	finalwindow
0	0.0953055422521577	0.23
0.03256001	0.0926851746332182	0.2
0.082355146	0.0845489944382798	0.17
0.098963073	0.080510453317839	0.16
0.103967892	0.0786324858181146	0.16
0.106977596	0.0786324858181146	0.16
0.113424721	0.0768401313668022	0.16
0.123778241	0.0768401313668022	0.17
0.127200542	0.0625764182644461	0.17
0.127695348	0.0768401313668022	0.17
0.128068503	0.0942398142811657	0.17
0.129609166	0.122204671499467	0.17
0.130460633	0.121262690760784	0.17
0.14705261	0.0637599848661214	0.15
0.148447444	0.119143344566092	0.15
0.151339737	0.119421633827891	0.15
0.155752372	0.115561727853552	0.15
0.161204767	0.119421633827891	0.14
0.172569069	0.121387448280874	0.13
0.178062567	0.0958474966207942	0.12
0.178140913	0.0958474966207942	0.12
0.181486006	0.121262690760784	0.12
0.186084933	0.11716836642017	0.12
0.222049977	0.11099573367195	0.08
0.222622275	0.111916980646667	0.08
0.22265244	0.111916980646667	0.08
0.222656148	0.111916980646667	0.08
0.222697977	0.11099573367195	0.08
0.222716495	0.11099573367195	0.08
0.222924291	0.11099573367195	0.08
0.223196808	0.110089529400513	0.08
0.226694446	0.105771758951669	0.08
0.226728961	0.105771758951669	0.08
0.226867021	0.105771758951669	0.08
0.226982815	0.105771758951669	0.08
0.227081991	0.106608003579056	0.08
0.227177477	0.106608003579056	0.08
0.230426372	0.0864461187686766	0.07
0.237068117	0.0835018458255773	0.07
0.241897099	0.0835018458255773	0.07
0.24235868	0.0835018458255773	0.07
0.242875367	0.0962122368084928	0.06
0.249436037	0.0918434481471904	0.06
0.254481698	0.094415777351183	0.05
0.256228734	0.093542472329644	0.05
0.256650521	0.0918434481471904	0.05
0.259750174	0.0918434481471904	0.05
0.272151172	0.0910168724566835	0.05
0.295749179	0.0801912540975876	0.07
0.296044019	0.0801912540975876	0.07
0.296839561	0.0980783851094508	0.06
0.296879772	0.0980783851094508	0.06
0.29691506	0.0980783851094508	0.06
0.297156652	0.0980783851094508	0.06
0.297161557	0.0980783851094508	0.06
0.297207868	0.0980783851094508	0.06
0.29723727	0.0980783851094508	0.06
0.297345093	0.0980783851094508	0.06
0.29736316	0.0980783851094508	0.06
0.297631463	0.0980783851094508	0.06
0.298062423	0.0980783851094508	0.06
0.298432807	0.0980783851094508	0.06
0.29855614	0.0980783851094508	0.06
0.298682719	0.0980783851094508	0.06
0.299120783	0.0980783851094508	0.06
0.299931082	0.0980783851094508	0.06
0.300638986	0.0980783851094508	0.06
0.302406093	0.0980783851094508	0.06
0.30240618	0.0980783851094508	0.06
0.302443572	0.0980783851094508	0.06
0.302452098	0.0980783851094508	0.06
0.302531356	0.0980783851094508	0.06
0.302694303	0.0980783851094508	0.06
0.303062807	0.0918434481471904	0.07
0.303998368	0.0980783851094508	0.06
0.304168238	0.0980783851094508	0.06
0.305094409	0.0980783851094508	0.06
0.306464617	0.0980783851094508	0.06
0.320217262	0.100117372713761	0.07
0.320290117	0.100117372713761	0.07
0.322066605	0.100117372713761	0.07
0.322435043	0.100117372713761	0.07
0.322591403	0.100117372713761	0.07
0.322777267	0.100117372713761	0.07
0.323097253	0.100117372713761	0.07
0.323165924	0.100117372713761	0.07
0.323537089	0.100117372713761	0.07
0.323808824	0.100117372713761	0.07
0.328591896	0.103817309063785	0.07
0.334029253	0.107801209176185	0.06
0.338071632	0.107801209176185	0.06
0.340262381	0.107801209176185	0.05
0.343625259	0.107801209176185	0.05
0.345554528	0.107801209176185	0.05
0.350684009	0.103817309063785	0.06
0.351815198	0.103817309063785	0.06
0.356200611	0.103817309063785	0.06
0.356206548	0.103817309063785	0.06
0.356351443	0.103817309063785	0.06
0.356437896	0.103817309063785	0.06
0.356490553	0.103817309063785	0.06
0.357086112	0.0958474966207942	0.07
0.360733393	0.0926851746332182	0.07
0.363236679	0.0926851746332182	0.07
0.363936107	0.0926851746332182	0.07
0.367663989	0.119143344566092	0.08
0.381649088	0.102645824745945	0.07
0.382008897	0.101554443857192	0.07
0.386909127	0.111644442072698	0.06
0.389222512	0.109094065251563	0.06
0.389299853	0.109094065251563	0.06
0.389825341	0.109094065251563	0.06
0.398731854	0.11500514807543	0.05
0.403209246	0.115701715576409	0.05
0.412388288	0.124770275042178	0.04
0.415094538	0.112049837199054	0.04
0.415772448	0.0540484315090856	0.03
0.418471182	0.12149682187995	0.03
0.423143546	0.124872226426871	0.03
0.428769674	0.130302280951668	0.02
0.438815006	0.143855997885149	0.01
0.440316292	0.143855997885149	0.01
0.441750067	0.141590173993138	0.01
0.444236336	0.122454998527084	0.01
0.444499874	0.117728310721599	0.01
0.444770984	0.116444118853506	0.01
0.445049535	0.116444118853506	0.01
0.445117302	0.121826128467756	0.01
0.445156208	0.121826128467756	0.01
0.445185067	0.121826128467756	0.01
0.445185068	0.121826128467756	0.01
0.44525283	0.121826128467756	0.01
0.445252832	0.121826128467756	0.01
0.445252833	0.121826128467756	0.01
0.445252835	0.121826128467756	0.01
0.445305777	0.121826128467756	0.01
0.44531318	0.121826128467756	0.01
0.445313187	0.121826128467756	0.01
0.445313188	0.121826128467756	0.01
0.44531319	0.121826128467756	0.01
0.445373562	0.121826128467756	0.01
0.445433949	0.121826128467756	0.01
0.445479567	0.119876637161053	0.01
0.445494353	0.119876637161053	0.01
0.445540001	0.119876637161053	0.01
0.445554774	0.119876637161053	0.01
0.445615211	0.119876637161053	0.01
0.445653547	0.119876637161053	0.01
0.445675664	0.119240598153575	0.01
0.445736134	0.12446059029956	0.01
0.445849774	0.12446059029956	0.01
0.445978177	0.12446059029956	0.01
0.446038729	0.12446059029956	0.01
0.446188208	0.122521925700111	0.01
0.446319857	0.122521925700111	0.01
0.446341735	0.122521925700111	0.01
0.446351359	0.122521925700111	0.01
0.446395102	0.122521925700111	0.01
0.446465528	0.122521925700111	0.01
0.44656991	0.122521925700111	0.01
0.446633323	0.122521925700111	0.01
0.446772341	0.122521925700111	0.01
0.447158639	0.121262690760784	0.01
0.447533088	0.121262690760784	0.01
0.447649603	0.120029076402556	0.01
0.447928306	0.119421633827891	0.01
0.451750007	0.124400941927566	0.01
0.453312195	0.118225008712799	0.01
0.453607731	0.118225008712799	0.01
0.453670383	0.118225008712799	0.01
0.45367678	0.118225008712799	0.01
0.453739439	0.118225008712799	0.01
0.453782962	0.118225008712799	0.01
0.453802119	0.118225008712799	0.01
0.453864805	0.118225008712799	0.01
0.453864814	0.118225008712799	0.01
0.453927527	0.118225008712799	0.01
0.453952078	0.118225008712799	0.01
0.453977538	0.118225008712799	0.01
0.453990257	0.118225008712799	0.01
0.454053004	0.118225008712799	0.01
0.454115767	0.118225008712799	0.01
0.454131662	0.118225008712799	0.01
0.454159539	0.118225008712799	0.01
0.454172215	0.118225008712799	0.01
0.454228692	0.118225008712799	0.01
0.454266222	0.118820308579632	0.01
0.454278877	0.118820308579632	0.01
0.454297847	0.118820308579632	0.01
0.454379121	0.118820308579632	0.01
0.454423548	0.118820308579632	0.01
0.454543029	0.120642730128896	0.01
0.454637485	0.120642730128896	0.01
0.455078808	0.121889056030503	0.01
0.455439212	0.147394050184577	0.01
0.455665947	0.168060828388678	0.01
0.455678249	0.169646622439679	0.01
0.456133439	0.117316642501983	0.02
0.456159276	0.117316642501983	0.02
0.456880284	0.117316642501983	0.02
0.45760535	0.115669870412037	0.02
0.457901934	0.115669870412037	0.02
0.458022431	0.115669870412037	0.02
0.458619789	0.115131172187591	0.02
0.458664131	0.115131172187591	0.02
0.459124851	0.115669870412037	0.02
0.46331093	0.109961278164866	0.02
0.464728436	0.109451247544615	0.02
0.472596627	0.0643687178904844	0.02
0.473676694	0.10322691521474	0.03
0.474072423	0.10322691521474	0.03
0.47699163	0.0598012167402487	0.03
0.478419311	0.0625764182644461	0.03
0.478888149	0.0625764182644461	0.03
0.479732593	0.0620009612038249	0.03
0.479936634	0.0620009612038249	0.03
0.483671852	0.0552894761421152	0.03
0.483988273	0.0989005096009976	0.04
0.484225862	0.0989005096009976	0.04
0.484458594	0.0993167620833296	0.04
0.485802156	0.126631250624068	0.04
0.485999254	0.0995262050380286	0.04
0.48628356	0.0926851746332182	0.04
0.489424331	0.0567794809531037	0.04
0.490830832	0.0567794809531037	0.04
0.499369323	0.0696916296276978	0.05
0.508934563	0.0651461770893962	0.06
0.514645345	0.0998466229549437	0.07
0.51473946	0.0998466229549437	0.07
0.516063638	0.0991081987810347	0.07
0.51682809	0.0607440956883496	0.07
0.518492841	0.062868171265858	0.07
0.518564452	0.062868171265858	0.07
0.520735072	0.062868171265858	0.07
0.529143364	0.0720994398149438	0.08
0.534308248	0.0758034103835192	0.08
0.534380672	0.0558389726536497	0.07
0.534453117	0.0558389726536497	0.07
0.534888196	0.066924499747772	0.07
0.539174229	0.0640194548895615	0.07
0.544416783	0.0673062738214257	0.07
0.55657045	0.0772172949002217	0.07
0.556645891	0.0772172949002217	0.07
0.556807604	0.0772172949002217	0.07
0.55802857	0.0772172949002217	0.07
0.562444529	0.0640194548895615	0.08
0.566766402	0.0757304283151365	0.07
0.568776608	0.0722522732301526	0.07
0.57444178	0.0722522732301526	0.07
0.579525048	0.0690795790504367	0.07
0.583655412	0.0690795790504367	0.07
0.586308239	0.0722522732301526	0.07
0.591193432	0.0757304283151365	0.06
0.591819223	0.0757304283151365	0.06
0.593673806	0.0757304283151365	0.06
0.593673808	0.0757304283151365	0.06
0.593754277	0.0757304283151365	0.06
0.59375428	0.0757304283151365	0.06
0.593834769	0.0757304283151365	0.06
0.593915284	0.0757304283151365	0.06
0.594237558	0.0757304283151365	0.06
0.594318181	0.0552894761421152	0.06
0.595015574	0.0729221080816777	0.07
0.596894832	0.0729221080816777	0.07
0.597117526	0.0729221080816777	0.07
0.602148457	0.0722522732301526	0.07
0.604317115	0.0526966093988485	0.07
0.604813246	0.0547506891398352	0.07
0.604905308	0.0552894761421152	0.07
0.604988853	0.0552894761421152	0.07
0.605716504	0.0552894761421152	0.07
0.605724938	0.0552894761421152	0.07
0.606051871	0.0552894761421152	0.07
0.60631275	0.0552894761421152	0.07
0.606404306	0.0552894761421152	0.07
0.607971158	0.0552894761421152	0.07
0.608756287	0.0552894761421152	0.07
0.61827716	0.0547506891398352	0.07
0.630942519	0.0526966093988485	0.07
0.635412418	0.0537040152550869	0.07
0.636066531	0.0537040152550869	0.07
0.637260654	0.0542223015810442	0.07
0.637881775	0.0542223015810442	0.07
0.638075882	0.0542223015810442	0.07
0.641599528	0.0552894761421152	0.07
0.64559646	0.0526966093988485	0.07
0.64801212	0.0526966093988485	0.07
0.648110758	0.0526966093988485	0.07
0.65703705	0.0517263024348914	0.07
0.659386285	0.0517263024348914	0.07
0.667472678	0.0498890790762973	0.08
0.667879263	0.0498890790762973	0.08
0.678915807	0.0454497744276137	0.09
0.68060848	0.0454497744276137	0.09
0.690723937	0.0504113133055307	0.1
0.692614054	0.0515680479897669	0.1
0.696262833	0.031992255910683	0.1
0.712354258	0.0313963363667796	0.11
0.7123899	0.0313963363667796	0.11
0.712401774	0.0313963363667796	0.11
0.713541741	0.0313963363667796	0.11
0.719314887	0.0308222112374362	0.12
0.725609694	0.0297347304703893	0.13
0.725869057	0.0297347304703893	0.13
0.726772429	0.0297347304703893	0.13
0.735438378	0.0284787338183822	0.14
0.742183791	0.0287213722876989	0.14
0.7500464	0.0106891795057583	0.14
0.75180067	0.077864077110341	0.14
0.762884543	0.0775273618804693	0.13
0.763284143	0.0815514551205719	0.13
0.763491091	0.0885755540633284	0.13
0.765321243	0.0882724525993412	0.13
0.7676628	0.0883962327875132	0.13
0.772093843	0.0813322572780059	0.12
0.772264397	0.0806586346793521	0.12
0.779184816	0.0883962327875132	0.12
0.779976345	0.0881921812021767	0.12
0.786383987	0.0910914004009038	0.11
0.793117932	0.0860913110183558	0.1
0.794958533	0.0962955197868981	0.1
0.797194853	0.0926851746332182	0.1
0.799403767	0.0915743885324246	0.1
0.8034392	0.0982570547899559	0.09
0.812482547	0.0861275674588263	0.08
0.828284953	0.0984152459731241	0.07
0.849686346	0.098338483654858	0.05
0.861783488	0.0968387074864304	0.03
0.864973627	0.106083808746732	0.03
0.870144812	0.098862841416634	0.03
0.874413626	0.108320798884712	0.02
0.875213305	0.106083808746732	0.02
0.875954975	0.103637776110671	0.02
0.877564409	0.103556375330587	0.02
0.880342154	0.0985999654028484	0.02
0.88244613	0.0933008344903249	0.01
0.883236842	0.0997365332220258	0.01
0.884296127	0.10930865279211	0.01
0.885800269	0.106397705220027	0.01
0.886381245	0.105153134592541	0.01
0.887670141	0.105621121965843	0.01
0.888469193	0.104138019340077	0.01
0.888863234	0.102695990601115	0.01
0.889209764	0.102412363981324	0.01
0.889576687	0.101570806747627	0.01
0.890068113	0.101017410463559	0.01
0.890083013	0.101017410463559	0.01
0.890218543	0.101017410463559	0.01
0.890218544	0.101017410463559	0.01
0.890228158	0.101017410463559	0.01
0.890354074	0.100742967512613	0.01
0.890354075	0.100742967512613	0.01
0.890419078	0.100742967512613	0.01
0.890459913	0.100742967512613	0.01
0.890474761	0.100742967512613	0.01
0.890489605	0.100742967512613	0.01
0.890489606	0.100742967512613	0.01
0.890506418	0.100742967512613	0.01
0.890580647	0.100742967512613	0.01
0.890595481	0.100742967512613	0.01
0.89061031	0.100742967512613	0.01
0.890610311	0.100742967512613	0.01
0.89068659	0.100742967512613	0.01
0.890701414	0.100742967512613	0.01
0.890716233	0.100742967512613	0.01
0.890731048	0.100742967512613	0.01
0.890731049	0.100742967512613	0.01
0.890737499	0.100742967512613	0.01
0.890822213	0.100742967512613	0.01
0.890837018	0.100742967512613	0.01
0.890851819	0.100742967512613	0.01
0.890928251	0.100742967512613	0.01
0.890957836	0.100742967512613	0.01
0.890972622	0.100742967512613	0.01
0.890972623	0.100742967512613	0.01
0.891093459	0.100470011728321	0.01
0.891214328	0.100470011728321	0.01
0.891246709	0.100470011728321	0.01
0.891320486	0.100470011728321	0.01
0.89133523	0.100470011728321	0.01
0.891441435	0.100470011728321	0.01
0.891456164	0.100470011728321	0.01
0.891562417	0.100470011728321	0.01
0.891577132	0.0999285135678529	0.01
0.891698132	0.0999285135678529	0.01
0.891793338	0.0999285135678529	0.01
0.891881522	0.0999285135678529	0.01
0.892017347	0.0999285135678529	0.01
0.89206133	0.0999285135678529	0.01
0.892182462	0.099392821087512	0.01
0.892215798	0.099392821087512	0.01
0.89229733	0.0991271228777245	0.01
0.892307805	0.0991271228777245	0.01
0.892546055	0.099392821087512	0.01
0.892568748	0.099392821087512	0.01
0.892793389	0.099392821087512	0.01
0.892924751	0.104506980247732	0.01
0.892951888	0.104506980247732	0.01
0.893016766	0.104506980247732	0.01
0.89308003	0.104506980247732	0.01
0.893172464	0.104230015111291	0.01
0.893320622	0.104506980247732	0.01
0.893352088	0.104506980247732	0.01
0.893395592	0.104506980247732	0.01
0.894085351	0.103407858403367	0.01
0.894189143	0.103407858403367	0.01
0.89420355	0.103407858403367	0.01
0.89422449	0.103136680873802	0.01
0.894232534	0.103136680873802	0.01
0.894482721	0.103407858403367	0.01
0.894511483	0.103407858403367	0.01
0.894690708	0.103407858403367	0.01
0.894906463	0.103407858403367	0.01
0.894913415	0.103407858403367	0.01
0.894970751	0.103407858403367	0.01
0.895081202	0.103407858403367	0.01
0.89539422	0.102866921900107	0.01
0.895524497	0.105495918514094	0.01
0.895638516	0.104676962506517	0.01
0.895840307	0.105221513053783	0.01
0.89592425	0.105221513053783	0.01
0.896329745	0.104138019340077	0.01
0.896396617	0.104406795427854	0.01
0.896928207	0.104138019340077	0.01
0.89693811	0.104138019340077	0.01
0.897131294	0.101779896756466	0.01
0.897197773	0.100765780789806	0.01
0.897282137	0.101510687983282	0.01
0.897316929	0.101263448509956	0.01
0.89799116	0.0873747908827973	0.01
0.898155973	0.0857947767908924	0.01
0.898455429	0.0849414371697118	0.01
0.898485328	0.0851107443771709	0.01
0.898755243	0.0841049054963372	0.01
0.898920463	0.0842708910785917	0.01
0.899310528	0.0839395725013078	0.01
0.899413875	0.0834474507796242	0.01
0.900031532	0.0826399470046292	0.01
0.900274359	0.0839395725013078	0.01
0.900307304	0.0839395725013078	0.01
0.901007608	0.0772572118201052	0.01
0.901568195	0.0631626575183349	0.01
0.902162268	0.0651147183073097	0.01
0.902291602	0.0658782129980046	0.01
0.902860993	0.062493556971643	0.01
0.902919093	0.062493556971643	0.01
0.903166806	0.0585234534945537	0.01
0.903876527	0.0414282170762389	0.01
0.904039961	0.0410915571853477	0.01
0.904220945	0.0369953765667931	0.01
0.905345526	0.0379320099240488	0.01
0.905424433	0.0380927459394983	0.01
0.905541598	0.0382548499822336	0.01
0.906154318	0.0384183395918539	0.01
0.906197141	0.0384183395918539	0.01
0.906210372	0.0380927459394983	0.01
0.906786831	0.0382548499822336	0.01
0.906983581	0.0384183395918539	0.01
0.907060652	0.0384183395918539	0.01
0.907185931	0.0387495471822501	0.01
0.907198748	0.0390865151679384	0.01
0.907199842	0.0390865151679384	0.01
0.907298438	0.0340708826940305	0.01
0.907324045	0.0343686194677119	0.01
0.907336843	0.0343686194677119	0.01
0.907336844	0.0343686194677119	0.01
0.907449378	0.0343686194677119	0.01
0.90746216	0.0343686194677119	0.01
0.9075492	0.0343686194677119	0.01
0.907574745	0.0343686194677119	0.01
0.907587512	0.0343686194677119	0.01
0.907700146	0.0343686194677119	0.01
0.907712898	0.0343686194677119	0.01
0.907951053	0.0343686194677119	0.01
0.907963773	0.0343686194677119	0.01
0.908089263	0.0346716058078157	0.01
0.908089264	0.0346716058078157	0.01
0.908202099	0.0348251111439717	0.01
0.908214789	0.0348251111439717	0.01
0.908453284	0.0343686194677119	0.01
0.908566283	0.0346716058078157	0.01
0.908578929	0.0346716058078157	0.01
0.908691978	0.0346716058078157	0.01
0.908830322	0.0346716058078157	0.01
0.908943472	0.0346716058078157	0.01
0.909270732	0.0345194478027207	0.01
0.909308419	0.0345194478027207	0.01
0.909346075	0.0346716058078157	0.01
0.90938549	0.0346716058078157	0.01
0.909434338	0.034979981786324	0.01
0.909620416	0.034979981786324	0.01
0.909838426	0.0348251111439717	0.01
0.909914657	0.0348251111439717	0.01
0.909925885	0.0348251111439717	0.01
0.910051995	0.0346716058078157	0.01
0.910267	0.0346716058078157	0.01
0.910467776	0.034979981786324	0.01
0.910628128	0.034979981786324	0.01
0.911062134	0.0351362360311847	0.01
0.91113001	0.0351362360311847	0.01
0.911351929	0.0351362360311847	0.01
0.911383512	0.0348251111439717	0.01
0.911632099	0.0351362360311847	0.01
0.911747931	0.0351362360311847	0.01
0.911776598	0.0351362360311847	0.01
0.912488931	0.0354529701629935	0.01
0.912630246	0.0352938925032486	0.01
0.912707801	0.0352938925032486	0.01
0.912776305	0.0346716058078157	0.01
0.912811242	0.0346716058078157	0.01
0.913006436	0.0251250746794693	0.01
0.913139907	0.0251250746794693	0.01
0.913751419	0.0249023528503383	0.01
0.914018042	0.0250132179867315	0.01
0.914696902	0.030268706371218	0.01
0.914968567	0.030268706371218	0.01
0.914983658	0.030268706371218	0.01
0.915269563	0.030268706371218	0.01
0.915559183	0.0256997077218101	0.01
0.916024822	0.0256997077218101	0.01
0.916208994	0.0260572797682064	0.01
0.916688985	0.0261786918938981	0.01
0.916912552	0.0263012407391681	0.01
0.917248255	0.0233499559988266	0.01
0.918238351	0.0335859551600746	0.01
0.918456927	0.0344438685181827	0.02
0.918483627	0.0344438685181827	0.02
0.918816837	0.035116627951426	0.02
0.918837351	0.035116627951426	0.02
0.919120121	0.0352543458953404	0.02
0.919655338	0.0356740579979971	0.02
0.920002472	0.0356740579979971	0.02
0.921364075	0.0362494704212237	0.02
0.921783065	0.0365441941573929	0.02
0.922504312	0.0369953765667931	0.02
0.922763582	0.0369953765667931	0.02
0.923268187	0.0278897025331979	0.02
0.923473233	0.0278897025331979	0.02
0.924160807	0.0280055514051433	0.02
0.924627878	0.0281223667228182	0.02
0.925553967	0.0240495998247385	0.02
0.927872541	0.0258574096421349	0.02
0.929379518	0.0322987801193118	0.02
0.93064775	0.0313234037618728	0.03
0.93220206	0.0317661538304783	0.03
0.934071327	0.0246294424932274	0.03
0.93534835	0.0249023528503383	0.03
0.938446291	0.01858652581208	0.03
0.941112169	0.0215580676798398	0.03
0.942896738	0.00813536028738619	0.03
0.944027825	0.00870239988239246	0.03
0.947518522	0.00993325084830366	0.03
0.948845214	0.0105884557190737	0.03
0.950306111	0.0111119955613797	0.03
0.953473419	0.0161394205735767	0.04
0.954119877	0.0166167509748106	0.04
0.954191796	0.0166167509748106	0.04
0.955603107	0.0178013360994271	0.04
0.955985355	0.0178013360994271	0.04
0.956018846	0.0178013360994271	0.04
0.956549025	0.0182346435807592	0.04
0.956766863	0.0183838054261021	0.04
0.956780018	0.0183838054261021	0.04
0.95679317	0.0183838054261021	0.04
0.957016096	0.0185354277263483	0.04
0.957486775	0.0188463012899531	0.04
0.958321379	0.0193326684477333	0.04
0.959031973	0.0203848115391154	0.04
0.959642592	0.0205714046917451	0.04
0.959665139	0.0207614453766217	0.04
0.960911853	0.0213532353187946	0.04
0.966653906	0.0182346435807592	0.05
0.966980911	0.0185354277263483	0.05
0.966980912	0.0185354277263483	0.05
0.966986309	0.0185354277263483	0.05
0.967144414	0.0185354277263483	0.05
0.967297223	0.0188463012899531	0.05
0.967297226	0.0188463012899531	0.05
0.967302572	0.0188463012899531	0.05
0.967460779	0.0188463012899531	0.05
0.96746078	0.0188463012899531	0.05
0.967608447	0.0188463012899531	0.05
0.96761904	0.0188463012899531	0.05
0.967772081	0.0188463012899531	0.05
0.967925221	0.0188463012899531	0.05
0.968088909	0.0188463012899531	0.05
0.968237002	0.0188463012899531	0.05
0.968861479	0.0203848115391154	0.05
0.970442597	0.0213532353187946	0.05
0.97801719	0.0236779714866895	0.06
0.978183481	0.0236779714866895	0.06
0.981915796	0.0260572797682064	0.06
0.9860103	0.0213532353187946	0.05
1.023898132	0.0369953765667931	0.07
1.027042278	0.0442854834595282	0.07
1.028094642	0.0447261580837522	0.07
1.029078227	0.0363962356571621	0.08
1.029271857	0.0363962356571621	0.08
1.030020301	0.0363962356571621	0.08
1.030397618	0.0366933605339427	0.08
1.031531241	0.0366933605339427	0.08
1.031720423	0.0366933605339427	0.08
1.0327094	0.0366933605339427	0.08
1.033463082	0.0341819274890326	0.08
1.034014818	0.0344438685181827	0.08
1.034376329	0.0347098551328363	0.08
1.034854243	0.0347098551328363	0.08
1.035677928	0.0523691541035009	0.08
1.036124234	0.0540484315090856	0.08
1.038905957	0.0587588581193145	0.08
1.041709188	0.0614359915856404	0.08
1.043349328	0.0614359915856404	0.08
1.044012776	0.0614359915856404	0.08
1.048661279	0.0553803066255938	0.09
1.049025044	0.0553803066255938	0.09
1.054783865	0.0577522144111935	0.09
1.056246636	0.0577522144111935	0.09
1.058571278	0.0553803066255938	0.1
1.067766296	0.0536185959586839	0.11
1.068168044	0.0536185959586839	0.11
1.06860264	0.0544852143392874	0.11
1.070020858	0.0563052995790497	0.11
1.070326964	0.0563052995790497	0.11
1.076612069	0.0553803066255938	0.11
1.088762574	0.0539249197357085	0.13
1.112743253	0.0643687178904844	0.12
1.113082372	0.0643687178904844	0.12
1.113233383	0.0643687178904844	0.12
1.11414031	0.0643687178904844	0.12
1.115076799	0.066924499747772	0.11
1.116382888	0.0656217331209789	0.11
1.127882011	0.0656217331209789	0.1
1.134317617	0.0649891864191848	0.11
1.136767134	0.0631626575183349	0.11
1.137302108	0.0637599848661214	0.11
1.162829766	0.0577522144111935	0.14
1.183360064	0.0542223015810442	0.15
1.187305519	0.0856227399642972	0.15
1.18762744	0.0856227399642972	0.15
1.192075895	0.0837091953472616	0.15
1.192725439	0.0830902132468169	0.15
1.203309389	0.091180995201616	0.14
1.208724051	0.0832440989908778	0.13
1.208769953	0.0832440989908778	0.13
1.209751115	0.0832440989908778	0.13
1.209825949	0.0832440989908778	0.13
1.210085375	0.0809940453832507	0.13
1.21086869	0.0809940453832507	0.13
1.212614931	0.0802708163809367	0.13
1.224141399	0.0795603890828821	0.12
1.22465873	0.0795603890828821	0.12
1.225416562	0.0795603890828821	0.12
1.226416878	0.0795603890828821	0.12
1.226767373	0.0795603890828821	0.12
1.245566855	0.0795603890828821	0.12
1.246668032	0.0788624265710643	0.12
1.248955951	0.0802708163809367	0.12
1.265568721	0.0864461187686766	0.1
1.268447511	0.0848148981499167	0.1
1.270253663	0.0824803179985317	0.1
1.285172518	0.0910168724566835	0.1
1.293113698	0.0772172949002217	0.09
1.297280078	0.0990388722014168	0.09
1.302603198	0.0971363488447771	0.1
1.33510162	0.119876637161053	0.12
1.335485912	0.119876637161053	0.12
1.335508208	0.119876637161053	0.12
1.335711503	0.119876637161053	0.12
1.335892556	0.119876637161053	0.12
1.336051433	0.119876637161053	0.12
1.336413828	0.119876637161053	0.12
1.336595099	0.117782433693861	0.12
1.336665633	0.117782433693861	0.12
1.336979907	0.117782433693861	0.12
1.337117106	0.117782433693861	0.12
1.337777279	0.117782433693861	0.12
1.337887386	0.116762533121522	0.12
1.338686534	0.116762533121522	0.12
1.340005107	0.116762533121522	0.12
1.342315002	0.130302280951668	0.11
1.343443085	0.130302280951668	0.11
1.350085516	0.123161401614411	0.11
1.360533959	0.127831726268169	0.1
1.360774481	0.127831726268169	0.1
1.360981621	0.127831726268169	0.1
1.36116959	0.127831726268169	0.1
1.361338457	0.127831726268169	0.1
1.36135761	0.127831726268169	0.1
1.361952473	0.127831726268169	0.1
1.362110213	0.127831726268169	0.1
1.365659238	0.129055180990129	0.1
1.368077892	0.13157371831506	0.09
1.369020462	0.13157371831506	0.09
1.369707356	0.13157371831506	0.09
1.370127164	0.13157371831506	0.09
1.373967278	0.13157371831506	0.09
1.377274175	0.13287021252415	0.09
1.379222918	0.13287021252415	0.09
1.384187356	0.125453112687155	0.1
1.38563755	0.126631250624068	0.1
1.418305639	0.129055180990129	0.09
1.434752614	0.112853648015589	0.1
1.436494579	0.112853648015589	0.11
1.440102642	0.112853648015589	0.11
1.448119954	0.110089529400513	0.12
1.450462129	0.108320798884712	0.12
1.450928234	0.108320798884712	0.12
1.454856842	0.108320798884712	0.12
1.45657643	0.108320798884712	0.13
1.457818346	0.108320798884712	0.13
1.484067531	0.106608003579056	0.15
1.484117024	0.106608003579056	0.15
1.502972103	0.106608003579056	0.17
1.511734415	0.106608003579056	0.18
1.512821455	0.106608003579056	0.18
1.513239565	0.106608003579056	0.18
1.515375804	0.108320798884712	0.18
1.516740221	0.106608003579056	0.19
1.517647523	0.105771758951669	0.19
1.519065464	0.105771758951669	0.19
1.523536021	0.105771758951669	0.19
1.558319819	0.175535783268767	0.23
1.561070241	0.165482709507338	0.22
1.56916589	0.18744801739601	0.22
1.595407686	0.173635765969992	0.19
1.707257935	0.261909929082979	0.08
1.75282717	0.240857667552425	0.04
1.768990518	0.254495177876905	0.02
1.77492366	0.240857667552425	0.02
1.777374698	0.241981469388684	0.02
1.778615293	0.241981469388684	0.02
1.780115455	0.256919669682559	0.01
1.780657572	0.256919669682559	0.01
1.780839524	0.254495177876905	0.01
1.780928629	0.254495177876905	0.01
1.78092863	0.254495177876905	0.01
1.781081012	0.254495177876905	0.01
1.781170031	0.254495177876905	0.01
1.781170032	0.254495177876905	0.01
1.781381862	0.254495177876905	0.01
1.781411498	0.254495177876905	0.01
1.781411499	0.254495177876905	0.01
1.781623424	0.254495177876905	0.01
1.781653031	0.254495177876905	0.01
1.7818108	0.254495177876905	0.01
1.781835463	0.254495177876905	0.01
1.781894629	0.254495177876905	0.01
1.782136293	0.247488696238915	0.01
1.782378022	0.247488696238915	0.01
1.782531315	0.247488696238915	0.01
1.782590324	0.247488696238915	0.01
1.782619816	0.247488696238915	0.01
1.783044725	0.247488696238915	0.01
1.783103602	0.247488696238915	0.01
1.783345594	0.247488696238915	0.01
1.783587651	0.247488696238915	0.01
1.78377107	0.247488696238915	0.01
1.784013316	0.247488696238915	0.01
1.784314217	0.247488696238915	0.01
1.78446873	0.247488696238915	0.01
1.785009515	0.247488696238915	0.01
1.785988286	0.255169410881408	0.01
1.786357195	0.255169410881408	0.01
1.788266632	0.240857667552425	0.01
1.788780487	0.243028173131265	0.01
1.788872102	0.243028173131265	0.01
1.789358594	0.243028173131265	0.01
1.789747139	0.238725588726067	0.01
1.790737455	0.235284531326391	0.01
1.79204453	0.237883288908784	0.02
1.794856772	0.188421382170458	0.02
1.795060195	0.17997156784041	0.02
1.796645824	0.155126265449186	0.02
1.796696941	0.155126265449186	0.02
1.799436111	0.159396853229615	0.02
1.801889818	0.0973701572908547	0.02
1.808733518	0.0438534078055127	0.02
1.812688451	0.0656217331209789	0.03
1.813240824	0.0670909916642868	0.03
1.813793197	0.0702361402038166	0.03
1.814069382	0.0702361402038166	0.03
1.814069384	0.0702361402038166	0.03
1.814345569	0.0707892264594885	0.03
1.814596154	0.0719219493439708	0.03
1.814621756	0.0719219493439708	0.03
1.814621757	0.0719219493439708	0.03
1.814872379	0.0719219493439708	0.03
1.815039963	0.0730915118935863	0.03
1.815123071	0.0730915118935863	0.03
1.815169565	0.0730915118935863	0.03
1.815288509	0.0730915118935863	0.03
1.815322808	0.0730915118935863	0.03
1.815373832	0.0730915118935863	0.03
1.815624663	0.0730915118935863	0.03
1.815850116	0.0730915118935863	0.03
1.815875562	0.0730915118935863	0.03
1.816101116	0.0379320099240488	0.03
1.816374833	0.0382548499822336	0.03
1.81637757	0.0382548499822336	0.03
1.816879855	0.0379320099240488	0.03
1.817382419	0.0379320099240488	0.03
1.817399416	0.0379320099240488	0.03
1.818036082	0.0379320099240488	0.03
1.819395454	0.0396031009655717	0.03
1.819581019	0.0396031009655717	0.03
1.820606159	0.0399551449778395	0.03
1.82134289	0.0403135039786041	0.03
1.823345161	0.0414282170762389	0.03
1.824280416	0.0414282170762389	0.03
1.828541204	0.0335859551600746	0.02
1.828939845	0.0326112348894537	0.03
1.829613575	0.0332546381562573	0.03
1.835137623	0.0332546381562573	0.03
1.837659261	0.0332546381562573	0.03
1.839735229	0.0335859551600746	0.03
1.844053766	0.0329297940171497	0.04
1.846490238	0.0329297940171497	0.04
1.860668056	0.0332546381562573	0.05
1.876458705	0.0282401606304443	0.07
1.917919203	0.0266758695041448	0.11
1.919145255	0.0268886448444984	0.11
1.932723098	0.0266758695041448	0.12
1.933588634	0.0271048418063133	0.12
1.934242286	0.0277748081628774	0.12
1.93486401	0.025275782487204	0.13
1.938309591	0.0247197455343633	0.13
1.938319698	0.0247197455343633	0.13
1.939501786	0.0249023528503383	0.13
1.940502926	0.0249023528503383	0.13
1.945075766	0.0402413188379109	0.14
1.956133657	0.0402413188379109	0.15
1.95745413	0.0402413188379109	0.15
1.961031557	0.0405316216418839	0.15
2.03833515	0.034979981786324	0.23
2.039242563	0.0351991292985615	0.23
2.057190684	0.034979981786324	0.25
2.057670659	0.034979981786324	0.25
2.058434493	0.034979981786324	0.25
2.067556414	0.034979981786324	0.26
2.077371996	0.034979981786324	0.27
2.080200147	0.0351991292985615	0.27
2.112854786	0.034979981786324	0.3
2.114638141	0.0426872570801606	0.3
2.117539144	0.034338611828666	0.31
2.122322709	0.0345497724694499	0.31
2.130868897	0.0345497724694499	0.32
2.175983465	0.0537040152550869	0.36
2.201956234	0.034338611828666	0.39
2.21647999	0.0341300166435375	0.41
2.225736601	0.0512544264688314	0.41
2.22607531	0.0522069478276596	0.41
2.226980498	0.0329297940171497	0.42
2.268175967	0.142714093073911	0.41
2.396315913	0.180039415928632	0.32
2.401471639	0.185178280044283	0.32
2.57811595	0.223465765581268	0.15
2.634889835	0.23000001756503	0.09
2.63880046	0.217292530621118	0.09
2.64482266	0.23000001756503	0.08
2.669724846	0.219312026637278	0.06
2.670697515	0.2273808208279	0.06
2.67074212	0.2273808208279	0.06
2.670831293	0.2273808208279	0.06
2.671193179	0.2273808208279	0.06
2.671237545	0.2273808208279	0.06
2.671237705	0.2273808208279	0.06
2.671599486	0.2273808208279	0.06
2.671599646	0.2273808208279	0.06
2.671872794	0.2273808208279	0.06
2.671961685	0.2273808208279	0.06
2.672686057	0.2273808208279	0.06
2.673366554	0.2273808208279	0.06
2.674201502	0.243028173131265	0.06
2.674498542	0.243028173131265	0.06
2.674640938	0.243028173131265	0.06
2.674817434	0.243028173131265	0.06
2.67498819	0.243028173131265	0.06
2.675753192	0.243028173131265	0.06
2.67595059	0.243028173131265	0.06
2.677404052	0.2277798845636	0.05
2.678640892	0.219312026637278	0.05
2.68050645	0.219312026637278	0.05
2.681604422	0.2273808208279	0.05
2.684222358	0.243028173131265	0.05
2.690797174	0.240662269780432	0.04
2.697875326	0.256919669682559	0.04
2.700424629	0.256919669682559	0.04
2.703341222	0.247488696238915	0.04
2.716197088	0.238725588726067	0.05
2.720992773	0.233833104442824	0.05
2.721223607	0.238341986916824	0.05
2.721339166	0.238725588726067	0.06
2.721714851	0.238725588726067	0.06
2.721753239	0.238725588726067	0.06
2.72212898	0.238725588726067	0.06
2.722504826	0.238725588726067	0.06
2.727362573	0.238725588726067	0.06
2.728042156	0.238725588726067	0.06
2.728457177	0.238725588726067	0.06
2.730687704	0.243028173131265	0.06
2.733911556	0.234572700482789	0.07
2.741703646	0.232549972106062	0.08
2.742221604	0.232549972106062	0.08
2.744776734	0.232549972106062	0.08
2.758261585	0.232549972106062	0.09
2.795646082	0.224796268617481	0.13
2.814579483	0.224796268617481	0.15
2.884109016	0.224796268617481	0.22
2.885327778	0.224796268617481	0.22
2.893176138	0.233323802524193	0.23
3.116410384	0.217793909797541	0.45
3.116832706	0.217793909797541	0.45
3.190582361	0.219312026637278	0.49
3.194633906	0.209108972872062	0.5
3.560201153	0.217192531670041	0.840000000000001
3.561529658	0.213074111768796	0.850000000000001
3.561648443	0.213074111768796	0.850000000000001
3.562131134	0.213074111768796	0.850000000000001
3.563861522	0.213074111768796	0.850000000000001
3.565454716	0.213074111768796	0.850000000000001
3.566965252	0.217192531670041	0.850000000000001
3.567214517	0.217192531670041	0.850000000000001
3.568359469	0.217192531670041	0.850000000000001
3.571210711	0.219312026637278	0.850000000000001
3.571812505	0.213074111768796	0.860000000000001
3.572123566	0.213074111768796	0.860000000000001
3.572497766	0.213074111768796	0.860000000000001
3.575584373	0.213074111768796	0.860000000000001
3.579984214	0.217192531670041	0.860000000000001
3.62901857	0.217542931322967	0.910000000000001
3.629519691	0.217542931322967	0.910000000000001
3.6300627	0.217542931322967	0.910000000000001
3.631023885	0.219312026637278	0.910000000000001
3.631169027	0.219312026637278	0.910000000000001
3.631970124	0.219312026637278	0.910000000000001
3.707141358	0.197858454942583	0.980000000000001
3.778072999	0.197858454942583	1.05
4.078052931	0.206579837579077	1.34
4.445571488	0.202658057364682	1.71
4.452121847	0.206579837579077	1.71
4.453328856	0.219312026637278	1.72
4.464002998	0.202658057364682	1.73
4.475601202	0.202658057364682	1.74
4.480518943	0.202658057364682	1.74
4.492707945	0.208598203684542	1.75
4.536342962	0.208598203684542	1.75
4.536969429	0.208598203684542	1.75
4.537444354	0.208598203684542	1.75
4.550359745	0.208598203684542	1.76
4.773228095	0.206579837579077	1.89
4.895921957	0.206579837579077	2.02
5.342582978	0.209682800711598	2.13
5.343129076	0.209682800711598	2.13
5.343307119	0.209682800711598	2.13
5.443653327	0.209682800711598	2
5.445157132	0.209682800711598	2
6.234722781	0.236630925142036	2.66999999999999
6.244676548	0.236630925142036	2.67999999999999
6.35095118	0.225602202577139	2.77999999999998
6.358499262	0.225602202577139	2.78999999999998
7	0.166504406612199	3.36999999999997
