thrs	post_p	finalwindow
0	0.108039726371748	0.23
0.03256001	0.108039726371748	0.2
0.070216248	0.108039726371748	0.17
0.098963073	0.0899274117966044	0.16
0.103967892	0.0899274117966044	0.16
0.123778241	0.0858169058182054	0.17
0.127200542	0.0692086856019064	0.17
0.127695348	0.0673467325221622	0.17
0.128068503	0.0736186183599067	0.17
0.129609166	0.089762047466927	0.17
0.130460633	0.0883006903829017	0.17
0.14705261	0.071176521889953	0.15
0.148427326	0.0736186183599067	0.15
0.148447444	0.0936361937051623	0.15
0.148782099	0.0905110162131043	0.15
0.155752372	0.0944515024986379	0.15
0.172569069	0.0818740278923539	0.13
0.178062567	0.0742739133164583	0.12
0.178113806	0.0742739133164583	0.12
0.178140913	0.0742739133164583	0.12
0.178189211	0.0742739133164583	0.12
0.181430774	0.0875877113120611	0.12
0.181486035	0.0875877113120611	0.12
0.181824923	0.0875877113120611	0.12
0.191788381	0.0890253722617359	0.11
0.194681585	0.0963766584903317	0.11
0.205298456	0.098381926271419	0.1
0.222049977	0.071176521889953	0.08
0.222622275	0.0671060146612345	0.08
0.22265244	0.0671060146612345	0.08
0.222656148	0.0671060146612345	0.08
0.222686318	0.0671060146612345	0.08
0.222697977	0.0665706409496648	0.08
0.222812147	0.0665706409496648	0.08
0.222924291	0.084847330874803	0.08
0.223196808	0.0835404544665131	0.08
0.226694446	0.0822732261729329	0.08
0.226728961	0.0822732261729329	0.08
0.226867021	0.0822732261729329	0.08
0.226929675	0.0822732261729329	0.08
0.227177477	0.0835404544665131	0.08
0.227432153	0.0829019979341555	0.08
0.241897099	0.0676500693405061	0.07
0.24235868	0.0676500693405061	0.07
0.242875367	0.0679561510444393	0.06
0.242941212	0.0679561510444393	0.06
0.243116147	0.0667481471611246	0.06
0.249436037	0.0650145764766011	0.06
0.256228734	0.0698524285102925	0.05
0.256259656	0.0698524285102925	0.05
0.256650521	0.0698524285102925	0.05
0.272151172	0.0667481471611246	0.05
0.287097646	0.0614251029812338	0.06
0.295749179	0.0619955685139158	0.06
0.296044019	0.0619955685139158	0.06
0.296839561	0.0592444990746488	0.06
0.296874128	0.0592444990746488	0.06
0.296879772	0.0592444990746488	0.06
0.296919994	0.0592444990746488	0.06
0.297156652	0.0587233265044442	0.06
0.297161557	0.0587233265044442	0.06
0.297207868	0.0587233265044442	0.06
0.297242165	0.0587233265044442	0.06
0.29736316	0.0587233265044442	0.06
0.298033592	0.0582112434614031	0.06
0.298062423	0.0582112434614031	0.06
0.298432807	0.0582112434614031	0.06
0.29855614	0.0582112434614031	0.06
0.298682719	0.0582112434614031	0.06
0.29926506	0.0582112434614031	0.06
0.300128238	0.0582112434614031	0.06
0.301159527	0.0572134111039782	0.06
0.302397905	0.0592444990746488	0.06
0.30240618	0.0592444990746488	0.06
0.302452098	0.0592444990746488	0.06
0.302453753	0.0592444990746488	0.06
0.302493847	0.0592444990746488	0.06
0.302531356	0.0592444990746488	0.06
0.302535608	0.0592444990746488	0.06
0.302694303	0.0592444990746488	0.06
0.302844832	0.0592444990746488	0.06
0.303062807	0.0608650402470969	0.06
0.304168238	0.0592444990746488	0.06
0.306047128	0.0592444990746488	0.06
0.307314933	0.0669713655575307	0.05
0.319078068	0.0676500693405061	0.04
0.320217262	0.0676500693405061	0.04
0.322066605	0.0663061447862931	0.04
0.322591403	0.0663061447862931	0.04
0.323097253	0.0663061447862931	0.04
0.327195424	0.0643874790353978	0.04
0.330254195	0.0631688892676809	0.04
0.333944256	0.0631688892676809	0.04
0.334029253	0.0631688892676809	0.04
0.338071632	0.0673467325221622	0.05
0.343625259	0.0661601086470401	0.05
0.343706753	0.0661601086470401	0.05
0.350684009	0.0633687742480329	0.06
0.356206548	0.0633687742480329	0.06
0.356437896	0.0628385352007398	0.06
0.356490553	0.0628385352007398	0.06
0.357086112	0.0718575729185937	0.06
0.357959666	0.0762342475285662	0.06
0.360733393	0.0575421990650333	0.07
0.363236679	0.0575421990650333	0.07
0.363936107	0.0575421990650333	0.07
0.367161303	0.0679561510444393	0.07
0.367663989	0.0705082593725459	0.07
0.381649088	0.0508245208808417	0.07
0.382008897	0.0508245208808417	0.07
0.386909127	0.0562492110706439	0.06
0.387745392	0.0556242653055754	0.06
0.389222512	0.0532574401674088	0.06
0.389299853	0.0532574401674088	0.06
0.395214438	0.0572134111039782	0.06
0.398731854	0.0582112434614031	0.05
0.403209246	0.0565669797118966	0.05
0.411578949	0.0641811262336322	0.04
0.412388288	0.0641811262336322	0.04
0.415094538	0.0650145764766011	0.04
0.416416237	0.0376413656506149	0.03
0.418471182	0.0636617846430391	0.03
0.419019267	0.0619432705280867	0.03
0.423143546	0.0599213418252743	0.03
0.428769674	0.0654783743979503	0.02
0.438307149	0.0716084152491325	0.01
0.440316292	0.0699707614809594	0.01
0.441698853	0.0699707614809594	0.01
0.441750067	0.0699707614809594	0.01
0.444236336	0.0729747851948241	0.01
0.445049535	0.0693364832184423	0.01
0.445117302	0.0693364832184423	0.01
0.445185067	0.0689544984800296	0.01
0.445185068	0.0689544984800296	0.01
0.445245414	0.0689544984800296	0.01
0.445252833	0.0689544984800296	0.01
0.445252835	0.0689544984800296	0.01
0.445305777	0.0689544984800296	0.01
0.44531318	0.0689544984800296	0.01
0.445313187	0.0689544984800296	0.01
0.44531319	0.0689544984800296	0.01
0.445373562	0.0689544984800296	0.01
0.445419149	0.0689544984800296	0.01
0.445433949	0.0689544984800296	0.01
0.445479567	0.0689544984800296	0.01
0.445494353	0.0689544984800296	0.01
0.445540001	0.0689544984800296	0.01
0.445554774	0.0689544984800296	0.01
0.445615211	0.0689544984800296	0.01
0.445653547	0.0689544984800296	0.01
0.445675664	0.0689544984800296	0.01
0.445736134	0.0732148986043961	0.01
0.445857123	0.0889159126125572	0.01
0.445917642	0.0889159126125572	0.01
0.445970843	0.0889159126125572	0.01
0.445978177	0.0889159126125572	0.01
0.446188208	0.0879784186098792	0.01
0.446319857	0.0879784186098792	0.01
0.446341735	0.0879784186098792	0.01
0.446394864	0.0879784186098792	0.01
0.446395102	0.0879784186098792	0.01
0.446455777	0.0879784186098792	0.01
0.446465528	0.087517046154202	0.01
0.44656991	0.087517046154202	0.01
0.446633323	0.087517046154202	0.01
0.446772341	0.087517046154202	0.01
0.446967543	0.0866086676156437	0.01
0.447542535	0.0866086676156437	0.01
0.447876705	0.0861615131876284	0.01
0.447928306	0.0852809145223059	0.01
0.448701687	0.0844181337612797	0.01
0.448791313	0.0844181337612797	0.01
0.449051315	0.0844181337612797	0.01
0.452986292	0.0813638077930711	0.01
0.453102774	0.0813638077930711	0.01
0.453117722	0.0813638077930711	0.01
0.453312195	0.0809483770174919	0.01
0.453607731	0.0809483770174919	0.01
0.45367678	0.0809483770174919	0.01
0.453739439	0.0809483770174919	0.01
0.453782962	0.0809483770174919	0.01
0.453789353	0.0809483770174919	0.01
0.453802119	0.0809483770174919	0.01
0.453864814	0.0809483770174919	0.01
0.453927527	0.0809483770174919	0.01
0.453952078	0.0809483770174919	0.01
0.453977538	0.0809483770174919	0.01
0.453990257	0.0809483770174919	0.01
0.454131662	0.0809483770174919	0.01
0.454159539	0.0809483770174919	0.01
0.454228692	0.0809483770174919	0.01
0.454266222	0.0813638077930711	0.01
0.454278877	0.0813638077930711	0.01
0.454379121	0.0813638077930711	0.01
0.454423548	0.0813638077930711	0.01
0.454637485	0.0813638077930711	0.01
0.455180191	0.0813638077930711	0.01
0.455678249	0.118831335087678	0.01
0.455755613	0.123218246512831	0.01
0.455804735	0.123218246512831	0.01
0.456133439	0.129179412392402	0.01
0.456455968	0.0807422484217828	0.02
0.456880284	0.0807422484217828	0.02
0.45760535	0.0807422484217828	0.02
0.457901934	0.0807422484217828	0.02
0.458022431	0.0807422484217828	0.02
0.458664131	0.0803534823087375	0.02
0.460382332	0.0799684419987409	0.02
0.462114195	0.077016058487035	0.02
0.46331093	0.077016058487035	0.02
0.464728436	0.0737899407339625	0.02
0.46499053	0.0737899407339625	0.02
0.473676694	0.0711410345305926	0.03
0.478419311	0.0718575729185937	0.03
0.478888149	0.0747172963314615	0.03
0.479936634	0.0762342475285662	0.03
0.483511101	0.0663755450534295	0.04
0.483671852	0.0663755450534295	0.04
0.483988273	0.0663755450534295	0.04
0.484225862	0.0663755450534295	0.04
0.484458594	0.0666546050053029	0.04
0.485999254	0.0937879902047815	0.04
0.48628356	0.0830379871701006	0.04
0.486776039	0.0603150983301765	0.04
0.489107131	0.0661601086470401	0.04
0.490830832	0.0661601086470401	0.04
0.499369323	0.0588960288662301	0.05
0.50407637	0.0622084202162975	0.06
0.511690912	0.0566737019510235	0.06
0.514553924	0.0607775415541362	0.07
0.514645345	0.0607775415541362	0.07
0.514839037	0.0607775415541362	0.07
0.514971335	0.0607775415541362	0.07
0.51502476	0.0607775415541362	0.07
0.516063638	0.0807422484217828	0.07
0.518492841	0.0526968741724737	0.07
0.518564452	0.0526968741724737	0.07
0.520735072	0.0550130536239996	0.07
0.534226929	0.0146816773434845	0.07
0.534308248	0.0146816773434845	0.07
0.534380672	0.00819393528082799	0.06
0.534453117	0.00819393528082799	0.06
0.536755919	0.0156451427039054	0.06
0.539174229	0.016097886497212	0.06
0.543234343	0.016097886497212	0.06
0.544416783	0.0460495742648049	0.07
0.556645891	0.0567961643864384	0.05
0.562444529	0.0567961643864384	0.05
0.566766402	0.0551863105778691	0.06
0.568776608	0.0551863105778691	0.06
0.572491616	0.0557126917159469	0.06
0.57444178	0.0557126917159469	0.06
0.579525048	0.0579226145348516	0.06
0.583655412	0.0585027632745162	0.06
0.591193432	0.054162834821916	0.06
0.593402747	0.054162834821916	0.06
0.593573546	0.054162834821916	0.06
0.593673806	0.054162834821916	0.06
0.593673808	0.054162834821916	0.06
0.593754278	0.054162834821916	0.06
0.59375428	0.054162834821916	0.06
0.593824895	0.054162834821916	0.06
0.593834769	0.054162834821916	0.06
0.593915284	0.054162834821916	0.06
0.594036974	0.054162834821916	0.06
0.594152812	0.054162834821916	0.06
0.594237558	0.0557126917159469	0.06
0.594318181	0.0562492110706439	0.06
0.595015574	0.0573538590237419	0.06
0.595196772	0.0573538590237419	0.06
0.595887104	0.0573538590237419	0.06
0.597117526	0.0579226145348516	0.06
0.602148457	0.0573538590237419	0.06
0.604813246	0.0597750053491779	0.07
0.604905308	0.0597750053491779	0.07
0.60490531	0.0597750053491779	0.07
0.604905312	0.0597750053491779	0.07
0.604988853	0.0597750053491779	0.07
0.606051871	0.0597750053491779	0.07
0.606404306	0.0597750053491779	0.07
0.608756287	0.0573538590237419	0.06
0.61827716	0.0650145764766011	0.06
0.624510489	0.0619955685139158	0.06
0.635412418	0.0663061447862931	0.05
0.63624959	0.0663061447862931	0.05
0.636422142	0.0663061447862931	0.05
0.637260654	0.0663061447862931	0.05
0.638075882	0.0663061447862931	0.05
0.644129804	0.0631688892676809	0.06
0.646569798	0.0631688892676809	0.06
0.64801212	0.0631688892676809	0.06
0.648110758	0.0631688892676809	0.06
0.648827538	0.0631688892676809	0.06
0.65703705	0.0745151041407767	0.07
0.659386285	0.0739150405129559	0.07
0.667879261	0.0710540790386976	0.08
0.667969788	0.0710540790386976	0.08
0.669490645	0.0710540790386976	0.08
0.671132308	0.0705082593725459	0.08
0.678915807	0.0664261092932038	0.09
0.680410924	0.0664261092932038	0.09
0.68060848	0.0664261092932038	0.09
0.680786967	0.0664261092932038	0.09
0.690723937	0.0754098564892343	0.1
0.692614054	0.0759377610409542	0.1
0.697379755	0.0916230111326915	0.1
0.7123899	0.0889590009326953	0.11
0.712401774	0.0889590009326953	0.11
0.713541741	0.0889590009326953	0.11
0.714295462	0.0889590009326953	0.11
0.715653707	0.0856389746753616	0.12
0.715679053	0.0856389746753616	0.12
0.717816093	0.0872674222194018	0.12
0.719314887	0.0872674222194018	0.12
0.725869057	0.0856389746753616	0.13
0.72717465	0.0864455300167993	0.13
0.742183791	0.0796907223795398	0.14
0.744518666	0.0763752121746094	0.14
0.7500464	0.0459288748990652	0.14
0.756122282	0.049080654174474	0.13
0.762884543	0.0774364857389423	0.13
0.763284143	0.0807422484217828	0.13
0.763491091	0.0821385275338789	0.13
0.766651587	0.0842051594049401	0.13
0.772264397	0.0799220210507952	0.12
0.778829055	0.0842051594049401	0.12
0.779184816	0.0831562059017952	0.12
0.779976345	0.0831562059017952	0.12
0.786383987	0.0868861538387926	0.11
0.793117932	0.0825578450489317	0.1
0.797194853	0.0885409365457637	0.1
0.799403767	0.0850691292814185	0.1
0.8034392	0.0901974322261946	0.09
0.817085993	0.0865587547265596	0.08
0.828284953	0.0870604874716081	0.07
0.856064956	0.0891114117266272	0.04
0.861362559	0.0739150405129559	0.03
0.864973627	0.0917037819199781	0.03
0.874413626	0.093826762178665	0.02
0.875213305	0.0914083163397913	0.02
0.875954975	0.0896747476180866	0.02
0.877564409	0.0888323896232586	0.02
0.87832845	0.0877335583285226	0.02
0.880342154	0.0838443197246462	0.02
0.88244613	0.0820657497658412	0.01
0.882485476	0.0820657497658412	0.01
0.883671839	0.0895469210579198	0.01
0.885048106	0.0929049955296625	0.01
0.885800269	0.0926017515360756	0.01
0.888469193	0.0893921921670607	0.01
0.889014569	0.0871942741912306	0.01
0.889752182	0.0869271106748937	0.01
0.889857915	0.0869271106748937	0.01
0.890083013	0.0866615793371794	0.01
0.890218543	0.0861353537322227	0.01
0.890218544	0.0861353537322227	0.01
0.890228158	0.0861353537322227	0.01
0.890354074	0.0863976652664656	0.01
0.890354075	0.0863976652664656	0.01
0.890407894	0.0863976652664656	0.01
0.890474761	0.0863976652664656	0.01
0.890489605	0.0863976652664656	0.01
0.890489606	0.0863976652664656	0.01
0.890580647	0.0863976652664656	0.01
0.890595481	0.0863976652664656	0.01
0.89061031	0.0863976652664656	0.01
0.890610311	0.0863976652664656	0.01
0.89068659	0.0863976652664656	0.01
0.890701414	0.0863976652664656	0.01
0.890716233	0.0863976652664656	0.01
0.890731048	0.0863976652664656	0.01
0.890731049	0.0863976652664656	0.01
0.890851819	0.0863976652664656	0.01
0.890957836	0.0863976652664656	0.01
0.890972622	0.0863976652664656	0.01
0.890972623	0.0863976652664656	0.01
0.891093459	0.0863976652664656	0.01
0.89119957	0.0863976652664656	0.01
0.891214328	0.0863976652664656	0.01
0.891246709	0.0863976652664656	0.01
0.891382479	0.0863976652664656	0.01
0.891441435	0.0863976652664656	0.01
0.891456164	0.0863976652664656	0.01
0.891521465	0.0863976652664656	0.01
0.891562417	0.0863976652664656	0.01
0.891577132	0.0861353537322227	0.01
0.891686849	0.0861353537322227	0.01
0.891698132	0.0861353537322227	0.01
0.891793338	0.0861353537322227	0.01
0.891881522	0.0861353537322227	0.01
0.892017347	0.0861353537322227	0.01
0.89216782	0.0856154802400987	0.01
0.892182462	0.0856154802400987	0.01
0.892215798	0.0856154802400987	0.01
0.892546055	0.0861353537322227	0.01
0.892568748	0.0861353537322227	0.01
0.89273031	0.0861353537322227	0.01
0.892793389	0.0861353537322227	0.01
0.892952212	0.0868662744408085	0.01
0.89308003	0.0868662744408085	0.01
0.893142511	0.0868662744408085	0.01
0.893172464	0.0868662744408085	0.01
0.893313967	0.0868662744408085	0.01
0.893320622	0.0868662744408085	0.01
0.893352088	0.0868662744408085	0.01
0.894189143	0.0866086676156437	0.01
0.89420355	0.0866086676156437	0.01
0.89422449	0.0866086676156437	0.01
0.894232534	0.0866086676156437	0.01
0.894332391	0.0866086676156437	0.01
0.894482721	0.0866086676156437	0.01
0.894690708	0.085593340148097	0.01
0.894906463	0.085593340148097	0.01
0.894913415	0.085593340148097	0.01
0.895086463	0.0858449336707351	0.01
0.895638516	0.0895217935090966	0.01
0.895840307	0.0897821268525094	0.01
0.89592425	0.0897821268525094	0.01
0.896329745	0.0887497737495744	0.01
0.89685771	0.0882424491329354	0.01
0.89693811	0.0874922449171469	0.01
0.897197773	0.0905110162131043	0.01
0.89799116	0.0780208773271613	0.01
0.898155973	0.077016058487035	0.01
0.898455429	0.0765232926479714	0.01
0.898662437	0.0758759973482191	0.01
0.898755243	0.0750821165012092	0.01
0.89889623	0.0750821165012092	0.01
0.898920463	0.0750821165012092	0.01
0.899310528	0.0743046761863636	0.01
0.899974537	0.0765450594160803	0.01
0.900113547	0.0767014177011264	0.01
0.901568195	0.0691797063625658	0.01
0.902162268	0.07520527769666	0.01
0.902291602	0.0671060146612345	0.01
0.902860993	0.0637082973240682	0.01
0.902919093	0.0637082973240682	0.01
0.902932441	0.0637082973240682	0.01
0.904039961	0.0546378208660284	0.01
0.904508173	0.0465863706244504	0.01
0.904513058	0.0465863706244504	0.01
0.905345526	0.0463871537567943	0.01
0.905424433	0.0463871537567943	0.01
0.905541598	0.0463871537567943	0.01
0.906154318	0.0471944220461983	0.01
0.906197141	0.04678730600837	0.01
0.906210372	0.04678730600837	0.01
0.906508268	0.0469899822416877	0.01
0.906786831	0.0469899822416877	0.01
0.906922556	0.0469899822416877	0.01
0.906983581	0.0471944220461983	0.01
0.907060652	0.0471944220461983	0.01
0.90712089	0.0471944220461983	0.01
0.907185931	0.0471944220461983	0.01
0.907198748	0.0474006485408483	0.01
0.907298438	0.0471944220461983	0.01
0.907311244	0.0471944220461983	0.01
0.907324045	0.0471944220461983	0.01
0.907336843	0.0471944220461983	0.01
0.907336844	0.0471944220461983	0.01
0.907436592	0.0471944220461983	0.01
0.907449378	0.0471944220461983	0.01
0.90746216	0.0471944220461983	0.01
0.9075492	0.0471944220461983	0.01
0.907574745	0.0471944220461983	0.01
0.907587512	0.0471944220461983	0.01
0.907674633	0.0471944220461983	0.01
0.907700146	0.0471944220461983	0.01
0.907712898	0.0471944220461983	0.01
0.907951053	0.0471944220461983	0.01
0.907963774	0.0469899822416877	0.01
0.908076559	0.0474006485408483	0.01
0.908089264	0.0474006485408483	0.01
0.90817671	0.0478185561146329	0.01
0.908189407	0.0478185561146329	0.01
0.908202099	0.0478185561146329	0.01
0.908566283	0.0476086852504511	0.01
0.908577365	0.0476086852504511	0.01
0.908578929	0.0476086852504511	0.01
0.908691978	0.0480302854970161	0.01
0.908943472	0.048459419447682	0.01
0.908956071	0.048459419447682	0.01
0.909094444	0.048459419447682	0.01
0.909183517	0.0478185561146329	0.01
0.909195105	0.0478185561146329	0.01
0.909346075	0.0480302854970161	0.01
0.90938549	0.0480302854970161	0.01
0.909409249	0.0480302854970161	0.01
0.909434338	0.0480302854970161	0.01
0.909446878	0.0480302854970161	0.01
0.909620416	0.0480302854970161	0.01
0.909642167	0.0480302854970161	0.01
0.910014581	0.0474006485408483	0.01
0.910051995	0.0474006485408483	0.01
0.910204731	0.0478185561146329	0.01
0.911049792	0.0478185561146329	0.01
0.911062134	0.0478185561146329	0.01
0.91113001	0.0478185561146329	0.01
0.911383512	0.0476086852504511	0.01
0.911404622	0.0476086852504511	0.01
0.911518912	0.0476086852504511	0.01
0.911632099	0.0478185561146329	0.01
0.911747931	0.0478185561146329	0.01
0.912488931	0.048243898194648	0.01
0.912630246	0.0480302854970161	0.01
0.912707801	0.0480302854970161	0.01
0.912811242	0.0476086852504511	0.01
0.913139907	0.0453054429529406	0.01
0.913630289	0.0448991399714539	0.01
0.913751419	0.0448991399714539	0.01
0.914018042	0.0448991399714539	0.01
0.914696902	0.0526968741724737	0.01
0.914870556	0.0526968741724737	0.01
0.914968567	0.0526968741724737	0.01
0.915026039	0.0526968741724737	0.01
0.915269563	0.0526968741724737	0.01
0.915559183	0.0461405159276413	0.01
0.916024822	0.0461405159276413	0.01
0.916163647	0.0465697038863118	0.01
0.916912552	0.0474524870826144	0.01
0.917248255	0.0440691861042912	0.01
0.917957453	0.0573538590237419	0.01
0.918238351	0.0482295982524597	0.02
0.918456927	0.0486041732606451	0.02
0.918483627	0.0486041732606451	0.02
0.918816837	0.048984612081122	0.02
0.918837351	0.048984612081122	0.02
0.919120121	0.049962284957882	0.02
0.919655338	0.0501625214590066	0.02
0.919822583	0.0501625214590066	0.02
0.920002472	0.0503643694153517	0.02
0.921364075	0.0507729781366181	0.02
0.922071236	0.0509797789217512	0.02
0.922504312	0.051824107260455	0.02
0.922763582	0.051824107260455	0.02
0.923268187	0.0495665697422484	0.02
0.923473233	0.0495665697422484	0.02
0.924160807	0.0495665697422484	0.02
0.924412009	0.0495665697422484	0.02
0.924507726	0.0495665697422484	0.02
0.924627878	0.0504223389669988	0.02
0.929379518	0.0466130622333635	0.03
0.93064775	0.0462684393760822	0.03
0.93220206	0.04678730600837	0.03
0.934700606	0.0458687621771732	0.03
0.93534835	0.0460495742648049	0.03
0.938446291	0.0305265135388775	0.03
0.938770844	0.0325086703960521	0.03
0.942896738	0.0136045082270424	0.03
0.944027825	0.0134945006681761	0.03
0.949342587	0.0164145594328632	0.03
0.950306111	0.0277822763038124	0.04
0.951999424	0.0178164820180713	0.04
0.953473419	0.0186112499734162	0.04
0.954119877	0.0191816954310672	0.04
0.954191796	0.0191816954310672	0.04
0.955985355	0.0206025234722974	0.04
0.956018846	0.0206025234722974	0.04
0.956296714	0.0211240919345143	0.04
0.956549025	0.0211240919345143	0.04
0.95679317	0.0211240919345143	0.04
0.957016096	0.0213038664310488	0.04
0.957077957	0.0213038664310488	0.04
0.957486775	0.0214867270983023	0.04
0.959642592	0.0239540251567556	0.04
0.959857154	0.0246620030632697	0.04
0.960039043	0.0249073881345023	0.04
0.964446178	0.0191816954310672	0.05
0.964458654	0.0191816954310672	0.05
0.966290332	0.0211240919345143	0.05
0.966653906	0.0211240919345143	0.05
0.966980911	0.0213038664310488	0.05
0.966980912	0.0213038664310488	0.05
0.966986309	0.0213038664310488	0.05
0.967139043	0.0213038664310488	0.05
0.967297223	0.0214867270983023	0.05
0.967302571	0.0214867270983023	0.05
0.967302572	0.0214867270983023	0.05
0.967460779	0.0214867270983023	0.05
0.96746078	0.0214867270983023	0.05
0.967608447	0.0214867270983023	0.05
0.96761904	0.0214867270983023	0.05
0.967619041	0.0214867270983023	0.05
0.967772081	0.0214867270983023	0.05
0.967925221	0.0214867270983023	0.05
0.968088909	0.0216727540942812	0.05
0.968237002	0.0216727540942812	0.05
0.969035555	0.0232855610927399	0.05
0.970292984	0.0249073881345023	0.05
0.970442597	0.0249073881345023	0.05
0.973457204	0.0272381379381155	0.06
0.973766743	0.0277822763038124	0.06
0.974203145	0.0277822763038124	0.06
0.978183481	0.0304152427034614	0.06
0.981915796	0.0249073881345023	0.05
0.985118954	0.0237269798316588	0.05
0.9860103	0.0239540251567556	0.05
1.021711423	0.0656540092015944	0.06
1.022530753	0.0656540092015944	0.06
1.023898132	0.0656540092015944	0.06
1.027349785	0.0592444990746488	0.07
1.028094642	0.0597750053491779	0.07
1.029637844	0.0597750053491779	0.07
1.029659545	0.0603150983301765	0.07
1.030020301	0.0608650402470969	0.07
1.030392053	0.0625767293999061	0.07
1.030397618	0.0625767293999061	0.07
1.031720423	0.0625767293999061	0.07
1.032104884	0.0625767293999061	0.07
1.0327094	0.0625767293999061	0.07
1.034014818	0.0625767293999061	0.07
1.034376329	0.0625767293999061	0.07
1.034854243	0.0637723633483849	0.07
1.038905957	0.0699174620678396	0.08
1.041709188	0.0729747851948241	0.08
1.043349328	0.0729747851948241	0.08
1.044012776	0.0729747851948241	0.08
1.048661279	0.0665706409496648	0.09
1.049025044	0.0665706409496648	0.09
1.054783865	0.0705082593725459	0.09
1.057424783	0.0660437420792517	0.1
1.058571278	0.0665706409496648	0.1
1.067971123	0.0660437420792517	0.11
1.068168044	0.0660437420792517	0.11
1.06860264	0.0660437420792517	0.11
1.070020858	0.0671060146612345	0.11
1.076612069	0.0705082593725459	0.11
1.088407982	0.0755223600817364	0.13
1.088762574	0.0755223600817364	0.13
1.113082372	0.118379765650229	0.13
1.113233383	0.118379765650229	0.13
1.11414031	0.116028206689927	0.13
1.115076799	0.116028206689927	0.13
1.127882011	0.108640863682527	0.12
1.133642817	0.105471875376633	0.12
1.133988353	0.105471875376633	0.12
1.134317617	0.105471875376633	0.12
1.136767134	0.105471875376633	0.12
1.162829766	0.0987507120628546	0.14
1.183360064	0.0918522321603579	0.16
1.187305519	0.096799446974533	0.15
1.18762744	0.096799446974533	0.15
1.192009701	0.0952213916786791	0.15
1.192075895	0.0952213916786791	0.15
1.203309389	0.104600126109761	0.14
1.208724051	0.0739812365617135	0.13
1.208769953	0.0739812365617135	0.13
1.209215802	0.0739812365617135	0.13
1.209825949	0.0739812365617135	0.13
1.210085375	0.0739812365617135	0.13
1.210771389	0.0739812365617135	0.13
1.212614931	0.0732595375576792	0.13
1.22465873	0.0762342475285662	0.13
1.225416562	0.0762342475285662	0.13
1.226416878	0.0762342475285662	0.13
1.243346642	0.0818218954792195	0.12
1.246668032	0.0796907223795398	0.12
1.248955951	0.0783305649151499	0.12
1.252855937	0.0864455300167993	0.11
1.268447511	0.0833071538207369	0.1
1.270253663	0.0803886699148055	0.1
1.278899002	0.0807422484217828	0.09
1.285172518	0.0567961643864384	0.09
1.303502827	0.0756201350803509	0.1
1.33510162	0.0831562059017952	0.11
1.335485912	0.084847330874803	0.11
1.335711503	0.084847330874803	0.11
1.335892556	0.084847330874803	0.11
1.336051433	0.084847330874803	0.11
1.33638917	0.084847330874803	0.11
1.336413828	0.084847330874803	0.11
1.336595099	0.0792093265805933	0.12
1.336665633	0.0792093265805933	0.12
1.337117106	0.0792093265805933	0.12
1.337777279	0.0792093265805933	0.12
1.337887386	0.0784644877301137	0.12
1.338686534	0.0839932569494056	0.11
1.342368518	0.0831562059017952	0.11
1.346883901	0.0823356738194661	0.11
1.360533959	0.0815311764847182	0.12
1.360981621	0.0815311764847182	0.12
1.36116959	0.0815311764847182	0.12
1.361545683	0.0815311764847182	0.12
1.361952473	0.0815311764847182	0.12
1.362110213	0.0815311764847182	0.12
1.364721715	0.0799684419987409	0.12
1.365659238	0.0872674222194018	0.12
1.368077892	0.088105092933872	0.12
1.368578346	0.088105092933872	0.12
1.369020462	0.0898296229479757	0.12
1.370127164	0.0898296229479757	0.12
1.373967278	0.0907174545589556	0.12
1.377139612	0.0907174545589556	0.11
1.377274175	0.0907174545589556	0.11
1.377544294	0.0907174545589556	0.11
1.379222918	0.0916230111326915	0.11
1.384187356	0.0898296229479757	0.12
1.385801753	0.0898296229479757	0.12
1.430594094	0.0864455300167993	0.1
1.434752614	0.0864455300167993	0.1
1.440102642	0.0864455300167993	0.11
1.448119954	0.0856389746753616	0.12
1.450462129	0.084847330874803	0.12
1.454856842	0.084847330874803	0.12
1.457818346	0.084847330874803	0.13
1.484067531	0.0825578450489317	0.15
1.484117024	0.0825578450489317	0.15
1.485393153	0.0840701888773788	0.15
1.502972103	0.0810989510024231	0.17
1.506038743	0.084847330874803	0.17
1.511734415	0.0810989510024231	0.18
1.511964569	0.0810989510024231	0.18
1.512194724	0.0810989510024231	0.18
1.512403577	0.0810989510024231	0.18
1.512821455	0.0810989510024231	0.18
1.513239565	0.0810989510024231	0.18
1.515375804	0.0825578450489317	0.18
1.519065464	0.0810989510024231	0.19
1.561070241	0.15329895969725	0.22
1.56916589	0.146148645657694	0.22
1.595407686	0.15354425418735	0.19
1.595579044	0.15354425418735	0.19
1.611568792	0.1460207687027	0.18
1.652341299	0.161467445308697	0.14
1.718627381	0.190678077337044	0.07
1.745720251	0.202231267818959	0.04
1.758275756	0.198227726501138	0.03
1.77492366	0.192511058751189	0.02
1.777374698	0.208549271147071	0.01
1.780115455	0.198227726501138	0.01
1.780627841	0.198227726501138	0.01
1.780657572	0.198227726501138	0.01
1.780839524	0.196284816335134	0.01
1.780928629	0.196284816335134	0.01
1.78092863	0.196284816335134	0.01
1.781140367	0.196284816335134	0.01
1.781170031	0.196284816335134	0.01
1.781170032	0.196284816335134	0.01
1.781381862	0.196284816335134	0.01
1.781411498	0.196284816335134	0.01
1.781411499	0.196284816335134	0.01
1.781623424	0.196284816335134	0.01
1.781653031	0.196284816335134	0.01
1.781835463	0.196284816335134	0.01
1.781894629	0.196284816335134	0.01
1.782136292	0.194379622988899	0.01
1.782378022	0.194379622988899	0.01
1.782619816	0.194379622988899	0.01
1.783044725	0.194379622988899	0.01
1.783103602	0.194379622988899	0.01
1.783345594	0.194379622988899	0.01
1.783587651	0.194379622988899	0.01
1.783829774	0.194379622988899	0.01
1.783925287	0.194379622988899	0.01
1.784013316	0.194379622988899	0.01
1.78446873	0.194379622988899	0.01
1.784506241	0.194379622988899	0.01
1.785009515	0.196284816335134	0.01
1.785322292	0.207221291855791	0.01
1.786357195	0.201448845278079	0.01
1.787927091	0.180373585767783	0.01
1.788266632	0.180373585767783	0.01
1.788780487	0.180373585767783	0.01
1.788872102	0.180373585767783	0.01
1.78918715	0.180373585767783	0.01
1.790737455	0.192511058751189	0.01
1.79204453	0.19333707754511	0.02
1.795060195	0.149668148203096	0.02
1.795172249	0.145793983576976	0.02
1.795643534	0.141224483447172	0.02
1.796645824	0.132114800822864	0.02
1.796669094	0.132114800822864	0.02
1.796696941	0.132114800822864	0.02
1.799436111	0.117286319294844	0.02
1.809599251	0.111430890143118	0.03
1.812688451	0.0407014763706174	0.03
1.813215031	0.0417189577583706	0.03
1.813716026	0.042788614758729	0.03
1.813793197	0.042788614758729	0.03
1.814069382	0.0446987091005427	0.03
1.814069384	0.0446987091005427	0.03
1.814621756	0.0305265135388775	0.03
1.814621757	0.0305265135388775	0.03
1.814846808	0.0305265135388775	0.03
1.814872379	0.0305265135388775	0.03
1.815123071	0.0308082853864768	0.03
1.815169565	0.0308082853864768	0.03
1.815288509	0.0308082853864768	0.03
1.815373832	0.0310953074276408	0.03
1.815624663	0.0310953074276408	0.03
1.815850116	0.0310953074276408	0.03
1.815875562	0.0310953074276408	0.03
1.816101116	0.0310953074276408	0.03
1.816374833	0.0316857001891937	0.03
1.816628678	0.0316857001891937	0.03
1.817399416	0.0316857001891937	0.03
1.817633804	0.0316857001891937	0.03
1.818363245	0.0322989458986542	0.03
1.819217405	0.0332646530945722	0.03
1.819410514	0.0332646530945722	0.03
1.819581019	0.0332646530945722	0.03
1.81989941	0.0332646530945722	0.03
1.822065256	0.0499373677400548	0.04
1.824759677	0.0302498491359833	0.04
1.828541204	0.0319893842896824	0.04
1.829051906	0.0326145573135681	0.04
1.829613575	0.0329363976328055	0.04
1.836263396	0.0299781545574348	0.05
1.83758722	0.0305265135388775	0.05
1.837659261	0.0305265135388775	0.05
1.842215909	0.0326145573135681	0.05
1.844053766	0.0326145573135681	0.05
1.860668056	0.0316857001891937	0.07
1.872927722	0.0297112970831102	0.08
1.877534086	0.0167439413718852	0.07
1.919145255	0.0165776144348377	0.11
1.937910579	0.0230709541023482	0.13
1.938309591	0.0230709541023482	0.13
1.938319698	0.0230709541023482	0.13
1.939501786	0.0230709541023482	0.13
1.947078383	0.0226533926445633	0.14
1.95745413	0.0226533926445633	0.15
2.03833515	0.0775667729937133	0.23
2.04617014	0.0748892410446861	0.24
2.049316864	0.0743757647745483	0.24
2.057670659	0.0743757647745483	0.25
2.060706206	0.0690495995436937	0.25
2.067556414	0.0743757647745483	0.26
2.077935092	0.0743757647745483	0.27
2.080200147	0.0690495995436937	0.27
2.112854786	0.0690495995436937	0.3
2.114638141	0.0820657497658412	0.3
2.116340052	0.0733696503085394	0.31
2.122322709	0.0681102328978942	0.31
2.130868897	0.0681102328978942	0.32
2.175983465	0.102160799001951	0.36
2.201956234	0.0676500693405061	0.39
2.21647999	0.0728767321204435	0.41
2.22342495	0.0685766995002733	0.41
2.22607531	0.100117850570989	0.41
2.226678687	0.0864964444584699	0.42
2.226980498	0.0864964444584699	0.42
2.230993963	0.0815311764847182	0.42
2.268175967	0.212083024072963	0.41
2.273953022	0.195989282447444	0.4
2.279085054	0.21573859616503	0.4
2.283420782	0.199595505494475	0.39
2.287430653	0.219522397117482	0.39
2.36737444	0.231001637858381	0.31
2.416816988	0.273892044743625	0.29
2.57811595	0.267037495909972	0.16
2.634889835	0.267037495909972	0.1
2.63880046	0.267037495909972	0.1
2.644514931	0.267037495909972	0.09
2.64482266	0.267037495909972	0.09
2.65353762	0.25418848695091	0.08
2.664122924	0.269822990768774	0.07
2.67074212	0.269822990768774	0.07
2.670831293	0.269822990768774	0.07
2.671148642	0.269822990768774	0.07
2.671193019	0.269822990768774	0.07
2.671193179	0.269822990768774	0.07
2.671237545	0.269822990768774	0.07
2.671237705	0.269822990768774	0.07
2.671599486	0.269822990768774	0.07
2.671599646	0.269822990768774	0.07
2.671961685	0.267037495909972	0.07
2.672323822	0.264308925043029	0.07
2.672686057	0.264308925043029	0.07
2.67300408	0.264308925043029	0.07
2.673366554	0.264308925043029	0.07
2.673410821	0.264308925043029	0.07
2.674817434	0.269822990768774	0.06
2.675753192	0.269822990768774	0.06
2.675906626	0.269822990768774	0.06
2.677404052	0.269822990768774	0.06
2.678640892	0.269822990768774	0.06
2.679543675	0.269822990768774	0.06
2.679587204	0.269822990768774	0.06
2.68050645	0.269822990768774	0.06
2.681604422	0.269822990768774	0.06
2.684222358	0.269822990768774	0.05
2.690797174	0.259015715319851	0.06
2.690995907	0.259015715319851	0.06
2.692790444	0.269822990768774	0.05
2.697875326	0.261635550880883	0.06
2.700424629	0.261635550880883	0.06
2.716197088	0.244997251011777	0.06
2.720992773	0.244997251011777	0.06
2.721339166	0.244997251011777	0.06
2.721753239	0.244997251011777	0.06
2.72212898	0.244997251011777	0.06
2.722504826	0.244997251011777	0.06
2.725138453	0.233394706485311	0.06
2.725892101	0.233394706485311	0.06
2.730687704	0.233394706485311	0.06
2.733911556	0.239964640913182	0.07
2.741703646	0.237525080643466	0.08
2.742221604	0.237525080643466	0.08
2.744776734	0.231001637858381	0.08
2.758261585	0.231001637858381	0.09
2.767264537	0.228657144925848	0.1
2.784781798	0.221900767113411	0.12
2.814579483	0.221900767113411	0.15
2.857457722	0.221900767113411	0.19
2.870516676	0.221900767113411	0.2
2.884109016	0.226035329342648	0.22
3.091199805	0.235134623931201	0.42
3.116410384	0.245275304358699	0.45
3.116832706	0.245275304358699	0.45
3.153761559	0.261635550880883	0.48
3.479484296	0.24150421752285	0.8
3.557717034	0.236778029709226	0.880000000000001
3.560201153	0.246422921380019	0.880000000000001
3.561648443	0.244997251011777	0.880000000000001
3.562131134	0.244997251011777	0.880000000000001
3.563861522	0.239964640913182	0.880000000000001
3.565454716	0.242454833431963	0.880000000000001
3.566965252	0.261635550880883	0.880000000000001
3.571812505	0.251546148728587	0.880000000000001
3.572123566	0.280263923072047	0.880000000000001
3.572497766	0.280263923072047	0.880000000000001
3.579984214	0.254739403711808	0.880000000000001
3.62901857	0.257551989421517	0.910000000000001
3.62939674	0.257551989421517	0.910000000000001
3.629519691	0.257551989421517	0.910000000000001
3.631023885	0.259718591121386	0.910000000000001
3.639968026	0.25418848695091	0.900000000000001
3.82876748	0.269822990768774	1.02
3.963711323	0.272667209736211	1.08
4.078052931	0.272667209736211	1.2
4.442577106	0.300628454301393	0.970000000000001
4.445571488	0.300628454301393	0.970000000000001
4.452121847	0.300628454301393	0.980000000000001
4.45272527	0.300628454301393	0.980000000000001
4.453328856	0.300628454301393	0.980000000000001
4.453932605	0.300628454301393	0.980000000000001
4.464002998	0.300628454301393	0.980000000000001
4.475601202	0.294389436268649	0.970000000000001
4.478685952	0.294389436268649	0.970000000000001
4.480518943	0.294389436268649	0.970000000000001
4.492707945	0.294389436268649	0.960000000000001
4.536342962	0.294389436268649	0.980000000000001
4.536969429	0.294389436268649	0.980000000000001
4.537596069	0.294389436268649	0.980000000000001
4.550359745	0.294389436268649	1
4.773228095	0.294389436268649	1.22
4.848628454	0.297476235893732	1.29
4.895921957	0.294389436268649	1.34
5.341769851	0.278539408139709	1.78
5.342582978	0.281571388144811	1.78
5.343129076	0.281571388144811	1.78
5.346842194	0.288730238862808	1.79
5.443653327	0.281571388144811	1.88
5.445157132	0.291076745518737	1.88
6.232084175	0.280876519934346	2.16
6.2338777	0.280876519934346	2.16
6.234722781	0.280876519934346	2.16
6.35095118	0.289742943502692	1.91
7	0.26937931877179	2.54999999999999
