thrs	post_p	finalwindow
0	0.113629003391911	0.23
0.03256001	0.113629003391911	0.2
0.070216248	0.113629003391911	0.16
0.082355146	0.113629003391911	0.15
0.089689176	0.113629003391911	0.14
0.093809574	0.113629003391911	0.14
0.098963073	0.113629003391911	0.14
0.103967892	0.106287922960587	0.14
0.106977596	0.106287922960587	0.14
0.113424721	0.105155647393784	0.14
0.115659216	0.101899082448609	0.14
0.127200542	0.0988381636398487	0.13
0.127695348	0.0988381636398487	0.14
0.128068503	0.0988381636398487	0.14
0.129609166	0.0988381636398487	0.14
0.129730945	0.0988381636398487	0.14
0.148427326	0.0959557742488017	0.14
0.148447444	0.0959557742488017	0.14
0.151339737	0.0959557742488017	0.14
0.161204767	0.0959557742488017	0.13
0.172569069	0.0968977077235979	0.12
0.178062567	0.0968977077235979	0.11
0.178140913	0.0968977077235979	0.11
0.178189211	0.0968977077235979	0.11
0.178358463	0.0968977077235979	0.11
0.181486006	0.0955271846721016	0.12
0.181486035	0.0955271846721016	0.12
0.186084933	0.0968977077235979	0.11
0.205298456	0.103828358532735	0.1
0.206482242	0.100652242839672	0.1
0.222049977	0.0942074634180674	0.08
0.222622275	0.087384032035787	0.08
0.22265244	0.087384032035787	0.08
0.222656148	0.087384032035787	0.08
0.222686318	0.087384032035787	0.08
0.222697977	0.087384032035787	0.08
0.222716495	0.087384032035787	0.08
0.223196808	0.100937259158788	0.08
0.226694446	0.0942640839112203	0.08
0.226867021	0.0942640839112203	0.08
0.226923294	0.0942640839112203	0.08
0.226929675	0.0942640839112203	0.08
0.226957829	0.0942640839112203	0.08
0.226982815	0.0942640839112203	0.08
0.227081991	0.0942640839112203	0.08
0.241897099	0.0726502945134942	0.06
0.24235868	0.0726502945134942	0.06
0.242941212	0.0837446645089913	0.06
0.243116147	0.0830401645659946	0.06
0.249436037	0.0754259382278448	0.06
0.254481698	0.0816661358235127	0.05
0.256228734	0.0803368378285787	0.05
0.287097646	0.0629247526995394	0.05
0.295749179	0.0635322475627683	0.05
0.296834617	0.0635322475627683	0.05
0.296839561	0.0635322475627683	0.05
0.296839653	0.0635322475627683	0.05
0.296879772	0.0635322475627683	0.05
0.29691506	0.0635322475627683	0.05
0.296919994	0.0635322475627683	0.05
0.296960227	0.0635322475627683	0.05
0.297161557	0.0635322475627683	0.05
0.29736316	0.0635322475627683	0.05
0.297631463	0.0635322475627683	0.05
0.298033592	0.0635322475627683	0.05
0.298062423	0.0635322475627683	0.05
0.298432807	0.0635322475627683	0.05
0.298682719	0.0635322475627683	0.05
0.29926506	0.0635322475627683	0.05
0.299931082	0.0641515866573278	0.05
0.300128238	0.0641515866573278	0.05
0.300638986	0.0641515866573278	0.05
0.301159527	0.0635322475627683	0.05
0.301373268	0.0635322475627683	0.05
0.302406093	0.0629247526995394	0.05
0.302443572	0.0629247526995394	0.05
0.302452098	0.0629247526995394	0.05
0.302535608	0.0629247526995394	0.05
0.302757814	0.0629247526995394	0.05
0.302844832	0.0629247526995394	0.05
0.303062807	0.0629247526995394	0.05
0.303998368	0.0629247526995394	0.05
0.304168238	0.0629247526995394	0.05
0.305094409	0.0647831197808517	0.05
0.306047128	0.0647831197808517	0.05
0.306464617	0.0629247526995394	0.05
0.307314933	0.0623287655223376	0.05
0.308759935	0.061170030610904	0.05
0.320217262	0.061170030610904	0.04
0.320290117	0.061170030610904	0.04
0.322591403	0.061170030610904	0.04
0.322777267	0.061170030610904	0.04
0.323537089	0.0600535927370227	0.04
0.323808824	0.0600535927370227	0.04
0.327195424	0.0589771774733988	0.04
0.328591896	0.0584533117551714	0.04
0.330254195	0.0584533117551714	0.04
0.333944256	0.0579386705908682	0.04
0.334029253	0.0579386705908682	0.04
0.343625259	0.0550315795804543	0.05
0.343706753	0.0550315795804543	0.05
0.345554528	0.0550315795804543	0.05
0.350684009	0.0541263113514122	0.06
0.351815198	0.0536847548549009	0.06
0.356206548	0.0528229079058627	0.06
0.356351443	0.0528229079058627	0.06
0.356437896	0.0528229079058627	0.06
0.356490553	0.0528229079058627	0.06
0.357959666	0.0511796472464296	0.07
0.362945858	0.0507846837907833	0.07
0.363236679	0.0507846837907833	0.07
0.363936107	0.0507846837907833	0.07
0.366130409	0.0515808022875921	0.07
0.367663989	0.0647831197808517	0.07
0.37384574	0.093568160198042	0.08
0.386863037	0.0816661358235127	0.06
0.386909127	0.0816661358235127	0.06
0.387745392	0.0801737121435501	0.06
0.389299853	0.0787348566940572	0.06
0.389825341	0.0847400948167588	0.06
0.403209246	0.090094641093703	0.05
0.411578949	0.101656912246582	0.04
0.412388288	0.100937259158788	0.04
0.415094538	0.105867943115732	0.04
0.415772448	0.0505506183217353	0.03
0.419019267	0.0988381636398487	0.03
0.423143546	0.106199959858913	0.03
0.428769674	0.101899082448609	0.02
0.438307149	0.108627235546203	0.01
0.438815006	0.108627235546203	0.01
0.441698853	0.115677620530672	0.01
0.444236336	0.114286798871226	0.01
0.445049535	0.109835936313963	0.01
0.445185067	0.114601051702049	0.01
0.445185068	0.114601051702049	0.01
0.44525283	0.114601051702049	0.01
0.445252832	0.114601051702049	0.01
0.445252833	0.114601051702049	0.01
0.445252835	0.114601051702049	0.01
0.445305777	0.114601051702049	0.01
0.44531318	0.114601051702049	0.01
0.445313187	0.114601051702049	0.01
0.445313188	0.114601051702049	0.01
0.44531319	0.114601051702049	0.01
0.445373562	0.114601051702049	0.01
0.445419149	0.114601051702049	0.01
0.445494353	0.113974264781734	0.01
0.445554774	0.113974264781734	0.01
0.445578303	0.113974264781734	0.01
0.445615211	0.113974264781734	0.01
0.445675664	0.113974264781734	0.01
0.445691925	0.113974264781734	0.01
0.445736134	0.113974264781734	0.01
0.445849774	0.123147069362624	0.01
0.445857123	0.123147069362624	0.01
0.445917642	0.123147069362624	0.01
0.445970843	0.123147069362624	0.01
0.445978177	0.123147069362624	0.01
0.446038729	0.123147069362624	0.01
0.446188208	0.120568511970815	0.01
0.446341735	0.120568511970815	0.01
0.446394864	0.120568511970815	0.01
0.446455777	0.120568511970815	0.01
0.44656991	0.120568511970815	0.01
0.446633323	0.120568511970815	0.01
0.446772341	0.120568511970815	0.01
0.446967543	0.120568511970815	0.01
0.447158639	0.120568511970815	0.01
0.447876705	0.120568511970815	0.01
0.447928306	0.119940657264308	0.01
0.448701687	0.119940657264308	0.01
0.449051315	0.121202974543771	0.01
0.449552291	0.121202974543771	0.01
0.451750007	0.120568511970815	0.01
0.453312195	0.118704362785107	0.01
0.453607731	0.118704362785107	0.01
0.453670383	0.118704362785107	0.01
0.45367678	0.118704362785107	0.01
0.453739439	0.118704362785107	0.01
0.453789353	0.118704362785107	0.01
0.453802119	0.118704362785107	0.01
0.453864805	0.118704362785107	0.01
0.453864814	0.118704362785107	0.01
0.453927527	0.118704362785107	0.01
0.453952078	0.118704362785107	0.01
0.453977538	0.118704362785107	0.01
0.453990257	0.118704362785107	0.01
0.454115767	0.118704362785107	0.01
0.454172215	0.118704362785107	0.01
0.454228692	0.118704362785107	0.01
0.454266222	0.119319307728596	0.01
0.454291524	0.119319307728596	0.01
0.454297847	0.119319307728596	0.01
0.454379121	0.119319307728596	0.01
0.454423548	0.119319307728596	0.01
0.454637485	0.119319307728596	0.01
0.455078808	0.119940657264308	0.01
0.455180191	0.119940657264308	0.01
0.455439212	0.142037859235567	0.01
0.455755613	0.166260653937314	0.01
0.455804735	0.166260653937314	0.01
0.456133439	0.11400395626885	0.02
0.456159276	0.11400395626885	0.02
0.457901934	0.11344245033484	0.02
0.458022431	0.11344245033484	0.02
0.460382332	0.11344245033484	0.02
0.46331093	0.11400395626885	0.02
0.473676694	0.106615922746347	0.03
0.474072423	0.106615922746347	0.03
0.47699163	0.0950319773628171	0.03
0.479936634	0.0992641305262761	0.04
0.484225862	0.0992641305262761	0.04
0.484927676	0.0996937849188119	0.04
0.485802156	0.122248340723812	0.04
0.485999254	0.106199959858913	0.04
0.48628356	0.0920511047036362	0.04
0.486776039	0.0803368378285787	0.04
0.489107131	0.0866864006999483	0.04
0.489424331	0.0866864006999483	0.04
0.490830832	0.0778039724366979	0.04
0.514553924	0.0927588381881903	0.07
0.51473946	0.0927588381881903	0.07
0.514742139	0.0927588381881903	0.07
0.514839037	0.0927588381881903	0.07
0.514971335	0.0927588381881903	0.07
0.51502476	0.0927588381881903	0.07
0.515124567	0.0931168017279524	0.07
0.51682809	0.0717004179214553	0.07
0.518564452	0.075138866134214	0.07
0.520735072	0.0690907771870369	0.07
0.534226929	0.0510209269385749	0.07
0.534308248	0.0510209269385749	0.07
0.534380672	0.0510209269385749	0.07
0.534453117	0.0510209269385749	0.07
0.536755919	0.0742906130402389	0.07
0.544416783	0.076596502516258	0.07
0.546060858	0.0844612204710158	0.06
0.556645891	0.0890320008089396	0.05
0.556807604	0.0890320008089396	0.05
0.55802857	0.0890320008089396	0.05
0.562444529	0.0890320008089396	0.05
0.566766402	0.0882361561100496	0.06
0.568776608	0.0882361561100496	0.06
0.572491616	0.0882361561100496	0.06
0.574371638	0.0882361561100496	0.06
0.57444178	0.0882361561100496	0.06
0.583655412	0.0959557742488017	0.06
0.586308239	0.0923643150783896	0.06
0.59079165	0.0882361561100496	0.06
0.591193432	0.0882361561100496	0.06
0.593573546	0.0882361561100496	0.06
0.593673806	0.0882361561100496	0.06
0.593673808	0.0882361561100496	0.06
0.593754277	0.0882361561100496	0.06
0.593754278	0.0882361561100496	0.06
0.59375428	0.0882361561100496	0.06
0.593824895	0.0882361561100496	0.06
0.594237558	0.0906675500497389	0.06
0.595015574	0.0845516530846517	0.06
0.595196772	0.0845516530846517	0.06
0.595887104	0.0845516530846517	0.06
0.602148457	0.0853743457550776	0.06
0.602674298	0.0853743457550776	0.06
0.604813246	0.087068713392327	0.06
0.604905308	0.087068713392327	0.06
0.60490531	0.087068713392327	0.06
0.604905312	0.087068713392327	0.06
0.604988853	0.087068713392327	0.06
0.605716504	0.087068713392327	0.06
0.605724938	0.087068713392327	0.06
0.606404306	0.0771201274827578	0.07
0.61827716	0.0845516530846517	0.06
0.636066531	0.0845516530846517	0.06
0.637031954	0.0837446645089913	0.06
0.637260654	0.0837446645089913	0.06
0.637881775	0.0814135519661701	0.06
0.638075882	0.0814135519661701	0.06
0.641599528	0.0814135519661701	0.06
0.644129804	0.0829529346241577	0.06
0.64559646	0.0829529346241577	0.06
0.646569798	0.0837446645089913	0.06
0.648110758	0.0837446645089913	0.06
0.648827538	0.0837446645089913	0.06
0.65703705	0.0884734115742231	0.07
0.667472678	0.0863829594246011	0.08
0.667879261	0.0863829594246011	0.08
0.667879263	0.0863829594246011	0.08
0.667969788	0.0863829594246011	0.08
0.671132308	0.0877654422454472	0.08
0.678915807	0.0783598427110721	0.09
0.68060848	0.0783598427110721	0.09
0.680702493	0.0783598427110721	0.09
0.680786967	0.0783598427110721	0.09
0.689921535	0.061743962116486	0.09
0.690723937	0.0606066706235154	0.09
0.692614054	0.061743962116486	0.09
0.696262833	0.0584533117551714	0.1
0.697379755	0.0584533117551714	0.1
0.7123899	0.0559676442959399	0.11
0.712401774	0.0559676442959399	0.11
0.713541741	0.0569361041981158	0.11
0.71365913	0.0569361041981158	0.11
0.715679053	0.0541263113514122	0.12
0.717816093	0.0550315795804543	0.12
0.719314887	0.0550315795804543	0.12
0.725609694	0.0536847548549009	0.13
0.725979546	0.0545751916806617	0.13
0.726772429	0.0545751916806617	0.13
0.742183791	0.0532503444004579	0.14
0.744518666	0.0524022787700616	0.14
0.7500464	0.0197275063023032	0.14
0.75180067	0.0606066706235154	0.14
0.756122282	0.0218933395511972	0.13
0.762884543	0.0648411490029382	0.13
0.763284143	0.0693943478563535	0.13
0.763387603	0.0717004179214554	0.13
0.763491091	0.0713273859072107	0.13
0.765321243	0.0737356715499336	0.13
0.7676628	0.0742307558037854	0.13
0.772264397	0.0685239524900881	0.12
0.778829055	0.0758815101502671	0.12
0.779976345	0.0747729687129106	0.12
0.786383987	0.0778039724366979	0.11
0.793117932	0.0739277518850068	0.1
0.794958533	0.0818919741811548	0.1
0.799403767	0.0794135293891699	0.1
0.8034392	0.0805466098637773	0.09
0.812482547	0.0703212795879472	0.08
0.817085993	0.0773649224419367	0.08
0.849686346	0.0834994503522738	0.05
0.861783488	0.0729186321008084	0.03
0.867661243	0.087068713392327	0.03
0.875954975	0.0869306929586427	0.02
0.877564409	0.0873353729052123	0.02
0.880342154	0.0839913231563533	0.02
0.882218863	0.0794957571627823	0.01
0.88244613	0.0789237129687023	0.01
0.883236842	0.0840363263742012	0.01
0.884296127	0.0909683517740539	0.01
0.885800269	0.0880472659602709	0.01
0.886381245	0.0874854169099916	0.01
0.888469193	0.0876036707962842	0.01
0.888863234	0.087068713392327	0.01
0.889576687	0.0860181625983135	0.01
0.890083013	0.0855023369676611	0.01
0.890218543	0.0852467371581128	0.01
0.890228158	0.0852467371581128	0.01
0.890309475	0.0849926609687703	0.01
0.890354074	0.0852467371581128	0.01
0.890354075	0.0852467371581128	0.01
0.890407894	0.0852467371581128	0.01
0.890459913	0.0852467371581128	0.01
0.890474761	0.0852467371581128	0.01
0.890489605	0.0852467371581128	0.01
0.890489606	0.0852467371581128	0.01
0.890580647	0.0852467371581128	0.01
0.890595481	0.0852467371581128	0.01
0.89061031	0.0852467371581128	0.01
0.890610311	0.0852467371581128	0.01
0.89068659	0.0852467371581128	0.01
0.890701414	0.0849926609687703	0.01
0.890716233	0.0849926609687703	0.01
0.890731048	0.0849926609687703	0.01
0.890731049	0.0849926609687703	0.01
0.890737499	0.0849926609687703	0.01
0.890822213	0.0849926609687703	0.01
0.890851819	0.0849926609687703	0.01
0.890928251	0.0849926609687703	0.01
0.890957836	0.0849926609687703	0.01
0.890972622	0.0849926609687703	0.01
0.890972623	0.0849926609687703	0.01
0.891093459	0.0847400948167588	0.01
0.89119957	0.0847400948167588	0.01
0.891214328	0.0847400948167588	0.01
0.891244043	0.0847400948167588	0.01
0.89133523	0.0847400948167588	0.01
0.891382479	0.0847400948167588	0.01
0.891441435	0.0847400948167588	0.01
0.891521465	0.0844890252801778	0.01
0.891562417	0.0844890252801778	0.01
0.891577132	0.0842394390957235	0.01
0.891698132	0.0842394390957235	0.01
0.891793338	0.0842394390957235	0.01
0.892017347	0.0834994503522738	0.01
0.89216782	0.0832556680343353	0.01
0.892182462	0.0832556680343353	0.01
0.892215798	0.0832556680343353	0.01
0.89229733	0.0834994503522738	0.01
0.892307805	0.0834994503522738	0.01
0.892568748	0.0837446645089913	0.01
0.892793389	0.0837446645089913	0.01
0.892924751	0.0896093078234859	0.01
0.892951888	0.0893485958682376	0.01
0.89308003	0.0893485958682376	0.01
0.893142511	0.0893485958682376	0.01
0.893172464	0.0890893965581133	0.01
0.893320622	0.0893485958682376	0.01
0.893352088	0.0893485958682376	0.01
0.893395592	0.0893485958682376	0.01
0.894085351	0.088320743989288	0.01
0.894189143	0.088320743989288	0.01
0.89420355	0.088320743989288	0.01
0.89422449	0.0878156355145121	0.01
0.894232534	0.0878156355145121	0.01
0.894332391	0.0880674654989887	0.01
0.894690708	0.0878156355145121	0.01
0.894913415	0.0878156355145121	0.01
0.895081202	0.0878156355145121	0.01
0.895300675	0.0878156355145121	0.01
0.89539422	0.0875652416452294	0.01
0.895524497	0.0875652416452294	0.01
0.89592425	0.0873162716414307	0.01
0.896329745	0.087068713392327	0.01
0.896396617	0.0878156355145121	0.01
0.89685771	0.0873162716414307	0.01
0.89693811	0.0873162716414307	0.01
0.897131294	0.0927113175534726	0.01
0.897282137	0.0944453608122234	0.01
0.89799116	0.0879175549659274	0.01
0.898155973	0.0860532402446578	0.01
0.898455429	0.085509266345086	0.01
0.898662437	0.0847945764425889	0.01
0.89889623	0.0840917343299395	0.01
0.899325427	0.0834004478184687	0.01
0.899974537	0.085759474143685	0.01
0.900113547	0.085759474143685	0.01
0.900274359	0.0855878778575897	0.01
0.900690942	0.0801737121435501	0.01
0.901007608	0.0922564088814005	0.01
0.90151373	0.0867556621737941	0.01
0.901568195	0.087701642828095	0.01
0.901947653	0.0865777843979045	0.01
0.902162268	0.0865777843979045	0.01
0.902860993	0.0798919575426103	0.01
0.902932441	0.0805092677488442	0.01
0.903166806	0.0760067137322863	0.01
0.903685884	0.0684025437037908	0.01
0.903876527	0.0681369528587573	0.01
0.904039961	0.0678734164891346	0.01
0.904220945	0.0608468349549032	0.01
0.904513058	0.061826832686588	0.01
0.905345526	0.0615788856557071	0.01
0.905541598	0.062076784504335	0.01
0.906197141	0.0623287655223376	0.01
0.906508268	0.0623287655223376	0.01
0.906786831	0.0623287655223376	0.01
0.906983581	0.0636199914071912	0.01
0.90712089	0.0636199914071912	0.01
0.907198748	0.0644207296825949	0.01
0.907199842	0.0644207296825949	0.01
0.907298438	0.0600957785556523	0.01
0.907311244	0.0600957785556523	0.01
0.907324045	0.0600957785556523	0.01
0.907336843	0.0600957785556523	0.01
0.907336844	0.0600957785556523	0.01
0.907436592	0.0600957785556523	0.01
0.907449378	0.0600957785556523	0.01
0.90746216	0.0600957785556523	0.01
0.9075492	0.0600957785556523	0.01
0.907574745	0.0600957785556523	0.01
0.907587512	0.0600957785556523	0.01
0.907674633	0.0600957785556523	0.01
0.907700146	0.0600957785556523	0.01
0.907712898	0.0600957785556523	0.01
0.907951053	0.0600957785556523	0.01
0.907963773	0.0598435489400694	0.01
0.907963774	0.0598435489400694	0.01
0.908076559	0.0600957785556523	0.01
0.908089263	0.0600957785556523	0.01
0.908089264	0.0600957785556523	0.01
0.908189407	0.0603501433741372	0.01
0.908453284	0.0600957785556523	0.01
0.908566283	0.059593427754604	0.01
0.908577365	0.059593427754604	0.01
0.908691978	0.0600957785556523	0.01
0.908729307	0.0600957785556523	0.01
0.908816452	0.0600957785556523	0.01
0.908943472	0.0600957785556523	0.01
0.908956071	0.0600957785556523	0.01
0.909308419	0.059593427754604	0.01
0.909346075	0.0598435489400694	0.01
0.90938549	0.0598435489400694	0.01
0.909409249	0.0598435489400694	0.01
0.909434338	0.0598435489400694	0.01
0.909446878	0.0598435489400694	0.01
0.909620416	0.0598435489400694	0.01
0.909642167	0.0598435489400694	0.01
0.909838426	0.059593427754604	0.01
0.909914657	0.059593427754604	0.01
0.910014581	0.059593427754604	0.01
0.910051995	0.059593427754604	0.01
0.910204731	0.0598435489400694	0.01
0.910267	0.0598435489400694	0.01
0.910467776	0.0600957785556523	0.01
0.910628128	0.0600957785556523	0.01
0.911049792	0.0606066706235154	0.01
0.911062134	0.0606066706235154	0.01
0.91113001	0.0606066706235154	0.01
0.911383512	0.0603501433741372	0.01
0.911518912	0.0606066706235154	0.01
0.911747931	0.0608653879967009	0.01
0.911776598	0.0608653879967009	0.01
0.912015459	0.0616549649731759	0.01
0.912488931	0.0616549649731759	0.01
0.912707801	0.0616549649731759	0.01
0.912811242	0.0692847555869654	0.01
0.912967277	0.0608653879967009	0.01
0.913006436	0.0608653879967009	0.01
0.913139907	0.0608653879967009	0.01
0.913244462	0.0611263236614965	0.01
0.913630289	0.0608653879967009	0.01
0.913751419	0.0613895062708166	0.01
0.914018042	0.0616549649731759	0.01
0.914696902	0.0669486299201044	0.01
0.914870556	0.0669486299201044	0.01
0.914968567	0.0669486299201044	0.01
0.914983658	0.0669486299201044	0.01
0.915269563	0.0669486299201044	0.01
0.916024822	0.0678359347593738	0.01
0.916208994	0.0681369528587573	0.01
0.917957453	0.0559676442959399	0.01
0.918238351	0.0535101429100537	0.01
0.918456927	0.0540374199188839	0.01
0.918483627	0.0540374199188839	0.01
0.918816837	0.066334037572627	0.02
0.919120121	0.0670948985814286	0.02
0.919822583	0.0673524125538233	0.02
0.920002472	0.0678734164891346	0.02
0.921364075	0.0686702131426486	0.02
0.922071236	0.0700406103422581	0.02
0.922763582	0.0703212795879472	0.02
0.922787758	0.0703212795879472	0.02
0.923473233	0.0623287655223376	0.02
0.924160807	0.0628389148108565	0.02
0.924507726	0.0633574839674485	0.02
0.927872541	0.0496355419219859	0.02
0.929379518	0.0545751916806617	0.02
0.93064775	0.0616716323896663	0.03
0.93220206	0.0632270409394599	0.03
0.934071327	0.0570065640045855	0.03
0.93534835	0.0572189936716984	0.03
0.941112169	0.0260539117297457	0.03
0.942896738	0.0287894613130914	0.03
0.944027825	0.0309563153457166	0.03
0.947518522	0.0298335947034669	0.04
0.948845214	0.0327430203876005	0.04
0.949342587	0.0335441516166469	0.04
0.950306111	0.0232879149417584	0.04
0.954191796	0.0290435823333015	0.04
0.955603107	0.031250324369735	0.04
0.956018846	0.031250324369735	0.04
0.956296714	0.0321668425547637	0.04
0.956549025	0.0321668425547637	0.04
0.956766863	0.0321668425547637	0.04
0.956780018	0.0321668425547637	0.04
0.95679317	0.0321668425547637	0.04
0.956793172	0.0321668425547637	0.04
0.957016096	0.0321668425547637	0.04
0.957486775	0.0321668425547637	0.04
0.958321379	0.0328083168350244	0.04
0.959665139	0.0217486288117658	0.05
0.960039043	0.0224919665523243	0.05
0.960819071	0.0236222943676377	0.05
0.964446178	0.0290435823333015	0.05
0.964458654	0.0290435823333015	0.05
0.966653906	0.0321668425547637	0.05
0.966980911	0.0321668425547637	0.05
0.966980912	0.0321668425547637	0.05
0.966986309	0.0321668425547637	0.05
0.967139043	0.0321668425547637	0.05
0.967144414	0.0321668425547637	0.05
0.967297226	0.0321668425547637	0.05
0.967302572	0.0321668425547637	0.05
0.96746078	0.0321668425547637	0.05
0.967608447	0.0321668425547637	0.05
0.967619041	0.0321668425547637	0.05
0.968083686	0.0324844131828293	0.05
0.968237002	0.0324844131828293	0.05
0.969666194	0.0201503498368105	0.06
0.970292984	0.0214648715145831	0.06
0.973457204	0.0246856403478541	0.06
0.973766743	0.0250616868565978	0.06
0.974203145	0.0250616868565978	0.06
0.97801719	0.026687876433568	0.06
0.978183481	0.026687876433568	0.06
0.981915796	0.0290435823333015	0.06
0.985118954	0	0.06
1.021711423	0.0102410724602155	0.07
1.023898132	0.0102410724602155	0.07
1.027042278	0.00969776405186591	0.08
1.027349785	0.00969776405186591	0.08
1.028094642	0.0097842764703095	0.08
1.029078227	0.00996201601804138	0.08
1.030397618	0.0102410724602155	0.08
1.030958443	0.0102410724602155	0.08
1.0327094	0.0102410724602155	0.08
1.033463082	0.0097842764703095	0.08
1.034014818	0.0097842764703095	0.08
1.034854243	0.00987234631307833	0.08
1.035677928	0.0293022294949383	0.08
1.036124234	0.029565524806993	0.08
1.038905957	0.0275827643999668	0.09
1.039046839	0.0275827643999668	0.09
1.043349328	0.0282943306444963	0.09
1.048661279	0.031250324369735	0.09
1.049025044	0.031250324369735	0.09
1.054783865	0.0275827643999668	0.1
1.057424783	0.0306677869451196	0.1
1.067766296	0.0306677869451196	0.11
1.067971123	0.0306677869451196	0.11
1.068277144	0.0306677869451196	0.11
1.06860264	0.0309563153457166	0.11
1.070020858	0.0315499716719244	0.11
1.070326964	0.0318554210123383	0.11
1.076612069	0.0328083168350244	0.11
1.088407982	0.0420276254488437	0.13
1.091073782	0.0433567310685069	0.13
1.112743253	0.0519882956566592	0.14
1.113082372	0.0519882956566592	0.14
1.115076799	0.0535101429100537	0.14
1.127882011	0.051500068975031	0.15
1.133642817	0.0545751916806617	0.14
1.134317617	0.0545751916806617	0.14
1.137302108	0.0545751916806617	0.14
1.162829766	0.0510209269385749	0.14
1.183360064	0.0428485805785024	0.16
1.187305519	0.0528229079058627	0.15
1.187446683	0.0528229079058627	0.15
1.18762744	0.0519882956566592	0.15
1.192009701	0.0511796472464296	0.15
1.192725439	0.0507846837907833	0.15
1.203309389	0.0550315795804543	0.14
1.208724051	0.0510209269385749	0.13
1.208769953	0.0510209269385749	0.13
1.209751115	0.0510209269385749	0.13
1.210771389	0.0505506183217353	0.13
1.21086869	0.0505506183217353	0.13
1.212614931	0.0500889010774929	0.13
1.224141399	0.0500889010774929	0.12
1.22465873	0.0500889010774929	0.12
1.225416562	0.0500889010774929	0.12
1.226416878	0.0500889010774929	0.12
1.243346642	0.0318554210123383	0.11
1.245566855	0.0328083168350244	0.11
1.246668032	0.0328083168350244	0.11
1.248955951	0.0500127669710288	0.12
1.265568721	0.0536847548549009	0.1
1.270253663	0.0511796472464296	0.1
1.285172518	0.0404766066108914	0.08
1.289511656	0.0397432493516188	0.08
1.293113698	0.0420276254488437	0.08
1.297280078	0.0408535288865563	0.08
1.302603198	0.0437022472725604	0.07
1.303502827	0.0437022472725604	0.07
1.325958837	0.0432712039899211	0.08
1.335485912	0.0420276254488437	0.09
1.335508208	0.0420276254488437	0.09
1.335711503	0.0428485805785024	0.09
1.335892556	0.0428485805785024	0.09
1.33625481	0.0428485805785024	0.09
1.33638917	0.0428485805785024	0.09
1.336413828	0.0428485805785024	0.09
1.336595099	0.0428485805785024	0.09
1.336665633	0.0428485805785024	0.09
1.336979907	0.0401065758631088	0.1
1.337117106	0.0401065758631088	0.1
1.337161305	0.0401065758631088	0.1
1.337524247	0.0401065758631088	0.1
1.337777279	0.0401065758631088	0.1
1.337887386	0.0401065758631088	0.1
1.338686534	0.0401065758631088	0.1
1.340005107	0.0401065758631088	0.1
1.342368518	0.0401065758631088	0.1
1.343443085	0.0404766066108914	0.1
1.346883901	0.0428485805785024	0.09
1.350085516	0.0428485805785024	0.09
1.360533959	0.0658010456987601	0.1
1.360981621	0.0726502945134942	0.09
1.36116959	0.0726502945134942	0.09
1.361338457	0.0726502945134942	0.09
1.361952473	0.0726502945134942	0.09
1.362110213	0.0726502945134942	0.09
1.362279458	0.0726502945134942	0.09
1.365659238	0.0693682230241295	0.09
1.368077892	0.0681369528587573	0.09
1.368578346	0.0681369528587573	0.09
1.369020462	0.0681369528587573	0.09
1.369707356	0.0681369528587573	0.09
1.373967278	0.0747729687129106	0.08
1.377139612	0.0706448114990714	0.08
1.377274175	0.0706448114990714	0.08
1.379222918	0.0719692671795854	0.08
1.418305639	0.0821760347120249	0.09
1.430594094	0.0720536965290706	0.1
1.434752614	0.0720536965290706	0.1
1.436494579	0.0720536965290706	0.11
1.450462129	0.0692118861779605	0.12
1.450674974	0.0692118861779605	0.12
1.450928234	0.0692118861779605	0.12
1.454003033	0.0692118861779605	0.12
1.454856842	0.0692118861779605	0.12
1.45657643	0.0755083621630312	0.12
1.457818346	0.0692118861779605	0.13
1.484067531	0.0686702131426486	0.15
1.484117024	0.0686702131426486	0.15
1.485393153	0.0686702131426486	0.15
1.494140559	0.0686702131426486	0.16
1.502972103	0.0686702131426486	0.17
1.506038743	0.0726502945134942	0.17
1.511964569	0.0686702131426486	0.18
1.512194724	0.0686702131426486	0.18
1.512403577	0.0686702131426486	0.18
1.512821455	0.0686702131426486	0.18
1.515375804	0.0686702131426486	0.18
1.516740221	0.0686702131426486	0.19
1.519065464	0.0686702131426486	0.19
1.558319819	0.124105531344522	0.23
1.558531046	0.124105531344522	0.23
1.55916507	0.123073954350729	0.23
1.561070241	0.135459422115658	0.22
1.595407686	0.157574626433277	0.19
1.745720251	0.183235136477596	0.04
1.758275756	0.188010948872219	0.03
1.77492366	0.172452143090751	0.02
1.777374698	0.193241275537636	0.01
1.780657571	0.178356070445302	0.01
1.780657572	0.178356070445302	0.01
1.780928629	0.176842512354021	0.01
1.78092863	0.176842512354021	0.01
1.781081012	0.176842512354021	0.01
1.781140367	0.176842512354021	0.01
1.781170031	0.176842512354021	0.01
1.781170032	0.176842512354021	0.01
1.781381862	0.176842512354021	0.01
1.781411498	0.176842512354021	0.01
1.781411499	0.176842512354021	0.01
1.781623424	0.176842512354021	0.01
1.781653031	0.176842512354021	0.01
1.781835463	0.176842512354021	0.01
1.781894629	0.176842512354021	0.01
1.782136292	0.176842512354021	0.01
1.782136293	0.176842512354021	0.01
1.782378022	0.175354426690903	0.01
1.782531315	0.175354426690903	0.01
1.782590324	0.175354426690903	0.01
1.782619816	0.175354426690903	0.01
1.783044725	0.175354426690903	0.01
1.783286774	0.175354426690903	0.01
1.783345594	0.175354426690903	0.01
1.783587651	0.175354426690903	0.01
1.78377107	0.175354426690903	0.01
1.784314217	0.175354426690903	0.01
1.78446873	0.175354426690903	0.01
1.784506241	0.175354426690903	0.01
1.784933025	0.175354426690903	0.01
1.785009515	0.175354426690903	0.01
1.785322292	0.175354426690903	0.01
1.785497332	0.175354426690903	0.01
1.785988286	0.172452143090751	0.01
1.786357195	0.172452143090751	0.01
1.788266632	0.162163617914431	0.01
1.788872102	0.162163617914431	0.01
1.789747139	0.162163617914431	0.01
1.790033715	0.162163617914431	0.01
1.790095821	0.162163617914431	0.01
1.790737455	0.150568765886368	0.01
1.792147241	0.168274487349396	0.02
1.794856772	0.14761350444275	0.02
1.795643534	0.135459422115658	0.02
1.796669094	0.12793525739716	0.02
1.796696941	0.12793525739716	0.02
1.813240824	0.0857079230537884	0.03
1.813716026	0.0652418815017366	0.03
1.813793197	0.0658010456987601	0.03
1.814069382	0.0658010456987601	0.03
1.814069384	0.0658010456987601	0.03
1.814345569	0.0663698775353715	0.03
1.814596154	0.0584533117551714	0.03
1.814621756	0.0584533117551714	0.03
1.814621757	0.0584533117551714	0.03
1.814846808	0.0584533117551714	0.03
1.814872379	0.0584533117551714	0.03
1.815123071	0.0606066706235154	0.03
1.815169565	0.0606066706235154	0.03
1.815288509	0.0606066706235154	0.03
1.815322808	0.061170030610904	0.03
1.815373832	0.061170030610904	0.03
1.815624663	0.061743962116486	0.03
1.815850116	0.061743962116486	0.03
1.815875562	0.061743962116486	0.03
1.816101116	0.0519882956566592	0.03
1.816374833	0.0524858678267833	0.03
1.816377569	0.0524858678267833	0.03
1.816628678	0.0519882956566592	0.03
1.816879855	0.0519882956566592	0.03
1.817382419	0.0519882956566592	0.03
1.817399416	0.0519882956566592	0.03
1.817633804	0.0519882956566592	0.03
1.818036082	0.0519882956566592	0.03
1.818363245	0.0524858678267833	0.03
1.819217405	0.0535101429100537	0.03
1.819395454	0.0535101429100537	0.03
1.820606159	0.119426905651814	0.04
1.82134289	0.0988381636398487	0.04
1.822065256	0.0837446645089913	0.04
1.823267442	0.0837446645089913	0.04
1.823345161	0.0601319850300749	0.04
1.824280416	0.0641515866573278	0.04
1.824759677	0.0569361041981158	0.04
1.835137623	0.0584533117551714	0.05
1.836263396	0.0500889010774929	0.05
1.83758722	0.0505506183217353	0.05
1.837659261	0.0505506183217353	0.05
1.839735229	0.0519882956566592	0.05
1.842215909	0.0849236301027935	0.06
1.846490238	0.0505506183217353	0.06
1.860668056	0.0545751916806617	0.07
1.860714054	0.0545751916806617	0.07
1.872927722	0.051500068975031	0.08
1.919145255	0.0524858678267833	0.11
1.93486401	0.0470788523233995	0.13
1.937910579	0.0466781264332002	0.13
1.938309591	0.0466781264332002	0.13
1.938319698	0.0466781264332002	0.13
1.945075766	0.0433567310685069	0.14
1.947078383	0.0433567310685069	0.14
1.961031557	0.0433567310685069	0.15
2.03833515	0.0633284501354019	0.23
2.039242563	0.0633284501354019	0.23
2.057190684	0.0740517614350774	0.24
2.057670659	0.0609810838482552	0.25
2.058434493	0.0609810838482552	0.25
2.058810915	0.0609810838482552	0.25
2.060706206	0.0609810838482552	0.25
2.067556414	0.0609810838482552	0.26
2.077653506	0.0609810838482552	0.27
2.07768814	0.0609810838482552	0.27
2.077935092	0.0609810838482552	0.27
2.079378601	0.0609810838482552	0.27
2.080200147	0.0609810838482552	0.27
2.112854786	0.0602368270060494	0.3
2.117539144	0.0755083621630312	0.3
2.119081815	0.0602368270060494	0.31
2.122322709	0.0602368270060494	0.31
2.130868897	0.0602368270060494	0.32
2.201956234	0.0598714698471187	0.39
2.21647999	0.0706448114990714	0.4
2.225736601	0.0652418815017366	0.41
2.22607531	0.0681369528587573	0.41
2.226678687	0.0713008892352647	0.41
2.226980498	0.0719692671795854	0.41
2.230993963	0.0591538922755339	0.42
2.268175967	0.158063574164659	0.41
2.273953022	0.163506675180906	0.4
2.279085054	0.156873685246961	0.4
2.283420782	0.163506675180906	0.39
2.36737444	0.186329862117358	0.31
2.396315913	0.198770937183936	0.29
2.57811595	0.221107372891221	0.16
2.63880046	0.183435435432658	0.09
2.664122924	0.227357505288409	0.07
2.669724846	0.223152215424362	0.07
2.670697515	0.194040990798069	0.06
2.67074212	0.194040990798069	0.06
2.670831293	0.194040990798069	0.06
2.671148642	0.194040990798069	0.06
2.671193179	0.194040990798069	0.06
2.671237545	0.194040990798069	0.06
2.671237705	0.194040990798069	0.06
2.671599646	0.194040990798069	0.06
2.671872794	0.194040990798069	0.06
2.671961685	0.194040990798069	0.06
2.672323822	0.194040990798069	0.06
2.672686057	0.194040990798069	0.06
2.67300408	0.194040990798069	0.06
2.673410821	0.194040990798069	0.06
2.674201502	0.227357505288409	0.06
2.674817434	0.227357505288409	0.06
2.675906626	0.223152215424362	0.06
2.67595059	0.223152215424362	0.06
2.678640892	0.223152215424362	0.06
2.679543675	0.223152215424362	0.06
2.679587204	0.223152215424362	0.06
2.681604422	0.194040990798069	0.05
2.684222358	0.227357505288409	0.05
2.690797174	0.227357505288409	0.05
2.690995907	0.227357505288409	0.05
2.692790444	0.221107372891221	0.05
2.697875326	0.227357505288409	0.04
2.714352711	0.194231896831149	0.05
2.720992773	0.181550094003153	0.05
2.721223607	0.192152369658245	0.05
2.721339166	0.206005608241581	0.06
2.721714851	0.206005608241581	0.06
2.721753239	0.206005608241581	0.06
2.722090639	0.206005608241581	0.06
2.72212898	0.206005608241581	0.06
2.725138453	0.190852061586092	0.06
2.725892101	0.190852061586092	0.06
2.727362573	0.190852061586092	0.06
2.728457177	0.190852061586092	0.06
2.730687704	0.194231896831149	0.06
2.733911556	0.20426170876619	0.07
2.734951629	0.189205872961974	0.07
2.741703646	0.202547086716423	0.08
2.742221604	0.202547086716423	0.08
2.744776734	0.18758783978325	0.08
2.758261585	0.18758783978325	0.09
2.767264537	0.18289563028553	0.1
2.795646082	0.17418186908039	0.13
2.814579483	0.17418186908039	0.15
2.857457722	0.17418186908039	0.19
2.870516676	0.176992711194721	0.2
2.874914635	0.17418186908039	0.21
2.885327778	0.17418186908039	0.22
2.901070252	0.176992711194721	0.23
3.116410384	0.215191682940945	0.45
3.116832706	0.215191682940945	0.45
3.153761559	0.225397077220368	0.48
3.190582361	0.246767532735068	0.47
3.194633906	0.246767532735068	0.48
3.560201153	0.254763195670191	0.840000000000001
3.561529658	0.252321130823441	0.850000000000001
3.561648443	0.252321130823441	0.850000000000001
3.562131134	0.252321130823441	0.850000000000001
3.563861522	0.252321130823441	0.850000000000001
3.565454716	0.254763195670191	0.850000000000001
3.566965252	0.254763195670191	0.850000000000001
3.568359469	0.254763195670191	0.850000000000001
3.571210711	0.257252993052617	0.850000000000001
3.571812505	0.252321130823441	0.860000000000001
3.62901857	0.236758961784789	0.910000000000001
3.62939674	0.236758961784789	0.910000000000001
3.631169027	0.238598437737672	0.910000000000001
3.631970124	0.274908286514475	0.910000000000001
3.963711323	0.304935006379291	1.23
4.452121847	0.326925434617365	1.69
4.45272527	0.326925434617365	1.69
4.453328856	0.326925434617365	1.69
4.459832487	0.326925434617365	1.7
4.464002998	0.326925434617365	1.7
4.475601202	0.326925434617365	1.71
4.478685952	0.326925434617365	1.72
4.480518943	0.326925434617365	1.72
4.536342962	0.330099456737027	1.75
4.537444354	0.330099456737027	1.75
4.537596069	0.330099456737027	1.75
4.550359745	0.330099456737027	1.76
4.773228095	0.326925434617365	1.92
4.848628454	0.326925434617365	2
4.895921957	0.326925434617365	2.04
5.342582978	0.350268868273699	2.19
5.343129076	0.350268868273699	2.19
5.343307119	0.350268868273699	2.19
5.443653327	0.35815720336101	2.25
6.234722781	0.358803646971442	2.66999999999999
6.35095118	0.328883065052012	2.77999999999998
6.358499262	0.328883065052012	2.78999999999998
7	0.258028904780275	3.36999999999997
