thrs	post_p	finalwindow
0	0.0902814000373615	0.23
0.03256001	0.0902814000373615	0.2
0.070216248	0.0890160938456828	0.17
0.082355146	0.0762005586088837	0.17
0.089689176	0.0762005586088837	0.16
0.098963073	0.0744149865819859	0.16
0.103967892	0.073553217520897	0.16
0.113424721	0.073553217520897	0.16
0.123778241	0.0727111795416888	0.17
0.127200542	0.0575563491707512	0.17
0.127695348	0.0714836610284096	0.17
0.129609166	0.0926765588255471	0.17
0.129730945	0.0926765588255471	0.17
0.148782099	0.0849672784761282	0.15
0.151339737	0.0919447724454313	0.15
0.161204767	0.0919447724454313	0.14
0.172569069	0.0902814000373615	0.13
0.178062567	0.0877857643303838	0.12
0.178140913	0.0877857643303838	0.12
0.178358463	0.0877857643303838	0.12
0.181486006	0.0912244520923594	0.12
0.186084933	0.0969767884273097	0.12
0.191788381	0.0919447724454313	0.11
0.205298456	0.102333882406646	0.1
0.222049977	0.0846652454548143	0.08
0.222622275	0.0842907104221217	0.08
0.22265244	0.0842907104221217	0.08
0.222656148	0.0842907104221217	0.08
0.222686318	0.0842907104221217	0.08
0.222697977	0.0836248318537059	0.08
0.222716495	0.0836248318537059	0.08
0.222924291	0.0986990597689869	0.08
0.223196808	0.0971887780952431	0.08
0.226694446	0.0902814000373615	0.08
0.226728961	0.0902814000373615	0.08
0.226867021	0.0902814000373615	0.08
0.226929675	0.0902814000373615	0.08
0.226957829	0.0902814000373615	0.08
0.227177477	0.0902814000373615	0.08
0.227432153	0.0896442822952964	0.08
0.237068117	0.0936078371692012	0.07
0.241897099	0.0922482743576173	0.07
0.242875367	0.109188036296874	0.06
0.242941212	0.109188036296874	0.06
0.243116147	0.107178026440055	0.06
0.249436037	0.097324163838349	0.06
0.254481698	0.105240682241748	0.05
0.256259656	0.10337213316407	0.05
0.263775407	0.0989787137117181	0.05
0.287097646	0.0818467591923095	0.05
0.296044019	0.0810633009556464	0.05
0.296834617	0.0810633009556464	0.05
0.296839561	0.0810633009556464	0.05
0.296839653	0.0810633009556464	0.05
0.296874128	0.0810633009556464	0.05
0.296879772	0.0810633009556464	0.05
0.296919994	0.0810633009556464	0.05
0.296960227	0.0810633009556464	0.05
0.297156652	0.0810633009556464	0.05
0.297161557	0.0810633009556464	0.05
0.297207868	0.0810633009556464	0.05
0.29723727	0.0810633009556464	0.05
0.297345093	0.0810633009556464	0.05
0.29736316	0.0810633009556464	0.05
0.297631463	0.0810633009556464	0.05
0.298033592	0.0810633009556464	0.05
0.298062423	0.0810633009556464	0.05
0.29855614	0.0810633009556464	0.05
0.299120783	0.0810633009556464	0.05
0.300128238	0.0669618315940435	0.06
0.301373268	0.0842907104221217	0.05
0.30240618	0.0834600028146697	0.05
0.302443572	0.0834600028146697	0.05
0.302452098	0.0834600028146697	0.05
0.302453753	0.0834600028146697	0.05
0.302493847	0.0834600028146697	0.05
0.302694303	0.0834600028146697	0.05
0.302757814	0.0834600028146697	0.05
0.303037639	0.0834600028146697	0.05
0.303062807	0.0834600028146697	0.05
0.303998368	0.0834600028146697	0.05
0.304168238	0.0834600028146697	0.05
0.305094409	0.0842907104221217	0.05
0.306047128	0.0842907104221217	0.05
0.306464617	0.0795405360057027	0.05
0.307314933	0.0780739261242284	0.05
0.308759935	0.0752971884706049	0.05
0.319078068	0.0759726900095596	0.04
0.320290117	0.0759726900095596	0.04
0.322066605	0.0759726900095596	0.04
0.322435043	0.0759726900095596	0.04
0.322591403	0.0759726900095596	0.04
0.323808824	0.0727111795416888	0.04
0.324596864	0.0727111795416888	0.04
0.327195424	0.0720921954042751	0.04
0.328591896	0.0720921954042751	0.04
0.338071632	0.0783951462548848	0.05
0.340262381	0.0777553276179452	0.05
0.343625259	0.0777553276179452	0.05
0.345554528	0.0765065182574943	0.05
0.350684009	0.0747067479588293	0.06
0.351815198	0.0741254952422878	0.06
0.356200611	0.073553217520897	0.06
0.356206548	0.073553217520897	0.06
0.356351443	0.073553217520897	0.06
0.356437896	0.0724347682215885	0.06
0.356490553	0.0724347682215885	0.06
0.357086112	0.0824666647460714	0.06
0.357959666	0.0730696805889087	0.06
0.362945858	0.0702969006496414	0.07
0.363236679	0.0702969006496414	0.07
0.366130409	0.0708194487528142	0.07
0.381649088	0.0745397476549214	0.07
0.382008897	0.074166713170755	0.07
0.386863037	0.0682371509506272	0.06
0.389299853	0.0714836610284096	0.06
0.395214438	0.0915831959244949	0.06
0.398731854	0.0762005586088837	0.05
0.403209246	0.0828765948727999	0.05
0.411578949	0.0969767884273097	0.04
0.412388288	0.0963463320923152	0.04
0.415094538	0.105240682241748	0.04
0.416416237	0.065919369095679	0.03
0.418471182	0.0833852951331774	0.03
0.423143546	0.0894985300617224	0.03
0.428769674	0.0864817985817461	0.02
0.438815006	0.0919447724454313	0.01
0.441698853	0.10211691933323	0.01
0.444236336	0.110105777054516	0.01
0.444499874	0.105825176455868	0.01
0.444770984	0.104662609126091	0.01
0.445049535	0.104662609126091	0.01
0.445117302	0.109838532555328	0.01
0.445185067	0.109838532555328	0.01
0.445185068	0.109838532555328	0.01
0.445245414	0.109838532555328	0.01
0.445252832	0.109838532555328	0.01
0.445252833	0.109838532555328	0.01
0.445252835	0.109838532555328	0.01
0.445305777	0.109838532555328	0.01
0.445313188	0.109838532555328	0.01
0.44531319	0.109838532555328	0.01
0.445373562	0.109838532555328	0.01
0.445433949	0.109838532555328	0.01
0.445479567	0.108068017493322	0.01
0.445494353	0.108068017493322	0.01
0.445554774	0.10691904739798	0.01
0.445578303	0.10691904739798	0.01
0.445615211	0.10691904739798	0.01
0.445675664	0.105794251788844	0.01
0.445736134	0.110745724982293	0.01
0.445970843	0.114451883951885	0.01
0.445978177	0.114451883951885	0.01
0.446038729	0.114451883951885	0.01
0.446319857	0.113865642641862	0.01
0.446341735	0.113865642641862	0.01
0.446351359	0.113865642641862	0.01
0.446394864	0.113865642641862	0.01
0.446395102	0.113865642641862	0.01
0.446455777	0.113865642641862	0.01
0.44656991	0.113285376374856	0.01
0.446633323	0.113285376374856	0.01
0.446888185	0.112710994266468	0.01
0.446967543	0.112710994266468	0.01
0.447533088	0.112710994266468	0.01
0.447542535	0.112710994266468	0.01
0.448701687	0.110470552961328	0.01
0.449051315	0.111579528111517	0.01
0.449552291	0.111022271283023	0.01
0.449715173	0.111022271283023	0.01
0.451750007	0.111022271283023	0.01
0.452986292	0.111022271283023	0.01
0.453117722	0.111022271283023	0.01
0.453607731	0.110470552961328	0.01
0.45367678	0.110470552961328	0.01
0.453739439	0.110470552961328	0.01
0.453782962	0.110470552961328	0.01
0.453789353	0.110470552961328	0.01
0.453802119	0.110470552961328	0.01
0.453864805	0.110470552961328	0.01
0.453864814	0.110470552961328	0.01
0.453927527	0.110470552961328	0.01
0.453952078	0.110470552961328	0.01
0.453977538	0.110470552961328	0.01
0.454159539	0.110470552961328	0.01
0.454291524	0.111579528111517	0.01
0.454297847	0.111579528111517	0.01
0.454379121	0.111579528111517	0.01
0.454543029	0.112710994266468	0.01
0.454618511	0.112710994266468	0.01
0.455078808	0.115642664694384	0.01
0.455439212	0.126861779194436	0.01
0.455550168	0.131359626673632	0.01
0.455665947	0.137451244016311	0.01
0.455678249	0.138737999813589	0.01
0.455755613	0.144135315921776	0.01
0.455804735	0.144135315921776	0.01
0.456159276	0.107272061642592	0.02
0.456455968	0.107272061642592	0.02
0.456880284	0.107272061642592	0.02
0.45760535	0.106756900197087	0.02
0.457901934	0.106756900197087	0.02
0.458022431	0.106756900197087	0.02
0.459124851	0.106246663107314	0.02
0.460382332	0.104744801884748	0.02
0.46331093	0.105240682241748	0.02
0.472596627	0.102333882406646	0.03
0.473676694	0.102333882406646	0.03
0.474072423	0.102333882406646	0.03
0.477096915	0.0965555714118914	0.04
0.478419311	0.0965555714118914	0.04
0.478888149	0.0965555714118914	0.04
0.479732593	0.0965555714118914	0.04
0.479936634	0.0965555714118914	0.04
0.483671852	0.0961379976697263	0.04
0.484458594	0.0969767884273097	0.04
0.484927676	0.0995833411384394	0.04
0.48628356	0.115944241578285	0.04
0.486776039	0.102462521755041	0.04
0.490830832	0.0969191334687012	0.05
0.50407637	0.0919447724454313	0.06
0.511690912	0.0777553276179452	0.06
0.514553924	0.089817148160785	0.07
0.514742139	0.089817148160785	0.07
0.514839037	0.0912244520923594	0.07
0.51502476	0.0912244520923594	0.07
0.515124567	0.0926765588255471	0.07
0.516063638	0.0993163974406672	0.07
0.518492841	0.0827924143174368	0.07
0.520735072	0.0724347682215885	0.07
0.534226929	0.041417451134464	0.07
0.534308248	0.041417451134464	0.07
0.534380672	0.041417451134464	0.07
0.534453117	0.041417451134464	0.07
0.539174229	0.0494846484958332	0.07
0.543234343	0.0498732161811534	0.07
0.544416783	0.0506689505115504	0.07
0.55657045	0.0580826920975823	0.05
0.556645891	0.0580826920975823	0.05
0.556807604	0.0580826920975823	0.05
0.55802857	0.0575563491707512	0.05
0.559788571	0.0570394599698348	0.05
0.566766402	0.0620550729809547	0.05
0.572491616	0.0565317720620964	0.06
0.574371638	0.0565317720620964	0.06
0.57444178	0.0565317720620964	0.06
0.579525048	0.0632918281716922	0.05
0.583655412	0.062667349255159	0.05
0.59079165	0.051742170404196	0.05
0.591193432	0.051742170404196	0.05
0.591819223	0.051742170404196	0.05
0.593402747	0.0522529879812371	0.05
0.593673806	0.0522529879812371	0.05
0.593673808	0.0522529879812371	0.05
0.593754277	0.0522529879812371	0.05
0.593754278	0.0522529879812371	0.05
0.593915284	0.0522529879812371	0.05
0.594036974	0.0522529879812371	0.05
0.594152812	0.051742170404196	0.05
0.594237558	0.051742170404196	0.05
0.594318181	0.051742170404196	0.05
0.595015574	0.050749922742506	0.06
0.595887104	0.050749922742506	0.06
0.596219211	0.050749922742506	0.06
0.596894832	0.050749922742506	0.06
0.597117526	0.0502679344529801	0.06
0.602674298	0.0502679344529801	0.06
0.604813246	0.0560330419227677	0.07
0.604905308	0.0560330419227677	0.07
0.604905312	0.0560330419227677	0.07
0.604988853	0.0560330419227677	0.07
0.605716504	0.0560330419227677	0.07
0.605724938	0.0560330419227677	0.07
0.606051871	0.0560330419227677	0.07
0.60631275	0.0560330419227677	0.07
0.606404306	0.0560330419227677	0.07
0.607971158	0.0522529879812371	0.06
0.608756287	0.0522529879812371	0.06
0.61827716	0.0560330419227677	0.07
0.624510489	0.0597211099752372	0.06
0.630942519	0.0591647958891652	0.06
0.635412418	0.0614546451408339	0.06
0.63624959	0.0614546451408339	0.06
0.637031954	0.0602879851730406	0.06
0.637260654	0.0602879851730406	0.06
0.637881775	0.0602879851730406	0.06
0.644129804	0.062667349255159	0.06
0.65703705	0.0631121392459377	0.07
0.659386285	0.0625791425280204	0.07
0.667879263	0.0610328330498703	0.08
0.669490645	0.0610328330498703	0.08
0.671132308	0.0595610984223423	0.08
0.678915807	0.0543215030705743	0.09
0.680410924	0.0543215030705743	0.09
0.680589305	0.0543215030705743	0.09
0.68060848	0.0543215030705743	0.09
0.680702493	0.0543215030705743	0.09
0.689921535	0.050749922742506	0.09
0.690723937	0.050749922742506	0.09
0.692614054	0.050749922742506	0.09
0.696262833	0.0467183418673326	0.1
0.7123899	0.0463095819133163	0.11
0.712401774	0.0463095819133163	0.11
0.713541741	0.0467183418673326	0.11
0.714295462	0.0467183418673326	0.11
0.715653707	0.0436369836364536	0.12
0.715679053	0.0436369836364536	0.12
0.717816093	0.0459079127708947	0.12
0.719314887	0.0459079127708947	0.12
0.725869057	0.0436369836364536	0.13
0.725979546	0.0439997398773877	0.13
0.72717465	0.0451251214739216	0.13
0.735438378	0.0310808948504754	0.13
0.742183791	0.0412560335272207	0.14
0.744518666	0.0394127768442284	0.14
0.7500464	0.0273354258686433	0.14
0.75180067	0.0317014224025202	0.13
0.756100951	0.0285648052553162	0.13
0.756122282	0.0285648052553162	0.13
0.763387603	0.0856955843314225	0.13
0.765321243	0.0838977388678717	0.13
0.7676628	0.0313880920429462	0.12
0.772093843	0.073176583021491	0.12
0.772264397	0.0781733330677276	0.12
0.778829055	0.0827405058225096	0.12
0.779184816	0.0821737789136301	0.12
0.786383987	0.0845969008092384	0.11
0.793117932	0.0823241455991215	0.1
0.794958533	0.0882292019835583	0.1
0.799403767	0.0829891022609063	0.1
0.8034392	0.0909868468578605	0.09
0.812482547	0.0806060671699176	0.08
0.817085993	0.0877857643303838	0.08
0.828284953	0.0889381887893082	0.07
0.856064956	0.0946199868290239	0.04
0.861362559	0.0752971884706049	0.03
0.861783488	0.0815839291958569	0.03
0.864973627	0.0962857549452113	0.03
0.866065884	0.0951688016756133	0.03
0.870144812	0.0887352725868026	0.03
0.874413626	0.0971408284888653	0.02
0.875213305	0.0954456034697233	0.02
0.875954975	0.0951688016756133	0.02
0.877564409	0.0930108749715691	0.02
0.880342154	0.0887352725868026	0.02
0.882218863	0.0826455091083732	0.01
0.88244613	0.0886338735741271	0.01
0.882485476	0.0886338735741271	0.01
0.883671839	0.1001041041795	0.01
0.884296127	0.099799665841551	0.01
0.885048106	0.0988973607349865	0.01
0.885800269	0.0980112252127444	0.01
0.886381245	0.0977193650460197	0.01
0.888469193	0.0954456034697233	0.01
0.889209764	0.0932752488350933	0.01
0.890068113	0.0917111712995024	0.01
0.890083013	0.0917111712995024	0.01
0.890218543	0.0917111712995024	0.01
0.890218544	0.0917111712995024	0.01
0.890309475	0.0912014038149062	0.01
0.890339212	0.0912014038149062	0.01
0.890354074	0.0914555772099573	0.01
0.890354075	0.0914555772099573	0.01
0.890407894	0.0914555772099573	0.01
0.890419078	0.0914555772099573	0.01
0.890459913	0.0914555772099573	0.01
0.890474761	0.0914555772099573	0.01
0.890489605	0.0914555772099573	0.01
0.890489606	0.0914555772099573	0.01
0.890506418	0.0914555772099573	0.01
0.890580647	0.0914555772099573	0.01
0.890595481	0.0914555772099573	0.01
0.89061031	0.0914555772099573	0.01
0.890610311	0.0914555772099573	0.01
0.89068659	0.0914555772099573	0.01
0.890701414	0.0909486393019931	0.01
0.890716233	0.0909486393019931	0.01
0.890731048	0.0909486393019931	0.01
0.890731049	0.0909486393019931	0.01
0.890822213	0.0909486393019931	0.01
0.890851819	0.0909486393019931	0.01
0.890928251	0.0909486393019931	0.01
0.890957836	0.0909486393019931	0.01
0.890972622	0.0909486393019931	0.01
0.890972623	0.0909486393019931	0.01
0.891093459	0.0904472903243055	0.01
0.89119957	0.0904472903243055	0.01
0.891214328	0.0904472903243055	0.01
0.891246709	0.0904472903243055	0.01
0.891320486	0.0904472903243055	0.01
0.891382479	0.0904472903243055	0.01
0.891441435	0.0904472903243055	0.01
0.891456164	0.0904472903243055	0.01
0.89149835	0.0904472903243055	0.01
0.891521465	0.0904472903243055	0.01
0.891562417	0.0904472903243055	0.01
0.891686849	0.0904472903243055	0.01
0.891698132	0.0904472903243055	0.01
0.891793338	0.0904472903243055	0.01
0.892012117	0.0901986828805988	0.01
0.892017347	0.0901986828805988	0.01
0.892245091	0.0901986828805988	0.01
0.89229733	0.0901986828805988	0.01
0.89273031	0.0906972719894516	0.01
0.892793389	0.0906972719894516	0.01
0.892924751	0.0959870467445097	0.01
0.892951888	0.0959870467445097	0.01
0.892952212	0.0959870467445097	0.01
0.893016766	0.0959870467445097	0.01
0.89308003	0.0959870467445097	0.01
0.893142511	0.0959870467445097	0.01
0.893172464	0.095724020136179	0.01
0.893352088	0.095724020136179	0.01
0.893395592	0.095724020136179	0.01
0.89422449	0.0949435188314244	0.01
0.894332391	0.095724020136179	0.01
0.894690708	0.0952022678691328	0.01
0.894906463	0.0952022678691328	0.01
0.894913415	0.0952022678691328	0.01
0.895081202	0.0954624310955151	0.01
0.895086463	0.0954624310955151	0.01
0.895638516	0.0944302174481236	0.01
0.896329745	0.0941756424747578	0.01
0.896396617	0.0944302174481236	0.01
0.89685771	0.0941756424747578	0.01
0.89693811	0.0936705883052896	0.01
0.897131294	0.0954701044824186	0.01
0.897316929	0.0915831959244949	0.01
0.89799116	0.0833046803791447	0.01
0.898485328	0.0810633009556464	0.01
0.898662437	0.0797429633783683	0.01
0.898755243	0.0792588581443731	0.01
0.89889623	0.0786224543780475	0.01
0.898920463	0.0786224543780475	0.01
0.899310528	0.0769239020538334	0.01
0.899413875	0.0804315784835897	0.01
0.900031532	0.0788945252203863	0.01
0.900274359	0.0793494372603105	0.01
0.900307304	0.0793494372603105	0.01
0.900690942	0.0676032869879704	0.01
0.901007608	0.0777870704105409	0.01
0.901947653	0.0651585770363423	0.01
0.902162268	0.0656638053924766	0.01
0.902860993	0.0568207671483038	0.01
0.903166806	0.04910208874873	0.01
0.903685884	0.0371389078787818	0.01
0.903876527	0.0371389078787818	0.01
0.904039961	0.0369946943088833	0.01
0.904513058	0.0372842502021363	0.01
0.905345526	0.0369946943088833	0.01
0.905541598	0.0369946943088833	0.01
0.906154318	0.0367096012382203	0.01
0.906210372	0.0365686961426624	0.01
0.906508268	0.0369946943088833	0.01
0.906922556	0.0372842502021363	0.01
0.907060652	0.0374307345830697	0.01
0.90712089	0.0374307345830697	0.01
0.907185931	0.0378771762861781	0.01
0.907198748	0.0378771762861781	0.01
0.907311244	0.0374307345830697	0.01
0.907324045	0.0375783745356097	0.01
0.907336843	0.0375783745356097	0.01
0.907336844	0.0375783745356097	0.01
0.907449378	0.0375783745356097	0.01
0.90746216	0.0375783745356097	0.01
0.907574745	0.0375783745356097	0.01
0.907587512	0.0375783745356097	0.01
0.907674633	0.0375783745356097	0.01
0.907700146	0.0375783745356097	0.01
0.907712898	0.0375783745356097	0.01
0.908076559	0.0375783745356097	0.01
0.908089263	0.0375783745356097	0.01
0.908089264	0.0375783745356097	0.01
0.90817671	0.0375783745356097	0.01
0.908189407	0.0375783745356097	0.01
0.908289632	0.0371389078787818	0.01
0.908453284	0.0371389078787818	0.01
0.908566283	0.0375783745356097	0.01
0.908577365	0.0375783745356097	0.01
0.908578929	0.0375783745356097	0.01
0.908691978	0.0377271837878445	0.01
0.908816452	0.0378771762861781	0.01
0.908855181	0.0375783745356097	0.01
0.908943472	0.0380283661996875	0.01
0.908956071	0.0380283661996875	0.01
0.909183517	0.0380283661996875	0.01
0.909195105	0.0380283661996875	0.01
0.909207673	0.0380283661996875	0.01
0.909270732	0.0380283661996875	0.01
0.909308419	0.0380283661996875	0.01
0.909346075	0.038645391433482	0.01
0.909409249	0.038645391433482	0.01
0.909434338	0.0388027890710291	0.01
0.909642167	0.0388027890710291	0.01
0.909838426	0.038489265556591	0.01
0.909896599	0.038489265556591	0.01
0.909914657	0.038489265556591	0.01
0.910014581	0.038489265556591	0.01
0.910051995	0.038645391433482	0.01
0.910467776	0.0389614740719258	0.01
0.910628128	0.0389614740719258	0.01
0.911049792	0.0396094088445012	0.01
0.911062134	0.0396094088445012	0.01
0.911351929	0.0396094088445012	0.01
0.911383512	0.0392827698612177	0.01
0.911404622	0.0392827698612177	0.01
0.911518912	0.0392827698612177	0.01
0.911632099	0.0392827698612177	0.01
0.911747931	0.0392827698612177	0.01
0.911776598	0.0392827698612177	0.01
0.912488931	0.0394454131576576	0.01
0.912630246	0.0394454131576576	0.01
0.912707801	0.0394454131576576	0.01
0.912776305	0.0394454131576576	0.01
0.912811242	0.0436369836364536	0.01
0.912967277	0.0352169391082817	0.01
0.913006436	0.0352169391082817	0.01
0.913139907	0.0352169391082817	0.01
0.913244462	0.0353640019966079	0.01
0.913630289	0.0352169391082817	0.01
0.914018042	0.0356618435380098	0.01
0.914696902	0.0399415254264576	0.01
0.914968567	0.0399415254264576	0.01
0.914983658	0.0399415254264576	0.01
0.915026039	0.0399415254264576	0.01
0.915269563	0.0399415254264576	0.01
0.915559183	0.0404502760419101	0.01
0.916024822	0.0404502760419101	0.01
0.916208994	0.0407967049532043	0.01
0.917248255	0.0404288194807526	0.01
0.917957453	0.0403133462709857	0.01
0.918238351	0.0439997398773877	0.01
0.918837351	0.051241243493465	0.01
0.919655338	0.0474513076747992	0.02
0.921364075	0.0487253986688996	0.02
0.922071236	0.0489130184759585	0.02
0.922787758	0.04910208874873	0.02
0.923473233	0.0412560335272207	0.02
0.924160807	0.0417441055927432	0.02
0.924412009	0.0417441055927432	0.02
0.924627878	0.0420759535806565	0.02
0.925553967	0.0427557335860402	0.02
0.927872541	0.0443066760646556	0.02
0.929379518	0.0602879851730406	0.02
0.93064775	0.0429581598628128	0.03
0.93220206	0.0438478610131327	0.03
0.933174706	0.036937321991052	0.03
0.934071327	0.0374601696916595	0.03
0.93534835	0.0374601696916595	0.03
0.938770844	0.0366390132189125	0.03
0.942896738	0.0285648052553162	0.03
0.944027825	0.0301943528697739	0.03
0.947518522	0.0324416450537236	0.04
0.948845214	0.0406227519286337	0.04
0.949342587	0.0437400164790538	0.04
0.950306111	0.0347544493969875	0.04
0.951999424	0.0317807348777189	0.04
0.953473419	0.0367449973413617	0.04
0.954191796	0.0373940056845159	0.04
0.955603107	0.0406227519286337	0.04
0.956018846	0.0406227519286337	0.04
0.956296714	0.041826575886748	0.04
0.956549025	0.041826575886748	0.04
0.956766863	0.041826575886748	0.04
0.95679317	0.041826575886748	0.04
0.956793172	0.041826575886748	0.04
0.957016096	0.041826575886748	0.04
0.957486775	0.0324416450537236	0.05
0.959031973	0.0417676353298098	0.05
0.959857154	0.0328151815606422	0.05
0.960039043	0.0340830511625862	0.05
0.964458654	0.0373940056845159	0.05
0.966290332	0.041826575886748	0.05
0.966653906	0.041826575886748	0.05
0.966980911	0.041826575886748	0.05
0.966980912	0.041826575886748	0.05
0.966986309	0.041826575886748	0.05
0.967144414	0.041826575886748	0.05
0.967297223	0.0363039349473445	0.06
0.967302572	0.0363039349473445	0.06
0.96746078	0.0306946528303038	0.06
0.967619041	0.0339270003783545	0.06
0.967925221	0.034885345117711	0.06
0.967935716	0.034885345117711	0.06
0.968088909	0.0350503578691176	0.06
0.969666194	0.0316382568785344	0.06
0.973766743	0.0335430544163114	0.06
0.974203145	0.0335430544163114	0.06
0.97801719	0.0380663524561866	0.06
0.978183481	0.0380663524561866	0.06
0.981915796	0.0394862846359167	0.06
0.985118954	0.0209375154725949	0.06
0.9860103	0.0211466456486371	0.06
1.023898132	0.0493309114838035	0.07
1.029078227	0.0459079127708947	0.08
1.029637844	0.0475578987672238	0.08
1.029659545	0.0475578987672238	0.08
1.030392053	0.047989095321795	0.08
1.031720423	0.047989095321795	0.08
1.032104884	0.0488753790130465	0.08
1.0327094	0.0488753790130465	0.08
1.033463082	0.0484281825396185	0.08
1.034014818	0.0488753790130465	0.08
1.034854243	0.0488753790130465	0.08
1.038905957	0.0439997398773877	0.09
1.041709188	0.0459079127708947	0.09
1.044012776	0.0463095819133163	0.09
1.048661279	0.050749922742506	0.09
1.049025044	0.050749922742506	0.09
1.054783865	0.0447436519275012	0.1
1.056246636	0.0455131515188132	0.1
1.058571278	0.050749922742506	0.1
1.067766296	0.0502679344529801	0.11
1.067971123	0.0502679344529801	0.11
1.068168044	0.0502679344529801	0.11
1.068277144	0.0502679344529801	0.11
1.06860264	0.0502679344529801	0.11
1.068892568	0.0502679344529801	0.11
1.070326964	0.0522529879812371	0.11
1.076612069	0.051076416292077	0.12
1.088762574	0.0487253986688996	0.13
1.113233383	0.0602879851730406	0.14
1.11414031	0.0620550729809547	0.14
1.116382888	0.062667349255159	0.14
1.127882011	0.0586187505021021	0.15
1.133988353	0.0608657251040653	0.15
1.134317617	0.0608657251040653	0.15
1.136767134	0.0522529879812371	0.14
1.137302108	0.0522529879812371	0.14
1.162829766	0.0488753790130465	0.14
1.183360064	0.0469254398353644	0.16
1.187305519	0.055061523073372	0.15
1.18762744	0.0545882884481952	0.15
1.192009701	0.0555430345455495	0.15
1.192725439	0.0545882884481952	0.15
1.208724051	0.0597211099752372	0.15
1.209215802	0.0597211099752372	0.15
1.209751115	0.0597211099752372	0.15
1.209768181	0.0597211099752372	0.15
1.209825949	0.0597211099752372	0.15
1.210085375	0.0597211099752372	0.15
1.210771389	0.0586187505021021	0.15
1.21086869	0.0580826920975823	0.15
1.212614931	0.106875343948354	0.15
1.224141399	0.0854243902439024	0.14
1.225416562	0.0854243902439024	0.14
1.226416878	0.0846652454548143	0.14
1.268447511	0.104298039387547	0.11
1.270060331	0.0911451125812243	0.1
1.270253663	0.0902814000373615	0.1
1.270604589	0.0902814000373615	0.1
1.275739262	0.0902814000373615	0.1
1.278899002	0.105240682241748	0.1
1.285172518	0.123132124043075	0.1
1.289511656	0.171576244069547	0.1
1.293113698	0.165104713784063	0.1
1.297280078	0.165104713784063	0.09
1.302603198	0.165104713784063	0.1
1.303502827	0.165104713784063	0.1
1.33510162	0.174722865205204	0.12
1.335508208	0.174722865205204	0.12
1.335711503	0.174722865205204	0.12
1.335892556	0.174722865205204	0.12
1.336051433	0.174722865205204	0.12
1.33638917	0.174722865205204	0.12
1.336413828	0.174722865205204	0.12
1.336595099	0.173042768264145	0.12
1.336665633	0.173042768264145	0.12
1.336979907	0.173042768264145	0.12
1.337117106	0.173042768264145	0.12
1.337524247	0.173042768264145	0.12
1.337777279	0.173042768264145	0.12
1.340005107	0.173042768264145	0.12
1.342315002	0.173042768264145	0.12
1.342368518	0.173042768264145	0.12
1.343443085	0.173042768264145	0.12
1.346883901	0.173042768264145	0.13
1.360533959	0.184895535736467	0.13
1.360774481	0.184895535736467	0.13
1.360981621	0.184895535736467	0.13
1.36116959	0.184895535736467	0.13
1.361338457	0.184895535736467	0.13
1.36135761	0.184895535736467	0.13
1.361545683	0.184895535736467	0.13
1.362279458	0.184895535736467	0.13
1.365659238	0.188554867018986	0.12
1.368077892	0.186707273019186	0.12
1.368578346	0.184895535736467	0.12
1.369020462	0.184895535736467	0.12
1.369707356	0.184895535736467	0.12
1.370127164	0.184895535736467	0.12
1.377139612	0.186707273019186	0.11
1.377274175	0.186707273019186	0.11
1.377544294	0.186707273019186	0.11
1.384187356	0.1813755355289	0.12
1.38563755	0.1813755355289	0.12
1.385801753	0.1813755355289	0.12
1.418305639	0.186707273019186	0.1
1.440102642	0.183118621381964	0.11
1.448119954	0.177987057399905	0.12
1.450928234	0.176339856892385	0.12
1.454003033	0.176339856892385	0.12
1.454856842	0.176339856892385	0.12
1.45657643	0.176339856892385	0.13
1.484067531	0.170045055336727	0.15
1.484117024	0.170045055336727	0.15
1.485393153	0.173135258867756	0.15
1.485917469	0.186707273019186	0.15
1.488337206	0.170045055336727	0.16
1.494140559	0.167063228401602	0.16
1.502972103	0.167063228401602	0.17
1.511734415	0.167063228401602	0.18
1.511964569	0.167063228401602	0.18
1.512194724	0.167063228401602	0.18
1.512821455	0.167063228401602	0.18
1.513239565	0.167063228401602	0.18
1.515375804	0.170045055336727	0.18
1.516740221	0.167063228401602	0.19
1.517647523	0.165611189981353	0.19
1.523536021	0.165611189981353	0.19
1.558531046	0.207356269409372	0.23
1.55916507	0.206415957257567	0.23
1.561070241	0.252786816202594	0.22
1.56916589	0.231008945365605	0.22
1.595407686	0.188405714921036	0.19
1.611568792	0.182848276852601	0.18
1.652341299	0.201303907069033	0.14
1.707257935	0.248574203537872	0.08
1.718627381	0.246261116591963	0.07
1.758275756	0.255781740979214	0.03
1.77492366	0.239573131963059	0.02
1.77861633	0.258278042736469	0.01
1.780115455	0.248574203537872	0.01
1.780657571	0.248574203537872	0.01
1.780657572	0.248574203537872	0.01
1.780839524	0.246261116591963	0.01
1.780928629	0.246261116591963	0.01
1.78092863	0.246261116591963	0.01
1.781081012	0.246261116591963	0.01
1.781170032	0.246261116591963	0.01
1.781411498	0.246261116591963	0.01
1.781411499	0.246261116591963	0.01
1.781623424	0.246261116591963	0.01
1.781653031	0.246261116591963	0.01
1.7818108	0.246261116591963	0.01
1.781894629	0.246261116591963	0.01
1.782136292	0.2439906812384	0.01
1.782378022	0.241761728559003	0.01
1.782531315	0.241761728559003	0.01
1.782590324	0.241761728559003	0.01
1.782619816	0.241761728559003	0.01
1.783103602	0.241761728559003	0.01
1.78377107	0.241761728559003	0.01
1.783925287	0.241761728559003	0.01
1.784013316	0.241761728559003	0.01
1.784314217	0.241761728559003	0.01
1.78446873	0.241761728559003	0.01
1.784506241	0.241761728559003	0.01
1.785009515	0.250931155328496	0.01
1.785497332	0.246261116591963	0.01
1.785988286	0.2439906812384	0.01
1.786357195	0.2439906812384	0.01
1.787927091	0.2439906812384	0.01
1.788872102	0.246261116591963	0.01
1.789358594	0.246261116591963	0.01
1.789747139	0.2439906812384	0.01
1.790095821	0.2439906812384	0.01
1.790737455	0.248088734072784	0.01
1.79204453	0.233238808510894	0.02
1.792147241	0.233238808510894	0.02
1.795172249	0.174722865205204	0.02
1.795643534	0.169139390347333	0.02
1.799436111	0.15434277509247	0.02
1.812688451	0.0451251214739216	0.03
1.813215031	0.0459079127708947	0.03
1.813240824	0.0459079127708947	0.03
1.813716026	0.0459079127708947	0.03
1.814069382	0.0488753790130465	0.03
1.814069384	0.0488753790130465	0.03
1.814345569	0.0394862846359167	0.03
1.814596154	0.0301943528697739	0.03
1.814621756	0.0301943528697739	0.03
1.814621757	0.0301943528697739	0.03
1.814846808	0.0301943528697739	0.03
1.814872379	0.0301943528697739	0.03
1.815123071	0.0304841934873449	0.03
1.815288509	0.0304841934873449	0.03
1.815322808	0.0304841934873449	0.03
1.815373832	0.0304841934873449	0.03
1.815624663	0.0310808948504754	0.03
1.815850116	0.0310808948504754	0.03
1.815875562	0.0310808948504754	0.03
1.816101116	0.0209375154725949	0.03
1.816374833	0.14465638617537	0.04
1.816377569	0.14465638617537	0.04
1.81637757	0.14465638617537	0.04
1.816628678	0.0211466456486371	0.03
1.816879855	0.0211466456486371	0.03
1.817399416	0.0211466456486371	0.03
1.818363245	0.14465638617537	0.04
1.81989941	0.14539224611153	0.04
1.82134289	0.0861373232295625	0.04
1.822065256	0.0388344225783769	0.04
1.823267442	0.0439997398773877	0.04
1.823345161	0.0439997398773877	0.04
1.824759677	0.0288240711550929	0.04
1.824985083	0.0288240711550929	0.04
1.828541204	0.0205314236216476	0.04
1.829613575	0.0209375154725949	0.04
1.830016016	0.0211466456486371	0.04
1.835137623	0.0278142567031738	0.05
1.83758722	0.0194024667979178	0.05
1.837659261	0.0194024667979178	0.05
1.842215909	0.0209375154725949	0.05
1.846490238	0.0194024667979178	0.06
1.860668056	0.0203342282003883	0.07
1.860714054	0.0203342282003883	0.07
1.876458705	0.0192262683741757	0.07
1.877534086	0.0192262683741757	0.07
1.932723098	0.018077129344282	0.12
1.93486401	0.0170576093677734	0.13
1.937910579	0.0170576093677734	0.13
1.938309591	0.0170576093677734	0.13
1.938319698	0.0170576093677734	0.13
1.939501786	0.0170576093677734	0.13
1.940502926	0.0170576093677734	0.13
1.95745413	0.0161469483816603	0.15
1.959079535	0.0161469483816603	0.15
2.03833515	0.0212884022743174	0.23
2.057190684	0.0208687215924226	0.25
2.057670659	0.0208687215924226	0.25
2.058434493	0.0208687215924226	0.25
2.060706206	0.0208687215924226	0.25
2.07768814	0.0208687215924226	0.27
2.077935092	0.0208687215924226	0.27
2.079378601	0.0208687215924226	0.27
2.080200147	0.0208687215924226	0.27
2.114638141	0.0255743455220326	0.3
2.119081815	0.0203342282003883	0.31
2.122322709	0.0203342282003883	0.31
2.130868897	0.0203342282003883	0.32
2.175983465	0.0299099718928407	0.36
2.21647999	0.0317014224025202	0.4
2.225736601	0.0285648052553162	0.41
2.22607531	0.0293569832195096	0.41
2.226980498	0.0197034188844242	0.42
2.244892022	0.146510181262697	0.43
2.268175967	0.202846888183848	0.41
2.273953022	0.182656674520984	0.4
2.283420782	0.19134527353113	0.39
2.36737444	0.265672408992582	0.32
2.396315913	0.303150029652705	0.31
2.401471639	0.306071756978383	0.3
2.416816988	0.306071756978383	0.3
2.634889835	0.300283555858245	0.1
2.64482266	0.300283555858245	0.09
2.65353762	0.300283555858245	0.08
2.664122924	0.300283555858245	0.07
2.669724846	0.300283555858245	0.06
2.67074212	0.300283555858245	0.06
2.671148642	0.300283555858245	0.06
2.671193179	0.300283555858245	0.06
2.671237545	0.300283555858245	0.06
2.671237705	0.300283555858245	0.06
2.671599486	0.300283555858245	0.06
2.671599646	0.300283555858245	0.06
2.671961685	0.300283555858245	0.06
2.672323822	0.300283555858245	0.06
2.67300408	0.300283555858245	0.06
2.673410821	0.300283555858245	0.06
2.674201502	0.300283555858245	0.06
2.674498542	0.300283555858245	0.06
2.674817434	0.300283555858245	0.06
2.67498819	0.300283555858245	0.06
2.675753192	0.309050350965196	0.05
2.675906626	0.309050350965196	0.05
2.67595059	0.309050350965196	0.05
2.677404052	0.303150029652705	0.05
2.678640892	0.300283555858245	0.05
2.679543675	0.300283555858245	0.05
2.679587204	0.300283555858245	0.05
2.68050645	0.300283555858245	0.05
2.690797174	0.306071756978383	0.05
2.690995907	0.306071756978383	0.05
2.692790444	0.297470782906201	0.05
2.697875326	0.300283555858245	0.05
2.700424629	0.300283555858245	0.05
2.703341222	0.309050350965196	0.04
2.714352711	0.29043495391346	0.05
2.720992773	0.278621753356144	0.05
2.721223607	0.297470782906201	0.06
2.721339166	0.297470782906201	0.06
2.721753239	0.297470782906201	0.06
2.722090639	0.297470782906201	0.06
2.72212898	0.297470782906201	0.06
2.722504826	0.297470782906201	0.06
2.725138453	0.287712939973302	0.06
2.727362573	0.287712939973302	0.06
2.728042156	0.287712939973302	0.06
2.742221604	0.292000414307416	0.08
2.744776734	0.285041474788268	0.08
2.758261585	0.285041474788268	0.09
2.784781798	0.267645524815401	0.12
2.795646082	0.267645524815401	0.13
2.874914635	0.263058569561729	0.21
2.884109016	0.267412381179595	0.22
2.885327778	0.260823550026283	0.22
2.893176138	0.267194646485679	0.23
2.901070252	0.249831322065759	0.23
3.017087015	0.252527445980041	0.35
3.091199805	0.233162699481833	0.42
3.116410384	0.243199314174559	0.45
3.153761559	0.158713843371747	0.48
3.190582361	0.230052683443106	0.52
3.479484296	0.103188921159594	0.79
3.557717034	0.103188921159594	0.870000000000001
3.561529658	0.103188921159594	0.880000000000001
3.561648443	0.103188921159594	0.880000000000001
3.563861522	0.102192751682571	0.880000000000001
3.565454716	0.102192751682571	0.880000000000001
3.567214517	0.128898819666243	0.880000000000001
3.568359469	0.128898819666243	0.880000000000001
3.572497766	0.124243811873878	0.880000000000001
3.575584373	0.112710994266468	0.880000000000001
3.62901857	0.107923047587008	0.910000000000001
3.62939674	0.107923047587008	0.910000000000001
3.6300627	0.107923047587008	0.910000000000001
3.630972932	0.107923047587008	0.910000000000001
3.633483005	0.106119865001091	0.920000000000001
3.639968026	0.10701386093058	0.920000000000001
3.707141358	0.10701386093058	0.990000000000001
3.778072999	0.106119865001091	1.06
4.078052931	0.198914846754317	1.32
4.442577106	0.198914846754317	1.65
4.445571488	0.198914846754317	1.65
4.452121847	0.198914846754317	1.66
4.45272527	0.198914846754317	1.66
4.453328856	0.198914846754317	1.66
4.459832487	0.198914846754317	1.67
4.464002998	0.198914846754317	1.67
4.480518943	0.198914846754317	1.69
4.492707945	0.198914846754317	1.7
4.536342962	0.195056649568849	1.7
4.550359745	0.195056649568849	1.69
4.773228095	0.196966856331005	1.76
4.848628454	0.196966856331005	1.84
5.341769851	0.209262831146776	2.08
5.342582978	0.209262831146776	2.08
5.346842194	0.209262831146776	2.07
5.443653327	0.209262831146776	1.97
5.445157132	0.209262831146776	1.97
6.232084175	0.20612834378173	2.65999999999999
6.234722781	0.209262831146776	2.65999999999999
6.244676548	0.209262831146776	2.66999999999999
6.35095118	0.215826763609044	2.72999999999999
6.358499262	0.215826763609044	2.72999999999999
7	0.265862506532954	2.55999999999999
