thrs	post_p	finalwindow
0	0.114621863205201	0.23
0.070216248	0.114621863205201	0.16
0.089689176	0.113229489394776	0.15
0.093809574	0.102070354795379	0.15
0.098963073	0.102070354795379	0.15
0.103967892	0.102070354795379	0.14
0.106977596	0.102070354795379	0.14
0.113424721	0.102070354795379	0.14
0.115659216	0.100964754235032	0.14
0.123778241	0.0938489181354564	0.14
0.129609166	0.0938489181354564	0.14
0.129730945	0.0938489181354564	0.14
0.14705261	0.0938489181354564	0.12
0.148427326	0.0938489181354564	0.12
0.148782099	0.0938489181354564	0.12
0.155752372	0.0938489181354564	0.11
0.161204767	0.0938489181354564	0.11
0.178062567	0.0938489181354564	0.1
0.178113806	0.0938489181354564	0.1
0.178140913	0.0938489181354564	0.1
0.178189211	0.0938489181354564	0.1
0.178358463	0.0938489181354564	0.1
0.181824923	0.0938489181354564	0.1
0.186084933	0.0938489181354564	0.1
0.191788381	0.0938489181354564	0.1
0.194681585	0.0822545737578385	0.11
0.205298456	0.0857873736860962	0.1
0.222049977	0.0571602260139345	0.08
0.222622275	0.0659574555901157	0.08
0.22265244	0.0659574555901157	0.08
0.222656148	0.0659574555901157	0.08
0.222686318	0.0659574555901157	0.08
0.222697977	0.0645864000127924	0.08
0.222716495	0.0645864000127924	0.08
0.222812147	0.0765153103273696	0.08
0.222924291	0.0823663953297171	0.08
0.223196808	0.0812616776090365	0.08
0.226694446	0.0781184478965576	0.08
0.226728961	0.0781184478965576	0.08
0.226867021	0.0781184478965576	0.08
0.226923294	0.0781184478965576	0.08
0.226929675	0.0781184478965576	0.08
0.226957829	0.0781184478965576	0.08
0.226982815	0.0458446364084142	0.07
0.227177477	0.0445305419112515	0.07
0.227432153	0.0425001615929562	0.07
0.237068117	0.0467646517337387	0.06
0.241897099	0.00871691869791191	0.06
0.24235868	0.00871691869791191	0.06
0.242615688	0.0237388986597239	0.06
0.242875367	0.0452511433345813	0.06
0.242941212	0.0452511433345813	0.06
0.254481698	0.0452511433345813	0.05
0.256259656	0.0452511433345813	0.05
0.256650521	0.0445305419112515	0.05
0.259750174	0.0438325311646097	0.05
0.263775407	0.0545137312523907	0.04
0.272151172	0.0425001615929562	0.05
0.287097646	0.0425001615929562	0.05
0.295749179	0.0467646517337387	0.04
0.296839561	0.0425001615929562	0.05
0.296839653	0.0425001615929562	0.05
0.296874128	0.0425001615929562	0.05
0.296879772	0.0425001615929562	0.05
0.29691506	0.0425001615929562	0.05
0.296919994	0.0425001615929562	0.05
0.296960227	0.0425001615929562	0.05
0.297156652	0.0425001615929562	0.05
0.297161557	0.0425001615929562	0.05
0.297207868	0.0425001615929562	0.05
0.29723727	0.0425001615929562	0.05
0.297242165	0.0425001615929562	0.05
0.29736316	0.0425001615929562	0.05
0.297631463	0.0425001615929562	0.05
0.298033592	0.0425001615929562	0.05
0.29926506	0.0425001615929562	0.05
0.300128238	0.0425001615929562	0.05
0.300638986	0.0425001615929562	0.05
0.301159527	0.0425001615929562	0.05
0.301373268	0.0425001615929562	0.05
0.302397905	0.0425001615929562	0.05
0.302406093	0.0425001615929562	0.05
0.302452098	0.0425001615929562	0.05
0.302694303	0.0425001615929562	0.05
0.302757814	0.0425001615929562	0.05
0.302844832	0.0425001615929562	0.05
0.303062807	0.0425001615929562	0.05
0.303998368	0.0463000741828081	0.04
0.304168238	0.0463000741828081	0.04
0.305094409	0.0463000741828081	0.04
0.306464617	0.0458446364084142	0.04
0.308759935	0.0458446364084142	0.04
0.319078068	0.0467646517337387	0.03
0.320217262	0.0467646517337387	0.03
0.320290117	0.0467646517337387	0.03
0.322066605	0.0467646517337387	0.03
0.322435043	0.0467646517337387	0.03
0.322777267	0.0467646517337387	0.03
0.323097253	0.0467646517337387	0.03
0.323165924	0.0467646517337387	0.03
0.323808824	0.0467646517337387	0.03
0.324596864	0.0467646517337387	0.03
0.330254195	0.0392766697417378	0.04
0.334029253	0.0392766697417378	0.04
0.338071632	0.0459954501729617	0.05
0.340262381	0.0441787796227087	0.05
0.343625259	0.0441787796227087	0.05
0.343706753	0.0441787796227087	0.05
0.345554528	0.0441787796227087	0.05
0.356200611	0.041863896917815	0.06
0.356206548	0.041863896917815	0.06
0.356437896	0.0415528555809535	0.06
0.356490553	0.0415528555809535	0.06
0.357086112	0.0515017207501549	0.06
0.357959666	0.0561558312744558	0.06
0.360733393	0.0409444357740162	0.07
0.362945858	0.0409444357740162	0.07
0.363236679	0.0409444357740162	0.07
0.367161303	0.0519803937014221	0.07
0.367663989	0.0555975817707371	0.07
0.381649088	0.0879457939618306	0.07
0.382008897	0.0879457939618306	0.07
0.387745392	0.0916770678296778	0.06
0.389222512	0.0901130221386766	0.06
0.389299853	0.0901130221386766	0.06
0.389825341	0.094376817240676	0.06
0.398731854	0.09790797651381	0.05
0.411578949	0.114309495525675	0.04
0.412388288	0.114309495525675	0.04
0.415094538	0.104355822768889	0.04
0.416416237	0.0945814401380668	0.03
0.423143546	0.112505957814666	0.03
0.438307149	0.120356938665779	0.01
0.440249622	0.122984135848124	0.01
0.440316292	0.122984135848124	0.01
0.441698853	0.122984135848124	0.01
0.441750067	0.122984135848124	0.01
0.444236336	0.115330970984402	0.01
0.444770984	0.109892189630723	0.01
0.445049535	0.109892189630723	0.01
0.445117302	0.109892189630723	0.01
0.445185068	0.109248198407733	0.01
0.445245414	0.109248198407733	0.01
0.44525283	0.109248198407733	0.01
0.445252832	0.109248198407733	0.01
0.445252833	0.109248198407733	0.01
0.445252835	0.109248198407733	0.01
0.44531318	0.109248198407733	0.01
0.445313187	0.109248198407733	0.01
0.44531319	0.109248198407733	0.01
0.445373562	0.109248198407733	0.01
0.445433949	0.109248198407733	0.01
0.445494353	0.107982597184279	0.01
0.445540001	0.107982597184279	0.01
0.445554774	0.106745983226888	0.01
0.445578303	0.106745983226888	0.01
0.445615211	0.106745983226888	0.01
0.445675664	0.105537371926972	0.01
0.445691925	0.105537371926972	0.01
0.445849774	0.104943271707919	0.01
0.445917642	0.104943271707919	0.01
0.445970843	0.104943271707919	0.01
0.445978177	0.104943271707919	0.01
0.446188208	0.103200436889047	0.01
0.446341735	0.103200436889047	0.01
0.446351359	0.103200436889047	0.01
0.446394864	0.103200436889047	0.01
0.446395102	0.103200436889047	0.01
0.446465528	0.101514544315135	0.01
0.44656991	0.101514544315135	0.01
0.446633323	0.101514544315135	0.01
0.446772341	0.101514544315135	0.01
0.446967543	0.100964754235032	0.01
0.447533088	0.100964754235032	0.01
0.447649603	0.100420887264779	0.01
0.448701687	0.105480501302255	0.01
0.448791313	0.105480501302255	0.01
0.449552291	0.104915148015457	0.01
0.449715173	0.104915148015457	0.01
0.453117722	0.0954506347266078	0.01
0.453312195	0.0954506347266078	0.01
0.453607731	0.0954506347266078	0.01
0.453670383	0.0954506347266078	0.01
0.45367678	0.0954506347266078	0.01
0.453789353	0.0954506347266078	0.01
0.453802119	0.0954506347266078	0.01
0.453864805	0.0954506347266078	0.01
0.453864814	0.0954506347266078	0.01
0.453927527	0.0954506347266078	0.01
0.453990257	0.0954506347266078	0.01
0.454053004	0.0954506347266078	0.01
0.454115767	0.0954506347266078	0.01
0.454131662	0.0954506347266078	0.01
0.454159539	0.0954506347266078	0.01
0.454228692	0.0954506347266078	0.01
0.454278877	0.0971079735154068	0.01
0.454291524	0.0971079735154068	0.01
0.454423548	0.0971079735154068	0.01
0.454543029	0.0971079735154068	0.01
0.454618511	0.0971079735154068	0.01
0.455180191	0.0982452148114779	0.01
0.455439212	0.103391221255408	0.01
0.455550168	0.106340048715525	0.01
0.455665947	0.112772851772181	0.01
0.455804735	0.0975921226880593	0.02
0.456133439	0.0975921226880593	0.02
0.456455968	0.0975921226880593	0.02
0.456880284	0.0975921226880593	0.02
0.45760535	0.096628604304654	0.02
0.458619789	0.0971079735154068	0.02
0.458664131	0.0971079735154068	0.02
0.459124851	0.0961539446153165	0.02
0.462114195	0.0861397227786753	0.02
0.464728436	0.0861397227786753	0.02
0.46499053	0.0861397227786753	0.02
0.472596627	0.0815350695543592	0.03
0.473676694	0.0815350695543592	0.03
0.474072423	0.0815350695543592	0.03
0.47699163	0.0467646517337387	0.03
0.478419311	0.0863931779747396	0.04
0.478888149	0.0852642218192506	0.04
0.479732593	0.0852642218192506	0.04
0.479936634	0.0852642218192506	0.04
0.483988273	0.0770423281831763	0.04
0.484225862	0.0770423281831763	0.04
0.484927676	0.0788527192828205	0.04
0.485802156	0.0833579591289658	0.04
0.485999254	0.0805739738493299	0.04
0.489107131	0.0445305419112515	0.04
0.490830832	0.035944559673203	0.04
0.50407637	0.0711606890304239	0.06
0.508934563	0.0367959190150007	0.06
0.511690912	0.0298927278267998	0.06
0.514645345	0.0699735801361816	0.07
0.514971335	0.0705621420767517	0.07
0.51502476	0.0705621420767517	0.07
0.515124567	0.0720777943570931	0.07
0.51682809	0.0331336078053146	0.07
0.518492841	0.0346099242429735	0.07
0.518564452	0.0346099242429735	0.07
0.529143364	0.0649076460171713	0.07
0.534226929	0.0649076460171713	0.07
0.534380672	0.0649076460171713	0.07
0.534888196	0.101263899299415	0.07
0.543234343	0.0905342627754647	0.07
0.544416783	0.092161796685494	0.07
0.546060858	0.092161796685494	0.07
0.55802857	0.0881979611135472	0.08
0.559788571	0.091340780349633	0.08
0.562444529	0.0905342627754647	0.08
0.566766402	0.091340780349633	0.08
0.572491616	0.100273575320439	0.07
0.57444178	0.0993024337586172	0.07
0.586308239	0.0974155108861586	0.07
0.59079165	0.102273979714045	0.06
0.591193432	0.102273979714045	0.06
0.591819223	0.102273979714045	0.06
0.593573546	0.102273979714045	0.06
0.593673806	0.102273979714045	0.06
0.593673808	0.102273979714045	0.06
0.594152812	0.102273979714045	0.06
0.594237558	0.0974155108861586	0.07
0.595015574	0.0974155108861586	0.07
0.602674298	0.0971079735154068	0.07
0.604813246	0.101514544315135	0.07
0.604905308	0.102444288794936	0.07
0.604905312	0.102444288794936	0.07
0.604988853	0.102444288794936	0.07
0.605716504	0.102444288794936	0.07
0.605724938	0.102444288794936	0.07
0.606051871	0.102444288794936	0.07
0.60631275	0.102444288794936	0.07
0.606824709	0.102444288794936	0.07
0.608756287	0.102273979714045	0.06
0.630942519	0.109462021857679	0.06
0.636066531	0.111647210452439	0.06
0.636422142	0.111647210452439	0.06
0.637031954	0.111647210452439	0.06
0.637260654	0.111647210452439	0.06
0.637881775	0.11054381821337	0.06
0.641599528	0.11054381821337	0.06
0.644129804	0.11054381821337	0.06
0.64559646	0.11054381821337	0.06
0.646569798	0.112772851772181	0.06
0.64801212	0.112772851772181	0.06
0.648110758	0.112772851772181	0.06
0.648827538	0.112772851772181	0.06
0.65703705	0.101514544315135	0.07
0.659386285	0.0988238830545647	0.07
0.667472678	0.0971079735154068	0.08
0.667879261	0.0971079735154068	0.08
0.667879263	0.0971079735154068	0.08
0.667969788	0.0971079735154068	0.08
0.669490645	0.0971079735154068	0.08
0.671132308	0.0997047807719862	0.08
0.678915807	0.0872597113176501	0.09
0.680410924	0.0872597113176501	0.09
0.68060848	0.0872597113176501	0.09
0.680702493	0.0872597113176501	0.09
0.689921535	0.0649076460171713	0.09
0.690723937	0.0649076460171713	0.09
0.692614054	0.0649076460171713	0.09
0.697379755	0.0624237330191594	0.1
0.712354258	0.059573980457597	0.11
0.7123899	0.059573980457597	0.11
0.712401774	0.059573980457597	0.11
0.713541741	0.060122923776925	0.11
0.71365913	0.060122923776925	0.11
0.714295462	0.060122923776925	0.11
0.717816093	0.0590349705318583	0.12
0.726772429	0.0590349705318583	0.13
0.72717465	0.0590349705318583	0.13
0.744518666	0.051569562138435	0.14
0.756100951	0.0261839997441106	0.13
0.756122282	0.0261839997441106	0.13
0.763284143	0.0809983154980093	0.13
0.763387603	0.0828134092547138	0.13
0.763491091	0.0828134092547138	0.13
0.765321243	0.0804995511420263	0.13
0.766651587	0.0790932420238008	0.13
0.7676628	0.0798390168602826	0.13
0.772264397	0.0814201976708099	0.12
0.779184816	0.0816370842467462	0.12
0.793117932	0.0862826192236247	0.1
0.797194853	0.0843292043601746	0.1
0.799403767	0.0834677296168034	0.1
0.8034392	0.092161796685494	0.09
0.812482547	0.0885024771100583	0.08
0.828284953	0.0914126340977	0.07
0.861362559	0.0865306649413567	0.03
0.864973627	0.0950841962327253	0.03
0.867661243	0.0912645594090683	0.03
0.874413626	0.0960322078239679	0.02
0.875213305	0.094462518950818	0.02
0.875954975	0.0926453244299101	0.02
0.87832845	0.0912645594090683	0.02
0.882218863	0.0891925128350617	0.01
0.88244613	0.0921913917588516	0.01
0.883671839	0.0993334672002244	0.01
0.884296127	0.0983195005929082	0.01
0.885800269	0.0963524265382642	0.01
0.887670141	0.0941451324187673	0.01
0.888863234	0.0923953735571903	0.01
0.889014569	0.0921100510028148	0.01
0.889209764	0.0921100510028148	0.01
0.889857915	0.0907094691102289	0.01
0.890218543	0.0896193021162588	0.01
0.890218544	0.0896193021162588	0.01
0.890309475	0.0890839863298218	0.01
0.890354074	0.0890839863298218	0.01
0.890354075	0.0890839863298218	0.01
0.890407894	0.0890839863298218	0.01
0.890419078	0.0890839863298218	0.01
0.890459913	0.0890839863298218	0.01
0.890474761	0.0890839863298218	0.01
0.890489605	0.0890839863298218	0.01
0.890489606	0.0890839863298218	0.01
0.890580647	0.0890839863298218	0.01
0.890595481	0.0890839863298218	0.01
0.89061031	0.0890839863298218	0.01
0.890610311	0.0890839863298218	0.01
0.89068659	0.0890839863298218	0.01
0.890701414	0.0890839863298218	0.01
0.890716233	0.0890839863298218	0.01
0.890731048	0.0890839863298218	0.01
0.890731049	0.0890839863298218	0.01
0.890737499	0.0890839863298218	0.01
0.890837018	0.0890839863298218	0.01
0.890851819	0.0890839863298218	0.01
0.890928251	0.0890839863298218	0.01
0.890972622	0.0890839863298218	0.01
0.890972623	0.0890839863298218	0.01
0.891093459	0.088818719464661	0.01
0.89119957	0.088818719464661	0.01
0.891214328	0.088818719464661	0.01
0.891244043	0.088818719464661	0.01
0.891246709	0.088818719464661	0.01
0.891320486	0.088818719464661	0.01
0.89133523	0.088818719464661	0.01
0.891382479	0.088818719464661	0.01
0.891441435	0.088818719464661	0.01
0.891456164	0.088818719464661	0.01
0.89149835	0.088818719464661	0.01
0.891521465	0.088818719464661	0.01
0.891562417	0.088818719464661	0.01
0.891686849	0.0885550276884291	0.01
0.891698132	0.0885550276884291	0.01
0.892012117	0.0882928970139204	0.01
0.89206133	0.0882928970139204	0.01
0.892182462	0.0882928970139204	0.01
0.892245091	0.0885550276884291	0.01
0.892546055	0.088818719464661	0.01
0.89273031	0.088818719464661	0.01
0.892952212	0.0932963651796293	0.01
0.893172464	0.0932963651796293	0.01
0.893313967	0.0932963651796293	0.01
0.893320622	0.0932963651796293	0.01
0.893352088	0.0932963651796293	0.01
0.894085351	0.093571825941636	0.01
0.89422449	0.0927502806562421	0.01
0.894232534	0.0927502806562421	0.01
0.894332391	0.0930225214836896	0.01
0.894482721	0.0930225214836896	0.01
0.895081202	0.0919430358804535	0.01
0.895086463	0.0919430358804535	0.01
0.895300675	0.0919430358804535	0.01
0.895524497	0.0919430358804535	0.01
0.895638516	0.0919430358804535	0.01
0.895840307	0.0924796286654301	0.01
0.896329745	0.0916770678296778	0.01
0.896396617	0.0916770678296778	0.01
0.896928207	0.0903699798507258	0.01
0.89693811	0.0903699798507258	0.01
0.897197773	0.0886014476984181	0.01
0.897282137	0.0912955970239526	0.01
0.897316929	0.0898292220021101	0.01
0.898455429	0.083983838127186	0.01
0.898485328	0.083983838127186	0.01
0.898662437	0.0832693085494876	0.01
0.898755243	0.0827413396941556	0.01
0.89889623	0.082220023826148	0.01
0.899325427	0.0805287722320868	0.01
0.899413875	0.0803634659798895	0.01
0.899974537	0.0792250557351424	0.01
0.900113547	0.0785889002167519	0.01
0.900274359	0.0790650532735572	0.01
0.900307304	0.0790650532735572	0.01
0.901007608	0.0644688463370825	0.01
0.901568195	0.0582770122964998	0.01
0.901947653	0.05462021096262	0.01
0.902860993	0.04844738803015	0.01
0.902919093	0.04844738803015	0.01
0.903876527	0.0408086351196789	0.01
0.904220945	0.0408086351196789	0.01
0.904508173	0.041978160529019	0.01
0.904513058	0.041978160529019	0.01
0.906154318	0.04180699806241	0.01
0.906197141	0.0416372257291599	0.01
0.906210372	0.0413017842668521	0.01
0.906508268	0.0421507302732559	0.01
0.906786831	0.04180699806241	0.01
0.906922556	0.0416372257291599	0.01
0.907060652	0.0425001615929562	0.01
0.907185931	0.0425001615929562	0.01
0.907198748	0.0430353083565562	0.01
0.907199842	0.0430353083565562	0.01
0.907298438	0.0391118641261419	0.01
0.907311244	0.0391118641261419	0.01
0.907324045	0.0392766697417378	0.01
0.907336843	0.0392766697417378	0.01
0.907336844	0.0392766697417378	0.01
0.907436592	0.0392766697417378	0.01
0.907449378	0.0392766697417378	0.01
0.90746216	0.0392766697417378	0.01
0.907536422	0.0392766697417378	0.01
0.907574745	0.0392766697417378	0.01
0.907587512	0.0392766697417378	0.01
0.907712898	0.0392766697417378	0.01
0.907951053	0.0392766697417378	0.01
0.907963774	0.0391118641261419	0.01
0.908076559	0.0391118641261419	0.01
0.908089263	0.0391118641261419	0.01
0.908089264	0.0391118641261419	0.01
0.908202099	0.0391118641261419	0.01
0.908214789	0.0391118641261419	0.01
0.908453284	0.0391118641261419	0.01
0.908566283	0.0397795265739246	0.01
0.908577365	0.0397795265739246	0.01
0.908691978	0.0399500191352019	0.01
0.908729307	0.0399500191352019	0.01
0.908816452	0.0401219794279791	0.01
0.908830322	0.0399500191352019	0.01
0.908855181	0.0399500191352019	0.01
0.908943472	0.0401219794279791	0.01
0.908956071	0.0401219794279791	0.01
0.909195105	0.0399500191352019	0.01
0.909207673	0.0399500191352019	0.01
0.909270732	0.0399500191352019	0.01
0.909308419	0.0399500191352019	0.01
0.90938549	0.0402954264872377	0.01
0.909446878	0.0408248836158767	0.01
0.909620416	0.0408248836158767	0.01
0.909642167	0.0408248836158767	0.01
0.909838426	0.0399500191352019	0.01
0.909914657	0.0399500191352019	0.01
0.910014581	0.0402954264872377	0.01
0.910051995	0.0402954264872377	0.01
0.910267	0.0406468587052409	0.01
0.910628128	0.0410044748117664	0.01
0.911062134	0.0411856530548008	0.01
0.911383512	0.0406468587052409	0.01
0.911404622	0.0406468587052409	0.01
0.911518912	0.0406468587052409	0.01
0.911747931	0.0408248836158767	0.01
0.911776598	0.0408248836158767	0.01
0.912707801	0.0408248836158767	0.01
0.912776305	0.0408248836158767	0.01
0.912811242	0.0485930988182937	0.01
0.912967277	0.0411856530548008	0.01
0.913006436	0.0411856530548008	0.01
0.913630289	0.0411856530548008	0.01
0.913751419	0.0411856530548008	0.01
0.914018042	0.041368439475445	0.01
0.914870556	0.0423072606632016	0.01
0.914968567	0.0423072606632016	0.01
0.914983658	0.0423072606632016	0.01
0.915026039	0.0423072606632016	0.01
0.915559183	0.0421161029098088	0.01
0.916024822	0.0421161029098088	0.01
0.916163647	0.0423072606632016	0.01
0.916208994	0.0423072606632016	0.01
0.916688985	0.0428912892359321	0.01
0.916912552	0.0432896828177696	0.01
0.917248255	0.037764934185982	0.01
0.917957453	0.0492347742150932	0.01
0.918456927	0.0421796299354383	0.02
0.918483627	0.0421796299354383	0.02
0.918816837	0.0429901985954349	0.02
0.919120121	0.0431560651711734	0.02
0.919822583	0.0440049742994131	0.02
0.921364075	0.0452511433345813	0.02
0.922504312	0.0456202610641728	0.02
0.922787758	0.0456202610641728	0.02
0.924412009	0.0389484357861517	0.02
0.924507726	0.0389484357861517	0.02
0.925553967	0.0396104830327232	0.02
0.926193857	0.0397795265739246	0.02
0.929379518	0.0402085159092821	0.03
0.93064775	0.0410948642404701	0.03
0.93220206	0.0415528555809535	0.03
0.93534835	0.0362239347239282	0.03
0.938446291	0.0118091164992686	0.03
0.938770844	0.0124395066028687	0.03
0.944027825	0.0316701151238709	0.04
0.947518522	0.0281617158102666	0.04
0.948845214	0.0120378804162692	0.04
0.949342587	0.0133289052693731	0.04
0.950306111	0.0149301129776455	0.04
0.951999424	0.0163724556028554	0.04
0.954191796	0.0181232780129574	0.04
0.955603107	0.0322174327188828	0.05
0.955985355	0.0322174327188828	0.05
0.956296714	0.0325549987214595	0.05
0.956549025	0.0327840002897063	0.05
0.956766863	0.0327840002897063	0.05
0.956793172	0.0330162464117413	0.05
0.957077957	0.0338556795420977	0.05
0.957486775	0.0281617158102666	0.05
0.958321379	0.0113077111192118	0.05
0.959642592	0.0139263272045238	0.05
0.960039043	0.0145798169142187	0.05
0.966653906	0.0327840002897063	0.06
0.966980912	0.0331336078053146	0.06
0.966986309	0.0331336078053146	0.06
0.967144414	0.0337331566184959	0.06
0.967302572	0.0284120832345496	0.06
0.967460779	0.0265570041024835	0.06
0.96746078	0.0265570041024835	0.06
0.96761904	0.0298130532819114	0.06
0.967619041	0.0298130532819114	0.06
0.967925221	0.0306294345338368	0.06
0.968088909	0.0106004335947163	0.06
0.968237002	0.0112395366211266	0.06
0.969035555	0.0124395066028687	0.06
0.969666194	0.0131409945522611	0.06
0.973457204	0.0291906276573043	0.06
0.978183481	0.0330748229987241	0.06
0.981915796	0.035944559673203	0.06
0.985118954	0.0186677154970943	0.06
1.027042278	0.0505703443502084	0.08
1.029078227	0.0515017207501549	0.08
1.029271857	0.0515017207501549	0.08
1.029637844	0.0519803937014221	0.08
1.029659545	0.0519803937014221	0.08
1.030020301	0.0519803937014221	0.08
1.030397618	0.0529649388080183	0.08
1.030958443	0.0529649388080183	0.08
1.031531241	0.0529649388080183	0.08
1.031720423	0.0529649388080183	0.08
1.032104884	0.0534713310608506	0.08
1.0327094	0.0534713310608506	0.08
1.033463082	0.0505703443502084	0.08
1.034854243	0.0501171754678599	0.08
1.035677928	0.0585056267930185	0.08
1.036124234	0.0590349705318583	0.08
1.038905957	0.0649076460171713	0.08
1.039046839	0.0649076460171713	0.08
1.041709188	0.0559951907447866	0.09
1.044012776	0.0559951907447866	0.09
1.048661279	0.061832178093484	0.09
1.049025044	0.061832178093484	0.09
1.056246636	0.0636414620895912	0.09
1.057424783	0.060122923776925	0.1
1.067766296	0.060122923776925	0.11
1.068277144	0.060122923776925	0.11
1.06860264	0.0606820776368115	0.11
1.068892568	0.0606820776368115	0.11
1.070020858	0.061832178093484	0.11
1.070326964	0.0624237330191594	0.11
1.076612069	0.0612517295910753	0.11
1.088407982	0.0519803937014221	0.13
1.112743253	0.0687549185413788	0.1
1.113082372	0.0687549185413788	0.1
1.113233383	0.0687549185413788	0.1
1.11414031	0.0687549185413788	0.1
1.115076799	0.0687549185413788	0.1
1.125633627	0.0663093633541241	0.1
1.13205703	0.0651506855434016	0.11
1.136767134	0.0624237330191594	0.11
1.137302108	0.0629507070271803	0.11
1.162829766	0.0555975817707371	0.12
1.183360064	0.0550503222188656	0.12
1.187305519	0.0550503222188656	0.12
1.187446683	0.0550503222188656	0.12
1.18762744	0.0550503222188656	0.12
1.192009701	0.0550503222188656	0.13
1.192075895	0.0550503222188656	0.13
1.192725439	0.0550503222188656	0.13
1.208769953	0.0479679341121333	0.13
1.209215802	0.0479679341121333	0.13
1.209768181	0.0479679341121333	0.13
1.209825949	0.0479679341121333	0.13
1.210085375	0.0471589816309215	0.13
1.210771389	0.0471589816309215	0.13
1.224141399	0.0475600182345342	0.12
1.225416562	0.0475600182345342	0.12
1.226416878	0.0475600182345342	0.12
1.226767373	0.0463000741828081	0.11
1.243346642	0.0449601221466824	0.1
1.245566855	0.0449601221466824	0.1
1.246668032	0.0449601221466824	0.1
1.248955951	0.0458446364084142	0.09
1.252855937	0.0458446364084142	0.09
1.265568721	0.0467646517337387	0.08
1.268447511	0.0445305419112515	0.09
1.270060331	0.0445305419112515	0.09
1.270253663	0.0445305419112515	0.09
1.278899002	0.0428912892359321	0.09
1.285172518	0.0370150978674019	0.08
1.289511656	0.0432896828177696	0.09
1.293113698	0.0432896828177696	0.09
1.297280078	0.0905342627754647	0.09
1.302603198	0.0905342627754647	0.1
1.325958837	0.103304413716306	0.11
1.33510162	0.10533859252969	0.12
1.335508208	0.10533859252969	0.12
1.335711503	0.10533859252969	0.12
1.335892556	0.10533859252969	0.12
1.33625481	0.10533859252969	0.12
1.336413828	0.10533859252969	0.12
1.336595099	0.10533859252969	0.12
1.336665633	0.10533859252969	0.12
1.336979907	0.10533859252969	0.12
1.337117106	0.10533859252969	0.12
1.337777279	0.10533859252969	0.12
1.337887386	0.10533859252969	0.12
1.340005107	0.10533859252969	0.12
1.346883901	0.111647210452439	0.11
1.350085516	0.111647210452439	0.11
1.360533959	0.111647210452439	0.12
1.360981621	0.111647210452439	0.12
1.36116959	0.111647210452439	0.12
1.361545683	0.111647210452439	0.12
1.361952473	0.111647210452439	0.12
1.362110213	0.111647210452439	0.12
1.364721715	0.109462021857679	0.12
1.365659238	0.11054381821337	0.12
1.369707356	0.106340048715525	0.13
1.373967278	0.106340048715525	0.13
1.377139612	0.11054381821337	0.13
1.377274175	0.11054381821337	0.13
1.377544294	0.11054381821337	0.13
1.384187356	0.112772851772181	0.12
1.38563755	0.10533859252969	0.13
1.418305639	0.11054381821337	0.13
1.430594094	0.111647210452439	0.14
1.436494579	0.112772851772181	0.14
1.448119954	0.106340048715525	0.16
1.450674974	0.109462021857679	0.16
1.450928234	0.109462021857679	0.16
1.484067531	0.111647210452439	0.17
1.484117024	0.111647210452439	0.17
1.488337206	0.111647210452439	0.17
1.494140559	0.111647210452439	0.17
1.502972103	0.111647210452439	0.18
1.511964569	0.111647210452439	0.19
1.512403577	0.111647210452439	0.19
1.512821455	0.111647210452439	0.19
1.513239565	0.111647210452439	0.19
1.515375804	0.111647210452439	0.19
1.516740221	0.111647210452439	0.2
1.519065464	0.111647210452439	0.2
1.523536021	0.111647210452439	0.2
1.558319819	0.190831952581705	0.23
1.56916589	0.2042463545199	0.22
1.595407686	0.191766720671618	0.19
1.611568792	0.19670882675154	0.18
1.652341299	0.210309937843063	0.14
1.75282717	0.241140907674392	0.04
1.768990518	0.254298407110749	0.02
1.77492366	0.241140907674392	0.02
1.77861633	0.259009226445715	0.01
1.780115455	0.252006678071038	0.01
1.780627841	0.252006678071038	0.01
1.780657572	0.252006678071038	0.01
1.780839524	0.24975588608425	0.01
1.780928629	0.24975588608425	0.01
1.78092863	0.24975588608425	0.01
1.781140367	0.24975588608425	0.01
1.781170031	0.24975588608425	0.01
1.781170032	0.24975588608425	0.01
1.781411499	0.24975588608425	0.01
1.781623424	0.24975588608425	0.01
1.781653031	0.24975588608425	0.01
1.7818108	0.24975588608425	0.01
1.781835463	0.24975588608425	0.01
1.781894629	0.24975588608425	0.01
1.782136293	0.24975588608425	0.01
1.782378022	0.247544943975355	0.01
1.782531315	0.247544943975355	0.01
1.782619816	0.247544943975355	0.01
1.783345594	0.247544943975355	0.01
1.783587651	0.247544943975355	0.01
1.78377107	0.247544943975355	0.01
1.783829774	0.247544943975355	0.01
1.783925287	0.247544943975355	0.01
1.784314217	0.247544943975355	0.01
1.78446873	0.247544943975355	0.01
1.784933025	0.24975588608425	0.01
1.785009515	0.24975588608425	0.01
1.785497332	0.247544943975355	0.01
1.785988286	0.247544943975355	0.01
1.786357195	0.247544943975355	0.01
1.788266632	0.23505986287274	0.01
1.788872102	0.239079232116688	0.01
1.789358594	0.239079232116688	0.01
1.789747139	0.23505986287274	0.01
1.790095821	0.23505986287274	0.01
1.790737455	0.247544943975355	0.01
1.792147241	0.237052511007647	0.02
1.794856772	0.193903804872799	0.02
1.795172249	0.178793915851529	0.02
1.796645824	0.170612428866617	0.02
1.796669094	0.170612428866617	0.02
1.799436111	0.164044197622662	0.02
1.808733518	0.156355588143672	0.03
1.809599251	0.156355588143672	0.03
1.813215031	0.0580501774973731	0.03
1.813240824	0.0580501774973731	0.03
1.813716026	0.0604012066667401	0.03
1.814069384	0.0634866540932278	0.03
1.814345569	0.0564798933901184	0.03
1.814596154	0.0579856915329727	0.03
1.814621756	0.0579856915329727	0.03
1.814621757	0.0579856915329727	0.03
1.814846808	0.0579856915329727	0.03
1.814872379	0.0579856915329727	0.03
1.815039963	0.059573980457597	0.03
1.815123071	0.059573980457597	0.03
1.815169565	0.059573980457597	0.03
1.815322808	0.059573980457597	0.03
1.815373832	0.059573980457597	0.03
1.815875562	0.0606820776368115	0.03
1.816101116	0.0356013429892854	0.03
1.816377569	0.0362944583736917	0.03
1.816628678	0.0362944583736917	0.03
1.817382419	0.0362944583736917	0.03
1.817399416	0.0362944583736917	0.03
1.818363245	0.0366512361452129	0.03
1.819395454	0.0373862566373923	0.03
1.819581019	0.0373862566373923	0.03
1.81989941	0.155587980364802	0.04
1.82134289	0.0879457939618306	0.04
1.822065256	0.0542493394711607	0.04
1.823267442	0.0567254051346143	0.04
1.824759677	0.0564798933901184	0.04
1.824985083	0.0574749161238537	0.04
1.828939845	0.035944559673203	0.04
1.829051906	0.035944559673203	0.04
1.829613575	0.0362944583736917	0.04
1.830016016	0.0370150978674019	0.04
1.836263396	0.0336722271117527	0.05
1.83758722	0.0342916090596283	0.05
1.837659261	0.0342916090596283	0.05
1.842215909	0.0370150978674019	0.05
1.860668056	0.0356013429892854	0.07
1.860714054	0.0356013429892854	0.07
1.872927722	0.035944559673203	0.07
1.876458705	0.0349342043796328	0.07
1.917919203	0.0333708515912151	0.11
1.919145255	0.0336722271117527	0.11
1.934242286	0.0168154962809257	0.12
1.93486401	0.0291906276573043	0.13
1.938319698	0.0289638664235681	0.13
1.939501786	0.0291906276573043	0.13
1.940502926	0.0148114922056644	0.13
1.945075766	0.0346099242429735	0.14
1.947078383	0.0346099242429735	0.14
1.956133657	0.0346099242429735	0.15
1.95745413	0.0346099242429735	0.15
1.959079535	0.0348688631230653	0.15
1.961031557	0.021217246377757	0.15
2.03833515	0.0964986875326136	0.22
2.039242563	0.0983499226194413	0.22
2.045755957	0.0838693438284787	0.23
2.04617014	0.0867062825250453	0.23
2.057190684	0.0867062825250453	0.24
2.057670659	0.102273979714045	0.23
2.058810915	0.102273979714045	0.23
2.060706206	0.0955989605913139	0.24
2.067556414	0.102273979714045	0.24
2.077371996	0.102273979714045	0.25
2.07768814	0.102273979714045	0.25
2.077935092	0.102273979714045	0.25
2.080200147	0.0955989605913139	0.26
2.112854786	0.0955989605913139	0.29
2.114638141	0.0974155108861586	0.29
2.116340052	0.0993024337586172	0.29
2.119081815	0.103304413716306	0.29
2.122322709	0.0955989605913139	0.3
2.130868897	0.0929977062953508	0.31
2.201956234	0.0938489181354564	0.38
2.21647999	0.0983499226194413	0.39
2.22342495	0.0964986875326136	0.4
2.22607531	0.0983499226194413	0.4
2.226678687	0.0983499226194413	0.4
2.226980498	0.0983499226194413	0.4
2.230993963	0.089741863262533	0.41
2.244892022	0.0964986875326136	0.41
2.268175967	0.126267083534158	0.41
2.273953022	0.13549245506553	0.4
2.287430653	0.131615783165707	0.39
2.396315913	0.172429261543508	0.29
2.57811595	0.181624521852827	0.17
2.634889835	0.181624521852827	0.11
2.63880046	0.181624521852827	0.11
2.644514931	0.185233827134984	0.1
2.64482266	0.181624521852827	0.1
2.65353762	0.185233827134984	0.09
2.670831293	0.183411419569347	0.08
2.671148642	0.183411419569347	0.08
2.671193019	0.183411419569347	0.08
2.671193179	0.183411419569347	0.08
2.671237545	0.183411419569347	0.08
2.671237705	0.183411419569347	0.08
2.671599486	0.183411419569347	0.08
2.671599646	0.183411419569347	0.08
2.671961685	0.188989491642727	0.07
2.672323822	0.187092813668684	0.07
2.67300408	0.187092813668684	0.07
2.673410821	0.187092813668684	0.07
2.674201502	0.187092813668684	0.07
2.674640938	0.187092813668684	0.07
2.674817434	0.183411419569347	0.07
2.67498819	0.183411419569347	0.07
2.675906626	0.183411419569347	0.07
2.67595059	0.183411419569347	0.07
2.678640892	0.183411419569347	0.07
2.679587204	0.183411419569347	0.07
2.684222358	0.187092813668684	0.06
2.690797174	0.183411419569347	0.06
2.690995907	0.183411419569347	0.06
2.692790444	0.183411419569347	0.06
2.697875326	0.187092813668684	0.06
2.700424629	0.188989491642727	0.06
2.703341222	0.188989491642727	0.06
2.714352711	0.185233827134984	0.07
2.721339166	0.179416550346402	0.07
2.721753239	0.179416550346402	0.07
2.72212898	0.179416550346402	0.07
2.722504826	0.179416550346402	0.07
2.725892101	0.179416550346402	0.07
2.727362573	0.179416550346402	0.07
2.728042156	0.179416550346402	0.07
2.728457177	0.179416550346402	0.07
2.730687704	0.179416550346402	0.07
2.733911556	0.179416550346402	0.07
2.734951629	0.179416550346402	0.07
2.741703646	0.179416550346402	0.08
2.742221604	0.179416550346402	0.08
2.744776734	0.179416550346402	0.08
2.767264537	0.179416550346402	0.1
2.784781798	0.169135806386088	0.12
2.795646082	0.169135806386088	0.13
2.870516676	0.164424951062818	0.2
2.874914635	0.164424951062818	0.21
2.893176138	0.157130807604291	0.23
2.901070252	0.158537400134989	0.23
3.017087015	0.15574895501555	0.35
3.116410384	0.186087209292589	0.45
3.116832706	0.186087209292589	0.45
3.194633906	0.180286273640636	0.52
3.479484296	0.198575617380784	0.79
3.560201153	0.198575617380784	0.870000000000001
3.561529658	0.192710691545494	0.880000000000001
3.561648443	0.192710691545494	0.880000000000001
3.563861522	0.188989491642727	0.880000000000001
3.565454716	0.194626790658142	0.880000000000001
3.566965252	0.194626790658142	0.880000000000001
3.567214517	0.194626790658142	0.880000000000001
3.568359469	0.194626790658142	0.880000000000001
3.571210711	0.240881255783593	0.890000000000001
3.572123566	0.241284403648957	0.880000000000001
3.572497766	0.241284403648957	0.880000000000001
3.575584373	0.2204416099893	0.880000000000001
3.62939674	0.263365280983285	0.900000000000001
3.6300627	0.263365280983285	0.900000000000001
3.631023885	0.256370776721279	0.900000000000001
3.639968026	0.237052511007647	0.900000000000001
3.707141358	0.234665346515942	0.970000000000001
3.963711323	0.241603895838782	1.23
4.078052931	0.295168052886488	1.27
4.442577106	0.292183412257851	1.55
4.452121847	0.292183412257851	1.56
4.45272527	0.292183412257851	1.56
4.453328856	0.292183412257851	1.57
4.459832487	0.292183412257851	1.57
4.464002998	0.292183412257851	1.58
4.478685952	0.292183412257851	1.59
4.480518943	0.292183412257851	1.59
4.492707945	0.292183412257851	1.6
4.536342962	0.292183412257851	1.65
4.536969429	0.292183412257851	1.65
4.537444354	0.292183412257851	1.65
4.550359745	0.292183412257851	1.66
4.895921957	0.321120472012688	1.78
5.342582978	0.341906755294796	1.87
5.343307119	0.341906755294796	1.87
5.346842194	0.341906755294796	1.87
5.443653327	0.345635615353711	1.89
5.445157132	0.345635615353711	1.89
6.232084175	0.332699422920084	2.59999999999999
6.2338777	0.332699422920084	2.59999999999999
6.234722781	0.332699422920084	2.59999999999999
6.35095118	0.348944848411776	2.64999999999999
6.358499262	0.348944848411776	2.65999999999999
7	0.390552909366248	2.54999999999999
