thrs	post_p	finalwindow
0	0.195162935096128	0.23
0.03256001	0.192445612950847	0.2
0.070216248	0.18723182395666	0.17
0.082355146	0.168925519145577	0.17
0.093809574	0.168925519145577	0.16
0.103967892	0.155612584781166	0.16
0.106977596	0.155612584781166	0.16
0.115659216	0.15388012556148	0.16
0.123778241	0.152185817081997	0.17
0.127200542	0.120376004040403	0.17
0.127695348	0.128874048438625	0.17
0.129609166	0.123922131700236	0.17
0.129730945	0.123922131700236	0.17
0.130460633	0.12112952907857	0.17
0.14705261	0.121433587180995	0.15
0.148447444	0.127852255614483	0.15
0.148782099	0.123922131700236	0.15
0.151339737	0.118460016000425	0.15
0.155752372	0.148222356464891	0.15
0.161204767	0.118460016000425	0.14
0.178062567	0.128874048438625	0.12
0.178113806	0.128874048438625	0.12
0.178140913	0.128874048438625	0.12
0.178189211	0.128874048438625	0.12
0.181430774	0.119336683148368	0.12
0.181486035	0.119336683148368	0.12
0.181824923	0.119336683148368	0.12
0.191788381	0.120226422645343	0.11
0.194681585	0.152907358979671	0.11
0.206482242	0.15388012556148	0.1
0.22265244	0.127717239490434	0.08
0.222656148	0.127717239490434	0.08
0.222686318	0.127717239490434	0.08
0.222697977	0.127717239490434	0.08
0.222812147	0.127717239490434	0.08
0.222924291	0.149443387993593	0.08
0.226867021	0.144244730809806	0.08
0.226923294	0.144244730809806	0.08
0.226929675	0.144244730809806	0.08
0.227177477	0.145255324380673	0.08
0.227432153	0.145255324380673	0.08
0.230426372	0.0789976055201988	0.07
0.237068117	0.120226422645343	0.07
0.241897099	0.118460016000425	0.07
0.242615688	0.0792889298322917	0.06
0.243116147	0.104996894450736	0.06
0.249436037	0.100023487138682	0.06
0.254481698	0.109535535392606	0.05
0.256228734	0.106766455736903	0.05
0.256259656	0.106766455736903	0.05
0.259750174	0.105874281587949	0.05
0.263775407	0.12104686822536	0.04
0.272151172	0.101628099464378	0.05
0.287097646	0.0947854789483584	0.05
0.295749179	0.0939266529867685	0.05
0.296044019	0.0939266529867685	0.05
0.296834617	0.0939266529867685	0.05
0.296839561	0.0939266529867685	0.05
0.296839653	0.0939266529867685	0.05
0.296874128	0.0939266529867685	0.05
0.296879772	0.0939266529867685	0.05
0.29691506	0.0939266529867685	0.05
0.296960227	0.0939266529867685	0.05
0.297161557	0.0939266529867685	0.05
0.297207868	0.0939266529867685	0.05
0.29723727	0.0939266529867685	0.05
0.297242165	0.0939266529867685	0.05
0.297345093	0.0939266529867685	0.05
0.29736316	0.0939266529867685	0.05
0.297631463	0.0939266529867685	0.05
0.298033592	0.0939266529867685	0.05
0.29855614	0.0939266529867685	0.05
0.298682719	0.0939266529867685	0.05
0.299931082	0.0947854789483584	0.05
0.300128238	0.0947854789483584	0.05
0.300638986	0.0947854789483584	0.05
0.301159527	0.0939266529867685	0.05
0.302397905	0.0922548595984759	0.05
0.30240618	0.0922548595984759	0.05
0.302443572	0.0922548595984759	0.05
0.302452098	0.0922548595984759	0.05
0.302453753	0.0922548595984759	0.05
0.302493847	0.0922548595984759	0.05
0.302535608	0.0922548595984759	0.05
0.302844832	0.0922548595984759	0.05
0.303062807	0.0922548595984759	0.05
0.305094409	0.0930832504637826	0.05
0.306047128	0.101267085559157	0.04
0.306464617	0.101267085559157	0.04
0.308759935	0.101267085559157	0.04
0.319078068	0.0914410831391367	0.04
0.322066605	0.100287394447274	0.03
0.322435043	0.100287394447274	0.03
0.322591403	0.100287394447274	0.03
0.323097253	0.100287394447274	0.03
0.323165924	0.100287394447274	0.03
0.323537089	0.100287394447274	0.03
0.333944256	0.0868447581267844	0.04
0.334029253	0.0868447581267844	0.04
0.338071632	0.0826883909189128	0.05
0.340262381	0.0801316705147985	0.05
0.343625259	0.0801316705147985	0.05
0.345554528	0.0795170051810043	0.05
0.350684009	0.0795170051810043	0.06
0.351815198	0.0795170051810043	0.06
0.356206548	0.0789116978810724	0.06
0.356437896	0.0783155365210419	0.06
0.357086112	0.0930832504637826	0.06
0.360733393	0.0743819557750789	0.07
0.362945858	0.0743819557750789	0.07
0.363236679	0.0743819557750789	0.07
0.363936107	0.0743819557750789	0.07
0.366130409	0.0754649278514421	0.07
0.367663989	0.0767418782760772	0.07
0.37384574	0.100287394447274	0.08
0.386863037	0.0523339469642023	0.06
0.386909127	0.0798511032841433	0.06
0.387745392	0.0778875914661853	0.06
0.389299853	0.0760183263461908	0.06
0.389825341	0.0755649456646016	0.06
0.395214438	0.0821640774435154	0.06
0.415772448	0.0510741877793362	0.03
0.416416237	0.0571569176280327	0.03
0.418471182	0.0977093780509925	0.03
0.423143546	0.0962252222285687	0.03
0.428769674	0.101628099464378	0.02
0.440249622	0.107673793892972	0.01
0.440316292	0.107673793892972	0.01
0.444236336	0.113459080212661	0.01
0.444499874	0.110555033946525	0.01
0.444770984	0.106467398342031	0.01
0.445049535	0.106467398342031	0.01
0.445117302	0.106467398342031	0.01
0.445185067	0.105815333170012	0.01
0.445185068	0.105815333170012	0.01
0.44525283	0.105815333170012	0.01
0.445252832	0.105815333170012	0.01
0.445252833	0.105815333170012	0.01
0.445252835	0.105815333170012	0.01
0.445313187	0.105815333170012	0.01
0.44531319	0.105815333170012	0.01
0.445373562	0.105815333170012	0.01
0.445419149	0.105815333170012	0.01
0.445479567	0.105815333170012	0.01
0.445494353	0.105815333170012	0.01
0.445554774	0.105815333170012	0.01
0.445578303	0.105815333170012	0.01
0.445615211	0.105815333170012	0.01
0.445653547	0.105815333170012	0.01
0.445675664	0.105815333170012	0.01
0.445691925	0.118255610022842	0.01
0.445849774	0.124346839356975	0.01
0.445917642	0.124346839356975	0.01
0.445970843	0.124346839356975	0.01
0.446038729	0.124346839356975	0.01
0.446319857	0.122872947780516	0.01
0.446394864	0.122872947780516	0.01
0.446455777	0.122872947780516	0.01
0.446465528	0.121433587180995	0.01
0.446888185	0.121433587180995	0.01
0.446967543	0.121433587180995	0.01
0.447542535	0.121433587180995	0.01
0.447876705	0.121433587180995	0.01
0.447928306	0.120726478983841	0.01
0.448791313	0.125136864525938	0.01
0.449715173	0.125136864525938	0.01
0.451750007	0.124425392701159	0.01
0.453102774	0.123721965355507	0.01
0.453117722	0.123721965355507	0.01
0.453312195	0.120986032383218	0.01
0.453607731	0.120986032383218	0.01
0.45367678	0.120986032383218	0.01
0.453739439	0.120986032383218	0.01
0.453782962	0.120986032383218	0.01
0.453802119	0.120986032383218	0.01
0.453927527	0.120986032383218	0.01
0.453952078	0.120986032383218	0.01
0.453977538	0.120986032383218	0.01
0.453990257	0.120986032383218	0.01
0.454053004	0.120986032383218	0.01
0.454115767	0.120986032383218	0.01
0.454159539	0.120986032383218	0.01
0.454172215	0.120986032383218	0.01
0.454228692	0.120986032383218	0.01
0.454266222	0.121658608585909	0.01
0.454291524	0.121658608585909	0.01
0.454297847	0.121658608585909	0.01
0.454379121	0.121658608585909	0.01
0.454543029	0.122338704458681	0.01
0.454618511	0.122338704458681	0.01
0.454637485	0.122338704458681	0.01
0.455180191	0.124425392701159	0.01
0.455678249	0.118368483937761	0.02
0.455755613	0.118368483937761	0.02
0.456133439	0.118368483937761	0.02
0.456159276	0.118368483937761	0.02
0.456455968	0.118368483937761	0.02
0.457901934	0.117731698808258	0.02
0.458022431	0.117731698808258	0.02
0.458619789	0.117101728424092	0.02
0.458664131	0.117101728424092	0.02
0.460382332	0.117731698808258	0.02
0.462114195	0.117731698808258	0.02
0.46331093	0.117731698808258	0.02
0.46499053	0.116478463972473	0.02
0.474072423	0.110592279590738	0.03
0.47699163	0.103285034695018	0.04
0.478419311	0.103285034695018	0.04
0.479732593	0.102799865338804	0.04
0.483511101	0.103285034695018	0.04
0.484458594	0.103774805331663	0.04
0.484927676	0.104768414780677	0.04
0.485802156	0.133129936232452	0.04
0.485999254	0.129112170447812	0.04
0.48628356	0.130235142732822	0.04
0.486776039	0.125856519619889	0.04
0.489107131	0.096456557931911	0.05
0.50407637	0.0893666112055536	0.06
0.511690912	0.069693744477276	0.06
0.514645345	0.0865394988433546	0.07
0.51473946	0.0865394988433546	0.07
0.514742139	0.0865394988433546	0.07
0.514839037	0.0868830670249417	0.07
0.515124567	0.0879303367564352	0.07
0.516063638	0.0947854789483584	0.07
0.51682809	0.0904438313257139	0.07
0.518492841	0.0652519655684824	0.07
0.520735072	0.0661893959897187	0.07
0.529143364	0.0472989646396979	0.07
0.534226929	0.0444685300427314	0.06
0.534308248	0.0440434302082981	0.06
0.534380672	0.0432171557293543	0.06
0.534453117	0.0432171557293543	0.06
0.534888196	0.0432171557293543	0.06
0.536755919	0.0524701776660402	0.06
0.539174229	0.0524701776660402	0.06
0.543234343	0.0529526217844201	0.06
0.544416783	0.0544546948720943	0.06
0.546060858	0.0940118346044073	0.06
0.55657045	0.097184743709183	0.05
0.556645891	0.097184743709183	0.05
0.556807604	0.097184743709183	0.05
0.55802857	0.0963716058027163	0.05
0.559788571	0.093250717072137	0.05
0.562444529	0.0947854789483584	0.05
0.566766402	0.109158054350181	0.04
0.568776608	0.104219587331397	0.04
0.572491616	0.106140364287401	0.04
0.57444178	0.110202447571564	0.04
0.579525048	0.104219587331397	0.05
0.591819223	0.106140364287401	0.05
0.593573546	0.107127549778325	0.05
0.593673806	0.107127549778325	0.05
0.593673808	0.107127549778325	0.05
0.593754277	0.107127549778325	0.05
0.593754278	0.107127549778325	0.05
0.593824895	0.107127549778325	0.05
0.593915284	0.107127549778325	0.05
0.594237558	0.107127549778325	0.05
0.594318181	0.107127549778325	0.05
0.595015574	0.112352358399816	0.05
0.595887104	0.112352358399816	0.05
0.596894832	0.112352358399816	0.05
0.597117526	0.112352358399816	0.05
0.604813246	0.109158054350181	0.05
0.604905308	0.109158054350181	0.05
0.60490531	0.109158054350181	0.05
0.604988853	0.109158054350181	0.05
0.605716504	0.109158054350181	0.05
0.606051871	0.109158054350181	0.05
0.60631275	0.109158054350181	0.05
0.606404306	0.109158054350181	0.05
0.607971158	0.113459080212661	0.05
0.608524688	0.101465325183978	0.06
0.61827716	0.107127549778325	0.06
0.624510489	0.103285034695018	0.06
0.635412418	0.113459080212661	0.05
0.636066531	0.113459080212661	0.05
0.636422142	0.113459080212661	0.05
0.637031954	0.113459080212661	0.05
0.637881775	0.113459080212661	0.05
0.638075882	0.113459080212661	0.05
0.646569798	0.110202447571564	0.06
0.648110758	0.110202447571564	0.06
0.667472678	0.0955719619278354	0.08
0.667879261	0.0955719619278354	0.08
0.667879263	0.0955719619278354	0.08
0.671132308	0.0940118346044073	0.08
0.678915807	0.0903256209290156	0.09
0.680410924	0.0903256209290156	0.09
0.68060848	0.0903256209290156	0.09
0.680702493	0.0903256209290156	0.09
0.680786967	0.0903256209290156	0.09
0.689921535	0.0875784528357949	0.1
0.696262833	0.0849934574379817	0.11
0.712354258	0.0849934574379817	0.12
0.712401774	0.0849934574379817	0.12
0.713541741	0.0849934574379817	0.12
0.71365913	0.08562529376056	0.12
0.714295462	0.0658739406854111	0.12
0.725869057	0.0565952289948428	0.13
0.725979546	0.0571569176280327	0.13
0.726772429	0.0565952289948428	0.13
0.72717465	0.0813899569643732	0.14
0.735438378	0.0539446240123764	0.14
0.742183791	0.0539446240123764	0.14
0.7500464	0.0855344568919259	0.15
0.75180067	0.0822844818329857	0.14
0.763491091	0.088024650546016	0.13
0.765321243	0.0854136404478409	0.13
0.766651587	0.083960866813605	0.13
0.7676628	0.0819691700631369	0.13
0.772093843	0.0848489710292569	0.12
0.772264397	0.0919163742352493	0.12
0.786383987	0.0882494587330752	0.11
0.793117932	0.0945172707790813	0.1
0.799403767	0.08562529376056	0.1
0.8034392	0.0974588475547685	0.09
0.817085993	0.092999742519037	0.08
0.849686346	0.0922548595984759	0.05
0.856064956	0.0994217396815564	0.04
0.861362559	0.0995649761880165	0.03
0.864973627	0.103594684374366	0.03
0.867661243	0.0961035751875208	0.03
0.875213305	0.103285034695018	0.02
0.875954975	0.100287394447274	0.02
0.87832845	0.0955719619278354	0.02
0.882218863	0.109731810473685	0.01
0.883236842	0.105904797928114	0.01
0.883671839	0.108133270803878	0.01
0.885048106	0.10517120659243	0.01
0.885800269	0.101764144178085	0.01
0.886381245	0.101764144178085	0.01
0.888863234	0.0958370313413851	0.01
0.889209764	0.0958370313413851	0.01
0.889576687	0.0955719619278354	0.01
0.889752182	0.0955719619278354	0.01
0.890068113	0.0947854789483584	0.01
0.890083013	0.0947854789483584	0.01
0.890218543	0.0942683089957647	0.01
0.890228158	0.0942683089957647	0.01
0.890309475	0.0937567519985916	0.01
0.890339212	0.0937567519985916	0.01
0.890354074	0.0937567519985916	0.01
0.890354075	0.0937567519985916	0.01
0.890419078	0.0937567519985916	0.01
0.890459913	0.0937567519985916	0.01
0.890474761	0.0937567519985916	0.01
0.890489605	0.0937567519985916	0.01
0.890489606	0.0937567519985916	0.01
0.890506418	0.0937567519985916	0.01
0.890580647	0.0937567519985916	0.01
0.890595481	0.0937567519985916	0.01
0.89061031	0.0937567519985916	0.01
0.890610311	0.0937567519985916	0.01
0.890701414	0.0937567519985916	0.01
0.890716233	0.0937567519985916	0.01
0.890731049	0.0937567519985916	0.01
0.890822213	0.0937567519985916	0.01
0.890837018	0.0937567519985916	0.01
0.890851819	0.0937567519985916	0.01
0.890928251	0.0937567519985916	0.01
0.890957836	0.0937567519985916	0.01
0.890972623	0.0937567519985916	0.01
0.891093459	0.0937567519985916	0.01
0.89119957	0.0937567519985916	0.01
0.891214328	0.0937567519985916	0.01
0.891246709	0.0937567519985916	0.01
0.89133523	0.0937567519985916	0.01
0.891441435	0.0937567519985916	0.01
0.891521465	0.0935030498799651	0.01
0.891562417	0.0935030498799651	0.01
0.891577132	0.0935030498799651	0.01
0.891686849	0.0935030498799651	0.01
0.891698132	0.0935030498799651	0.01
0.891793338	0.0935030498799651	0.01
0.891881522	0.0935030498799651	0.01
0.892012117	0.092999742519037	0.01
0.892017347	0.092999742519037	0.01
0.89216782	0.092501824544678	0.01
0.892182462	0.092501824544678	0.01
0.892307805	0.092999742519037	0.01
0.892568748	0.092999742519037	0.01
0.89273031	0.092999742519037	0.01
0.892924751	0.0952913977576341	0.01
0.893016766	0.0947854789483584	0.01
0.89308003	0.0947854789483584	0.01
0.893142511	0.0947854789483584	0.01
0.893352088	0.0952913977576341	0.01
0.893395592	0.0952913977576341	0.01
0.894085351	0.0952913977576341	0.01
0.894232534	0.0950377650626781	0.01
0.894482721	0.0950377650626781	0.01
0.894511483	0.0945345287192164	0.01
0.894690708	0.0945345287192164	0.01
0.894906463	0.0945345287192164	0.01
0.894913415	0.0945345287192164	0.01
0.895081202	0.0950377650626781	0.01
0.895086463	0.0950377650626781	0.01
0.895300675	0.0950377650626781	0.01
0.89539422	0.0945345287192164	0.01
0.895524497	0.0972873517762715	0.01
0.895638516	0.0972873517762715	0.01
0.896329745	0.0967764667436405	0.01
0.896396617	0.0972873517762715	0.01
0.89685771	0.0962709193024649	0.01
0.896928207	0.0960201211065802	0.01
0.897131294	0.0945423507983668	0.01
0.897197773	0.0938203927901267	0.01
0.897316929	0.0954787577556233	0.01
0.89799116	0.0847156246394072	0.01
0.898155973	0.0830194985266458	0.01
0.898455429	0.0821966521585694	0.01
0.898485328	0.0821966521585694	0.01
0.899325427	0.0790621590998475	0.01
0.899974537	0.0786124869631294	0.01
0.900031532	0.0784637307866415	0.01
0.900113547	0.0790621590998475	0.01
0.900274359	0.0792131951846179	0.01
0.900307304	0.0792131951846179	0.01
0.90151373	0.0481894632688954	0.01
0.901947653	0.0461279849479687	0.01
0.902162268	0.0466373675405561	0.01
0.902860993	0.0352757004359924	0.01
0.902919093	0.0352757004359924	0.01
0.902932441	0.035411264353453	0.01
0.903685884	0.0308841875095145	0.01
0.903876527	0.03076633713871	0.01
0.904220945	0.0306493827548049	0.01
0.904508173	0.0308841875095145	0.01
0.905345526	0.0316106956113512	0.01
0.905424433	0.0317351164508026	0.01
0.906154318	0.0322427509796252	0.01
0.906197141	0.0318605206104722	0.01
0.906210372	0.0318605206104722	0.01
0.906508268	0.0322427509796252	0.01
0.906786831	0.0321143258900488	0.01
0.906922556	0.032372207336305	0.01
0.907060652	0.0325027074319397	0.01
0.907185931	0.0327668897411937	0.01
0.907198748	0.0330354017952023	0.01
0.907199842	0.0330354017952023	0.01
0.907311244	0.0327668897411937	0.01
0.907324045	0.0331713148763946	0.01
0.907336843	0.0331713148763946	0.01
0.907336844	0.0331713148763946	0.01
0.907436592	0.0331713148763946	0.01
0.907449378	0.0331713148763946	0.01
0.90746216	0.0331713148763946	0.01
0.907574745	0.0331713148763946	0.01
0.907587512	0.0331713148763946	0.01
0.907674633	0.0331713148763946	0.01
0.907700146	0.0331713148763946	0.01
0.907712898	0.0331713148763946	0.01
0.908076559	0.0334465238867038	0.01
0.908089263	0.0334465238867038	0.01
0.908089264	0.0334465238867038	0.01
0.908151307	0.0334465238867038	0.01
0.90817671	0.0337263376973298	0.01
0.908189407	0.0337263376973298	0.01
0.908289632	0.0334465238867038	0.01
0.908453284	0.0334465238867038	0.01
0.908566283	0.0341549484390698	0.01
0.908691978	0.0341549484390698	0.01
0.908729307	0.0341549484390698	0.01
0.908816452	0.0341549484390698	0.01
0.908830322	0.0341549484390698	0.01
0.908943472	0.0341549484390698	0.01
0.908956071	0.0341549484390698	0.01
0.909094444	0.0341549484390698	0.01
0.909183517	0.0340108728546578	0.01
0.909270732	0.0340108728546578	0.01
0.909308419	0.0340108728546578	0.01
0.909346075	0.0341549484390698	0.01
0.909642167	0.0341549484390698	0.01
0.909838426	0.0335858479988562	0.01
0.909914657	0.0335858479988562	0.01
0.909925885	0.0335858479988562	0.01
0.910014581	0.0338680076705189	0.01
0.910051995	0.0340108728546578	0.01
0.910204731	0.0343002498715511	0.01
0.910267	0.0343002498715511	0.01
0.910467776	0.0345945933975405	0.01
0.910628128	0.0345945933975405	0.01
0.911049792	0.0345945933975405	0.01
0.911062134	0.0345945933975405	0.01
0.911351929	0.0345945933975405	0.01
0.911518912	0.0347436677294124	0.01
0.911632099	0.0347436677294124	0.01
0.912015459	0.0345945933975405	0.01
0.912488931	0.034446792863892	0.01
0.912630246	0.034446792863892	0.01
0.912707801	0.034446792863892	0.01
0.912776305	0.034446792863892	0.01
0.912811242	0.034446792863892	0.01
0.912967277	0.0301903237900872	0.01
0.913006436	0.0301903237900872	0.01
0.913139907	0.0301903237900872	0.01
0.913751419	0.0301903237900872	0.01
0.914018042	0.030322789260513	0.01
0.914983658	0.030322789260513	0.01
0.915026039	0.030322789260513	0.01
0.915269563	0.030322789260513	0.01
0.915559183	0.0255098416565761	0.01
0.916024822	0.0255098416565761	0.01
0.916163647	0.0256233402607031	0.01
0.916688985	0.0260876172535817	0.01
0.916912552	0.0263261227131166	0.01
0.917248255	0.0179545295204118	0.01
0.918238351	0.0341007772762628	0.02
0.918483627	0.0342274449485679	0.02
0.919120121	0.0347436677294124	0.02
0.919655338	0.034875165676711	0.02
0.919822583	0.034875165676711	0.02
0.921783065	0.0356855422183876	0.02
0.922071236	0.0359641020866874	0.02
0.922455062	0.0362470450226805	0.02
0.923473233	0.032372207336305	0.02
0.924412009	0.032634263940303	0.02
0.924627878	0.0329005979246392	0.02
0.925553967	0.0285679321616384	0.02
0.929379518	0.0319710650758223	0.03
0.93064775	0.0320823793104953	0.03
0.933174706	0.0287889440429471	0.03
0.934071327	0.0289960120390573	0.03
0.934700606	0.028892107034793	0.03
0.93534835	0.0291006670901568	0.03
0.938446291	0.0128476557849713	0.03
0.941112169	0.0161881416150214	0.03
0.944027825	0.00942937820368881	0.03
0.947518522	0.0106499891942305	0.03
0.948845214	0.010456619904226	0.03
0.949342587	0.0105524187678566	0.03
0.951999424	0.0111662180713104	0.03
0.953473419	0.0171524128832776	0.04
0.954119877	0.0175443078988694	0.04
0.955985355	0.0183843940661298	0.04
0.956018846	0.0183843940661298	0.04
0.956780018	0.0191484771558048	0.04
0.95679317	0.0191484771558048	0.04
0.957016096	0.0193089792037418	0.04
0.957077957	0.0193089792037418	0.04
0.958321379	0.0199788272902225	0.04
0.959642592	0.0203314872545074	0.04
0.959665139	0.0208844560101551	0.04
0.959857154	0.0210755242825886	0.04
0.960039043	0.0210755242825886	0.04
0.960819071	0.0210755242825886	0.04
0.960911853	0.0210755242825886	0.04
0.964446178	0.0229665796313939	0.04
0.964458654	0.0229665796313939	0.04
0.966290332	0.0189906213938227	0.05
0.966653906	0.0189906213938227	0.05
0.966980911	0.0193089792037418	0.05
0.966980912	0.0193089792037418	0.05
0.966986309	0.0193089792037418	0.05
0.967139043	0.0193089792037418	0.05
0.967144414	0.0193089792037418	0.05
0.967297223	0.0196381928688902	0.05
0.967297226	0.0196381928688902	0.05
0.967302571	0.0196381928688902	0.05
0.967460779	0.0196381928688902	0.05
0.96746078	0.0196381928688902	0.05
0.967608447	0.0196381928688902	0.05
0.96761904	0.0196381928688902	0.05
0.967619041	0.0196381928688902	0.05
0.967772081	0.0196381928688902	0.05
0.968861479	0.0201536146268682	0.05
0.969035555	0.0201536146268682	0.05
0.969666194	0.0208844560101551	0.05
0.970442597	0.0210755242825886	0.05
0.973457204	0.0218760863910409	0.05
0.973766743	0.0220858210485092	0.05
0.97801719	0.0229665796313939	0.05
0.978183481	0.0227398693019771	0.05
0.981915796	0.0324590906509341	0.05
0.985118954	0.0218760863910409	0.05
0.9860103	0.0220858210485092	0.05
1.021711423	0.0296718366850763	0.07
1.028094642	0.0334003390314903	0.07
1.029078227	0.0343978062677853	0.07
1.029637844	0.0343978062677853	0.07
1.029659545	0.0296718366850763	0.08
1.030020301	0.0296718366850763	0.08
1.030392053	0.0296718366850763	0.08
1.031531241	0.0296718366850763	0.08
1.031720423	0.0296718366850763	0.08
1.032104884	0.0299288348385189	0.08
1.0327094	0.0299288348385189	0.08
1.033463082	0.0286865151434463	0.08
1.035677928	0.0284503255294691	0.08
1.038905957	0.0318605206104722	0.08
1.039046839	0.0318605206104722	0.08
1.041709188	0.0271110186799891	0.09
1.043349328	0.0268999648141377	0.09
1.054783865	0.0324590906509341	0.09
1.056246636	0.0324590906509341	0.09
1.057424783	0.0282179934754414	0.1
1.058571278	0.0289266591960013	0.1
1.067766296	0.027764530101124	0.11
1.067971123	0.027764530101124	0.11
1.068168044	0.027764530101124	0.11
1.068277144	0.027764530101124	0.11
1.06860264	0.0284503255294691	0.11
1.068892568	0.0284503255294691	0.11
1.070326964	0.0299288348385189	0.11
1.088407982	0.0247781429756136	0.13
1.113082372	0.0343978062677853	0.14
1.113233383	0.0343978062677853	0.14
1.11414031	0.0246017301450397	0.15
1.125633627	0.0324590906509341	0.15
1.127882011	0.0321570204296866	0.15
1.13205703	0.0340587628030592	0.15
1.133642817	0.0340587628030592	0.15
1.134317617	0.0340587628030592	0.15
1.136767134	0.0229665796313939	0.15
1.137302108	0.0229665796313939	0.15
1.162829766	0.0220858210485092	0.14
1.183360064	0.0242563347156288	0.16
1.187305519	0.0196381928688902	0.15
1.18762744	0.019472194643417	0.15
1.192075895	0.0191484771558048	0.15
1.192725439	0.0186825911892295	0.15
1.203309389	0.0196381928688902	0.14
1.208769953	0.0112755281016634	0.13
1.209215802	0.0112755281016634	0.13
1.209825949	0.0112755281016634	0.13
1.210085375	0.0111662180713104	0.13
1.210771389	0.0111662180713104	0.13
1.21086869	0.0111662180713104	0.13
1.212614931	0.0108506450026534	0.13
1.224141399	0.0109538352798131	0.12
1.22465873	0.0109538352798131	0.12
1.225416562	0.0109538352798131	0.12
1.226416878	0.0109538352798131	0.12
1.245566855	0.019807045660873	0.12
1.246668032	0.0199788272902225	0.12
1.248955951	0.019807045660873	0.12
1.252855937	0.0220858210485092	0.11
1.265568721	0.0222996162536031	0.1
1.268447511	0.0220858210485092	0.1
1.270060331	0.0214683446190508	0.1
1.270253663	0.0212701209366669	0.1
1.275739262	0.0225175910797388	0.09
1.285172518	0.0227398693019771	0.09
1.293113698	0.0334003390314903	0.09
1.297280078	0.0652519655684824	0.09
1.303502827	0.0652519655684824	0.1
1.325958837	0.0658739406854111	0.11
1.33510162	0.0684851132979298	0.1
1.335508208	0.0684851132979298	0.1
1.335711503	0.0684851132979298	0.1
1.335892556	0.0684851132979298	0.1
1.33625481	0.0684851132979298	0.1
1.33638917	0.0684851132979298	0.1
1.336665633	0.0684851132979298	0.1
1.336979907	0.0684851132979298	0.1
1.337117106	0.0684851132979298	0.1
1.337161305	0.0684851132979298	0.1
1.337529375	0.0684851132979298	0.1
1.337777279	0.0684851132979298	0.1
1.337887386	0.0684851132979298	0.1
1.338686534	0.0684851132979298	0.1
1.340005107	0.0684851132979298	0.1
1.342315002	0.0671541538507833	0.1
1.342368518	0.0671541538507833	0.1
1.360533959	0.0652519655684824	0.1
1.360981621	0.0652519655684824	0.1
1.36116959	0.0652519655684824	0.1
1.361338457	0.0652519655684824	0.1
1.36135761	0.0652519655684824	0.1
1.361545683	0.0652519655684824	0.1
1.362279458	0.0652519655684824	0.1
1.364721715	0.0652519655684824	0.1
1.368077892	0.0658739406854111	0.1
1.368578346	0.0684851132979298	0.1
1.369020462	0.0684851132979298	0.1
1.370127164	0.0652519655684824	0.11
1.373967278	0.0652519655684824	0.11
1.377139612	0.0746113964890159	0.11
1.377544294	0.0746113964890159	0.11
1.38563755	0.0782311051461309	0.11
1.418305639	0.077479336281101	0.1
1.430594094	0.0782311051461309	0.1
1.434752614	0.0782311051461309	0.1
1.440102642	0.0782311051461309	0.11
1.450674974	0.0746113964890159	0.12
1.454003033	0.0746113964890159	0.12
1.454856842	0.0746113964890159	0.12
1.45657643	0.0746113964890159	0.13
1.457818346	0.0746113964890159	0.13
1.484117024	0.0719481949046962	0.15
1.485393153	0.0725960108558257	0.15
1.488337206	0.0719481949046962	0.16
1.494140559	0.0713118383631807	0.16
1.502972103	0.0713118383631807	0.17
1.511734415	0.0713118383631807	0.18
1.511964569	0.0713118383631807	0.18
1.512194724	0.0713118383631807	0.18
1.512403577	0.0713118383631807	0.18
1.513239565	0.0713118383631807	0.18
1.516740221	0.0713118383631807	0.19
1.519065464	0.0706866398336625	0.19
1.523536021	0.0706866398336625	0.19
1.558319819	0.17315808580035	0.23
1.55916507	0.170313195128163	0.23
1.561070241	0.143495965998763	0.22
1.595407686	0.194878279447409	0.19
1.595579044	0.194878279447409	0.19
1.652341299	0.212211506279238	0.14
1.707257935	0.266363216501198	0.08
1.718627381	0.262181777459729	0.07
1.745720251	0.261668310311832	0.04
1.758275756	0.268504354227183	0.03
1.768990518	0.262181777459729	0.02
1.77492366	0.282280979937749	0.01
1.77861633	0.277424568008666	0.01
1.780115455	0.262181777459729	0.01
1.780627841	0.262181777459729	0.01
1.780657572	0.262181777459729	0.01
1.780928629	0.256150110879539	0.01
1.78092863	0.256150110879539	0.01
1.781081012	0.256150110879539	0.01
1.781170031	0.256150110879539	0.01
1.781170032	0.256150110879539	0.01
1.781411499	0.256150110879539	0.01
1.781623424	0.256150110879539	0.01
1.781653031	0.256150110879539	0.01
1.781835463	0.256150110879539	0.01
1.781894629	0.256150110879539	0.01
1.782136293	0.254200758242088	0.01
1.782378022	0.252280851428765	0.01
1.782619816	0.252280851428765	0.01
1.783286774	0.252280851428765	0.01
1.783587651	0.252280851428765	0.01
1.78377107	0.252280851428765	0.01
1.783829774	0.252280851428765	0.01
1.783925287	0.252280851428765	0.01
1.784013316	0.252280851428765	0.01
1.784314217	0.252280851428765	0.01
1.784506241	0.252280851428765	0.01
1.784933025	0.254200758242088	0.01
1.785322292	0.267050165394511	0.01
1.785988286	0.261189787490177	0.01
1.787927091	0.259293070966778	0.01
1.788780487	0.261189787490177	0.01
1.788872102	0.261189787490177	0.01
1.78918715	0.261189787490177	0.01
1.789358594	0.261189787490177	0.01
1.790033715	0.259293070966778	0.01
1.790737455	0.267050165394511	0.01
1.79204453	0.26211943171724	0.02
1.792147241	0.26211943171724	0.02
1.795060195	0.219915814961849	0.02
1.795643534	0.207466482505827	0.02
1.796645824	0.201252230374316	0.02
1.799436111	0.202798964249441	0.02
1.808733518	0.20191538606623	0.03
1.809599251	0.20191538606623	0.03
1.812688451	0.177608204210873	0.03
1.813215031	0.177608204210873	0.03
1.813240824	0.177608204210873	0.03
1.813716026	0.155922370398379	0.03
1.813793197	0.158445776731279	0.03
1.814069384	0.165126693374736	0.03
1.814345569	0.11448428224175	0.03
1.814596154	0.10517120659243	0.03
1.814621756	0.10517120659243	0.03
1.814621757	0.10517120659243	0.03
1.814846808	0.10517120659243	0.03
1.814872379	0.10517120659243	0.03
1.815123071	0.107127549778325	0.03
1.815169565	0.107127549778325	0.03
1.815288509	0.107127549778325	0.03
1.815373832	0.108133270803878	0.03
1.815875562	0.108133270803878	0.03
1.816101116	0.098383799931562	0.03
1.816374833	0.098383799931562	0.03
1.816377569	0.098383799931562	0.03
1.81637757	0.098383799931562	0.03
1.817633804	0.0974588475547685	0.03
1.818036082	0.0993264774171944	0.03
1.819217405	0.197363005204569	0.04
1.819410514	0.197363005204569	0.04
1.819581019	0.197363005204569	0.04
1.820606159	0.198256984926922	0.04
1.823267442	0.173780114729843	0.04
1.824280416	0.162387839386368	0.04
1.824759677	0.103285034695018	0.04
1.829051906	0.102266106383489	0.04
1.830016016	0.194728793957676	0.05
1.835137623	0.103285034695018	0.05
1.836263396	0.0947854789483584	0.05
1.83758722	0.0947854789483584	0.05
1.837659261	0.0947854789483584	0.05
1.839735229	0.102266106383489	0.05
1.842215909	0.170823474092761	0.06
1.844053766	0.159738358366872	0.06
1.846490238	0.0947854789483584	0.06
1.860714054	0.102266106383489	0.07
1.872927722	0.0974588475547685	0.08
1.876458705	0.0782311051461309	0.08
1.917919203	0.0789976055201988	0.11
1.919145255	0.077479336281101	0.12
1.932723098	0.0719481949046962	0.13
1.934242286	0.0719481949046962	0.13
1.938309591	0.0713118383631807	0.13
1.939501786	0.0732555985678546	0.13
1.940502926	0.0534440200276089	0.13
1.945075766	0.0760183263461908	0.14
1.947078383	0.0760183263461908	0.14
1.956133657	0.0760183263461908	0.15
1.95745413	0.0760183263461908	0.15
2.03833515	0.0881880336090292	0.23
2.039242563	0.090068776857975	0.23
2.04617014	0.0857992464451805	0.24
2.057190684	0.0857992464451805	0.25
2.058434493	0.0857992464451805	0.25
2.058810915	0.0875784528357949	0.25
2.060706206	0.0728145497032773	0.25
2.067556414	0.0857992464451805	0.26
2.077371996	0.0857992464451805	0.27
2.077653506	0.0857992464451805	0.27
2.077935092	0.0857992464451805	0.27
2.079378601	0.0875784528357949	0.27
2.112854786	0.0713118383631807	0.3
2.114638141	0.0700723083962069	0.3
2.116340052	0.0829892883006819	0.31
2.117539144	0.0829892883006819	0.31
2.119081815	0.0846527339537583	0.31
2.130868897	0.0703440211822345	0.32
2.201956234	0.0684851132979298	0.39
2.21647999	0.0808704575622642	0.41
2.22342495	0.0723066581773559	0.41
2.225736601	0.0782311051461309	0.41
2.22607531	0.0797792747013671	0.41
2.226678687	0.0988528913434507	0.42
2.226980498	0.0988528913434507	0.42
2.268175967	0.17059347067592	0.41
2.279085054	0.17315808580035	0.4
2.283420782	0.170313195128163	0.39
2.36737444	0.190675716270639	0.31
2.396315913	0.204749034402785	0.29
2.401471639	0.213227503297236	0.29
2.57811595	0.229951129037006	0.15
2.634889835	0.232158205132651	0.09
2.644514931	0.232158205132651	0.08
2.64482266	0.232158205132651	0.08
2.669724846	0.234408058941514	0.06
2.670697515	0.234408058941514	0.06
2.67074212	0.234408058941514	0.06
2.670831293	0.234408058941514	0.06
2.671148642	0.234408058941514	0.06
2.671193179	0.234408058941514	0.06
2.671237545	0.234408058941514	0.06
2.671237705	0.234408058941514	0.06
2.671599486	0.234408058941514	0.06
2.671599646	0.234408058941514	0.06
2.671961685	0.234408058941514	0.06
2.672323822	0.234408058941514	0.06
2.67300408	0.234408058941514	0.06
2.674201502	0.234408058941514	0.06
2.67498819	0.229951129037006	0.06
2.675753192	0.229951129037006	0.06
2.675906626	0.229951129037006	0.06
2.67595059	0.229951129037006	0.06
2.677404052	0.229951129037006	0.06
2.678640892	0.234408058941514	0.05
2.679543675	0.234408058941514	0.05
2.679587204	0.234408058941514	0.05
2.681604422	0.234408058941514	0.05
2.684222358	0.234408058941514	0.05
2.690995907	0.234408058941514	0.05
2.692790444	0.229951129037006	0.05
2.697875326	0.227785622109512	0.06
2.700424629	0.227785622109512	0.06
2.714352711	0.227785622109512	0.07
2.716197088	0.199866441534053	0.07
2.720992773	0.199866441534053	0.07
2.721339166	0.199866441534053	0.07
2.721753239	0.199866441534053	0.07
2.72212898	0.199866441534053	0.07
2.722504826	0.199866441534053	0.07
2.727362573	0.199866441534053	0.06
2.728457177	0.199866441534053	0.06
2.734951629	0.196085842428815	0.07
2.741703646	0.194248674668166	0.08
2.744776734	0.194248674668166	0.08
2.784781798	0.17315808580035	0.12
2.795646082	0.17315808580035	0.13
2.814579483	0.17315808580035	0.15
2.870516676	0.176099632409467	0.2
2.874914635	0.17315808580035	0.21
2.884109016	0.170313195128163	0.22
2.893176138	0.175237904620882	0.23
2.901070252	0.166531060415799	0.23
3.091199805	0.155612584781166	0.42
3.116410384	0.176782157642198	0.45
3.116832706	0.176782157642198	0.45
3.153761559	0.136156342837527	0.48
3.190582361	0.175354916018916	0.52
3.561529658	0.141295597825595	0.880000000000001
3.561648443	0.146838035974974	0.880000000000001
3.562131134	0.146838035974974	0.880000000000001
3.565454716	0.146838035974974	0.880000000000001
3.566965252	0.146838035974974	0.880000000000001
3.567214517	0.146838035974974	0.880000000000001
3.572123566	0.153392200038786	0.880000000000001
3.575584373	0.139974752374418	0.880000000000001
3.579984214	0.144013510696086	0.880000000000001
3.62901857	0.138862097931936	0.910000000000001
3.629519691	0.138862097931936	0.910000000000001
3.630972932	0.138862097931936	0.910000000000001
3.631169027	0.140068278970929	0.910000000000001
3.633483005	0.134238194059542	0.920000000000001
3.639968026	0.137676513293718	0.920000000000001
3.707141358	0.137676513293718	0.990000000000001
3.778072999	0.136511001974938	1.06
3.82876748	0.144849392423491	1.11
3.963711323	0.141295597825595	1.25
4.078052931	0.153392200038786	1.35
4.442577106	0.153392200038786	1.71
4.452121847	0.153392200038786	1.72
4.45272527	0.153392200038786	1.72
4.453328856	0.153392200038786	1.72
4.453932605	0.153392200038786	1.72
4.464002998	0.153392200038786	1.73
4.475601202	0.156367066972631	1.74
4.478685952	0.156367066972631	1.74
4.480518943	0.156367066972631	1.74
4.492707945	0.1578981947561	1.74
4.536342962	0.1578981947561	1.75
4.536969429	0.1578981947561	1.75
4.537444354	0.1578981947561	1.75
4.550359745	0.1578981947561	1.76
4.773228095	0.1578981947561	1.96
4.848628454	0.1578981947561	2.04
5.341769851	0.182982611292996	2.30999999999999
5.342582978	0.182982611292996	2.30999999999999
5.343307119	0.182982611292996	2.30999999999999
5.443653327	0.18723182395666	2.32999999999999
5.445157132	0.18723182395666	2.32999999999999
6.232084175	0.190040162063853	2.66999999999999
6.234722781	0.18723182395666	2.67999999999999
6.35095118	0.18723182395666	2.78999999999998
7	0.166885892578858	3.36999999999997
