thrs	post_p	finalwindow
0	0.0575563491707512	0.23
0.070216248	0.0428133747358176	0.19
0.082355146	0.0428133747358176	0.18
0.089689176	0.0428133747358176	0.19
0.098963073	0.0727111795416888	0.2
0.103967892	0.103045423833944	0.2
0.113424721	0.103045423833944	0.19
0.115659216	0.098262782241774	0.19
0.123778241	0.103045423833944	0.18
0.128068503	0.0733408849369158	0.17
0.130460633	0.0797069010201918	0.17
0.14705261	0.0969767884273097	0.16
0.148447444	0.0733408849369158	0.15
0.148782099	0.0727111795416888	0.15
0.151339737	0.0783951462548848	0.15
0.161204767	0.0783951462548848	0.14
0.178140913	0.0733408849369158	0.12
0.178189211	0.0733408849369158	0.12
0.181430774	0.0783951462548848	0.12
0.181486006	0.0783951462548848	0.12
0.186084933	0.0976155500760715	0.12
0.191788381	0.0790455818972384	0.11
0.206482242	0.100939877666716	0.1
0.222049977	0.0773607174986708	0.08
0.222622275	0.100257020928077	0.08
0.22265244	0.100257020928077	0.08
0.222656148	0.100257020928077	0.08
0.222686318	0.100257020928077	0.08
0.222697977	0.0994719404018385	0.08
0.222716495	0.0994719404018385	0.08
0.226728961	0.0977641534199336	0.08
0.226867021	0.0977641534199336	0.08
0.226923294	0.0977641534199336	0.08
0.226982815	0.0977641534199336	0.08
0.227081991	0.099173250452694	0.08
0.227177477	0.099173250452694	0.08
0.227432153	0.0970745147819365	0.08
0.230426372	0.0730696805889087	0.07
0.237068117	0.0950080741416836	0.07
0.241897099	0.0929230830696854	0.07
0.24235868	0.0929230830696854	0.07
0.242875367	0.0998272655153148	0.06
0.243116147	0.097324163838349	0.06
0.254481698	0.0981444660415779	0.05
0.256259656	0.0934200872027012	0.05
0.256650521	0.0934200872027012	0.05
0.259750174	0.0912244520923594	0.05
0.287097646	0.107178026440055	0.05
0.295749179	0.114559122445604	0.04
0.296839561	0.10817369501605	0.05
0.296839653	0.10817369501605	0.05
0.296874128	0.10817369501605	0.05
0.296879772	0.10817369501605	0.05
0.29691506	0.10817369501605	0.05
0.296960227	0.10817369501605	0.05
0.297156652	0.10817369501605	0.05
0.297161557	0.10817369501605	0.05
0.297207868	0.10817369501605	0.05
0.29723727	0.10817369501605	0.05
0.297242165	0.10817369501605	0.05
0.297345093	0.10817369501605	0.05
0.29736316	0.10817369501605	0.05
0.297631463	0.10817369501605	0.05
0.298033592	0.10817369501605	0.05
0.298062423	0.10817369501605	0.05
0.29855614	0.10817369501605	0.05
0.299120783	0.10817369501605	0.05
0.29926506	0.10817369501605	0.05
0.300128238	0.10817369501605	0.05
0.300638986	0.10817369501605	0.05
0.301159527	0.107178026440055	0.05
0.302397905	0.105240682241748	0.05
0.302443572	0.105240682241748	0.05
0.302452098	0.105240682241748	0.05
0.302453753	0.105240682241748	0.05
0.302531356	0.105240682241748	0.05
0.302694303	0.105240682241748	0.05
0.302757814	0.105240682241748	0.05
0.303037639	0.105240682241748	0.05
0.303062807	0.105240682241748	0.05
0.303998368	0.105240682241748	0.05
0.304168238	0.105240682241748	0.05
0.305094409	0.107178026440055	0.05
0.306047128	0.107178026440055	0.05
0.306464617	0.10337213316407	0.05
0.307314933	0.0998272655153148	0.05
0.320290117	0.0998272655153148	0.04
0.322591403	0.114559122445604	0.03
0.323537089	0.114559122445604	0.03
0.323808824	0.114559122445604	0.03
0.324596864	0.114559122445604	0.03
0.327195424	0.097324163838349	0.04
0.328591896	0.0965174603271912	0.04
0.333944256	0.095724020136179	0.04
0.334029253	0.095724020136179	0.04
0.340262381	0.0971887780952431	0.05
0.345554528	0.0971887780952431	0.05
0.350684009	0.0971887780952431	0.06
0.351815198	0.0964508382719041	0.06
0.356200611	0.0943027581523116	0.06
0.356206548	0.0943027581523116	0.06
0.356351443	0.0943027581523116	0.06
0.357086112	0.113720019496781	0.06
0.357959666	0.115697380109772	0.06
0.360733393	0.0909276388208459	0.07
0.362945858	0.0909276388208459	0.07
0.363236679	0.0909276388208459	0.07
0.367663989	0.11127487825067	0.07
0.37384574	0.0804763748110439	0.08
0.381649088	0.0422438640086547	0.07
0.386863037	0.0495950486248179	0.06
0.386909127	0.0495950486248179	0.06
0.387745392	0.0476803050473497	0.06
0.389222512	0.0453460387865642	0.06
0.389299853	0.0453460387865642	0.06
0.411578949	0.0547226662392339	0.04
0.415094538	0.0648185374528025	0.04
0.415772448	0	0.03
0.419019267	0.0502679344529801	0.03
0.423143546	0.0487253986688996	0.03
0.428769674	0.052339106439118	0.02
0.438815006	0.0555430345455495	0.01
0.441698853	0.0545882884481952	0.01
0.444236336	0.064578882793831	0.01
0.444499874	0.061257076259817	0.01
0.445049535	0.0593490787360511	0.01
0.445156208	0.0655114161296138	0.01
0.445185067	0.064710473104802	0.01
0.445185068	0.064710473104802	0.01
0.445252832	0.064710473104802	0.01
0.445252833	0.064710473104802	0.01
0.445252835	0.064710473104802	0.01
0.445305777	0.064710473104802	0.01
0.445313187	0.064710473104802	0.01
0.445313188	0.064710473104802	0.01
0.44531319	0.064710473104802	0.01
0.445373562	0.064710473104802	0.01
0.445419149	0.064710473104802	0.01
0.445494353	0.064317301220945	0.01
0.445540001	0.064317301220945	0.01
0.445554774	0.064317301220945	0.01
0.445578303	0.064317301220945	0.01
0.445615211	0.064317301220945	0.01
0.445653547	0.064317301220945	0.01
0.445675664	0.063928878199622	0.01
0.445691925	0.063928878199622	0.01
0.445736134	0.063928878199622	0.01
0.445849774	0.0635451185197657	0.01
0.445917642	0.0635451185197657	0.01
0.445978177	0.0635451185197657	0.01
0.446038729	0.0635451185197657	0.01
0.446188208	0.0627912572458914	0.01
0.446341735	0.0627912572458914	0.01
0.446351359	0.0627912572458914	0.01
0.446455777	0.0627912572458914	0.01
0.446465528	0.0620550729809547	0.01
0.446967543	0.0620550729809547	0.01
0.447533088	0.0620550729809547	0.01
0.447542535	0.0620550729809547	0.01
0.447649603	0.0616934165616145	0.01
0.447876705	0.0616934165616145	0.01
0.447928306	0.0613359511778157	0.01
0.448701687	0.0722973491490058	0.01
0.448791313	0.0722973491490058	0.01
0.449051315	0.0727111795416888	0.01
0.451750007	0.071888202669366	0.01
0.452986292	0.0710836469217398	0.01
0.453102774	0.0710836469217398	0.01
0.453117722	0.0710836469217398	0.01
0.453312195	0.0706880847656758	0.01
0.453607731	0.0706880847656758	0.01
0.453670383	0.0706880847656758	0.01
0.45367678	0.0706880847656758	0.01
0.453739439	0.0706880847656758	0.01
0.453782962	0.0706880847656758	0.01
0.453789353	0.0706880847656758	0.01
0.453864814	0.0706880847656758	0.01
0.453952078	0.0706880847656758	0.01
0.453990257	0.0706880847656758	0.01
0.454053004	0.0706880847656758	0.01
0.454115767	0.0706880847656758	0.01
0.454172215	0.0706880847656758	0.01
0.454228692	0.0706880847656758	0.01
0.454278877	0.0710836469217398	0.01
0.454291524	0.0710836469217398	0.01
0.454297847	0.0710836469217398	0.01
0.454379121	0.0710836469217398	0.01
0.454543029	0.0714836610284096	0.01
0.454618511	0.0714836610284096	0.01
0.454637485	0.0714836610284096	0.01
0.455078808	0.0706880847656758	0.01
0.455180191	0.0710836469217398	0.01
0.455439212	0.107923047587008	0.01
0.455665947	0.121322870174455	0.01
0.455804735	0.0673166849069744	0.02
0.456159276	0.0673166849069744	0.02
0.456455968	0.0673166849069744	0.02
0.45760535	0.0666106998124096	0.02
0.457901934	0.0666106998124096	0.02
0.458022431	0.0666106998124096	0.02
0.458619789	0.0666106998124096	0.02
0.459124851	0.0662632313230121	0.02
0.460382332	0.0652422411646931	0.02
0.462114195	0.0655790572779219	0.02
0.46331093	0.0655790572779219	0.02
0.464728436	0.0649088671690695	0.02
0.46499053	0.0642522366039016	0.02
0.473676694	0.0617533996065426	0.03
0.474072423	0.0617533996065426	0.03
0.47699163	0.0602879851730406	0.03
0.477096915	0.0602879851730406	0.03
0.478888149	0.0555430345455495	0.04
0.479732593	0.0555430345455495	0.04
0.479936634	0.0555430345455495	0.04
0.483511101	0.0545882884481952	0.04
0.483988273	0.0545882884481952	0.04
0.484458594	0.0548238845505901	0.04
0.484927676	0.055061523073372	0.04
0.485999254	0.0732140728099621	0.04
0.48628356	0.0677957146943245	0.04
0.486776039	0.0469254398353644	0.04
0.489424331	0.0532161651984899	0.04
0.490830832	0.0532161651984899	0.04
0.50407637	0.0394862846359167	0.05
0.511690912	0.0520328363509759	0.06
0.514553924	0.0406227519286337	0.06
0.51473946	0.041826575886748	0.06
0.514742139	0.041826575886748	0.06
0.514839037	0.041826575886748	0.06
0.514971335	0.041826575886748	0.06
0.51502476	0.041826575886748	0.06
0.515124567	0.0317014224025202	0.06
0.516063638	0.0686393876259186	0.07
0.51682809	0.0447977522273679	0.07
0.518492841	0.047989095321795	0.07
0.518564452	0.047989095321795	0.07
0.520735072	0.0499292245560602	0.07
0.529143364	0.00839745248916667	0.07
0.534226929	0.00988777312405856	0.06
0.534308248	0.00961825009517966	0.06
0.534453117	0.00953164489199066	0.06
0.534888196	0.00953164489199066	0.06
0.539174229	0.00961825009517966	0.06
0.544416783	0.00998100248821003	0.06
0.546060858	0.0708194487528142	0.06
0.55657045	0.0724347682215885	0.05
0.556645891	0.0724347682215885	0.05
0.55802857	0.0702969006496414	0.05
0.559788571	0.0687745223965832	0.05
0.562444529	0.0692746020428868	0.05
0.566766402	0.0902814000373615	0.04
0.574371638	0.0780739261242284	0.04
0.57444178	0.0780739261242284	0.04
0.583655412	0.0795405360057027	0.04
0.586308239	0.0842907104221217	0.04
0.59079165	0.0842907104221217	0.04
0.591193432	0.0834600028146697	0.04
0.591819223	0.0834600028146697	0.04
0.593402747	0.0834600028146697	0.04
0.593673806	0.0834600028146697	0.04
0.593673808	0.0834600028146697	0.04
0.593824895	0.0834600028146697	0.04
0.594237558	0.0834600028146697	0.04
0.594318181	0.0834600028146697	0.04
0.595196772	0.0834600028146697	0.04
0.595887104	0.0826455091083733	0.04
0.596219211	0.0826455091083733	0.04
0.602674298	0.0788004076284757	0.05
0.604317115	0.0788004076284757	0.05
0.604813246	0.0788004076284757	0.05
0.604905308	0.0788004076284757	0.05
0.604988853	0.0788004076284757	0.05
0.605716504	0.0788004076284757	0.05
0.605724938	0.0788004076284757	0.05
0.606051871	0.0788004076284757	0.05
0.60631275	0.0788004076284757	0.05
0.606404306	0.0788004076284757	0.05
0.606824709	0.0810633009556464	0.05
0.607971158	0.0788004076284757	0.05
0.608524688	0.0802946994343035	0.05
0.608756287	0.0802946994343035	0.05
0.61827716	0.0795405360057027	0.05
0.624510489	0.0842907104221217	0.04
0.630942519	0.07666042129962	0.05
0.635412418	0.0773607174986708	0.05
0.63624959	0.0773607174986708	0.05
0.637031954	0.0788004076284757	0.05
0.64801212	0.0752971884706049	0.06
0.648110758	0.0752971884706049	0.06
0.65703705	0.0713498237009569	0.07
0.659386285	0.0708194487528142	0.07
0.667879263	0.0687745223965832	0.08
0.671132308	0.0687745223965832	0.08
0.680410924	0.0911451125812243	0.08
0.68060848	0.0911451125812243	0.08
0.680786967	0.0911451125812243	0.08
0.689921535	0.0824666647460714	0.09
0.692614054	0.0817589612329866	0.09
0.696262833	0.0797069010201918	0.1
0.697379755	0.0777553276179452	0.1
0.712354258	0.0752971884706049	0.11
0.7123899	0.0752971884706049	0.11
0.712401774	0.0752971884706049	0.11
0.713541741	0.0758970363587044	0.11
0.71365913	0.0758970363587044	0.11
0.715653707	0.0741254952422878	0.12
0.715679053	0.0741254952422878	0.12
0.717816093	0.0752971884706049	0.12
0.719314887	0.0752971884706049	0.12
0.725609694	0.0729897085158256	0.13
0.725979546	0.073553217520897	0.13
0.72717465	0.073553217520897	0.13
0.742183791	0.0663786506652492	0.14
0.744518666	0.0663786506652492	0.14
0.7500464	0.00928094093821975	0.14
0.756100951	0.0105795120852866	0.13
0.756122282	0.0105795120852866	0.13
0.762884543	0.0875657128432978	0.13
0.763284143	0.0938383367165534	0.13
0.763387603	0.093378467221054	0.13
0.763491091	0.093378467221054	0.13
0.765321243	0.0925571004658034	0.13
0.7676628	0.091050942346282	0.13
0.778829055	0.091050942346282	0.12
0.779976345	0.0908397691428042	0.12
0.793117932	0.0944677710736325	0.1
0.794958533	0.0986162238926435	0.1
0.797194853	0.0961942153705652	0.1
0.799403767	0.094113926243985	0.1
0.8034392	0.101593394368177	0.09
0.812482547	0.0948936007446035	0.08
0.849686346	0.103807309442747	0.05
0.856064956	0.108847815467955	0.04
0.864973627	0.110745724982293	0.03
0.866065884	0.108847815467955	0.03
0.867661243	0.10701386093058	0.03
0.870144812	0.103244833666034	0.03
0.874413626	0.112710994266468	0.02
0.875213305	0.111068496666871	0.02
0.877564409	0.107923047587008	0.02
0.87832845	0.107923047587008	0.02
0.880342154	0.103807309442747	0.02
0.882485476	0.106608262691835	0.01
0.883236842	0.115402530401975	0.01
0.885048106	0.11406038797635	0.01
0.885800269	0.112710994266468	0.01
0.887670141	0.110745724982293	0.01
0.888863234	0.109473182556306	0.01
0.889014569	0.109473182556306	0.01
0.889209764	0.109473182556306	0.01
0.889752182	0.108537803606455	0.01
0.889857915	0.108537803606455	0.01
0.890068113	0.108229552632957	0.01
0.890218543	0.10731521627853	0.01
0.890218544	0.10731521627853	0.01
0.890228158	0.10731521627853	0.01
0.890309475	0.10701386093058	0.01
0.890339212	0.10701386093058	0.01
0.890354074	0.107923047587008	0.01
0.890354075	0.107923047587008	0.01
0.890407894	0.107923047587008	0.01
0.890419078	0.107923047587008	0.01
0.890459913	0.107923047587008	0.01
0.890474761	0.107923047587008	0.01
0.890489605	0.107923047587008	0.01
0.890489606	0.107923047587008	0.01
0.890580647	0.107923047587008	0.01
0.890595481	0.107923047587008	0.01
0.89061031	0.107923047587008	0.01
0.890610311	0.107923047587008	0.01
0.89068659	0.107923047587008	0.01
0.890701414	0.107618273677148	0.01
0.890716233	0.107618273677148	0.01
0.890731048	0.107618273677148	0.01
0.890731049	0.107618273677148	0.01
0.890837018	0.107618273677148	0.01
0.890851819	0.107618273677148	0.01
0.890928251	0.107618273677148	0.01
0.890957836	0.107618273677148	0.01
0.890972622	0.107618273677148	0.01
0.890972623	0.107618273677148	0.01
0.891093459	0.1067141933347	0.01
0.89119957	0.1067141933347	0.01
0.891214328	0.1067141933347	0.01
0.891246709	0.1067141933347	0.01
0.891320486	0.1067141933347	0.01
0.89133523	0.1067141933347	0.01
0.891382479	0.1067141933347	0.01
0.891441435	0.1067141933347	0.01
0.891456164	0.1067141933347	0.01
0.891562417	0.1067141933347	0.01
0.891686849	0.1067141933347	0.01
0.891698132	0.1067141933347	0.01
0.891793338	0.1067141933347	0.01
0.891881522	0.1067141933347	0.01
0.892012117	0.1067141933347	0.01
0.892017347	0.1067141933347	0.01
0.89206133	0.1067141933347	0.01
0.89216782	0.106119865001091	0.01
0.892182462	0.106119865001091	0.01
0.892245091	0.106119865001091	0.01
0.892307805	0.105825176455868	0.01
0.892546055	0.106119865001091	0.01
0.892568748	0.106119865001091	0.01
0.89273031	0.106119865001091	0.01
0.892793389	0.106119865001091	0.01
0.892924751	0.106119865001091	0.01
0.892951888	0.105825176455868	0.01
0.892952212	0.105825176455868	0.01
0.89308003	0.105825176455868	0.01
0.893172464	0.105825176455868	0.01
0.893313967	0.106119865001091	0.01
0.893320622	0.106119865001091	0.01
0.894085351	0.106119865001091	0.01
0.89420355	0.106119865001091	0.01
0.89422449	0.106119865001091	0.01
0.894232534	0.106119865001091	0.01
0.894332391	0.106119865001091	0.01
0.894511483	0.105825176455868	0.01
0.894690708	0.105825176455868	0.01
0.894913415	0.105825176455868	0.01
0.894970751	0.105825176455868	0.01
0.895081202	0.106119865001091	0.01
0.895300675	0.106119865001091	0.01
0.89539422	0.106119865001091	0.01
0.895638516	0.105825176455868	0.01
0.89592425	0.106416199352003	0.01
0.89685771	0.104662609126091	0.01
0.896928207	0.104662609126091	0.01
0.89693811	0.104662609126091	0.01
0.897197773	0.107490462185864	0.01
0.898485328	0.100151628267987	0.01
0.898755243	0.0991097619373557	0.01
0.899310528	0.0989039844913194	0.01
0.899413875	0.10005102503032	0.01
0.900031532	0.0990336140773919	0.01
0.900113547	0.0994380852842615	0.01
0.900274359	0.0998458739073111	0.01
0.900690942	0.0969767884273097	0.01
0.901007608	0.102497210702259	0.01
0.902162268	0.0917722377451645	0.01
0.902291602	0.0687745223965832	0.01
0.902932441	0.0644852169030876	0.01
0.904508173	0.0486507531434141	0.01
0.905541598	0.0497950152263316	0.01
0.906154318	0.0505077787381158	0.01
0.906197141	0.0505077787381158	0.01
0.906508268	0.0505077787381158	0.01
0.906786831	0.0505077787381158	0.01
0.906983581	0.050749922742506	0.01
0.907060652	0.050749922742506	0.01
0.90712089	0.050749922742506	0.01
0.907185931	0.050749922742506	0.01
0.907198748	0.051241243493465	0.01
0.907199842	0.051241243493465	0.01
0.907298438	0.0509943997013759	0.01
0.907311244	0.0509943997013759	0.01
0.907324045	0.0509943997013759	0.01
0.907336843	0.0509943997013759	0.01
0.907336844	0.0509943997013759	0.01
0.907436592	0.0509943997013759	0.01
0.90746216	0.0509943997013759	0.01
0.9075492	0.0509943997013759	0.01
0.907574745	0.0509943997013759	0.01
0.907587512	0.0509943997013759	0.01
0.907700146	0.0509943997013759	0.01
0.907712898	0.0509943997013759	0.01
0.907963773	0.050749922742506	0.01
0.907963774	0.050749922742506	0.01
0.908076559	0.050749922742506	0.01
0.908089263	0.050749922742506	0.01
0.908089264	0.050749922742506	0.01
0.908151307	0.050749922742506	0.01
0.90817671	0.050749922742506	0.01
0.908189407	0.050749922742506	0.01
0.908202099	0.050749922742506	0.01
0.908289632	0.0505077787381158	0.01
0.908453284	0.0505077787381158	0.01
0.908566283	0.0502679344529801	0.01
0.908577365	0.0502679344529801	0.01
0.908578929	0.0502679344529801	0.01
0.908729307	0.0502679344529801	0.01
0.908855181	0.0502679344529801	0.01
0.908956071	0.0502679344529801	0.01
0.909094444	0.0502679344529801	0.01
0.909183517	0.0502679344529801	0.01
0.909207673	0.0502679344529801	0.01
0.909270732	0.0502679344529801	0.01
0.909346075	0.050749922742506	0.01
0.909409249	0.050749922742506	0.01
0.909446878	0.0509943997013759	0.01
0.909620416	0.0509943997013759	0.01
0.909642167	0.0509943997013759	0.01
0.909896599	0.0505077787381158	0.01
0.909914657	0.0505077787381158	0.01
0.910204731	0.0514904886566784	0.01
0.910267	0.0514904886566784	0.01
0.910467776	0.051742170404196	0.01
0.910628128	0.051742170404196	0.01
0.911049792	0.0527739920781576	0.01
0.911062134	0.0527739920781576	0.01
0.911351929	0.0527739920781576	0.01
0.911383512	0.0525121977652294	0.01
0.911404622	0.0525121977652294	0.01
0.911518912	0.0525121977652294	0.01
0.911747931	0.0525121977652294	0.01
0.911776598	0.0525121977652294	0.01
0.912488931	0.0533054904669505	0.01
0.912630246	0.0533054904669505	0.01
0.912707801	0.0533054904669505	0.01
0.912776305	0.0527739920781576	0.01
0.912811242	0.0577466392179108	0.01
0.912967277	0.0580344452763464	0.01
0.913006436	0.0580344452763464	0.01
0.913244462	0.0580344452763464	0.01
0.913630289	0.0580344452763464	0.01
0.913751419	0.0580344452763464	0.01
0.914968567	0.0577466392179108	0.01
0.915269563	0.0577466392179108	0.01
0.916912552	0.0595176076115213	0.01
0.917248255	0.0372842502021363	0.01
0.917957453	0.0406227519286337	0.01
0.918238351	0.0545882884481952	0.02
0.918456927	0.0541231190787158	0.02
0.918483627	0.0541231190787158	0.02
0.918816837	0.0555430345455495	0.02
0.919655338	0.0562813021545032	0.02
0.921364075	0.0583494901299155	0.02
0.922763582	0.0591647958891652	0.02
0.922787758	0.0591647958891652	0.02
0.924412009	0.0591647958891652	0.02
0.926193857	0.0602879851730406	0.02
0.927872541	0.0459079127708947	0.02
0.93064775	0.0502679344529801	0.03
0.93220206	0.0512826166495899	0.03
0.933174706	0.0517000527239674	0.03
0.934071327	0.0517000527239674	0.03
0.934700606	0.0512826166495899	0.03
0.93534835	0.0512826166495899	0.03
0.938446291	0.0208687215924226	0.03
0.941112169	0.0176256418441917	0.03
0.944027825	0.0449335770812555	0.04
0.947518522	0.0266921080790447	0.04
0.948845214	0.020204855615612	0.04
0.949342587	0.0210067644118439	0.04
0.950306111	0.0157857652806488	0.04
0.951999424	0.0182328094538388	0.04
0.953473419	0.0199509870412139	0.04
0.954119877	0.0203342282003883	0.04
0.955603107	0.0207324811843248	0.04
0.955985355	0.0207324811843248	0.04
0.956018846	0.0207324811843248	0.04
0.956549025	0.0207324811843248	0.04
0.956766863	0.0207324811843248	0.04
0.956780018	0.0207324811843248	0.04
0.95679317	0.0207324811843248	0.04
0.956793172	0.0207324811843248	0.04
0.957077957	0.047099429245489	0.05
0.958321379	0.0193433762464192	0.05
0.959031973	0.0204652682185873	0.05
0.959665139	0.0150027253492962	0.05
0.959857154	0.0150027253492962	0.05
0.960911853	0.0161469483816603	0.05
0.964458654	0.0203342282003883	0.05
0.966980911	0.0446179246244471	0.06
0.966980912	0.0446179246244471	0.06
0.966986309	0.0449335770812555	0.06
0.967297226	0.0284551135933518	0.06
0.967302571	0.0285648052553162	0.06
0.967302572	0.0285648052553162	0.06
0.96746078	0.0243581608577256	0.06
0.967608447	0.0266921080790447	0.06
0.967619041	0.0266921080790447	0.06
0.967772081	0.0272416312856589	0.06
0.967925221	0.0272416312856589	0.06
0.968088909	0.0166988335990602	0.06
0.968861479	0.0187716814105723	0.06
0.969035555	0.0188833008657405	0.06
0.969666194	0.0134749251171764	0.06
0.970292984	0.0141032642577964	0.06
0.973766743	0.016525046460457	0.06
0.974203145	0.0162710438556948	0.06
0.97801719	0.0166550450289974	0.06
0.978183481	0.0166550450289974	0.06
0.985118954	0	0.05
1.019804062	0.00928094093821975	0.07
1.021711423	0.00928094093821975	0.07
1.022530753	0.00936303060968519	0.07
1.023898132	0.00953164489199066	0.07
1.027042278	0.00896648885327106	0.08
1.027349785	0.00896648885327106	0.08
1.028094642	0.00904308716459011	0.08
1.029078227	0.00912100546995617	0.08
1.029271857	0.00912100546995617	0.08
1.029637844	0.00920027818646751	0.08
1.030392053	0.00928094093821975	0.08
1.030397618	0.00928094093821975	0.08
1.030958443	0.00928094093821975	0.08
1.032104884	0.00936303060968519	0.08
1.0327094	0.00936303060968519	0.08
1.034014818	0.00936303060968519	0.08
1.034376329	0.00944658540195014	0.08
1.035677928	0.0192262683741757	0.08
1.036124234	0.0197647331259115	0.08
1.039046839	0.0174801162679273	0.09
1.043349328	0.0177736108232134	0.09
1.044012776	0.0179240852637942	0.09
1.049025044	0.0199509870412139	0.09
1.056246636	0.0182328094538388	0.1
1.057424783	0.0195819246201408	0.1
1.067766296	0.0195819246201408	0.11
1.067971123	0.0195819246201408	0.11
1.068168044	0.0195819246201408	0.11
1.068277144	0.0195819246201408	0.11
1.06860264	0.0199509870412139	0.11
1.068892568	0.0199509870412139	0.11
1.070020858	0.0211466456486371	0.11
1.088762574	0.0406227519286337	0.13
1.091073782	0.0429291245494882	0.13
1.113082372	0.0527739920781576	0.14
1.115076799	0.0412560335272207	0.15
1.116382888	0.0412560335272207	0.15
1.125633627	0.051742170404196	0.15
1.13205703	0.050749922742506	0.15
1.133988353	0.050749922742506	0.15
1.134317617	0.050749922742506	0.15
1.136767134	0.0522529879812371	0.14
1.137302108	0.0522529879812371	0.14
1.183360064	0.0539261788245591	0.16
1.187305519	0.067113452448154	0.15
1.18762744	0.0665110518122398	0.15
1.192009701	0.065919369095679	0.15
1.192075895	0.065919369095679	0.15
1.192725439	0.0647670332615691	0.15
1.203309389	0.0683515938541791	0.14
1.208724051	0.0614546451408339	0.14
1.208769953	0.0614546451408339	0.14
1.209215802	0.062667349255159	0.14
1.209751115	0.062667349255159	0.14
1.209768181	0.062667349255159	0.14
1.209825949	0.062667349255159	0.14
1.210085375	0.0677268648866062	0.15
1.212614931	0.0590861673936066	0.15
1.224141399	0.055061523073372	0.14
1.22465873	0.055061523073372	0.14
1.225416562	0.0545882884481952	0.14
1.226416878	0.0545882884481952	0.14
1.243346642	0.0484281825396185	0.12
1.245566855	0.047989095321795	0.12
1.246668032	0.0484281825396185	0.12
1.268447511	0.051742170404196	0.1
1.270060331	0.0502679344529801	0.1
1.270253663	0.0502679344529801	0.1
1.275739262	0.0522529879812371	0.09
1.278899002	0.0560330419227677	0.1
1.285172518	0.0653381207806231	0.1
1.289511656	0.0313880920429462	0.09
1.293113698	0.0313880920429462	0.09
1.297280078	0.050749922742506	0.09
1.302603198	0.0497950152263316	0.1
1.325958837	0.0484281825396185	0.12
1.33510162	0.0597211099752372	0.12
1.335508208	0.0597211099752372	0.12
1.335711503	0.0597211099752372	0.12
1.335892556	0.0597211099752372	0.12
1.336051433	0.0597211099752372	0.12
1.33625481	0.0597211099752372	0.12
1.336413828	0.0597211099752372	0.12
1.336979907	0.0591647958891652	0.12
1.337117106	0.0591647958891652	0.12
1.337524247	0.0591647958891652	0.12
1.337777279	0.0591647958891652	0.12
1.340005107	0.0580826920975823	0.12
1.342315002	0.062667349255159	0.11
1.346883901	0.0614546451408339	0.11
1.360774481	0.062667349255159	0.1
1.360981621	0.062667349255159	0.1
1.36116959	0.062667349255159	0.1
1.361338457	0.062667349255159	0.1
1.36135761	0.062667349255159	0.1
1.361952473	0.062667349255159	0.1
1.362110213	0.062667349255159	0.1
1.364721715	0.062667349255159	0.1
1.369020462	0.062667349255159	0.11
1.369707356	0.062667349255159	0.11
1.373967278	0.062667349255159	0.11
1.377139612	0.065919369095679	0.11
1.377274175	0.065919369095679	0.11
1.377544294	0.065919369095679	0.11
1.384187356	0.0665110518122398	0.11
1.38563755	0.0665110518122398	0.11
1.385801753	0.0683515938541791	0.11
1.430594094	0.0665110518122398	0.1
1.434752614	0.0665110518122398	0.1
1.440102642	0.0665110518122398	0.11
1.448119954	0.0625791425280204	0.12
1.450674974	0.060043726251079	0.12
1.450928234	0.060043726251079	0.12
1.454003033	0.060043726251079	0.12
1.45657643	0.060043726251079	0.13
1.457818346	0.060043726251079	0.13
1.484117024	0.0586187505021021	0.15
1.485393153	0.0595610984223423	0.15
1.485917469	0.0502679344529801	0.15
1.488337206	0.0586187505021021	0.16
1.494140559	0.0586187505021021	0.16
1.502972103	0.0586187505021021	0.17
1.511734415	0.0586187505021021	0.18
1.511964569	0.0586187505021021	0.18
1.512821455	0.0586187505021021	0.18
1.515375804	0.0595610984223423	0.18
1.517647523	0.0572598427135377	0.19
1.519065464	0.0572598427135377	0.19
1.558319819	0.0602879851730406	0.22
1.558531046	0.0602879851730406	0.22
1.55916507	0.0602879851730406	0.22
1.561070241	0.153067478353865	0.22
1.56916589	0.062667349255159	0.21
1.595407686	0.173734046336399	0.19
1.595579044	0.173734046336399	0.19
1.611568792	0.184407511755701	0.17
1.707257935	0.235080449023683	0.08
1.718627381	0.231275986153148	0.07
1.730827961	0.22228261843465	0.06
1.75282717	0.225794707813287	0.04
1.768990518	0.237030006942808	0.02
1.77492366	0.258464893698299	0.01
1.777374698	0.249441968026276	0.01
1.780627841	0.239012171232217	0.01
1.780657571	0.239012171232217	0.01
1.780657572	0.239012171232217	0.01
1.780839524	0.237030006942808	0.01
1.780928629	0.237030006942808	0.01
1.78092863	0.237030006942808	0.01
1.781081012	0.237030006942808	0.01
1.781140367	0.237030006942808	0.01
1.781170031	0.237030006942808	0.01
1.781170032	0.237030006942808	0.01
1.781381862	0.237030006942808	0.01
1.781411499	0.237030006942808	0.01
1.781623424	0.237030006942808	0.01
1.781653031	0.237030006942808	0.01
1.781894629	0.237030006942808	0.01
1.782136292	0.237030006942808	0.01
1.782378022	0.235080449023683	0.01
1.782531315	0.235080449023683	0.01
1.782590324	0.235080449023683	0.01
1.782619816	0.235080449023683	0.01
1.783103602	0.235080449023683	0.01
1.783345594	0.235080449023683	0.01
1.783587651	0.235080449023683	0.01
1.78377107	0.235080449023683	0.01
1.783829774	0.235080449023683	0.01
1.783925287	0.235080449023683	0.01
1.784013316	0.235080449023683	0.01
1.784314217	0.235080449023683	0.01
1.78446873	0.235080449023683	0.01
1.785009515	0.237030006942808	0.01
1.786357195	0.239728145332732	0.01
1.787927091	0.231275986153148	0.01
1.788780487	0.231275986153148	0.01
1.788872102	0.231275986153148	0.01
1.790033715	0.227592702453106	0.01
1.790737455	0.239012171232217	0.01
1.792147241	0.234880599454531	0.02
1.795060195	0.2015511853244	0.02
1.795172249	0.193243011668424	0.02
1.795643534	0.18988840299429	0.02
1.796669094	0.178524996761767	0.02
1.799436111	0.172881891373327	0.02
1.801889818	0.0708853140079594	0.02
1.808733518	0.187772494353257	0.03
1.809599251	0.187772494353257	0.03
1.813240824	0.123685470040018	0.03
1.813716026	0.127957114956125	0.03
1.814069382	0.130205526903241	0.03
1.814345569	0.114747274162514	0.03
1.814596154	0.115793256776751	0.03
1.814621756	0.115793256776751	0.03
1.814621757	0.115793256776751	0.03
1.814846808	0.115793256776751	0.03
1.814872379	0.115793256776751	0.03
1.815039963	0.116858484196643	0.03
1.815123071	0.116858484196643	0.03
1.815169565	0.116858484196643	0.03
1.815288509	0.116858484196643	0.03
1.815322808	0.116858484196643	0.03
1.815850116	0.116858484196643	0.03
1.815875562	0.116858484196643	0.03
1.816374833	0.12017509724485	0.03
1.816377569	0.12017509724485	0.03
1.816628678	0.119048837759848	0.03
1.816879855	0.119048837759848	0.03
1.817399416	0.119048837759848	0.03
1.818036082	0.121322870174455	0.03
1.818363245	0.121322870174455	0.03
1.819217405	0.123685470040018	0.03
1.819395454	0.123685470040018	0.03
1.819581019	0.123685470040018	0.03
1.820606159	0.126141914314479	0.03
1.822065256	0.116004745804558	0.04
1.823267442	0.120664329882199	0.04
1.823345161	0.120664329882199	0.04
1.824280416	0.129071529899796	0.04
1.824759677	0.114747274162514	0.04
1.824985083	0.114747274162514	0.04
1.828541204	0.121322870174455	0.04
1.829051906	0.123685470040018	0.04
1.830016016	0.123685470040018	0.04
1.835137623	0.114559122445604	0.04
1.836263396	0.10978856857102	0.05
1.83758722	0.115697380109772	0.04
1.837659261	0.115697380109772	0.04
1.839735229	0.116858484196643	0.05
1.844053766	0.121322870174455	0.05
1.846490238	0.114559122445604	0.05
1.872927722	0.11127487825067	0.07
1.876458705	0.110221580534754	0.07
1.877534086	0.110221580534754	0.07
1.917919203	0.105240682241748	0.11
1.919145255	0.106200519661118	0.11
1.932723098	0.0931957790048164	0.12
1.93486401	0.097324163838349	0.13
1.937910579	0.0965174603271912	0.13
1.938309591	0.0965174603271912	0.13
1.945075766	0.095724020136179	0.14
1.95745413	0.095724020136179	0.15
1.959079535	0.0965174603271912	0.15
1.961031557	0.0885198467333791	0.15
2.03833515	0.103188921159594	0.23
2.039242563	0.103863894283397	0.23
2.045755957	0.116858484196643	0.23
2.04617014	0.124901615601878	0.23
2.057190684	0.101215632025841	0.25
2.057670659	0.101215632025841	0.25
2.058434493	0.101215632025841	0.25
2.067556414	0.101215632025841	0.26
2.077935092	0.101215632025841	0.27
2.112854786	0.0951096957552956	0.3
2.114638141	0.0964508382719041	0.3
2.117539144	0.126141914314479	0.3
2.119081815	0.100574534018803	0.31
2.122322709	0.0945032061456415	0.31
2.175983465	0.119048837759848	0.36
2.201956234	0.0945032061456415	0.39
2.22342495	0.0951096957552956	0.41
2.225736601	0.110745724982293	0.41
2.22607531	0.117943492475013	0.41
2.226678687	0.122492778907002	0.41
2.226980498	0.123685470040018	0.41
2.230993963	0.0927292752698675	0.42
2.244892022	0.139281286404701	0.43
2.268175967	0.148798432564277	0.41
2.287430653	0.15611313409293	0.39
2.36737444	0.182656674520984	0.32
2.416816988	0.187772494353257	0.3
2.634889835	0.174722865205204	0.09
2.64482266	0.174722865205204	0.08
2.669724846	0.166633521937816	0.06
2.670697515	0.182656674520984	0.06
2.67074212	0.182656674520984	0.06
2.670831293	0.182656674520984	0.06
2.671148642	0.182656674520984	0.06
2.671193019	0.182656674520984	0.06
2.671237545	0.182656674520984	0.06
2.671237705	0.182656674520984	0.06
2.671599646	0.182656674520984	0.06
2.671872794	0.182656674520984	0.06
2.671961685	0.182656674520984	0.06
2.672323822	0.176435906610884	0.05
2.672686057	0.174722865205204	0.05
2.67300408	0.174722865205204	0.05
2.673366554	0.174722865205204	0.05
2.675753192	0.174722865205204	0.05
2.675906626	0.173042768264145	0.05
2.677404052	0.16977767806272	0.05
2.679543675	0.166633521937816	0.05
2.679587204	0.166633521937816	0.05
2.68050645	0.166633521937816	0.05
2.681604422	0.182656674520984	0.05
2.684222358	0.176435906610884	0.04
2.690797174	0.187772494353257	0.04
2.697875326	0.174722865205204	0.03
2.714352711	0.182242910558316	0.05
2.716197088	0.182242910558316	0.05
2.720992773	0.179398231256097	0.05
2.721223607	0.182656674520984	0.05
2.721339166	0.179158528312805	0.06
2.721714851	0.179158528312805	0.06
2.721753239	0.179158528312805	0.06
2.72212898	0.179158528312805	0.06
2.722504826	0.179158528312805	0.06
2.725892101	0.177655160034296	0.06
2.727362573	0.177655160034296	0.06
2.728042156	0.177655160034296	0.06
2.728457177	0.177655160034296	0.06
2.730687704	0.180687557598316	0.06
2.733911556	0.177655160034296	0.07
2.734951629	0.177655160034296	0.07
2.741703646	0.176176812152711	0.08
2.742221604	0.176176812152711	0.08
2.744776734	0.176176812152711	0.08
2.767264537	0.176176812152711	0.1
2.784781798	0.166479368243612	0.12
2.814579483	0.166479368243612	0.15
2.870516676	0.165180487635988	0.2
2.874914635	0.162642595813067	0.21
2.884109016	0.160181510061437	0.22
2.893176138	0.165611189981353	0.23
3.017087015	0.161990745375953	0.35
3.091199805	0.163901717988448	0.42
3.116410384	0.195462854021346	0.45
3.190582361	0.1813755355289	0.47
3.194633906	0.177987057399905	0.48
3.557717034	0.171576244069547	0.840000000000001
3.560201153	0.171576244069547	0.840000000000001
3.561648443	0.164184174998015	0.850000000000001
3.563861522	0.164184174998015	0.850000000000001
3.565454716	0.168540954278856	0.850000000000001
3.566965252	0.171576244069547	0.850000000000001
3.568359469	0.171576244069547	0.850000000000001
3.572123566	0.164184174998015	0.860000000000001
3.572497766	0.164184174998015	0.860000000000001
3.575584373	0.168540954278856	0.860000000000001
3.579984214	0.171576244069547	0.860000000000001
3.62901857	0.207741820232121	0.910000000000001
3.629519691	0.207741820232121	0.910000000000001
3.6300627	0.207741820232121	0.910000000000001
3.630972932	0.207741820232121	0.910000000000001
3.631023885	0.21080627892617	0.910000000000001
3.631169027	0.21080627892617	0.910000000000001
3.631970124	0.235312701005092	0.910000000000001
3.633483005	0.2439906812384	0.910000000000001
3.639968026	0.255781740979214	0.910000000000001
3.707141358	0.2439906812384	0.980000000000001
3.778072999	0.248574203537872	1.05
3.82876748	0.24023502023854	1.09
4.442577106	0.291617362411742	1.57
4.445571488	0.28877619515072	1.58
4.452121847	0.291617362411742	1.58
4.45272527	0.291617362411742	1.58
4.453328856	0.291617362411742	1.58
4.459832487	0.28877619515072	1.59
4.478685952	0.28877619515072	1.61
4.480518943	0.291617362411742	1.61
4.492707945	0.291617362411742	1.62
4.536342962	0.28877619515072	1.67
4.536969429	0.28877619515072	1.67
4.537596069	0.28877619515072	1.67
4.550359745	0.28877619515072	1.68
4.773228095	0.293208965017132	1.89
4.848628454	0.298919054418443	1.96
4.895921957	0.298919054418443	2.01
5.341769851	0.327007825234955	2.13
5.342582978	0.327007825234955	2.13
5.343307119	0.327007825234955	2.13
5.346842194	0.327007825234955	2.12
5.445157132	0.327007825234955	2
6.2338777	0.253030460140376	2.60999999999999
6.234722781	0.253030460140376	2.60999999999999
6.244676548	0.253030460140376	2.61999999999999
6.35095118	0.253030460140376	2.72999999999999
6.358499262	0.253030460140376	2.72999999999999
7	0.326108364671229	3.29999999999997
