thrs	post_p	finalwindow
0	0.218433780399959	0.23
0.070216248	0.173288342222706	0.2
0.089689176	0.142908438061041	0.21
0.098963073	0.134664185417019	0.2
0.103967892	0.153823856224938	0.2
0.113424721	0.153823856224938	0.19
0.115659216	0.149350344762888	0.19
0.127695348	0.117690544836253	0.17
0.129609166	0.142908438061041	0.17
0.129730945	0.142908438061041	0.17
0.148427326	0.134664185417019	0.15
0.155752372	0.149350344762888	0.15
0.178140913	0.134664185417019	0.12
0.181430774	0.140177863872502	0.12
0.181486006	0.140177863872502	0.12
0.181486035	0.140177863872502	0.12
0.186084933	0.147209764667807	0.12
0.191788381	0.144314009880796	0.11
0.194681585	0.153823856224938	0.11
0.206482242	0.153823856224938	0.1
0.222049977	0.122607724594709	0.09
0.22265244	0.127953705192091	0.08
0.222656148	0.127953705192091	0.08
0.222697977	0.127953705192091	0.08
0.226694446	0.126573975611453	0.08
0.226728961	0.126573975611453	0.08
0.226867021	0.126573975611453	0.08
0.226929675	0.126573975611453	0.08
0.227081991	0.126573975611453	0.08
0.227177477	0.126573975611453	0.08
0.227432153	0.124559284488281	0.08
0.230426372	0.124559284488281	0.08
0.242615688	0.0980325748945472	0.06
0.242875367	0.106788952782843	0.06
0.242941212	0.106788952782843	0.06
0.243116147	0.105739533676097	0.06
0.249436037	0.0962782348623752	0.06
0.256228734	0.106788952782843	0.05
0.256259656	0.106788952782843	0.05
0.256650521	0.106788952782843	0.05
0.259750174	0.102711484659554	0.05
0.296834617	0.0824286774477486	0.05
0.296839561	0.0824286774477486	0.05
0.296839653	0.0824286774477486	0.05
0.296874128	0.0824286774477486	0.05
0.296879772	0.0824286774477486	0.05
0.29691506	0.0824286774477486	0.05
0.296919994	0.0824286774477486	0.05
0.296960227	0.0824286774477486	0.05
0.297156652	0.0824286774477486	0.05
0.297161557	0.0824286774477486	0.05
0.29723727	0.0824286774477486	0.05
0.297242165	0.0824286774477486	0.05
0.297345093	0.0824286774477486	0.05
0.297631463	0.0824286774477486	0.05
0.298062423	0.0824286774477486	0.05
0.299120783	0.0824286774477486	0.05
0.299931082	0.0840016884761502	0.05
0.301373268	0.0824286774477486	0.05
0.302397905	0.0824286774477486	0.05
0.302406093	0.0824286774477486	0.05
0.30240618	0.0824286774477486	0.05
0.302452098	0.0824286774477486	0.05
0.302453753	0.0824286774477486	0.05
0.302493847	0.0824286774477486	0.05
0.302531356	0.0824286774477486	0.05
0.302535608	0.0824286774477486	0.05
0.302844832	0.0824286774477486	0.05
0.303037639	0.0824286774477486	0.05
0.303998368	0.0824286774477486	0.05
0.304168238	0.0824286774477486	0.05
0.305094409	0.0824286774477486	0.05
0.306047128	0.0824286774477486	0.05
0.306464617	0.0809134957476366	0.05
0.307314933	0.0816640590935905	0.05
0.308759935	0.0794530119279333	0.05
0.319078068	0.0809134957476366	0.04
0.320217262	0.0809134957476366	0.04
0.320290117	0.0809134957476366	0.04
0.322435043	0.0873349669019493	0.03
0.322777267	0.0873349669019493	0.03
0.323165924	0.0873349669019493	0.03
0.323537089	0.0873349669019493	0.03
0.323808824	0.0873349669019493	0.03
0.330254195	0.0773585364075901	0.04
0.333944256	0.0766847032000128	0.04
0.340262381	0.078391786589194	0.05
0.343706753	0.078391786589194	0.05
0.345554528	0.077155146301569	0.05
0.350684009	0.0753716504118928	0.06
0.356200611	0.0736687451556553	0.06
0.356206548	0.0736687451556553	0.06
0.356490553	0.0736687451556553	0.06
0.357959666	0.0970598545931198	0.06
0.360733393	0.0678978120868341	0.06
0.363236679	0.0704838013437081	0.07
0.363936107	0.0704838013437081	0.07
0.366130409	0.0704838013437081	0.07
0.37384574	0.101989173259874	0.08
0.381649088	0.0904763934472813	0.07
0.386863037	0.105681837040643	0.06
0.387745392	0.102008233704793	0.06
0.389222512	0.0980325748945472	0.06
0.389825341	0.0974897810256227	0.06
0.395214438	0.104583321358039	0.06
0.398731854	0.105051304892936	0.05
0.403209246	0.0991364995018266	0.05
0.411578949	0.111716684989825	0.04
0.412388288	0.111012325017869	0.04
0.418471182	0.115778598669983	0.03
0.423143546	0.108242361462456	0.03
0.438307149	0.131321904614026	0.01
0.441698853	0.125381044594958	0.01
0.441750067	0.124442768695268	0.01
0.444236336	0.122607724594709	0.01
0.445049535	0.116357257710861	0.01
0.445117302	0.126042147150145	0.01
0.445156208	0.126042147150145	0.01
0.445185067	0.124645545188095	0.01
0.445185068	0.124645545188095	0.01
0.445245414	0.124645545188095	0.01
0.44525283	0.124645545188095	0.01
0.445252832	0.124645545188095	0.01
0.445252833	0.124645545188095	0.01
0.445252835	0.124645545188095	0.01
0.445305777	0.124645545188095	0.01
0.44531318	0.124645545188095	0.01
0.445313187	0.124645545188095	0.01
0.445313188	0.124645545188095	0.01
0.44531319	0.124645545188095	0.01
0.445373562	0.124645545188095	0.01
0.445419149	0.124645545188095	0.01
0.445479567	0.123279553963423	0.01
0.445494353	0.123279553963423	0.01
0.445540001	0.123279553963423	0.01
0.445554774	0.123279553963423	0.01
0.445615211	0.123279553963423	0.01
0.445653547	0.123279553963423	0.01
0.445691925	0.122607724594709	0.01
0.445970843	0.126573975611453	0.01
0.445978177	0.126573975611453	0.01
0.446319857	0.123901898026092	0.01
0.446341735	0.123901898026092	0.01
0.446351359	0.123901898026092	0.01
0.446394864	0.123901898026092	0.01
0.446395102	0.123901898026092	0.01
0.446465528	0.123251414110622	0.01
0.44656991	0.123251414110622	0.01
0.446967543	0.122607724594709	0.01
0.447158639	0.122607724594709	0.01
0.447649603	0.121340307352255	0.01
0.447876705	0.121340307352255	0.01
0.447928306	0.120716374338292	0.01
0.448701687	0.119487561979013	0.01
0.448791313	0.119487561979013	0.01
0.449051315	0.119487561979013	0.01
0.449715173	0.119487561979013	0.01
0.451750007	0.120716374338292	0.01
0.452986292	0.106688111513202	0.01
0.453102774	0.106688111513202	0.01
0.453117722	0.106688111513202	0.01
0.453312195	0.106136871229041	0.01
0.453607731	0.106136871229041	0.01
0.453670383	0.106136871229041	0.01
0.45367678	0.106136871229041	0.01
0.453739439	0.106136871229041	0.01
0.453789353	0.106136871229041	0.01
0.453802119	0.106136871229041	0.01
0.453864805	0.106136871229041	0.01
0.453864814	0.106136871229041	0.01
0.453927527	0.106136871229041	0.01
0.453990257	0.106136871229041	0.01
0.454053004	0.106136871229041	0.01
0.454228692	0.106136871229041	0.01
0.454266222	0.106688111513202	0.01
0.454278877	0.106688111513202	0.01
0.454423548	0.106688111513202	0.01
0.454543029	0.106688111513202	0.01
0.454618511	0.106688111513202	0.01
0.454637485	0.106688111513202	0.01
0.455078808	0.106688111513202	0.01
0.455180191	0.108951546673967	0.01
0.455439212	0.100551866794041	0.01
0.455665947	0.117690544836253	0.01
0.455755613	0.113700580733572	0.02
0.455804735	0.113700580733572	0.02
0.456133439	0.113700580733572	0.02
0.456159276	0.113700580733572	0.02
0.456455968	0.113700580733572	0.02
0.456880284	0.113700580733572	0.02
0.45760535	0.113700580733572	0.02
0.457901934	0.113700580733572	0.02
0.458022431	0.113700580733572	0.02
0.458664131	0.112609804727737	0.02
0.462114195	0.0989772762597532	0.02
0.46331093	0.0989772762597532	0.02
0.464728436	0.0975669547098118	0.02
0.46499053	0.0975669547098118	0.02
0.473676694	0.0923059082739027	0.03
0.474072423	0.0923059082739027	0.03
0.478409458	0.067231149306362	0.03
0.478419311	0.067231149306362	0.03
0.478888149	0.0944817635211074	0.04
0.479732593	0.0944817635211074	0.04
0.479936634	0.0944817635211074	0.04
0.483511101	0.084346605208085	0.04
0.483671852	0.084346605208085	0.04
0.483988273	0.084346605208085	0.04
0.485802156	0.0810998401691278	0.04
0.48628356	0.082236183662532	0.04
0.489107131	0.0581032500593076	0.04
0.489424331	0.0581032500593076	0.04
0.490830832	0.0586005079692274	0.04
0.499369323	0.0539807405398074	0.05
0.508934563	0.0493154079672883	0.06
0.511690912	0.0504044705472621	0.06
0.514553924	0.0773585364075901	0.07
0.51473946	0.0773585364075901	0.07
0.514742139	0.0773585364075901	0.07
0.514839037	0.0773585364075901	0.07
0.514971335	0.0773585364075901	0.07
0.51502476	0.0773585364075901	0.07
0.516063638	0.0708240187737035	0.07
0.51682809	0.0442197655685795	0.07
0.518492841	0.046628785659891	0.07
0.518564452	0.046628785659891	0.07
0.534308248	0.0441058318326638	0.07
0.534380672	0.0441058318326638	0.07
0.534888196	0.0706109991489645	0.07
0.539174229	0.0653074619518398	0.07
0.543234343	0.0653074619518398	0.07
0.544416783	0.0667939331641108	0.07
0.546060858	0.0773585364075901	0.06
0.556645891	0.0840016884761502	0.05
0.559788571	0.0816640590935905	0.05
0.562444529	0.0824286774477486	0.05
0.566766402	0.0773585364075901	0.06
0.568776608	0.0773585364075901	0.06
0.574371638	0.0787423644142547	0.06
0.583655412	0.0864770906325538	0.06
0.586308239	0.0832077493314285	0.06
0.59079165	0.0787423644142547	0.06
0.593673806	0.0787423644142547	0.06
0.593673808	0.0787423644142547	0.06
0.593754278	0.0787423644142547	0.06
0.59375428	0.0787423644142547	0.06
0.593824895	0.0787423644142547	0.06
0.593915284	0.0787423644142547	0.06
0.594036974	0.0787423644142547	0.06
0.594318181	0.0794530119279333	0.06
0.595015574	0.0816640590935905	0.06
0.595196772	0.0816640590935905	0.06
0.595887104	0.0816640590935905	0.06
0.596219211	0.0816640590935905	0.06
0.596894832	0.0816640590935905	0.06
0.602148457	0.0856359039644259	0.05
0.602674298	0.0856359039644259	0.05
0.604813246	0.0856359039644259	0.05
0.604905308	0.0856359039644259	0.05
0.60490531	0.0856359039644259	0.05
0.604905312	0.0856359039644259	0.05
0.604988853	0.0856359039644259	0.05
0.605716504	0.0856359039644259	0.05
0.605724938	0.0856359039644259	0.05
0.606404306	0.0856359039644259	0.05
0.606824709	0.0864770906325538	0.05
0.607971158	0.0856359039644259	0.05
0.608524688	0.0856359039644259	0.05
0.608756287	0.0856359039644259	0.05
0.61827716	0.0873349669019493	0.05
0.624510489	0.0891028152459842	0.06
0.630942519	0.093354639145031	0.05
0.636066531	0.0961062481134923	0.05
0.636422142	0.0970598545931198	0.05
0.637031954	0.0970598545931198	0.05
0.637260654	0.0970598545931198	0.05
0.637881775	0.0970598545931198	0.05
0.638075882	0.0970598545931198	0.05
0.644129804	0.0924721189591078	0.06
0.64559646	0.0924721189591078	0.06
0.646569798	0.093354639145031	0.06
0.64801212	0.093354639145031	0.06
0.648110758	0.093354639145031	0.06
0.648827538	0.093354639145031	0.06
0.65703705	0.0913727567054256	0.07
0.667472678	0.0883710250826964	0.08
0.667879263	0.0883710250826964	0.08
0.667969788	0.0883710250826964	0.08
0.669490645	0.0883710250826964	0.08
0.678915807	0.0769895300042425	0.09
0.680410924	0.0769895300042425	0.09
0.680589305	0.0769895300042425	0.09
0.68060848	0.0769895300042425	0.09
0.680786967	0.0769895300042425	0.09
0.689921535	0.0699795599903294	0.09
0.690723937	0.0693593140311561	0.09
0.692614054	0.0699795599903294	0.09
0.697379755	0.0621932698834364	0.1
0.7123899	0.0607449556074376	0.11
0.712401774	0.0607449556074376	0.11
0.713541741	0.0612201734315215	0.11
0.71365913	0.0612201734315215	0.11
0.714295462	0.0612201734315215	0.11
0.715679053	0.0362584553715808	0.11
0.725869057	0.0383931316809656	0.11
0.726772429	0.0383931316809656	0.11
0.72717465	0.0383931316809656	0.11
0.742183791	0.037295272789034	0.12
0.7500464	0.0369431407471008	0.12
0.75180067	0.0369431407471008	0.12
0.756100951	0.0359255425078488	0.12
0.756122282	0.0359255425078488	0.12
0.763284143	0.0359255425078488	0.12
0.763387603	0.0359255425078488	0.12
0.763491091	0.0359255425078488	0.12
0.765321243	0.0359255425078488	0.12
0.766651587	0.0355986874102067	0.12
0.772093843	0.0801036517101274	0.12
0.772264397	0.0845309968282624	0.12
0.778829055	0.0391616648627374	0.11
0.779184816	0.0387735903626195	0.11
0.779976345	0.0282347098936764	0.11
0.786383987	0.0842773954473266	0.11
0.793117932	0.0886136158929674	0.1
0.797194853	0.0851154833190761	0.1
0.799403767	0.0824507341326359	0.1
0.812482547	0.0862230045359149	0.08
0.817085993	0.0867779393445803	0.08
0.828284953	0.088392376712737	0.07
0.856064956	0.093354639145031	0.04
0.861362559	0.0887659126628728	0.03
0.861783488	0.0900492647274776	0.03
0.866065884	0.0941974385263899	0.03
0.867661243	0.0922540898999301	0.03
0.870144812	0.087606554670693	0.03
0.874413626	0.0989623752990346	0.02
0.875213305	0.0953451310705459	0.02
0.875954975	0.0941974385263899	0.02
0.877564409	0.0925267873440413	0.02
0.87832845	0.0925267873440413	0.02
0.882218863	0.0969911127019061	0.01
0.88244613	0.0959715461245158	0.01
0.884296127	0.102193251241458	0.01
0.885048106	0.0989623752990346	0.01
0.885800269	0.0974223541313281	0.01
0.886381245	0.0977265119419749	0.01
0.889014569	0.0939148196420308	0.01
0.889576687	0.0925267873440413	0.01
0.889752182	0.0925267873440413	0.01
0.889857915	0.0925267873440413	0.01
0.890068113	0.0917134889615802	0.01
0.890083013	0.0917134889615802	0.01
0.890218543	0.0917134889615802	0.01
0.890218544	0.0917134889615802	0.01
0.890228158	0.0917134889615802	0.01
0.890309475	0.0911791868614915	0.01
0.890339212	0.0911791868614915	0.01
0.890354074	0.0911791868614915	0.01
0.890354075	0.0911791868614915	0.01
0.890407894	0.0911791868614915	0.01
0.890419078	0.0911791868614915	0.01
0.890459913	0.0911791868614915	0.01
0.890474761	0.0911791868614915	0.01
0.890489605	0.0911791868614915	0.01
0.890489606	0.0911791868614915	0.01
0.890506418	0.0911791868614915	0.01
0.890580647	0.0911791868614915	0.01
0.890595481	0.0911791868614915	0.01
0.89061031	0.0911791868614915	0.01
0.890610311	0.0911791868614915	0.01
0.89068659	0.0911791868614915	0.01
0.890716233	0.0909143635735783	0.01
0.890731049	0.0909143635735783	0.01
0.890851819	0.0909143635735783	0.01
0.890957836	0.0909143635735783	0.01
0.890972622	0.0909143635735783	0.01
0.890972623	0.0909143635735783	0.01
0.891093459	0.0901290439004023	0.01
0.89119957	0.0901290439004023	0.01
0.891214328	0.0901290439004023	0.01
0.891246709	0.0901290439004023	0.01
0.891320486	0.0901290439004023	0.01
0.89133523	0.0901290439004023	0.01
0.891382479	0.0901290439004023	0.01
0.891441435	0.0901290439004023	0.01
0.891456164	0.0901290439004023	0.01
0.891521465	0.0901290439004023	0.01
0.891562417	0.0901290439004023	0.01
0.891686849	0.0896129916322039	0.01
0.891698132	0.0896129916322039	0.01
0.892012117	0.0891028152459842	0.01
0.892017347	0.0891028152459842	0.01
0.89206133	0.0891028152459842	0.01
0.89216782	0.088849899236359	0.01
0.892182462	0.088849899236359	0.01
0.892215798	0.088849899236359	0.01
0.89229733	0.0885984149537651	0.01
0.892307805	0.0885984149537651	0.01
0.892546055	0.0893571752440071	0.01
0.892568748	0.0893571752440071	0.01
0.89273031	0.0893571752440071	0.01
0.892793389	0.0893571752440071	0.01
0.892951888	0.0941474410708819	0.01
0.893016766	0.0941474410708819	0.01
0.893172464	0.0936174187065341	0.01
0.893320622	0.0936174187065341	0.01
0.893395592	0.0936174187065341	0.01
0.894085351	0.0936174187065341	0.01
0.894189143	0.0936174187065341	0.01
0.894232534	0.0936174187065341	0.01
0.894332391	0.0938816818155407	0.01
0.894482721	0.0938816818155407	0.01
0.894511483	0.0938816818155407	0.01
0.894690708	0.0936174187065341	0.01
0.894906463	0.0936174187065341	0.01
0.894913415	0.0936174187065341	0.01
0.895086463	0.0941474410708819	0.01
0.895300675	0.0941474410708819	0.01
0.89539422	0.0930933306732618	0.01
0.896329745	0.0925750778613734	0.01
0.896396617	0.0928334809725494	0.01
0.89685771	0.0925750778613734	0.01
0.896928207	0.0923181092934666	0.01
0.89693811	0.0923181092934666	0.01
0.897131294	0.0910543722180541	0.01
0.898485328	0.0879845150543798	0.01
0.898755243	0.0872544471012904	0.01
0.898920463	0.0872544471012904	0.01
0.899310528	0.0861817829315856	0.01
0.899325427	0.0861817829315856	0.01
0.899413875	0.0856552805386863	0.01
0.899974537	0.0853078383492729	0.01
0.900031532	0.0853078383492729	0.01
0.900274359	0.0876179602995516	0.01
0.900690942	0.065725373627281	0.01
0.901007608	0.0732223346518259	0.01
0.901568195	0.0683496479477932	0.01
0.901947653	0.0658244842565073	0.01
0.902162268	0.0668834827650972	0.01
0.902291602	0.0599691113873507	0.01
0.902860993	0.0566608534719009	0.01
0.902932441	0.0566608534719009	0.01
0.903166806	0.0526089017739236	0.01
0.904513058	0.0474513076747992	0.01
0.905345526	0.0487409786605137	0.01
0.905541598	0.0494124651351774	0.01
0.906197141	0.0485211871509734	0.01
0.906210372	0.0485211871509734	0.01
0.906508268	0.048962770456258	0.01
0.906922556	0.0491865899694409	0.01
0.906983581	0.0496404244040853	0.01
0.907060652	0.0496404244040853	0.01
0.907185931	0.0501027117034121	0.01
0.907198748	0.0501027117034121	0.01
0.907199842	0.0501027117034121	0.01
0.907324045	0.0498704967542314	0.01
0.907336843	0.0498704967542314	0.01
0.907336844	0.0498704967542314	0.01
0.907449378	0.0498704967542314	0.01
0.90746216	0.0498704967542314	0.01
0.9075492	0.0498704967542314	0.01
0.907574745	0.0498704967542314	0.01
0.907587512	0.0498704967542314	0.01
0.907674633	0.0498704967542314	0.01
0.907712898	0.0498704967542314	0.01
0.907951053	0.0498704967542314	0.01
0.907963774	0.0498704967542314	0.01
0.908076559	0.0498704967542314	0.01
0.908089263	0.0498704967542314	0.01
0.908089264	0.0498704967542314	0.01
0.908151307	0.0498704967542314	0.01
0.908189407	0.0498704967542314	0.01
0.908202099	0.0498704967542314	0.01
0.908214789	0.0498704967542314	0.01
0.908566283	0.0498704967542314	0.01
0.908691978	0.0498704967542314	0.01
0.908729307	0.0498704967542314	0.01
0.908956071	0.0510536074539666	0.01
0.909183517	0.0505736902448111	0.01
0.909195105	0.0505736902448111	0.01
0.909270732	0.0505736902448111	0.01
0.909346075	0.0515427202382879	0.01
0.90938549	0.0515427202382879	0.01
0.909446878	0.0517908079596722	0.01
0.909838426	0.0510536074539666	0.01
0.909914657	0.0510536074539666	0.01
0.910051995	0.0517908079596722	0.01
0.910467776	0.0522942176845355	0.01
0.910628128	0.0522942176845355	0.01
0.911049792	0.0533309782269399	0.01
0.91113001	0.0533309782269399	0.01
0.911351929	0.0533309782269399	0.01
0.911404622	0.0525496103490804	0.01
0.911776598	0.0530679531625009	0.01
0.912015459	0.0535966235841059	0.01
0.912488931	0.0541359333749637	0.01
0.912776305	0.0530679531625009	0.01
0.912811242	0.0576143601621308	0.01
0.913006436	0.0487189099449923	0.01
0.913751419	0.0484774665042631	0.01
0.914018042	0.0484774665042631	0.01
0.914696902	0.0533309782269399	0.01
0.914870556	0.0533309782269399	0.01
0.914968567	0.0533309782269399	0.01
0.916024822	0.0538649285855996	0.01
0.917248255	0.055647796983414	0.01
0.918238351	0.0548454886829503	0.02
0.918456927	0.0546267145908572	0.02
0.918483627	0.0546267145908572	0.02
0.919120121	0.0561958382604705	0.02
0.919655338	0.0573729874856973	0.02
0.919822583	0.0573729874856973	0.02
0.921364075	0.0591063505912491	0.02
0.922455062	0.0609477139821789	0.02
0.922504312	0.0609477139821789	0.02
0.922763582	0.0609477139821789	0.02
0.922787758	0.0609477139821789	0.02
0.923268187	0.0531772309927725	0.02
0.923473233	0.0531772309927725	0.02
0.924160807	0.0524642027385523	0.02
0.925553967	0.0539099074693328	0.02
0.926193857	0.0539099074693328	0.02
0.927872541	0.0485576813097153	0.02
0.929379518	0.0521313434790795	0.03
0.93064775	0.052733566306166	0.03
0.93220206	0.0544096789077052	0.03
0.933174706	0.047962461540779	0.03
0.93534835	0.0485576813097153	0.03
0.938446291	0.0194426125399966	0.03
0.938770844	0.0199718988358089	0.03
0.941112169	0.0225849239957724	0.03
0.942896738	0.0248829703264327	0.03
0.944027825	0.0262167658852687	0.03
0.947518522	0.0279656402058777	0.03
0.954119877	0.0246737546883234	0.04
0.954191796	0.0246737546883234	0.04
0.955985355	0.0253122292092313	0.04
0.956018846	0.0253122292092313	0.04
0.956549025	0.0262167658852687	0.04
0.956780018	0.0262167658852687	0.04
0.957016096	0.0262167658852687	0.04
0.957077957	0.0262167658852687	0.04
0.957486775	0.0264530922867302	0.04
0.959665139	0.0287886870586533	0.04
0.959857154	0.0290739083587486	0.04
0.960911853	0.0290739083587486	0.04
0.964446178	0.0246737546883234	0.05
0.966653906	0.0262167658852687	0.05
0.966980911	0.0262167658852687	0.05
0.966980912	0.0262167658852687	0.05
0.967139043	0.0262167658852687	0.05
0.967144414	0.0262167658852687	0.05
0.967297226	0.0264530922867302	0.05
0.967302571	0.0264530922867302	0.05
0.967302572	0.0264530922867302	0.05
0.96746078	0.0264530922867302	0.05
0.967608447	0.0264530922867302	0.05
0.96761904	0.0264530922867302	0.05
0.967619041	0.0264530922867302	0.05
0.967772081	0.0264530922867302	0.05
0.967935716	0.0264530922867302	0.05
0.968083686	0.0264530922867302	0.05
0.968088909	0.0264530922867302	0.05
0.968237002	0.0264530922867302	0.05
0.969666194	0.0287886870586533	0.05
0.970292984	0.0287886870586533	0.05
0.974203145	0.027378590269164	0.06
0.97801719	0.0277671795251934	0.06
0.981915796	0.019378417774099	0.05
1.019804062	0.0290739083587486	0.06
1.021711423	0.0244680278800267	0.07
1.023898132	0.0244680278800267	0.07
1.028094642	0.0282347098936764	0.07
1.029078227	0.0282347098936764	0.07
1.029271857	0.0282347098936764	0.07
1.029637844	0.0282347098936764	0.07
1.029659545	0.0282347098936764	0.07
1.030020301	0.0290739083587486	0.07
1.030392053	0.0290739083587486	0.07
1.030958443	0.0293648378201404	0.07
1.031531241	0.0293648378201404	0.07
1.032104884	0.0293648378201404	0.07
1.0327094	0.0293648378201404	0.07
1.033463082	0.0293648378201404	0.07
1.034014818	0.0293648378201404	0.07
1.034854243	0.0236783199101652	0.08
1.035677928	0.0236783199101652	0.08
1.036124234	0.0244680278800267	0.08
1.039046839	0.0264530922867302	0.08
1.041709188	0.0274425980831552	0.08
1.044012776	0.0274425980831552	0.08
1.048661279	0.0242657033548249	0.09
1.054783865	0.0255324608673338	0.09
1.057424783	0.0240666974051202	0.1
1.067766296	0.0242657033548249	0.11
1.067971123	0.0242657033548249	0.11
1.068168044	0.0242657033548249	0.11
1.06860264	0.0242657033548249	0.11
1.068892568	0.0242657033548249	0.11
1.070326964	0.0248829703264327	0.11
1.091073782	0.0544096789077052	0.12
1.112743253	0.0576143601621308	0.1
1.113082372	0.0576143601621308	0.1
1.113233383	0.0576143601621308	0.1
1.11414031	0.0576143601621308	0.1
1.125633627	0.0581855395045823	0.1
1.127882011	0.0570542857910817	0.1
1.133642817	0.0544096789077052	0.11
1.133988353	0.0554375457046349	0.11
1.134317617	0.0554375457046349	0.11
1.136767134	0.0544096789077052	0.11
1.137302108	0.0544096789077052	0.11
1.183360064	0.0480016885016056	0.15
1.187305519	0.0470022069189492	0.15
1.187446683	0.0470022069189492	0.15
1.18762744	0.046628785659891	0.15
1.192009701	0.0445071918813514	0.15
1.192075895	0.0445071918813514	0.15
1.203309389	0.0445071918813514	0.14
1.208724051	0.0355986874102067	0.13
1.208769953	0.0355986874102067	0.13
1.209215802	0.0355986874102067	0.13
1.209751115	0.0355986874102067	0.13
1.209768181	0.0355986874102067	0.13
1.210085375	0.0346528592145969	0.13
1.212614931	0.0331834312126439	0.13
1.224141399	0.0337559899919427	0.12
1.22465873	0.0337559899919427	0.12
1.225416562	0.0337559899919427	0.12
1.226416878	0.0337559899919427	0.12
1.243346642	0.0365975959839196	0.11
1.246668032	0.0376541822869239	0.11
1.270060331	0.0383931316809656	0.09
1.270604589	0.0383931316809656	0.09
1.275739262	0.050653048887192	0.09
1.278899002	0.0437116459137024	0.09
1.285172518	0.0287886870586533	0.08
1.297280078	0.0581032500593076	0.09
1.303502827	0.0678978120868341	0.09
1.325958837	0.0646904650643044	0.11
1.335485912	0.0685778285123522	0.1
1.335711503	0.0685778285123522	0.1
1.335892556	0.0685778285123522	0.1
1.336051433	0.0685778285123522	0.1
1.33625481	0.0685778285123522	0.1
1.336413828	0.0685778285123522	0.1
1.336595099	0.0665774506523921	0.1
1.336665633	0.0665774506523921	0.1
1.336979907	0.0665774506523921	0.1
1.337117106	0.0665774506523921	0.1
1.337161305	0.0665774506523921	0.1
1.337529375	0.0665774506523921	0.1
1.337777279	0.0665774506523921	0.1
1.337887386	0.0665774506523921	0.1
1.338686534	0.0665774506523921	0.1
1.340005107	0.0665774506523921	0.1
1.342315002	0.0653074619518398	0.1
1.342368518	0.0653074619518398	0.1
1.346883901	0.0685778285123522	0.1
1.350085516	0.0685778285123522	0.1
1.360774481	0.0753716504118928	0.1
1.360981621	0.078391786589194	0.09
1.36116959	0.078391786589194	0.09
1.361338457	0.078391786589194	0.09
1.36135761	0.078391786589194	0.09
1.361545683	0.078391786589194	0.09
1.362279458	0.078391786589194	0.09
1.365659238	0.0768520585803851	0.09
1.368578346	0.0776142869766322	0.09
1.369020462	0.078391786589194	0.09
1.369707356	0.078391786589194	0.09
1.370127164	0.078391786589194	0.09
1.373967278	0.078391786589194	0.09
1.377139612	0.0776142869766322	0.1
1.377274175	0.0776142869766322	0.1
1.379222918	0.078391786589194	0.1
1.384187356	0.0761046558529057	0.1
1.38563755	0.0768520585803851	0.1
1.418305639	0.0753716504118928	0.09
1.430594094	0.0712539372611768	0.1
1.434752614	0.0712539372611768	0.1
1.436494579	0.0712539372611768	0.11
1.440102642	0.0712539372611768	0.11
1.450462129	0.0664160074259104	0.12
1.450928234	0.0664160074259104	0.12
1.454003033	0.0664160074259104	0.12
1.454856842	0.0664160074259104	0.12
1.484117024	0.0637123340095098	0.15
1.485917469	0.0753716504118928	0.15
1.488337206	0.0637123340095098	0.16
1.494140559	0.0631978007800482	0.16
1.506038743	0.0746526302215371	0.17
1.512194724	0.0631978007800482	0.18
1.512403577	0.0631978007800482	0.18
1.515375804	0.0631978007800482	0.18
1.517647523	0.0621932698834364	0.19
1.558319819	0.161547408107032	0.23
1.558531046	0.161547408107032	0.23
1.55916507	0.159520882390347	0.23
1.561070241	0.159976979100769	0.22
1.56916589	0.194438998364033	0.22
1.595407686	0.169064593931695	0.19
1.595579044	0.169064593931695	0.19
1.611568792	0.171599493393455	0.17
1.652341299	0.217649873538861	0.14
1.707257935	0.269967780227234	0.08
1.730827961	0.256278171281391	0.06
1.75282717	0.254130417431559	0.04
1.768990518	0.269967780227234	0.02
1.777374698	0.282545035051912	0.01
1.778615293	0.279936697731669	0.01
1.77861633	0.279936697731669	0.01
1.780115455	0.274861878453039	0.01
1.780657571	0.274861878453039	0.01
1.780657572	0.274861878453039	0.01
1.780928629	0.27239284797673	0.01
1.78092863	0.27239284797673	0.01
1.781081012	0.27239284797673	0.01
1.781140367	0.27239284797673	0.01
1.781170032	0.27239284797673	0.01
1.781381862	0.27239284797673	0.01
1.781411498	0.27239284797673	0.01
1.781411499	0.27239284797673	0.01
1.781653031	0.27239284797673	0.01
1.781835463	0.27239284797673	0.01
1.781894629	0.27239284797673	0.01
1.782378022	0.265244918360546	0.01
1.782590324	0.265244918360546	0.01
1.782619816	0.265244918360546	0.01
1.783044725	0.265244918360546	0.01
1.783103602	0.265244918360546	0.01
1.783286774	0.265244918360546	0.01
1.783345594	0.265244918360546	0.01
1.78377107	0.265244918360546	0.01
1.783829774	0.265244918360546	0.01
1.783925287	0.265244918360546	0.01
1.784314217	0.265244918360546	0.01
1.78446873	0.265244918360546	0.01
1.784506241	0.265244918360546	0.01
1.785009515	0.265244918360546	0.01
1.785322292	0.269144105472537	0.01
1.785988286	0.262376135637914	0.01
1.788266632	0.243909912670446	0.01
1.788780487	0.249941125677055	0.01
1.789358594	0.249941125677055	0.01
1.790033715	0.245887713336937	0.01
1.790737455	0.248037693477245	0.01
1.79204453	0.242197926823365	0.02
1.792147241	0.242197926823365	0.02
1.795060195	0.203943307673495	0.02
1.795172249	0.191824037155501	0.02
1.795643534	0.188464208266295	0.02
1.796645824	0.187370268130363	0.02
1.796669094	0.187370268130363	0.02
1.796696941	0.187370268130363	0.02
1.799436111	0.175556064806598	0.02
1.801889818	0.108026004327095	0.02
1.808733518	0.159581544966602	0.03
1.809599251	0.159581544966602	0.03
1.812688451	0.0948635442736265	0.03
1.813240824	0.0964220280726193	0.03
1.813716026	0.0906033671009199	0.03
1.813793197	0.0913727567054256	0.03
1.814069382	0.092155325295879	0.03
1.814596154	0.0780443166220014	0.03
1.814621757	0.0780443166220014	0.03
1.814846808	0.0780443166220014	0.03
1.814872379	0.0780443166220014	0.03
1.815039963	0.0794530119279333	0.03
1.815123071	0.0794530119279333	0.03
1.815169565	0.0794530119279333	0.03
1.815322808	0.0801766034061626	0.03
1.815373832	0.0801766034061626	0.03
1.81637757	0.0282347098936764	0.03
1.816879855	0.0282347098936764	0.03
1.817399416	0.0282347098936764	0.03
1.817633804	0.0282347098936764	0.03
1.818363245	0.0285090075570359	0.03
1.819395454	0.158019165869593	0.04
1.819410514	0.158019165869593	0.04
1.81989941	0.158019165869593	0.04
1.820606159	0.15879651249779	0.04
1.82134289	0.115736188220529	0.04
1.822065256	0.0987393980742096	0.04
1.823267442	0.093354639145031	0.04
1.823345161	0.0862460415568809	0.04
1.824280416	0.0898468263476126	0.04
1.824985083	0.0760225075011739	0.04
1.828541204	0.0277016504406685	0.04
1.828939845	0.0285090075570359	0.04
1.829051906	0.0285090075570359	0.04
1.829613575	0.0287886870586533	0.04
1.835137623	0.0773585364075901	0.05
1.836263396	0.0274425980831552	0.05
1.83758722	0.0274425980831552	0.05
1.837659261	0.0274425980831552	0.05
1.839735229	0.0287886870586533	0.05
1.844053766	0.0898468263476126	0.06
1.860668056	0.0279656402058777	0.07
1.860714054	0.0279656402058777	0.07
1.917919203	0.019001978378088	0.11
1.919145255	0.0195722865274559	0.11
1.933588634	0.018121901661364	0.12
1.93486401	0.0250957643015906	0.13
1.937910579	0.0248829703264327	0.13
1.938309591	0.0248829703264327	0.13
1.938319698	0.0248829703264327	0.13
1.939501786	0.0255324608673338	0.13
1.940502926	0.0171677522322391	0.13
1.945075766	0.0242657033548249	0.14
1.956133657	0.0242657033548249	0.15
1.961031557	0.0167273892611632	0.15
2.03833515	0.0277671795251934	0.23
2.039242563	0.0283711957514491	0.23
2.045755957	0.0293648378201404	0.23
2.04617014	0.0293648378201404	0.23
2.049316864	0.0262754507324983	0.24
2.057190684	0.0274425980831552	0.24
2.058434493	0.0285090075570359	0.24
2.058810915	0.0285090075570359	0.24
2.067556414	0.0277016504406685	0.25
2.077653506	0.0279656402058777	0.26
2.079378601	0.0285090075570359	0.26
2.080200147	0.01983689388134	0.27
2.112854786	0.0195722865274559	0.3
2.114638141	0.0217480396710472	0.3
2.119081815	0.0274425980831552	0.3
2.130868897	0.0290739083587486	0.31
2.21647999	0.0259846246756002	0.4
2.225736601	0.0253122292092313	0.41
2.22607531	0.0253122292092313	0.41
2.226980498	0.0259846246756002	0.41
2.230993963	0.0285090075570359	0.41
2.244892022	0.0776142869766322	0.42
2.268175967	0.185829345161667	0.41
2.273953022	0.179928938241257	0.4
2.279085054	0.187098764525275	0.4
2.283420782	0.179928938241257	0.39
2.287430653	0.189690353137427	0.39
2.36737444	0.209289897029782	0.31
2.401471639	0.257443754927129	0.28
2.416816988	0.252693398940497	0.27
2.634889835	0.239206651307222	0.09
2.644514931	0.239206651307222	0.08
2.65353762	0.239206651307222	0.07
2.669724846	0.224945247309465	0.06
2.670697515	0.224945247309465	0.06
2.67074212	0.224945247309465	0.06
2.670831293	0.224945247309465	0.06
2.671148642	0.224945247309465	0.06
2.671237545	0.224945247309465	0.06
2.671237705	0.224945247309465	0.06
2.671599486	0.224945247309465	0.06
2.671599646	0.224945247309465	0.06
2.671872794	0.250553024805239	0.05
2.671961685	0.250553024805239	0.05
2.672323822	0.241392962741448	0.05
2.67300408	0.239206651307222	0.05
2.673366554	0.239206651307222	0.05
2.673410821	0.239206651307222	0.05
2.674201502	0.239206651307222	0.05
2.674498542	0.239206651307222	0.05
2.67498819	0.239206651307222	0.05
2.675753192	0.234950723972255	0.05
2.675906626	0.232879050149938	0.05
2.67595059	0.232879050149938	0.05
2.677404052	0.232879050149938	0.05
2.678640892	0.224945247309465	0.05
2.679543675	0.224945247309465	0.05
2.679587204	0.224945247309465	0.05
2.68050645	0.224945247309465	0.05
2.681604422	0.224945247309465	0.05
2.684222358	0.243619607909816	0.04
2.690797174	0.194716783926303	0.04
2.697875326	0.203943307673495	0.03
2.700424629	0.19830536784502	0.03
2.703341222	0.192970760169477	0.04
2.714352711	0.191255771283785	0.05
2.716197088	0.191255771283785	0.05
2.720992773	0.189253447456015	0.05
2.721339166	0.191255771283785	0.06
2.721753239	0.191255771283785	0.06
2.722090639	0.191255771283785	0.06
2.72212898	0.191255771283785	0.06
2.722504826	0.191255771283785	0.06
2.725138453	0.18957099710967	0.06
2.725892101	0.18957099710967	0.06
2.728042156	0.18957099710967	0.06
2.728457177	0.18957099710967	0.06
2.741703646	0.18628895425219	0.08
2.742221604	0.18628895425219	0.08
2.758261585	0.18628895425219	0.09
2.784781798	0.174223619477787	0.12
2.795646082	0.174223619477787	0.13
2.814579483	0.174223619477787	0.15
2.857457722	0.174223619477787	0.19
2.870516676	0.175645619516403	0.2
2.874914635	0.174223619477787	0.21
2.885327778	0.174223619477787	0.22
3.116832706	0.181103412971523	0.45
3.190582361	0.196494692668477	0.52
3.194633906	0.137549680317954	0.52
3.560201153	0.203716179343101	0.890000000000001
3.561529658	0.190604249362227	0.890000000000001
3.561648443	0.166275001305551	0.890000000000001
3.563861522	0.144538473668366	0.890000000000001
3.566965252	0.152859933141467	0.890000000000001
3.571210711	0.120450934402663	0.890000000000001
3.571812505	0.123715345909506	0.890000000000001
3.572123566	0.123715345909506	0.890000000000001
3.575584373	0.132066862997221	0.880000000000001
3.579984214	0.134664185417019	0.880000000000001
3.629519691	0.136001537705828	0.920000000000001
3.6300627	0.136001537705828	0.920000000000001
3.630972932	0.136001537705828	0.920000000000001
3.631169027	0.136001537705828	0.920000000000001
3.631970124	0.136001537705828	0.920000000000001
3.633483005	0.136001537705828	0.920000000000001
3.639968026	0.136001537705828	0.930000000000001
3.778072999	0.136001537705828	1.07
3.82876748	0.144314009880796	1.12
3.963711323	0.144314009880796	1.25
4.452121847	0.189253447456015	1.74
4.45272527	0.189253447456015	1.74
4.453328856	0.189253447456015	1.74
4.453932605	0.189253447456015	1.74
4.459832487	0.196494692668477	1.74
4.464002998	0.189253447456015	1.75
4.537596069	0.194632923772847	1.82
4.848628454	0.19101325814386	2.13
5.341769851	0.248866656245115	2.58999999999999
5.342582978	0.248866656245115	2.58999999999999
5.343129076	0.248866656245115	2.58999999999999
5.346842194	0.248866656245115	2.58999999999999
5.443653327	0.258252899667451	2.62999999999999
6.35095118	0.276813400179674	2.78999999999998
6.358499262	0.308706612371534	2.79999999999998
7	0.315968898125015	3.42999999999997
