thrs	post_p	finalwindow
0	0.0449073358541058	0.23
0.03256001	0.0449073358541058	0.2
0.070216248	0.0407767450859901	0.18
0.082355146	0.0407767450859901	0.17
0.093809574	0.0382628662434952	0.17
0.098963073	0.0382628662434952	0.17
0.103967892	0.0377968326853936	0.17
0.123778241	0.0465929645920873	0.18
0.127695348	0.0289743097169205	0.17
0.128068503	0.0375680472798085	0.17
0.129730945	0.0457009474847827	0.17
0.148427326	0.0375680472798085	0.15
0.148782099	0.0372300156135186	0.15
0.161204767	0.0449073358541058	0.14
0.178062567	0.0382628662434952	0.12
0.178113806	0.0382628662434952	0.12
0.178140913	0.0382628662434952	0.12
0.178189211	0.0382628662434952	0.12
0.181486006	0.0457009474847827	0.12
0.181486035	0.0457009474847827	0.12
0.181824923	0.0457009474847827	0.12
0.194681585	0.0476664817347419	0.11
0.205298456	0.0487906338969386	0.1
0.222049977	0.0416524491483959	0.09
0.222622275	0.0449073358541058	0.08
0.222656148	0.0449073358541058	0.08
0.222686318	0.0449073358541058	0.08
0.222812147	0.0441408164007643	0.08
0.222924291	0.0441408164007643	0.08
0.223196808	0.0441408164007643	0.08
0.226694446	0.0423343144692119	0.08
0.226728961	0.0423343144692119	0.08
0.226867021	0.0423343144692119	0.08
0.227081991	0.0423343144692119	0.08
0.227432153	0.0423343144692119	0.08
0.237068117	0.0437672863773269	0.07
0.242615688	0.0430388760892892	0.07
0.242875367	0.0310004195902041	0.06
0.243116147	0.0310004195902041	0.06
0.249436037	0.0289743097169205	0.06
0.256259656	0.0310004195902041	0.05
0.256650521	0.0306937981721628	0.05
0.259750174	0.0300983988923377	0.05
0.263775407	0.0300983988923377	0.05
0.272151172	0.0298092782255494	0.05
0.287097646	0.0218379430717603	0.07
0.296839561	0.0281848422392974	0.06
0.296839653	0.0281848422392974	0.06
0.296874128	0.0281848422392974	0.06
0.296879772	0.0281848422392974	0.06
0.296960227	0.0281848422392974	0.06
0.297156652	0.0284431740870792	0.06
0.297161557	0.0284431740870792	0.06
0.297207868	0.0284431740870792	0.06
0.297242165	0.0284431740870792	0.06
0.297345093	0.0284431740870792	0.06
0.298033592	0.0281848422392974	0.06
0.298062423	0.0281848422392974	0.06
0.298682719	0.0281848422392974	0.06
0.299120783	0.0281848422392974	0.06
0.29926506	0.0281848422392974	0.06
0.299931082	0.0281848422392974	0.06
0.302397905	0.0279311606940976	0.06
0.30240618	0.0279311606940976	0.06
0.302443572	0.0279311606940976	0.06
0.302452098	0.0279311606940976	0.06
0.302453753	0.0279311606940976	0.06
0.302493847	0.0279311606940976	0.06
0.302531356	0.0279311606940976	0.06
0.302535608	0.0279311606940976	0.06
0.302694303	0.0287062852891478	0.06
0.303998368	0.0289743097169205	0.06
0.304168238	0.0289743097169205	0.06
0.305094409	0.0289743097169205	0.06
0.306464617	0.0306937981721628	0.05
0.308759935	0.0303931828595197	0.05
0.319078068	0.0298092782255494	0.05
0.320217262	0.0298092782255494	0.05
0.320290117	0.0298092782255494	0.05
0.322066605	0.0298092782255494	0.05
0.322435043	0.0300983988923377	0.05
0.322591403	0.0300983988923377	0.05
0.322777267	0.0300983988923377	0.05
0.323097253	0.0310004195902041	0.04
0.323165924	0.0310004195902041	0.04
0.323537089	0.0310004195902041	0.04
0.323808824	0.0310004195902041	0.04
0.330254195	0.0310004195902041	0.04
0.333944256	0.0310004195902041	0.04
0.334029253	0.0310004195902041	0.04
0.340262381	0.0292473862886504	0.05
0.343706753	0.0292473862886504	0.05
0.345554528	0.0287062852891478	0.05
0.350684009	0.0281848422392974	0.06
0.356206548	0.0271967952174351	0.06
0.356351443	0.0271967952174351	0.06
0.356490553	0.0271967952174351	0.06
0.357959666	0.0265000563065715	0.07
0.360733393	0.0262756758768642	0.07
0.362945858	0.0262756758768642	0.07
0.366130409	0.0262756758768642	0.07
0.367663989	0.0505799268789921	0.08
0.382008897	0.0476664817347419	0.07
0.386863037	0.0500698695909216	0.06
0.389222512	0.0525054529690084	0.06
0.389825341	0.0525054529690084	0.06
0.395214438	0.0656825122621315	0.06
0.398731854	0.0563168768030594	0.05
0.403209246	0.0556436717524758	0.05
0.412388288	0.0619369598525792	0.04
0.415094538	0.0733323199611082	0.04
0.418471182	0.0654187715833111	0.03
0.428769674	0.0678009324376485	0.02
0.438307149	0.0719955701476656	0.01
0.440249622	0.0703631375637294	0.01
0.441698853	0.0703631375637294	0.01
0.441750067	0.0703631375637294	0.01
0.444236336	0.0675772270822702	0.01
0.444499874	0.065628392443286	0.01
0.444770984	0.0645121276212059	0.01
0.445185067	0.0797975254502279	0.01
0.445185068	0.0797975254502279	0.01
0.445245414	0.0797975254502279	0.01
0.445252832	0.0797975254502279	0.01
0.445252833	0.0797975254502279	0.01
0.445252835	0.0797975254502279	0.01
0.44531318	0.0797975254502279	0.01
0.445313187	0.0797975254502279	0.01
0.445313188	0.0797975254502279	0.01
0.44531319	0.0797975254502279	0.01
0.445373562	0.0797975254502279	0.01
0.445433949	0.0797975254502279	0.01
0.445479567	0.0789277113745701	0.01
0.445494353	0.0789277113745701	0.01
0.445554774	0.0784998766936056	0.01
0.445675664	0.0780766552381392	0.01
0.445691925	0.0831896186711222	0.01
0.445736134	0.0831896186711222	0.01
0.445849774	0.0932472738072522	0.01
0.445857123	0.0932472738072522	0.01
0.445917642	0.0932472738072522	0.01
0.445970843	0.0932472738072522	0.01
0.445978177	0.0932472738072522	0.01
0.446038729	0.0932472738072522	0.01
0.446188208	0.0932472738072522	0.01
0.446319857	0.0932472738072522	0.01
0.446341735	0.0932472738072522	0.01
0.446394864	0.0932472738072522	0.01
0.446395102	0.0932472738072522	0.01
0.446465528	0.0927554244854897	0.01
0.446888185	0.0917871294241857	0.01
0.446967543	0.0917871294241857	0.01
0.447158639	0.0917871294241857	0.01
0.447533088	0.0917871294241857	0.01
0.447649603	0.091310523718095	0.01
0.447928306	0.0899099484500446	0.01
0.448701687	0.0889998598318168	0.01
0.449051315	0.0889998598318168	0.01
0.452986292	0.0837791661103804	0.01
0.453607731	0.0837791661103804	0.01
0.453670383	0.0837791661103804	0.01
0.45367678	0.0837791661103804	0.01
0.453739439	0.0837791661103804	0.01
0.453789353	0.0837791661103804	0.01
0.453802119	0.0837791661103804	0.01
0.453864814	0.0837791661103804	0.01
0.453977538	0.0837791661103804	0.01
0.453990257	0.0837791661103804	0.01
0.454053004	0.0837791661103804	0.01
0.454131662	0.0837791661103804	0.01
0.454172215	0.0837791661103804	0.01
0.454228692	0.0837791661103804	0.01
0.454266222	0.0842054133703595	0.01
0.454278877	0.0842054133703595	0.01
0.454291524	0.0842054133703595	0.01
0.454297847	0.0842054133703595	0.01
0.454379121	0.0842054133703595	0.01
0.454543029	0.0846360200871913	0.01
0.454618511	0.0846360200871913	0.01
0.454637485	0.0846360200871913	0.01
0.455078808	0.0850710534843579	0.01
0.455180191	0.0850710534843579	0.01
0.455439212	0.116480631779775	0.01
0.455550168	0.12632893094984	0.01
0.455665947	0.129992501523204	0.01
0.455678249	0.131261372392558	0.01
0.455755613	0.0843063379296988	0.02
0.456455968	0.0843063379296988	0.02
0.456880284	0.0843063379296988	0.02
0.45760535	0.0831109839828683	0.02
0.457901934	0.0831109839828683	0.02
0.458022431	0.0831109839828683	0.02
0.458664131	0.0827200299269681	0.02
0.459124851	0.0823327367459509	0.02
0.460382332	0.0819490532590606	0.02
0.462114195	0.0782348274174584	0.02
0.472596627	0.0757290291042655	0.03
0.473676694	0.0757290291042655	0.03
0.474072423	0.0757290291042655	0.03
0.47699163	0.0817110617691609	0.03
0.477096915	0.0817110617691609	0.03
0.478419311	0.0743286256763832	0.04
0.478888149	0.0733979086493703	0.04
0.479732593	0.0733979086493703	0.04
0.483671852	0.0702635650025821	0.04
0.483988273	0.0702635650025821	0.04
0.484458594	0.0705631317356513	0.04
0.48628356	0.0818727452881732	0.04
0.489107131	0.0764284408790709	0.04
0.490830832	0.0764284408790709	0.04
0.508934563	0.0655338970532565	0.06
0.514553924	0.0647645712502242	0.07
0.514645345	0.0647645712502242	0.07
0.51473946	0.0647645712502242	0.07
0.514839037	0.0650189983245965	0.07
0.515124567	0.0650189983245965	0.07
0.516063638	0.0825259289484141	0.07
0.518492841	0.0616294475815105	0.07
0.534888196	0.0587540277667209	0.07
0.536755919	0.0298092782255494	0.06
0.543234343	0.0300983988923377	0.06
0.544416783	0.0300983988923377	0.06
0.546060858	0.0645121276212058	0.06
0.556645891	0.0655338970532565	0.05
0.556807604	0.0655338970532565	0.05
0.55802857	0.0625612835530612	0.05
0.566766402	0.0757290291042655	0.04
0.572491616	0.0711699942731896	0.04
0.574371638	0.0711699942731896	0.04
0.57444178	0.0711699942731896	0.04
0.579525048	0.0778667512155474	0.03
0.583655412	0.0778667512155474	0.03
0.59079165	0.0817110617691609	0.02
0.591819223	0.0817110617691609	0.02
0.593673806	0.0825259289484141	0.02
0.593673808	0.0825259289484141	0.02
0.593754277	0.0825259289484141	0.02
0.593754278	0.0825259289484141	0.02
0.59375428	0.0825259289484141	0.02
0.593824895	0.0825259289484141	0.02
0.593915284	0.0825259289484141	0.02
0.594036974	0.0825259289484141	0.02
0.594318181	0.0825259289484141	0.02
0.595015574	0.0793602351224404	0.03
0.595196772	0.0793602351224404	0.03
0.595887104	0.0793602351224404	0.03
0.596219211	0.0793602351224404	0.03
0.596894832	0.0809121293673678	0.03
0.597117526	0.0809121293673678	0.03
0.602148457	0.0809121293673678	0.03
0.604317115	0.0817110617691609	0.03
0.604813246	0.0682357617288657	0.04
0.604905308	0.0682357617288657	0.04
0.604905312	0.0682357617288657	0.04
0.604988853	0.0682357617288657	0.04
0.605716504	0.0671287150728311	0.04
0.606051871	0.0671287150728311	0.04
0.60631275	0.0809121293673678	0.03
0.606824709	0.0771408922200676	0.03
0.607971158	0.0743679180581837	0.03
0.608756287	0.0743679180581837	0.03
0.624510489	0.0665885537709377	0.04
0.635412418	0.0804828980979181	0.05
0.636066531	0.0804828980979181	0.05
0.63624959	0.0804828980979181	0.05
0.636422142	0.0804828980979181	0.05
0.637031954	0.0804828980979181	0.05
0.637260654	0.0804828980979181	0.05
0.641599528	0.081637780175342	0.05
0.64559646	0.0772063197272655	0.06
0.646569798	0.0772063197272655	0.06
0.648110758	0.0772063197272655	0.06
0.648827538	0.0772063197272655	0.06
0.65703705	0.0909955268509021	0.06
0.659386285	0.0909955268509021	0.06
0.667969788	0.0851683356011719	0.07
0.669490645	0.0851683356011719	0.07
0.671132308	0.0851683356011719	0.07
0.678915807	0.0828933322479337	0.08
0.680410924	0.0828933322479337	0.08
0.680589305	0.0828933322479337	0.08
0.68060848	0.0828933322479337	0.08
0.680786967	0.0828933322479337	0.08
0.690723937	0.0818727452881732	0.09
0.692614054	0.0831896186711222	0.09
0.697379755	0.0793602351224404	0.1
0.7123899	0.0781609340565662	0.11
0.713541741	0.0781609340565662	0.11
0.71365913	0.0781609340565662	0.11
0.714295462	0.0781609340565662	0.11
0.715653707	0.0487140433939022	0.11
0.715679053	0.0487140433939022	0.11
0.717816093	0.0516318652761127	0.11
0.725609694	0.0478133664815855	0.12
0.725869057	0.0487140433939022	0.12
0.725979546	0.0487140433939022	0.12
0.735438378	0.0461083657229535	0.13
0.75180067	0.0506211807546432	0.12
0.762884543	0.0731266002979411	0.13
0.763284143	0.07751463877377	0.13
0.763387603	0.0795637059879223	0.13
0.763491091	0.0783582939924759	0.13
0.766651587	0.0501305326526033	0.12
0.772093843	0.0747710861131817	0.12
0.778829055	0.0783582939924759	0.12
0.779184816	0.0779645657983361	0.12
0.779976345	0.0769973413156071	0.12
0.786383987	0.0742937339550165	0.11
0.794958533	0.0786894514366168	0.1
0.797194853	0.0761160027664086	0.1
0.8034392	0.0814430036710697	0.09
0.812482547	0.0734676007383247	0.08
0.817085993	0.0775300493179525	0.08
0.828284953	0.0773071944309709	0.07
0.849686346	0.0760911180349806	0.05
0.861783488	0.0758678855086197	0.03
0.864973627	0.0840002747120749	0.03
0.867661243	0.0803465042798934	0.03
0.870144812	0.0760911180349806	0.03
0.875213305	0.0840002747120749	0.02
0.875954975	0.0823944597650528	0.02
0.877564409	0.0808488891687388	0.02
0.880342154	0.0756459589688907	0.02
0.882218863	0.0793602351224404	0.01
0.882485476	0.0787845825860279	0.01
0.883671839	0.0880021886436808	0.01
0.884296127	0.0865298925132887	0.01
0.885048106	0.0856699263938234	0.01
0.885800269	0.0845495467803302	0.01
0.886381245	0.0842740157591824	0.01
0.888469193	0.0826578183485959	0.01
0.888863234	0.0818727452881732	0.01
0.889576687	0.0803465042798934	0.01
0.889752182	0.0803465042798934	0.01
0.890083013	0.0791174395858469	0.01
0.890218543	0.0788761251404155	0.01
0.890218544	0.0788761251404155	0.01
0.890228158	0.0788761251404155	0.01
0.890309475	0.0779254104905993	0.01
0.890339212	0.0779254104905993	0.01
0.890354074	0.0783978856423777	0.01
0.890354075	0.0783978856423777	0.01
0.890407894	0.0783978856423777	0.01
0.890419078	0.0783978856423777	0.01
0.890459913	0.0783978856423777	0.01
0.890474761	0.0783978856423777	0.01
0.890489605	0.0783978856423777	0.01
0.890489606	0.0783978856423777	0.01
0.890580647	0.0783978856423777	0.01
0.890595481	0.0783978856423777	0.01
0.89061031	0.0783978856423777	0.01
0.890610311	0.0783978856423777	0.01
0.89068659	0.0783978856423777	0.01
0.890716233	0.0781609340565662	0.01
0.890731048	0.0781609340565662	0.01
0.890731049	0.0781609340565662	0.01
0.890737499	0.0781609340565662	0.01
0.890822213	0.0781609340565662	0.01
0.890851819	0.0781609340565662	0.01
0.890957836	0.0781609340565662	0.01
0.890972622	0.0781609340565662	0.01
0.890972623	0.0781609340565662	0.01
0.891093459	0.0779254104905993	0.01
0.89119957	0.0779254104905993	0.01
0.891214328	0.0779254104905993	0.01
0.89133523	0.0779254104905993	0.01
0.891382479	0.0779254104905993	0.01
0.891441435	0.0779254104905993	0.01
0.891456164	0.0779254104905993	0.01
0.89149835	0.0779254104905993	0.01
0.891577132	0.077691302074036	0.01
0.891686849	0.077691302074036	0.01
0.891698132	0.077691302074036	0.01
0.891881522	0.077691302074036	0.01
0.892012117	0.077691302074036	0.01
0.892017347	0.077691302074036	0.01
0.89216782	0.077691302074036	0.01
0.892182462	0.077691302074036	0.01
0.892307805	0.0774585960906369	0.01
0.892546055	0.0779254104905993	0.01
0.892568748	0.0779254104905993	0.01
0.89273031	0.0779254104905993	0.01
0.892924751	0.0828933322479337	0.01
0.893016766	0.082404183856571	0.01
0.893172464	0.082404183856571	0.01
0.893313967	0.082404183856571	0.01
0.893320622	0.082404183856571	0.01
0.893352088	0.082404183856571	0.01
0.893395592	0.082404183856571	0.01
0.894085351	0.0819207744681005	0.01
0.89422449	0.0819207744681005	0.01
0.894332391	0.082404183856571	0.01
0.894906463	0.0816811904296017	0.01
0.895081202	0.0821617681180755	0.01
0.895086463	0.0821617681180755	0.01
0.895300675	0.0821617681180755	0.01
0.895524497	0.0846978951090247	0.01
0.895638516	0.0844509362600826	0.01
0.89592425	0.0851961713709061	0.01
0.896329745	0.0846978951090247	0.01
0.896396617	0.0851961713709061	0.01
0.896928207	0.0844509362600826	0.01
0.89693811	0.0844509362600826	0.01
0.897197773	0.0820583117228243	0.01
0.897316929	0.0866749015455803	0.01
0.89799116	0.0766053171094703	0.01
0.898155973	0.0755561717374118	0.01
0.898455429	0.0747035881447027	0.01
0.898485328	0.0753841016940533	0.01
0.898662437	0.0743679180581837	0.01
0.898755243	0.0740352510505768	0.01
0.89889623	0.0738700311355157	0.01
0.898920463	0.0738700311355157	0.01
0.899310528	0.07225750485311	0.01
0.899325427	0.07225750485311	0.01
0.899413875	0.0779925579750808	0.01
0.899974537	0.0774917544171264	0.01
0.900031532	0.0774917544171264	0.01
0.900113547	0.0778249057734499	0.01
0.900274359	0.0783300387163451	0.01
0.900307304	0.0783300387163451	0.01
0.900690942	0.0744635155879512	0.01
0.901007608	0.0799737939126412	0.01
0.901568195	0.0674020954178713	0.01
0.902291602	0.0620253849607594	0.01
0.902860993	0.0586077034568519	0.01
0.902919093	0.0586077034568519	0.01
0.902932441	0.0588642513864677	0.01
0.903685884	0.0467332979939621	0.01
0.904039961	0.045903752612677	0.01
0.904508173	0.0471594164908987	0.01
0.904513058	0.0471594164908987	0.01
0.905345526	0.0471594164908987	0.01
0.905424433	0.0471594164908987	0.01
0.905541598	0.0473754031261076	0.01
0.906154318	0.0473754031261076	0.01
0.906210372	0.0467332979939621	0.01
0.906508268	0.0471594164908987	0.01
0.906786831	0.0471594164908987	0.01
0.906983581	0.0475933772695464	0.01
0.907060652	0.0475933772695464	0.01
0.907185931	0.0475933772695464	0.01
0.907198748	0.0478133664815855	0.01
0.907199842	0.0478133664815855	0.01
0.907298438	0.0478133664815855	0.01
0.907324045	0.0480353988345271	0.01
0.907336843	0.0480353988345271	0.01
0.907336844	0.0480353988345271	0.01
0.907436592	0.0480353988345271	0.01
0.907449378	0.0480353988345271	0.01
0.90746216	0.0480353988345271	0.01
0.907574745	0.0480353988345271	0.01
0.907587512	0.0480353988345271	0.01
0.907700146	0.0480353988345271	0.01
0.907712898	0.0480353988345271	0.01
0.907951053	0.0480353988345271	0.01
0.907963773	0.0480353988345271	0.01
0.908089264	0.0482595029245466	0.01
0.908151307	0.0482595029245466	0.01
0.908202099	0.0484857078839709	0.01
0.908214789	0.0484857078839709	0.01
0.908289632	0.0478133664815855	0.01
0.908453284	0.0478133664815855	0.01
0.908566283	0.0480353988345271	0.01
0.908577365	0.0480353988345271	0.01
0.908578929	0.0480353988345271	0.01
0.908691978	0.0482595029245466	0.01
0.908729307	0.0482595029245466	0.01
0.908816452	0.0484857078839709	0.01
0.908855181	0.0475933772695464	0.01
0.908943472	0.0480353988345271	0.01
0.908956071	0.0480353988345271	0.01
0.909094444	0.0480353988345271	0.01
0.909195105	0.0480353988345271	0.01
0.909270732	0.0480353988345271	0.01
0.909308419	0.0480353988345271	0.01
0.909346075	0.0487140433939022	0.01
0.909409249	0.0487140433939022	0.01
0.909642167	0.0489445396972017	0.01
0.909896599	0.0480353988345271	0.01
0.909914657	0.0480353988345271	0.01
0.910051995	0.0491772276118425	0.01
0.910267	0.0494121385446457	0.01
0.911049792	0.0508701241484521	0.01
0.911062134	0.0508701241484521	0.01
0.911351929	0.0508701241484521	0.01
0.911404622	0.0506211807546432	0.01
0.911776598	0.0508701241484521	0.01
0.912488931	0.0506211807546432	0.01
0.913006436	0.0409111386324327	0.01
0.913139907	0.0409111386324327	0.01
0.913244462	0.0409111386324327	0.01
0.913630289	0.03973256961337	0.01
0.913751419	0.0401178078559962	0.01
0.914018042	0.0401178078559962	0.01
0.914870556	0.0401178078559962	0.01
0.914968567	0.0401178078559962	0.01
0.915026039	0.0401178078559962	0.01
0.915269563	0.0401178078559962	0.01
0.915559183	0.035627175644411	0.01
0.916024822	0.035627175644411	0.01
0.916163647	0.0358033377154006	0.01
0.916208994	0.035627175644411	0.01
0.918238351	0.0300983988923377	0.01
0.918483627	0.0310004195902041	0.01
0.918816837	0.0536934506038901	0.02
0.918837351	0.0536934506038901	0.02
0.919655338	0.055011364905181	0.02
0.919822583	0.055011364905181	0.02
0.921364075	0.0573577918051824	0.02
0.921783065	0.0576034908177806	0.02
0.922071236	0.0576034908177806	0.02
0.922504312	0.0583533820478838	0.02
0.922763582	0.0583533820478838	0.02
0.923268187	0.0509384433171497	0.02
0.923473233	0.0509384433171497	0.02
0.924507726	0.0516318652761127	0.02
0.924627878	0.0523444268035414	0.02
0.926193857	0.0484857078839709	0.02
0.927872541	0.0480353988345271	0.02
0.93064775	0.0499072733348357	0.03
0.93220206	0.0499072733348357	0.03
0.933174706	0.0438685297963691	0.03
0.934700606	0.0449073358541058	0.03
0.938770844	0.0399885677413019	0.03
0.941112169	0.0224704537260565	0.03
0.947518522	0.0279311606940976	0.03
0.948845214	0.0295256592095163	0.03
0.949342587	0.0295256592095163	0.03
0.951999424	0.0297378638700739	0.04
0.955985355	0.0347300493293636	0.04
0.956018846	0.0347300493293636	0.04
0.956549025	0.0359366067781287	0.04
0.956766863	0.0359366067781287	0.04
0.956780018	0.0359366067781287	0.04
0.95679317	0.0359366067781287	0.04
0.956793172	0.0359366067781287	0.04
0.957077957	0.0359366067781287	0.04
0.957486775	0.0359366067781287	0.04
0.958321379	0.036898012817035	0.04
0.959642592	0.0386200036630002	0.04
0.959665139	0.0389838707848678	0.04
0.959857154	0.0401178078559962	0.04
0.960039043	0.0401178078559962	0.04
0.960819071	0.0401178078559962	0.04
0.960911853	0.0401178078559962	0.04
0.966653906	0.0359366067781287	0.05
0.966980911	0.0359366067781287	0.05
0.966980912	0.0359366067781287	0.05
0.966986309	0.0359366067781287	0.05
0.967302572	0.0359366067781287	0.05
0.967460779	0.0359366067781287	0.05
0.967608447	0.0359366067781287	0.05
0.967619041	0.0359366067781287	0.05
0.967772081	0.0359366067781287	0.05
0.967925221	0.0359366067781287	0.05
0.968088909	0.0359366067781287	0.05
0.968237002	0.0359366067781287	0.05
0.968861479	0.0386200036630002	0.05
0.969035555	0.0386200036630002	0.05
0.969666194	0.0389838707848678	0.05
0.970292984	0.03973256961337	0.05
0.970442597	0.03973256961337	0.05
0.973766743	0.0481952600942962	0.06
0.97801719	0.0512663063936411	0.06
0.978183481	0.0512663063936411	0.06
0.985118954	0.0656825122621315	0.06
0.9860103	0.0409111386324327	0.05
1.019804062	0.0724155825312867	0.07
1.027042278	0.0825259289484141	0.07
1.027349785	0.0699665310612214	0.08
1.028094642	0.0705631317356513	0.08
1.029078227	0.0717873857352599	0.08
1.029271857	0.0717873857352599	0.08
1.029637844	0.0724155825312867	0.08
1.029659545	0.0724155825312867	0.08
1.030020301	0.0724155825312867	0.08
1.030397618	0.0724155825312867	0.08
1.030958443	0.0724155825312867	0.08
1.031531241	0.0724155825312867	0.08
1.031720423	0.0724155825312867	0.08
1.0327094	0.073054870831318	0.08
1.033463082	0.0711699942731896	0.08
1.034014818	0.0711699942731896	0.08
1.034376329	0.0711699942731896	0.08
1.035677928	0.10308665315253	0.08
1.038905957	0.120033010096008	0.08
1.048661279	0.111414048766262	0.09
1.057424783	0.107552643980051	0.1
1.058571278	0.111414048766262	0.1
1.067766296	0.109449299078712	0.11
1.067971123	0.109449299078712	0.11
1.068168044	0.109449299078712	0.11
1.068277144	0.109449299078712	0.11
1.06860264	0.110422934941184	0.11
1.068892568	0.110422934941184	0.11
1.070326964	0.121205059007391	0.11
1.088407982	0.0985536243789081	0.13
1.112743253	0.131261372392558	0.14
1.113233383	0.131261372392558	0.14
1.115076799	0.132555258611074	0.14
1.116382888	0.132555258611074	0.14
1.125633627	0.12632893094984	0.15
1.127882011	0.125153202645002	0.15
1.13205703	0.121205059007391	0.14
1.133642817	0.121205059007391	0.14
1.134317617	0.121205059007391	0.14
1.162829766	0.115563046738529	0.14
1.183360064	0.0905868723982045	0.16
1.187305519	0.0866749015455803	0.15
1.187446683	0.0866749015455803	0.15
1.18762744	0.0859546761960448	0.15
1.192075895	0.0852463216354776	0.15
1.203309389	0.0866749015455803	0.14
1.209825949	0.059559489397521	0.13
1.210085375	0.059559489397521	0.13
1.210771389	0.059559489397521	0.13
1.21086869	0.059559489397521	0.13
1.212614931	0.058993369453733	0.13
1.224141399	0.0601365799686599	0.12
1.22465873	0.0601365799686599	0.12
1.226767373	0.0601365799686599	0.12
1.243346642	0.0372300156135186	0.12
1.246668032	0.0365718790266133	0.12
1.248955951	0.0365718790266133	0.12
1.265568721	0.03973256961337	0.1
1.268447511	0.0386200036630002	0.1
1.270060331	0.0379122735388086	0.1
1.270253663	0.0375680472798085	0.1
1.270604589	0.0375680472798085	0.1
1.275739262	0.0393546596345598	0.09
1.278899002	0.0359366067781287	0.1
1.285172518	0.0445207770580132	0.1
1.293113698	0.0298092782255494	0.09
1.297280078	0.0478133664815855	0.09
1.303502827	0.0478133664815855	0.1
1.325958837	0.0501305326526033	0.11
1.33510162	0.0501305326526033	0.11
1.335508208	0.0501305326526033	0.11
1.335711503	0.0501305326526033	0.11
1.335892556	0.0501305326526033	0.11
1.336051433	0.0501305326526033	0.11
1.33638917	0.0501305326526033	0.11
1.336413828	0.0501305326526033	0.11
1.336595099	0.0516318652761127	0.1
1.336665633	0.0516318652761127	0.1
1.337117106	0.0516318652761127	0.1
1.337161305	0.0516318652761127	0.1
1.337524247	0.0516318652761127	0.1
1.337777279	0.0516318652761127	0.1
1.337887386	0.0516318652761127	0.1
1.342368518	0.0506211807546432	0.1
1.346883901	0.0675199412489248	0.11
1.360981621	0.0708219437629729	0.1
1.36116959	0.0708219437629729	0.1
1.361338457	0.0708219437629729	0.1
1.361952473	0.0708219437629729	0.1
1.362279458	0.0708219437629729	0.1
1.364721715	0.0708219437629729	0.1
1.365659238	0.0715214826283179	0.1
1.368077892	0.0715214826283179	0.1
1.369020462	0.0722349786482939	0.1
1.370127164	0.0708219437629729	0.11
1.373967278	0.0708219437629729	0.11
1.377139612	0.0675199412489248	0.11
1.377274175	0.0675199412489248	0.11
1.379222918	0.0675199412489248	0.11
1.384187356	0.0722349786482939	0.1
1.38563755	0.0694631307769629	0.11
1.385801753	0.0701359564817515	0.11
1.418305639	0.0645121276212058	0.1
1.430594094	0.0628327205341136	0.1
1.434752614	0.0628327205341136	0.1
1.436494579	0.0628327205341136	0.11
1.440102642	0.0628327205341136	0.11
1.448119954	0.0617608638534652	0.12
1.450674974	0.0617608638534652	0.12
1.450928234	0.0617608638534652	0.12
1.457818346	0.0617608638534652	0.13
1.484067531	0.0602199356603887	0.15
1.484117024	0.0602199356603887	0.15
1.485917469	0.0597232391161485	0.16
1.488337206	0.0602199356603887	0.16
1.502972103	0.0602199356603887	0.17
1.506038743	0.0602199356603887	0.18
1.511734415	0.0602199356603887	0.18
1.511964569	0.0602199356603887	0.18
1.512194724	0.0602199356603887	0.18
1.512403577	0.0602199356603887	0.18
1.512821455	0.0602199356603887	0.18
1.513239565	0.0602199356603887	0.18
1.515375804	0.0607249631807875	0.18
1.517647523	0.0602199356603887	0.19
1.519065464	0.0602199356603887	0.19
1.523536021	0.0602199356603887	0.19
1.558319819	0.136162414089264	0.23
1.55916507	0.134502580031646	0.23
1.595579044	0.15153851788658	0.19
1.611568792	0.153467161190165	0.17
1.718627381	0.210485754145674	0.07
1.730827961	0.197617945238285	0.06
1.745720251	0.194909855705569	0.04
1.75282717	0.196119254094677	0.04
1.758275756	0.212213024309054	0.03
1.778615293	0.223202789989794	0.01
1.77861633	0.223202789989794	0.01
1.780115455	0.208786374588172	0.01
1.780627841	0.208786374588172	0.01
1.780657571	0.208786374588172	0.01
1.780657572	0.208786374588172	0.01
1.780839524	0.208786374588172	0.01
1.780928629	0.208786374588172	0.01
1.78092863	0.208786374588172	0.01
1.781081012	0.208786374588172	0.01
1.781170031	0.208786374588172	0.01
1.781170032	0.208786374588172	0.01
1.781381862	0.208786374588172	0.01
1.781411499	0.208786374588172	0.01
1.781623424	0.208786374588172	0.01
1.781653031	0.208786374588172	0.01
1.781835463	0.208786374588172	0.01
1.781894629	0.208786374588172	0.01
1.782136292	0.20711421551337	0.01
1.782136293	0.20711421551337	0.01
1.782378022	0.20711421551337	0.01
1.782531315	0.20711421551337	0.01
1.782619816	0.20711421551337	0.01
1.783044725	0.20711421551337	0.01
1.783103602	0.20711421551337	0.01
1.783286774	0.20711421551337	0.01
1.783345594	0.20711421551337	0.01
1.783587651	0.20711421551337	0.01
1.783925287	0.20711421551337	0.01
1.784013316	0.20711421551337	0.01
1.784314217	0.20711421551337	0.01
1.78446873	0.20711421551337	0.01
1.784506241	0.20711421551337	0.01
1.785322292	0.203848983966519	0.01
1.785988286	0.203848983966519	0.01
1.786357195	0.203848983966519	0.01
1.787927091	0.199139717962892	0.01
1.788266632	0.199139717962892	0.01
1.788872102	0.203848983966519	0.01
1.789358594	0.203848983966519	0.01
1.790033715	0.199139717962892	0.01
1.790095821	0.199139717962892	0.01
1.79204453	0.205468628095442	0.02
1.794856772	0.183588593532617	0.02
1.795172249	0.174307714839349	0.02
1.796645824	0.162445852694832	0.02
1.796669094	0.162445852694832	0.02
1.799436111	0.166091906209828	0.02
1.801889818	0.129825169862062	0.02
1.809599251	0.169811128466744	0.03
1.813716026	0.132034655123492	0.03
1.813793197	0.132034655123492	0.03
1.814345569	0.128747927497249	0.03
1.814621756	0.122866200475029	0.03
1.814621757	0.122866200475029	0.03
1.814846808	0.122866200475029	0.03
1.814872379	0.122866200475029	0.03
1.815039963	0.122866200475029	0.03
1.815123071	0.122866200475029	0.03
1.815322808	0.125153202645002	0.03
1.815624663	0.125153202645002	0.03
1.815850116	0.125153202645002	0.03
1.816374833	0.100094127845669	0.03
1.816377569	0.100094127845669	0.03
1.81637757	0.100094127845669	0.03
1.816628678	0.0981938014260464	0.03
1.817633804	0.0981938014260464	0.03
1.818036082	0.0991348585835772	0.03
1.818363245	0.100094127845669	0.03
1.819217405	0.10308665315253	0.03
1.819395454	0.167454871336781	0.04
1.81989941	0.167454871336781	0.04
1.820606159	0.169018376066209	0.04
1.822065256	0.139732162326309	0.04
1.823267442	0.137829958892569	0.04
1.828541204	0.0972704426041678	0.04
1.828939845	0.100094127845669	0.04
1.829051906	0.100094127845669	0.04
1.829613575	0.101072143061283	0.04
1.830016016	0.101072143061283	0.04
1.835137623	0.114497094512968	0.05
1.836263396	0.0920754885405896	0.05
1.83758722	0.0929024336057355	0.05
1.837659261	0.0929024336057355	0.05
1.842215909	0.10308665315253	0.05
1.846490238	0.0929024336057355	0.06
1.860668056	0.0991348585835772	0.07
1.860714054	0.0991348585835772	0.07
1.872927722	0.0991348585835772	0.07
1.876458705	0.0991348585835772	0.07
1.917919203	0.0954748597319132	0.11
1.934242286	0.0867556723233236	0.12
1.938309591	0.0977719290258453	0.13
1.938319698	0.0977719290258453	0.13
1.939501786	0.0977719290258453	0.13
1.940502926	0.0814430036710697	0.13
1.947078383	0.100580758032655	0.14
1.95745413	0.100580758032655	0.15
1.961031557	0.0852463216354776	0.15
2.03833515	0.13045711595817	0.23
2.039242563	0.13045711595817	0.23
2.045755957	0.14270340743942	0.23
2.049316864	0.127082945843921	0.24
2.058810915	0.127082945843921	0.25
2.060706206	0.115247476685431	0.25
2.067556414	0.127082945843921	0.26
2.077371996	0.127082945843921	0.27
2.077653506	0.127082945843921	0.27
2.07768814	0.127082945843921	0.27
2.077935092	0.127082945843921	0.27
2.080200147	0.115247476685431	0.27
2.112854786	0.113756420681853	0.3
2.114638141	0.117278810425024	0.3
2.116340052	0.136002571731112	0.3
2.117539144	0.14270340743942	0.3
2.119081815	0.123878915676676	0.31
2.122322709	0.112303454038397	0.31
2.130868897	0.112303454038397	0.32
2.175983465	0.133495191254372	0.36
2.201956234	0.112303454038397	0.39
2.22342495	0.112303454038397	0.41
2.22607531	0.131078590635035	0.41
2.226980498	0.139945368642143	0.41
2.230993963	0.109506096242814	0.42
2.268175967	0.163188675258724	0.41
2.283420782	0.175382385583164	0.39
2.287430653	0.170192905626881	0.39
2.36737444	0.186105171332676	0.31
2.396315913	0.199523830248869	0.28
2.416816988	0.229224166070436	0.27
2.634889835	0.216697288572221	0.09
2.63880046	0.210933629822073	0.09
2.65353762	0.216697288572221	0.07
2.664122924	0.216697288572221	0.06
2.669724846	0.210933629822073	0.06
2.670697515	0.218104415637354	0.06
2.670831293	0.218104415637354	0.06
2.671193179	0.218104415637354	0.06
2.671237545	0.218104415637354	0.06
2.671237705	0.218104415637354	0.06
2.671599486	0.218104415637354	0.06
2.671599646	0.218104415637354	0.06
2.671872794	0.229224166070436	0.05
2.671961685	0.229224166070436	0.05
2.672323822	0.218689146730287	0.05
2.67300408	0.216697288572221	0.05
2.673366554	0.216697288572221	0.05
2.674201502	0.216697288572221	0.05
2.674640938	0.216697288572221	0.05
2.675753192	0.214741387282522	0.05
2.675906626	0.214741387282522	0.05
2.67595059	0.214741387282522	0.05
2.677404052	0.214741387282522	0.05
2.678640892	0.210933629822073	0.05
2.679543675	0.210933629822073	0.05
2.68050645	0.210933629822073	0.05
2.681604422	0.218104415637354	0.05
2.684222358	0.224890658940736	0.04
2.690995907	0.226048055011151	0.04
2.692790444	0.229224166070436	0.03
2.697875326	0.219330621470965	0.03
2.703341222	0.235392963123836	0.04
2.720992773	0.228125207339639	0.05
2.721223607	0.205468628095442	0.05
2.721339166	0.221292794155402	0.06
2.721714851	0.221292794155402	0.06
2.721753239	0.221292794155402	0.06
2.72212898	0.221292794155402	0.06
2.722504826	0.221292794155402	0.06
2.725138453	0.212503662534107	0.06
2.728042156	0.212503662534107	0.06
2.730687704	0.220037520872911	0.06
2.733911556	0.219415209488363	0.07
2.742221604	0.217569217940452	0.08
2.744776734	0.210700123667889	0.08
2.758261585	0.210700123667889	0.09
2.767264537	0.208926940780571	0.1
2.784781798	0.197303832035585	0.12
2.814579483	0.197303832035585	0.15
2.857457722	0.197303832035585	0.19
2.885327778	0.195748126382776	0.22
2.893176138	0.197617945238285	0.23
2.901070252	0.202122940241208	0.23
3.091199805	0.177006357099946	0.42
3.116832706	0.20963262043316	0.45
3.153761559	0.22071796249035	0.48
3.190582361	0.224587384063955	0.52
3.479484296	0.229224166070436	0.8
3.560201153	0.231454156955989	0.880000000000001
3.561529658	0.215668346376571	0.880000000000001
3.561648443	0.252486171222374	0.890000000000001
3.563861522	0.215668346376571	0.880000000000001
3.565454716	0.230757461543337	0.890000000000001
3.571210711	0.226206492074055	0.890000000000001
3.571812505	0.228125207339639	0.890000000000001
3.572497766	0.22400838763114	0.880000000000001
3.575584373	0.212820477934696	0.880000000000001
3.62901857	0.215754028763485	0.910000000000001
3.62939674	0.215754028763485	0.910000000000001
3.6300627	0.215754028763485	0.910000000000001
3.631023885	0.217569217940452	0.910000000000001
3.631169027	0.217569217940452	0.910000000000001
3.631970124	0.213548186850987	0.910000000000001
3.633483005	0.212213024309054	0.920000000000001
3.639968026	0.212213024309054	0.920000000000001
3.778072999	0.212213024309054	1.06
3.82876748	0.231776273939447	1.11
3.963711323	0.246225724485844	1.24
4.078052931	0.294103882300832	1.32
4.442577106	0.291248449663287	1.68
4.445571488	0.291248449663287	1.68
4.452121847	0.291248449663287	1.69
4.45272527	0.291248449663287	1.69
4.453328856	0.291248449663287	1.69
4.459832487	0.291248449663287	1.7
4.464002998	0.291248449663287	1.7
4.475601202	0.291248449663287	1.71
4.478685952	0.291248449663287	1.72
4.480518943	0.291248449663287	1.72
4.536342962	0.307153125759954	1.76
4.536969429	0.307153125759954	1.76
4.537596069	0.307153125759954	1.76
4.550359745	0.307153125759954	1.77
4.848628454	0.307153125759954	2.04
5.341769851	0.340894193854001	2.23
5.342582978	0.340894193854001	2.23
5.343129076	0.340894193854001	2.23
5.343307119	0.340894193854001	2.23
5.443653327	0.36070615388202	2.23
6.2338777	0.364948137490197	2.66999999999999
6.244676548	0.364948137490197	2.67999999999999
6.35095118	0.313689633490646	2.72999999999999
7	0.380491714639708	3.17999999999998
