thrs	post_p	finalwindow
0	0.106873626105082	0.23
0.03256001	0.106873626105082	0.2
0.082355146	0.0862419422282937	0.18
0.093809574	0.0840778077408849	0.17
0.098963073	0.0830359655003719	0.18
0.106977596	0.0830359655003719	0.18
0.123778241	0.135630507966327	0.18
0.127695348	0.078420216053493	0.17
0.128068503	0.0953199002447486	0.17
0.130460633	0.109493030935974	0.17
0.14705261	0.0622193609320632	0.15
0.148427326	0.0953199002447486	0.15
0.148447444	0.103861879866414	0.15
0.148782099	0.102134954839437	0.15
0.161204767	0.107732723756137	0.14
0.178140913	0.0969752124115076	0.12
0.178189211	0.0969752124115076	0.12
0.178358463	0.0969752124115076	0.12
0.181486006	0.109493030935974	0.12
0.181486035	0.109493030935974	0.12
0.186084933	0.135630507966327	0.12
0.191788381	0.109493030935974	0.11
0.194681585	0.137596360800892	0.11
0.222049977	0.113453379717637	0.08
0.222622275	0.13873584938563	0.08
0.22265244	0.13873584938563	0.08
0.222656148	0.13873584938563	0.08
0.222686318	0.13873584938563	0.08
0.222924291	0.146628728597584	0.08
0.226694446	0.141969025229885	0.08
0.226728961	0.141969025229885	0.08
0.226867021	0.141969025229885	0.08
0.226923294	0.141969025229885	0.08
0.226982815	0.141969025229885	0.08
0.227081991	0.14310596365106	0.08
0.227177477	0.14310596365106	0.08
0.241897099	0.122503825777171	0.07
0.24235868	0.122503825777171	0.07
0.242615688	0.110394934222899	0.06
0.242875367	0.120108490751576	0.06
0.242941212	0.120108490751576	0.06
0.243116147	0.117805031921913	0.06
0.249436037	0.111395927978827	0.06
0.256228734	0.11894561038887	0.05
0.256259656	0.11894561038887	0.05
0.256650521	0.11894561038887	0.05
0.259750174	0.113453379717637	0.05
0.263775407	0.113453379717637	0.05
0.272151172	0.111395927978827	0.05
0.295749179	0.112415240637889	0.06
0.296044019	0.112415240637889	0.06
0.296834617	0.104747428580917	0.06
0.296839561	0.104747428580917	0.06
0.296874128	0.104747428580917	0.06
0.296879772	0.104747428580917	0.06
0.296960227	0.104747428580917	0.06
0.297156652	0.103861879866414	0.06
0.29723727	0.103861879866414	0.06
0.297345093	0.103861879866414	0.06
0.298033592	0.102991178722164	0.06
0.298062423	0.102991178722164	0.06
0.298432807	0.102991178722164	0.06
0.298682719	0.102991178722164	0.06
0.299120783	0.102991178722164	0.06
0.299931082	0.102991178722164	0.06
0.300638986	0.102991178722164	0.06
0.302397905	0.104747428580917	0.06
0.302406093	0.104747428580917	0.06
0.30240618	0.104747428580917	0.06
0.302443572	0.104747428580917	0.06
0.302452098	0.104747428580917	0.06
0.302493847	0.104747428580917	0.06
0.302531356	0.104747428580917	0.06
0.302844832	0.106564614197732	0.06
0.303037639	0.106564614197732	0.06
0.303998368	0.104747428580917	0.06
0.307314933	0.117805031921913	0.05
0.308759935	0.116686119880574	0.05
0.320290117	0.121294333576396	0.04
0.322066605	0.120108490751576	0.04
0.322435043	0.120108490751576	0.04
0.322777267	0.120108490751576	0.04
0.323165924	0.116686119880574	0.04
0.323808824	0.11451087165778	0.04
0.324596864	0.113453379717637	0.04
0.327195424	0.111395927978827	0.04
0.328591896	0.108445962950101	0.04
0.330254195	0.108445962950101	0.04
0.333944256	0.106564614197732	0.04
0.334029253	0.106564614197732	0.04
0.338071632	0.112244061740072	0.05
0.340262381	0.109493030935974	0.05
0.345554528	0.108605744947386	0.05
0.350684009	0.108605744947386	0.06
0.351815198	0.107732723756137	0.06
0.356200611	0.108605744947386	0.06
0.356206548	0.108605744947386	0.06
0.356351443	0.108605744947386	0.06
0.356490553	0.108605744947386	0.06
0.357086112	0.103570014965428	0.07
0.357959666	0.103570014965428	0.07
0.360733393	0.102775779701123	0.07
0.362945858	0.102775779701123	0.07
0.363236679	0.102775779701123	0.07
0.363936107	0.102775779701123	0.07
0.366130409	0.105195889966609	0.07
0.367161303	0.130877931943797	0.07
0.367663989	0.12350731836377	0.08
0.37384574	0.107253749726431	0.08
0.381649088	0.0993474363876017	0.07
0.386863037	0.104866643987502	0.06
0.386909127	0.111081172932295	0.06
0.389222512	0.107732723756137	0.06
0.389825341	0.107732723756137	0.06
0.395214438	0.0905132045272942	0.06
0.411578949	0.134489637074614	0.04
0.415094538	0.105749251750817	0.04
0.415772448	0.102305058795429	0.03
0.418471182	0.133219633312087	0.03
0.419019267	0.133219633312087	0.03
0.423143546	0.130115552406759	0.03
0.428769674	0.137596360800892	0.02
0.438307149	0.144728617151023	0.01
0.440316292	0.144728617151023	0.01
0.441698853	0.144728617151023	0.01
0.441750067	0.143489000625882	0.01
0.444770984	0.0969752124115076	0.01
0.445049535	0.0969752124115076	0.01
0.445117302	0.108502302883803	0.01
0.445156208	0.108502302883803	0.01
0.445185067	0.108502302883803	0.01
0.445185068	0.108502302883803	0.01
0.445252832	0.108502302883803	0.01
0.445252833	0.108502302883803	0.01
0.445252835	0.108502302883803	0.01
0.445305777	0.108502302883803	0.01
0.44531318	0.108502302883803	0.01
0.445313187	0.108502302883803	0.01
0.445313188	0.108502302883803	0.01
0.44531319	0.108502302883803	0.01
0.445373562	0.108502302883803	0.01
0.445494353	0.106673472970408	0.01
0.445540001	0.106673472970408	0.01
0.445554774	0.104905271798283	0.01
0.445578303	0.104905271798283	0.01
0.445615211	0.104905271798283	0.01
0.445653547	0.104905271798283	0.01
0.445736134	0.104905271798283	0.01
0.445849774	0.103758681076838	0.01
0.445857123	0.103758681076838	0.01
0.445917642	0.103758681076838	0.01
0.446319857	0.10208503186463	0.01
0.446351359	0.10208503186463	0.01
0.446395102	0.10208503186463	0.01
0.44656991	0.10208503186463	0.01
0.446633323	0.10208503186463	0.01
0.446772341	0.10208503186463	0.01
0.446888185	0.101539082987593	0.01
0.447158639	0.101539082987593	0.01
0.447533088	0.101539082987593	0.01
0.447542535	0.101539082987593	0.01
0.447649603	0.100998942496565	0.01
0.447928306	0.100998942496565	0.01
0.449051315	0.101539082987593	0.01
0.451750007	0.101539082987593	0.01
0.452986292	0.0901883525836101	0.01
0.453102774	0.0901883525836101	0.01
0.453117722	0.0901883525836101	0.01
0.453607731	0.0901883525836101	0.01
0.453670383	0.0901883525836101	0.01
0.45367678	0.0901883525836101	0.01
0.453739439	0.0901883525836101	0.01
0.453782962	0.0901883525836101	0.01
0.453789353	0.0901883525836101	0.01
0.453802119	0.0901883525836101	0.01
0.453864814	0.0901883525836101	0.01
0.453927527	0.0901883525836101	0.01
0.453977538	0.0901883525836101	0.01
0.453990257	0.0901883525836101	0.01
0.454053004	0.0901883525836101	0.01
0.454115767	0.0901883525836101	0.01
0.454131662	0.0901883525836101	0.01
0.454159539	0.0901883525836101	0.01
0.454172215	0.0901883525836101	0.01
0.454266222	0.0901883525836101	0.01
0.454278877	0.0901883525836101	0.01
0.454291524	0.0901883525836101	0.01
0.454297847	0.0901883525836101	0.01
0.454379121	0.0901883525836101	0.01
0.454637485	0.0901883525836101	0.01
0.455078808	0.0892276384448107	0.01
0.455439212	0.0680898988001029	0.01
0.455550168	0.0705476199069011	0.01
0.455804735	0.0767835402795541	0.01
0.456133439	0.0954157056721911	0.02
0.456880284	0.0954157056721911	0.02
0.45760535	0.0939985455391187	0.02
0.458022431	0.0939985455391187	0.02
0.459124851	0.094466231567521	0.02
0.462114195	0.08386735302898	0.02
0.464728436	0.0814216789866564	0.02
0.46499053	0.0822208994711903	0.02
0.473676694	0.0787427392384474	0.03
0.474072423	0.0787427392384474	0.03
0.47699163	0.0202632931307392	0.03
0.478419311	0.0214297082290444	0.03
0.479732593	0.021226069008041	0.03
0.479936634	0.021226069008041	0.03
0.483511101	0.0220647647974472	0.03
0.483671852	0.0732351161756298	0.04
0.483988273	0.0732351161756298	0.04
0.484458594	0.0732351161756298	0.04
0.485802156	0.0559151560955259	0.04
0.485999254	0.0493812763953455	0.04
0.48628356	0.0493812763953455	0.04
0.489107131	0.0187337788940036	0.04
0.489424331	0.0187337788940036	0.04
0.490830832	0.0187337788940036	0.04
0.508934563	0.0147698414011941	0.06
0.511690912	0.0148681538412416	0.06
0.514645345	0.0637585489035049	0.07
0.51473946	0.0637585489035049	0.07
0.514742139	0.0637585489035049	0.07
0.514839037	0.0642475834626145	0.07
0.514971335	0.0642475834626145	0.07
0.515124567	0.0652485088700008	0.07
0.516063638	0.0394876253534968	0.07
0.51682809	0.0207656352314228	0.07
0.518492841	0.0144825531830179	0.07
0.518564452	0.0144825531830179	0.07
0.534226929	0.0204487971789573	0.06
0.534308248	0.0200811244755182	0.06
0.534380672	0.0200811244755182	0.06
0.534453117	0.0200811244755182	0.06
0.534888196	0.0200811244755182	0.06
0.536755919	0.0290466468853979	0.06
0.543234343	0.0285516062106297	0.06
0.544416783	0.0287969991808064	0.06
0.546060858	0.042118461008707	0.06
0.556645891	0.0430935439262663	0.05
0.55802857	0.042118461008707	0.05
0.559788571	0.0424385484266556	0.05
0.562444529	0.0427635382341629	0.05
0.566766402	0.0491638990791129	0.04
0.568776608	0.0474914335422085	0.04
0.57444178	0.0496005845085341	0.04
0.579525048	0.0514277587847611	0.04
0.583655412	0.0523927749390805	0.04
0.59079165	0.0549715594389423	0.04
0.591193432	0.0544356919692283	0.04
0.591819223	0.0544356919692283	0.04
0.593402747	0.0544356919692283	0.04
0.593573546	0.0544356919692283	0.04
0.593673806	0.0544356919692283	0.04
0.593673808	0.0544356919692283	0.04
0.593754277	0.0544356919692283	0.04
0.593754278	0.0544356919692283	0.04
0.59375428	0.0544356919692283	0.04
0.593834769	0.0544356919692283	0.04
0.593915284	0.0544356919692283	0.04
0.594036974	0.0544356919692283	0.04
0.594152812	0.0544356919692283	0.04
0.594237558	0.0544356919692283	0.04
0.595015574	0.0544356919692283	0.04
0.595196772	0.0544356919692283	0.04
0.595887104	0.0539101710048773	0.04
0.596894832	0.0544356919692283	0.04
0.597117526	0.0539101710048773	0.04
0.602148457	0.0544356919692283	0.04
0.602674298	0.0555180820062475	0.04
0.604317115	0.0544356919692283	0.04
0.604813246	0.0544356919692283	0.04
0.604905308	0.0544356919692283	0.04
0.60490531	0.0544356919692283	0.04
0.604905312	0.0544356919692283	0.04
0.605724938	0.0533946997562888	0.04
0.60631275	0.0533946997562888	0.04
0.606824709	0.0533946997562888	0.04
0.607971158	0.0533946997562888	0.04
0.608756287	0.0523927749390805	0.04
0.61827716	0.0555180820062475	0.03
0.624510489	0.0544356919692283	0.04
0.630942519	0.0523927749390805	0.04
0.635412418	0.0496005845085341	0.05
0.636066531	0.0496005845085341	0.05
0.63624959	0.0496005845085341	0.05
0.637031954	0.0496005845085341	0.05
0.637881775	0.0496005845085341	0.05
0.638075882	0.0496005845085341	0.05
0.641599528	0.0500450969467246	0.05
0.644129804	0.0470909466662956	0.06
0.64559646	0.0470909466662956	0.06
0.646569798	0.0470909466662956	0.06
0.648110758	0.0470909466662956	0.06
0.648827538	0.0470909466662956	0.06
0.667472678	0.0497478753235792	0.08
0.667879261	0.0497478753235792	0.08
0.667879263	0.0497478753235792	0.08
0.667969788	0.0497478753235792	0.08
0.678915807	0.0459920584207787	0.09
0.680410924	0.0459920584207787	0.09
0.68060848	0.0459920584207787	0.09
0.680786967	0.0459920584207787	0.09
0.689921535	0.0444661219644717	0.09
0.692614054	0.0528889926775702	0.1
0.696262833	0.0400780465134326	0.1
0.697379755	0.0400780465134326	0.1
0.7123899	0.0408102836575617	0.11
0.713541741	0.0415697751011365	0.11
0.714295462	0.0415697751011365	0.11
0.715653707	0.0380309399257792	0.12
0.715679053	0.0380309399257792	0.12
0.717816093	0.0393716224988341	0.12
0.719314887	0.0393716224988341	0.12
0.725869057	0.0373942651279509	0.13
0.72717465	0.0377099153959657	0.13
0.742183791	0.0353244837827781	0.14
0.744518666	0.0358920940176068	0.14
0.762884543	0.087209503993573	0.13
0.763284143	0.0875947376768107	0.13
0.763387603	0.0900163965564102	0.13
0.763491091	0.0897829650533613	0.13
0.765321243	0.0866375913738922	0.13
0.766651587	0.0864213338461158	0.13
0.7676628	0.0847293785962361	0.13
0.772093843	0.0823826300725319	0.12
0.778829055	0.0855669930875181	0.12
0.779184816	0.0843166909485399	0.12
0.779976345	0.083908003934187	0.12
0.786383987	0.0907240312496285	0.11
0.793117932	0.0924362707735614	0.1
0.794958533	0.0944359178799658	0.1
0.797194853	0.0912020012092916	0.1
0.812482547	0.0933141275244745	0.08
0.817085993	0.092427477919626	0.08
0.849686346	0.0911357751143054	0.05
0.856064956	0.0986289274346571	0.04
0.861362559	0.0848227906650718	0.03
0.864973627	0.100464518188323	0.03
0.866065884	0.098930186923496	0.03
0.867661243	0.0959979544202689	0.03
0.874413626	0.103020959808121	0.02
0.875954975	0.099538260972366	0.02
0.877564409	0.0974420164230867	0.02
0.87832845	0.0971497388484198	0.02
0.880342154	0.092173210827168	0.02
0.882485476	0.102233022635897	0.01
0.883671839	0.107822384879786	0.01
0.884296127	0.106057054103723	0.01
0.886381245	0.102369729300796	0.01
0.889014569	0.0965704124556947	0.01
0.889209764	0.0965704124556947	0.01
0.889752182	0.0959979544202689	0.01
0.890068113	0.0957142629792054	0.01
0.890083013	0.0957142629792054	0.01
0.890218543	0.0957142629792054	0.01
0.890218544	0.0957142629792054	0.01
0.890228158	0.0957142629792054	0.01
0.890309475	0.0951518807009793	0.01
0.890354074	0.0954322433174933	0.01
0.890354075	0.0954322433174933	0.01
0.890407894	0.0954322433174933	0.01
0.890419078	0.0954322433174933	0.01
0.890459913	0.0954322433174933	0.01
0.890474761	0.0954322433174933	0.01
0.890489605	0.0954322433174933	0.01
0.890489606	0.0954322433174933	0.01
0.890506418	0.0954322433174933	0.01
0.890580647	0.0954322433174933	0.01
0.890595481	0.0954322433174933	0.01
0.89061031	0.0954322433174933	0.01
0.890610311	0.0954322433174933	0.01
0.89068659	0.0954322433174933	0.01
0.890701414	0.0945960685276009	0.01
0.890716233	0.0945960685276009	0.01
0.890731048	0.0945960685276009	0.01
0.890731049	0.0945960685276009	0.01
0.890822213	0.0945960685276009	0.01
0.890837018	0.0945960685276009	0.01
0.890851819	0.0945960685276009	0.01
0.890957836	0.0945960685276009	0.01
0.890972623	0.0945960685276009	0.01
0.891093459	0.0940467119935299	0.01
0.89119957	0.0940467119935299	0.01
0.891214328	0.0940467119935299	0.01
0.89133523	0.0940467119935299	0.01
0.891441435	0.0940467119935299	0.01
0.891456164	0.0940467119935299	0.01
0.89149835	0.0940467119935299	0.01
0.891521465	0.0940467119935299	0.01
0.891562417	0.0940467119935299	0.01
0.891577132	0.0935036992768592	0.01
0.891686849	0.0935036992768592	0.01
0.891698132	0.0935036992768592	0.01
0.891881522	0.0935036992768592	0.01
0.89216782	0.0927008365500449	0.01
0.892182462	0.0927008365500449	0.01
0.892215798	0.0927008365500449	0.01
0.892245091	0.0927008365500449	0.01
0.892307805	0.0927008365500449	0.01
0.892546055	0.0929669211234323	0.01
0.892568748	0.0929669211234323	0.01
0.892924751	0.0955918500700857	0.01
0.892952212	0.0955918500700857	0.01
0.893016766	0.0955918500700857	0.01
0.89308003	0.0955918500700857	0.01
0.893142511	0.0955918500700857	0.01
0.893172464	0.0953199002447486	0.01
0.893320622	0.0953199002447486	0.01
0.893352088	0.0953199002447486	0.01
0.893395592	0.0953199002447486	0.01
0.894085351	0.0942474002763998	0.01
0.89422449	0.0939830357454794	0.01
0.894232534	0.0939830357454794	0.01
0.894332391	0.0942474002763998	0.01
0.894511483	0.093458731127158	0.01
0.894690708	0.093458731127158	0.01
0.894906463	0.093458731127158	0.01
0.894970751	0.093458731127158	0.01
0.895081202	0.093458731127158	0.01
0.895086463	0.093458731127158	0.01
0.895638516	0.0926831517243824	0.01
0.895840307	0.0926831517243824	0.01
0.89592425	0.0926831517243824	0.01
0.896329745	0.0919203388693032	0.01
0.89685771	0.0926831517243824	0.01
0.896928207	0.092173210827168	0.01
0.89693811	0.092173210827168	0.01
0.897131294	0.0897054233587097	0.01
0.897316929	0.0884074106736909	0.01
0.898155973	0.084787016047859	0.01
0.898455429	0.0842539951929024	0.01
0.898485328	0.0842539951929024	0.01
0.898662437	0.0830359655003719	0.01
0.89889623	0.081520730806805	0.01
0.898920463	0.081520730806805	0.01
0.899310528	0.0803799118686667	0.01
0.899413875	0.080059804891146	0.01
0.900031532	0.0784967674121726	0.01
0.900274359	0.0797422374044091	0.01
0.900307304	0.0797422374044091	0.01
0.900690942	0.0629992884967805	0.01
0.901007608	0.0652485088700008	0.01
0.901568195	0.056521532483847	0.01
0.902162268	0.0519429212833407	0.01
0.902860993	0.037780784937357	0.01
0.902919093	0.037780784937357	0.01
0.903166806	0.0386524760745927	0.01
0.903685884	0.0304415727047808	0.01
0.904039961	0.0304415727047808	0.01
0.904220945	0.0305605697245373	0.01
0.904508173	0.0311697878983679	0.01
0.905345526	0.0312945579114501	0.01
0.905541598	0.0312945579114501	0.01
0.906154318	0.0316749341229714	0.01
0.906197141	0.0314203308265904	0.01
0.906210372	0.0311697878983679	0.01
0.906922556	0.031547118784581	0.01
0.906983581	0.031933697299045	0.01
0.907060652	0.031933697299045	0.01
0.907185931	0.0321967231449013	0.01
0.907198748	0.0321967231449013	0.01
0.907199842	0.0321967231449013	0.01
0.907311244	0.031933697299045	0.01
0.907324045	0.0321967231449013	0.01
0.907336844	0.0321967231449013	0.01
0.907436592	0.0321967231449013	0.01
0.907449378	0.0321967231449013	0.01
0.90746216	0.0321967231449013	0.01
0.9075492	0.0321967231449013	0.01
0.907574745	0.0321967231449013	0.01
0.907587512	0.0321967231449013	0.01
0.907674633	0.0321967231449013	0.01
0.907712898	0.0321967231449013	0.01
0.907963773	0.0321967231449013	0.01
0.907963774	0.0321967231449013	0.01
0.908089263	0.0321967231449013	0.01
0.908089264	0.0321967231449013	0.01
0.908151307	0.0321967231449013	0.01
0.908189407	0.0323298676207467	0.01
0.908214789	0.0323298676207467	0.01
0.908453284	0.0323298676207467	0.01
0.908566283	0.0330124566876942	0.01
0.908577365	0.0330124566876942	0.01
0.908578929	0.0330124566876942	0.01
0.908691978	0.0332936315962109	0.01
0.908729307	0.0332936315962109	0.01
0.908816452	0.0332936315962109	0.01
0.908830322	0.0330124566876942	0.01
0.908855181	0.0328736427008165	0.01
0.908943472	0.0337244908036702	0.01
0.908956071	0.0337244908036702	0.01
0.909094444	0.0337244908036702	0.01
0.909183517	0.0337244908036702	0.01
0.909270732	0.0337244908036702	0.01
0.909308419	0.0337244908036702	0.01
0.909346075	0.0338705994228851	0.01
0.90938549	0.0338705994228851	0.01
0.909446878	0.0340179795583089	0.01
0.909620416	0.0340179795583089	0.01
0.909838426	0.0337244908036702	0.01
0.909914657	0.0337244908036702	0.01
0.909925885	0.0337244908036702	0.01
0.910014581	0.0332936315962109	0.01
0.910267	0.0334360228571364	0.01
0.910467776	0.0337244908036702	0.01
0.910628128	0.0337244908036702	0.01
0.911049792	0.0344679172385044	0.01
0.911062134	0.0344679172385044	0.01
0.911351929	0.0344679172385044	0.01
0.911404622	0.034316621353169	0.01
0.911518912	0.034316621353169	0.01
0.911747931	0.0346205531049234	0.01
0.911776598	0.0346205531049234	0.01
0.912015459	0.0344679172385044	0.01
0.912707801	0.0341666478806126	0.01
0.912811242	0.0340179795583089	0.01
0.912967277	0.0294293413179779	0.01
0.913006436	0.0294293413179779	0.01
0.913139907	0.0294293413179779	0.01
0.913244462	0.0295591569307034	0.01
0.914696902	0.0398990745620498	0.01
0.914870556	0.0398990745620498	0.01
0.914968567	0.0398990745620498	0.01
0.914983658	0.0398990745620498	0.01
0.915026039	0.0398990745620498	0.01
0.916163647	0.0406247273684141	0.01
0.916208994	0.0408102836575617	0.01
0.917248255	0.0414046566225293	0.01
0.918816837	0.0419602211613744	0.02
0.918837351	0.0419602211613744	0.02
0.919655338	0.0432604641579012	0.02
0.919822583	0.0432604641579012	0.02
0.920002472	0.0432604641579012	0.02
0.921364075	0.0446438666604741	0.02
0.921783065	0.0450036534078032	0.02
0.922071236	0.0450036534078032	0.02
0.922455062	0.0455543398396806	0.02
0.922763582	0.0455543398396806	0.02
0.923268187	0.0408517488187909	0.02
0.924160807	0.0413559842420318	0.02
0.924412009	0.0415268402803498	0.02
0.929379518	0.0387568005865744	0.03
0.93064775	0.039027667590621	0.03
0.93220206	0.0404408508173319	0.03
0.933174706	0.0368122300707033	0.03
0.934700606	0.037923326160524	0.03
0.942896738	0.0298222545107914	0.03
0.944027825	0.0303627548604679	0.03
0.948845214	0.0260539063300748	0.04
0.950306111	0.0309232089756458	0.04
0.951999424	0.0350473581409203	0.04
0.954119877	0.0377099153959657	0.04
0.954191796	0.0377099153959657	0.04
0.955603107	0.0400780465134326	0.04
0.955985355	0.0400780465134326	0.04
0.956296714	0.0415697751011365	0.04
0.956780018	0.0415697751011365	0.04
0.956793172	0.0415697751011365	0.04
0.957016096	0.0415697751011365	0.04
0.957077957	0.0415697751011365	0.04
0.957486775	0.0423580713308829	0.04
0.958321379	0.0423580713308829	0.04
0.959857154	0.0444661219644717	0.04
0.960039043	0.0305009551507787	0.05
0.964458654	0.0377099153959657	0.05
0.966290332	0.0415697751011365	0.05
0.966653906	0.0415697751011365	0.05
0.966980911	0.0415697751011365	0.05
0.966980912	0.0415697751011365	0.05
0.966986309	0.0415697751011365	0.05
0.967139043	0.0415697751011365	0.05
0.967144414	0.0415697751011365	0.05
0.967297226	0.0423580713308829	0.05
0.967460779	0.0423580713308829	0.05
0.96746078	0.0423580713308829	0.05
0.967608447	0.0423580713308829	0.05
0.96761904	0.0423580713308829	0.05
0.967619041	0.0423580713308829	0.05
0.967772081	0.0423580713308829	0.05
0.967925221	0.0423580713308829	0.05
0.968083686	0.0423580713308829	0.05
0.968237002	0.0423580713308829	0.05
0.968861479	0.0435982142409492	0.05
0.969035555	0.0435982142409492	0.05
0.969666194	0.0440278913213878	0.05
0.970442597	0.0276674770609244	0.06
0.973766743	0.0320318268312263	0.06
0.974203145	0.0320318268312263	0.06
0.978183481	0.0342414704012895	0.06
0.981915796	0.0361827950069967	0.06
0.985118954	0.0195537549284958	0.06
0.9860103	0.0195537549284958	0.06
1.019804062	0.0192172990588061	0.07
1.021711423	0.0193840671087548	0.07
1.022530753	0.0195537549284958	0.07
1.023898132	0.0195537549284958	0.07
1.027042278	0.0220647647974472	0.07
1.027349785	0.01889222592944	0.08
1.028094642	0.01889222592944	0.08
1.029078227	0.0192172990588061	0.08
1.029271857	0.0192172990588061	0.08
1.029637844	0.0192172990588061	0.08
1.030397618	0.0193840671087548	0.08
1.032104884	0.0195537549284958	0.08
1.033463082	0.0179798055664641	0.08
1.034854243	0.0181257056400451	0.08
1.035677928	0.0273848110059812	0.08
1.036124234	0.0278398951211891	0.08
1.038905957	0.0309232089756458	0.08
1.039046839	0.0309232089756458	0.08
1.041709188	0.0315047425918934	0.08
1.043349328	0.0315047425918934	0.08
1.044012776	0.0315047425918934	0.08
1.048661279	0.0290466468853979	0.09
1.049025044	0.0290466468853979	0.09
1.054783865	0.0298222545107914	0.09
1.056246636	0.0298222545107914	0.09
1.057424783	0.0330589889008844	0.09
1.058571278	0.0290466468853979	0.1
1.067971123	0.0285516062106297	0.11
1.068168044	0.0285516062106297	0.11
1.06860264	0.0290466468853979	0.11
1.070020858	0.0293006609478604	0.11
1.070326964	0.0295591569307034	0.11
1.076612069	0.0300900776640918	0.11
1.088407982	0.0321085677489225	0.12
1.088762574	0.0318037893800702	0.12
1.112743253	0.0222848979991264	0.1
1.113082372	0.0222848979991264	0.1
1.113233383	0.0222848979991264	0.1
1.11414031	0.0222848979991264	0.1
1.115076799	0.0222848979991264	0.1
1.116382888	0.0222848979991264	0.1
1.125633627	0.0222848979991264	0.1
1.127882011	0.021026263584135	0.11
1.13205703	0.0216372926583564	0.11
1.133642817	0.0218489380662678	0.11
1.133988353	0.0220647647974472	0.11
1.134317617	0.0220647647974472	0.11
1.187305519	0.0216372926583564	0.14
1.187446683	0.0216372926583564	0.14
1.18762744	0.0216372926583564	0.14
1.192075895	0.0220647647974472	0.14
1.208724051	0.0400780465134326	0.13
1.208769953	0.0400780465134326	0.13
1.209215802	0.0400780465134326	0.13
1.209825949	0.0400780465134326	0.13
1.210085375	0.0397216939336514	0.13
1.210771389	0.0397216939336514	0.13
1.21086869	0.0397216939336514	0.13
1.22465873	0.0393716224988341	0.12
1.225416562	0.0393716224988341	0.12
1.243346642	0.0333884239664881	0.11
1.246668032	0.0434286825286083	0.12
1.248955951	0.0437690747357996	0.12
1.265568721	0.0455543398396806	0.1
1.268447511	0.0451857302318095	0.1
1.270060331	0.0444661219644717	0.1
1.270604589	0.0333884239664881	0.09
1.275739262	0.0455543398396806	0.09
1.285172518	0.0528889926775702	0.08
1.289511656	0.0528889926775702	0.08
1.293113698	0.0474914335422085	0.09
1.297280078	0.0539101710048773	0.08
1.302603198	0.0533946997562888	0.08
1.303502827	0.0533946997562888	0.08
1.325958837	0.0876520257638882	0.08
1.33510162	0.0868004961208927	0.09
1.335485912	0.0868004961208927	0.09
1.335508208	0.0868004961208927	0.09
1.335711503	0.0868004961208927	0.09
1.335892556	0.0868004961208927	0.09
1.336051433	0.0868004961208927	0.09
1.33625481	0.0868004961208927	0.09
1.33638917	0.0868004961208927	0.09
1.336595099	0.0868004961208927	0.09
1.336665633	0.0868004961208927	0.09
1.337117106	0.0885204282737166	0.09
1.337161305	0.0885204282737166	0.09
1.337529375	0.0885204282737166	0.09
1.337777279	0.0885204282737166	0.09
1.338686534	0.0885204282737166	0.09
1.340005107	0.0820196270126199	0.1
1.342368518	0.0876520257638882	0.09
1.343443085	0.0876520257638882	0.09
1.346883901	0.0859653523220492	0.09
1.350085516	0.0859653523220492	0.09
1.360533959	0.0868004961208927	0.09
1.360774481	0.0885204282737166	0.09
1.360981621	0.105195889966609	0.09
1.36116959	0.105195889966609	0.09
1.361338457	0.105195889966609	0.09
1.36135761	0.105195889966609	0.09
1.362279458	0.105195889966609	0.09
1.364721715	0.105195889966609	0.09
1.368077892	0.107215615726865	0.09
1.369020462	0.107215615726865	0.09
1.370127164	0.107215615726865	0.09
1.373967278	0.107215615726865	0.09
1.377139612	0.110394934222899	0.09
1.379222918	0.110394934222899	0.09
1.384187356	0.10421429648431	0.1
1.38563755	0.116686119880574	0.1
1.385801753	0.116686119880574	0.1
1.418305639	0.115588262710349	0.1
1.430594094	0.115588262710349	0.1
1.434752614	0.115588262710349	0.1
1.436494579	0.115588262710349	0.11
1.440102642	0.115588262710349	0.11
1.448119954	0.110394934222899	0.12
1.450462129	0.10749705764599	0.12
1.450928234	0.10749705764599	0.12
1.457818346	0.10749705764599	0.13
1.484067531	0.106564614197732	0.15
1.484117024	0.106564614197732	0.15
1.485393153	0.10749705764599	0.15
1.488337206	0.106564614197732	0.16
1.494140559	0.104747428580917	0.16
1.511734415	0.104747428580917	0.18
1.512403577	0.104747428580917	0.18
1.513239565	0.104747428580917	0.18
1.515375804	0.105648207912339	0.18
1.516740221	0.104747428580917	0.19
1.523536021	0.103861879866414	0.19
1.558531046	0.110394934222899	0.22
1.55916507	0.108254844052586	0.22
1.561070241	0.15313313398051	0.22
1.56916589	0.194759727765317	0.22
1.595407686	0.207743006498619	0.19
1.652341299	0.20884978040576	0.14
1.707257935	0.266311301726026	0.08
1.730827961	0.243939357974741	0.06
1.745720251	0.255756244267353	0.04
1.75282717	0.241907174710054	0.04
1.77492366	0.246005973914517	0.02
1.777374698	0.232233833872245	0.02
1.778615293	0.276452817101702	0.01
1.77861633	0.276452817101702	0.01
1.780115455	0.259180387192376	0.01
1.780627841	0.259180387192376	0.01
1.780657571	0.259180387192376	0.01
1.780657572	0.259180387192376	0.01
1.780928629	0.254634880835086	0.01
1.78092863	0.254634880835086	0.01
1.781081012	0.254634880835086	0.01
1.781140367	0.254634880835086	0.01
1.781170032	0.254634880835086	0.01
1.781381862	0.254634880835086	0.01
1.781411498	0.254634880835086	0.01
1.781411499	0.254634880835086	0.01
1.781623424	0.254634880835086	0.01
1.781653031	0.254634880835086	0.01
1.781894629	0.254634880835086	0.01
1.782136292	0.254634880835086	0.01
1.782378022	0.250246064651566	0.01
1.782531315	0.250246064651566	0.01
1.782590324	0.250246064651566	0.01
1.782619816	0.250246064651566	0.01
1.783044725	0.250246064651566	0.01
1.783103602	0.250246064651566	0.01
1.783286774	0.250246064651566	0.01
1.78377107	0.250246064651566	0.01
1.783829774	0.250246064651566	0.01
1.783925287	0.250246064651566	0.01
1.784314217	0.250246064651566	0.01
1.78446873	0.250246064651566	0.01
1.784506241	0.250246064651566	0.01
1.784933025	0.248107905131299	0.01
1.785009515	0.248107905131299	0.01
1.785322292	0.248107905131299	0.01
1.785497332	0.248107905131299	0.01
1.785988286	0.241907174710054	0.01
1.788266632	0.220060841433852	0.01
1.78918715	0.225617728852769	0.01
1.789358594	0.225617728852769	0.01
1.789747139	0.223734511039801	0.01
1.790033715	0.223734511039801	0.01
1.790095821	0.223734511039801	0.01
1.790737455	0.231462527027721	0.01
1.792147241	0.225034909307095	0.02
1.794856772	0.19225663036921	0.02
1.795643534	0.178106073033129	0.02
1.796645824	0.169775479848908	0.02
1.796669094	0.169775479848908	0.02
1.796696941	0.169775479848908	0.02
1.799436111	0.155185816173861	0.02
1.801889818	0.0957657184594778	0.02
1.808733518	0.152950377568647	0.03
1.812688451	0.0864644989398924	0.03
1.813215031	0.0885204282737166	0.03
1.813793197	0.0823556308023155	0.03
1.814069382	0.0851461259094514	0.03
1.814069384	0.0851461259094514	0.03
1.814621757	0.0500450969467246	0.03
1.814846808	0.0500450969467246	0.03
1.814872379	0.0500450969467246	0.03
1.815039963	0.050958459944389	0.03
1.815123071	0.050958459944389	0.03
1.815322808	0.0514277587847611	0.03
1.815850116	0.0523927749390805	0.03
1.815875562	0.0523927749390805	0.03
1.816101116	0.0321085677489225	0.03
1.816374833	0.0321085677489225	0.03
1.81637757	0.0321085677489225	0.03
1.816628678	0.0321085677489225	0.03
1.816879855	0.0321085677489225	0.03
1.817399416	0.0321085677489225	0.03
1.817633804	0.0321085677489225	0.03
1.818036082	0.0321085677489225	0.03
1.819217405	0.150657897652665	0.04
1.819395454	0.150657897652665	0.04
1.819410514	0.150657897652665	0.04
1.819581019	0.150657897652665	0.04
1.81989941	0.150657897652665	0.04
1.82134289	0.128125298750926	0.04
1.824759677	0.0483131966435649	0.04
1.828939845	0.0318037893800702	0.04
1.829613575	0.0330589889008844	0.04
1.830016016	0.0333884239664881	0.04
1.83758722	0.0300900776640918	0.05
1.837659261	0.0300900776640918	0.05
1.839735229	0.0321085677489225	0.05
1.842215909	0.0839820157210225	0.06
1.844053766	0.0803799118686667	0.06
1.860668056	0.0315047425918934	0.07
1.860714054	0.0315047425918934	0.07
1.872927722	0.0333884239664881	0.07
1.877534086	0.0327359912227996	0.07
1.917919203	0.0318037893800702	0.11
1.919145255	0.0324192440714654	0.11
1.932723098	0.0330589889008844	0.12
1.933588634	0.0333884239664881	0.12
1.934242286	0.0309232089756458	0.13
1.93486401	0.0309232089756458	0.13
1.937910579	0.0309232089756458	0.13
1.938319698	0.0309232089756458	0.13
1.940502926	0.0315047425918934	0.13
1.945075766	0.0466971577776998	0.14
1.95745413	0.0466971577776998	0.15
1.959079535	0.0474914335422085	0.15
1.961031557	0.0474914335422085	0.15
2.057190684	0.0717709539165757	0.25
2.058810915	0.0728107235857861	0.25
2.060706206	0.0728107235857861	0.25
2.077371996	0.0717709539165757	0.27
2.077653506	0.0717709539165757	0.27
2.07768814	0.0717709539165757	0.27
2.077935092	0.0717709539165757	0.27
2.080200147	0.0728107235857861	0.27
2.122322709	0.0707604628863387	0.31
2.175983465	0.0956828451752223	0.36
2.21647999	0.0984956224723884	0.4
2.225736601	0.0913356657346343	0.41
2.22607531	0.0930262586014602	0.41
2.226678687	0.0984956224723884	0.41
2.230993963	0.0764083199675666	0.42
2.244892022	0.129217585183538	0.43
2.268175967	0.158238149041993	0.41
2.273953022	0.156930249072384	0.4
2.279085054	0.165118880449688	0.4
2.287430653	0.168041689488252	0.39
2.36737444	0.2055813023743	0.34
2.396315913	0.2055813023743	0.32
2.401471639	0.159166726615107	0.33
2.416816988	0.15313313398051	0.31
2.634889835	0.149431375697953	0.1
2.644514931	0.149431375697953	0.09
2.65353762	0.149431375697953	0.08
2.664122924	0.149431375697953	0.07
2.670697515	0.149431375697953	0.06
2.671148642	0.149431375697953	0.06
2.671193019	0.149431375697953	0.06
2.671237545	0.149431375697953	0.06
2.671237705	0.149431375697953	0.06
2.671599486	0.149431375697953	0.06
2.671599646	0.149431375697953	0.06
2.671872794	0.149431375697953	0.06
2.672323822	0.149431375697953	0.06
2.672686057	0.149431375697953	0.06
2.674201502	0.149431375697953	0.06
2.674817434	0.149431375697953	0.06
2.67498819	0.149431375697953	0.06
2.675906626	0.149431375697953	0.06
2.67595059	0.149431375697953	0.06
2.677404052	0.143017860738078	0.05
2.678640892	0.140254738759599	0.05
2.679543675	0.140254738759599	0.05
2.679587204	0.140254738759599	0.05
2.68050645	0.140254738759599	0.05
2.690797174	0.153842161622824	0.05
2.692790444	0.150873264064915	0.05
2.700424629	0.141622823607691	0.05
2.703341222	0.143017860738078	0.04
2.714352711	0.132168613502215	0.05
2.716197088	0.132168613502215	0.05
2.720992773	0.140254738759599	0.06
2.721223607	0.140254738759599	0.06
2.721339166	0.140254738759599	0.06
2.721714851	0.140254738759599	0.06
2.721753239	0.140254738759599	0.06
2.722090639	0.140254738759599	0.06
2.72212898	0.140254738759599	0.06
2.722504826	0.140254738759599	0.06
2.725892101	0.128370744374611	0.06
2.727362573	0.128370744374611	0.06
2.728042156	0.128370744374611	0.06
2.730687704	0.128370744374611	0.06
2.741703646	0.137596360800892	0.08
2.742221604	0.137596360800892	0.08
2.758261585	0.128370744374611	0.09
2.767264537	0.128370744374611	0.1
2.784781798	0.123633912077717	0.12
2.884109016	0.131371353475413	0.22
2.885327778	0.122503825777171	0.22
2.893176138	0.129036257850225	0.23
3.091199805	0.119234214311703	0.42
3.116410384	0.141704130821393	0.45
3.153761559	0.210435361188759	0.48
3.190582361	0.201400219617248	0.52
3.194633906	0.208564056597662	0.52
3.560201153	0.194981960358154	0.860000000000001
3.561648443	0.196891614594331	0.860000000000001
3.562131134	0.196891614594331	0.860000000000001
3.566965252	0.194981960358154	0.870000000000001
3.568359469	0.194981960358154	0.870000000000001
3.571210711	0.196891614594331	0.870000000000001
3.571812505	0.196891614594331	0.870000000000001
3.572123566	0.196891614594331	0.870000000000001
3.575584373	0.214084957010788	0.870000000000001
3.579984214	0.214084957010788	0.870000000000001
3.62939674	0.240050232273364	0.910000000000001
3.630972932	0.240050232273364	0.910000000000001
3.631970124	0.286183418913111	0.910000000000001
3.639968026	0.236420580451149	0.920000000000001
3.707141358	0.236420580451149	0.990000000000001
3.778072999	0.2328990571468	1.06
3.963711323	0.291519089680216	1.24
4.078052931	0.351491646976896	1.32
4.442577106	0.351491646976896	1.66
4.445571488	0.351491646976896	1.67
4.452121847	0.351491646976896	1.67
4.45272527	0.351491646976896	1.67
4.453328856	0.351491646976896	1.67
4.464002998	0.351491646976896	1.68
4.478685952	0.351491646976896	1.7
4.480518943	0.351491646976896	1.7
4.492707945	0.351491646976896	1.71
4.536342962	0.375038238913724	1.7
4.536969429	0.375038238913724	1.7
4.537444354	0.375038238913724	1.7
4.550359745	0.375038238913724	1.69
4.773228095	0.378569454329715	1.59
4.895921957	0.378569454329715	1.71
5.341769851	0.393385311844767	1.79
5.342582978	0.393385311844767	1.79
5.343129076	0.393385311844767	1.79
5.343307119	0.393385311844767	1.79
5.346842194	0.393385311844767	1.79
5.445157132	0.393385311844767	1.89
6.2338777	0.322151010466951	2.60999999999999
6.234722781	0.322151010466951	2.60999999999999
6.244676548	0.322151010466951	2.61999999999999
6.35095118	0.341873441701463	2.64999999999999
7	0.339125578570546	2.54999999999999
