thrs	post_p	finalwindow
0	0.0981938014260464	0.23
0.03256001	0.0966644574452411	0.2
0.082355146	0.0814430036710697	0.17
0.103967892	0.0737055470006991	0.16
0.115659216	0.0711699942731896	0.18
0.127200542	0.0525054529690084	0.17
0.127695348	0.0660570160563623	0.17
0.129730945	0.0703631375637294	0.17
0.130460633	0.0688030914643433	0.17
0.14705261	0.054344418696749	0.15
0.148427326	0.0719955701476656	0.15
0.155752372	0.0807906012794838	0.15
0.172569069	0.0870677371470016	0.13
0.178062567	0.0742937339550165	0.12
0.178113806	0.0742937339550165	0.12
0.178140913	0.0742937339550165	0.12
0.181430774	0.0693153633058068	0.12
0.181824923	0.0693153633058068	0.12
0.186084933	0.0817731721077801	0.12
0.191788381	0.0693153633058068	0.11
0.194681585	0.0838118010947785	0.11
0.222049977	0.0665885537709377	0.08
0.222622275	0.0859546761960448	0.08
0.22265244	0.0859546761960448	0.08
0.222656148	0.0859546761960448	0.08
0.222716495	0.0853635688405756	0.08
0.222812147	0.0853635688405756	0.08
0.223196808	0.0830782633870052	0.08
0.226728961	0.0803881310962093	0.08
0.226867021	0.0803881310962093	0.08
0.226923294	0.0803881310962093	0.08
0.226929675	0.0803881310962093	0.08
0.226957829	0.0803881310962093	0.08
0.227177477	0.0814430036710697	0.08
0.227432153	0.03973256961337	0.07
0.230426372	0.0453006661625858	0.07
0.241897099	0.0386200036630002	0.06
0.24235868	0.0386200036630002	0.06
0.242615688	0.0650189983245965	0.06
0.242875367	0.0645121276212058	0.06
0.242941212	0.0645121276212058	0.06
0.249436037	0.0602826042330488	0.06
0.254481698	0.0645121276212058	0.05
0.256259656	0.0635217308078188	0.05
0.256650521	0.0635217308078188	0.05
0.259750174	0.0625612835530612	0.05
0.263775407	0.0750423021589712	0.04
0.287097646	0.0668961480086713	0.04
0.295749179	0.0668961480086713	0.04
0.296839561	0.0688030914643433	0.04
0.296839653	0.0688030914643433	0.04
0.296874128	0.0688030914643433	0.04
0.296879772	0.0688030914643433	0.04
0.29691506	0.0688030914643433	0.04
0.296919994	0.0688030914643433	0.04
0.296960227	0.0688030914643433	0.04
0.297156652	0.0688030914643433	0.04
0.297161557	0.0688030914643433	0.04
0.297207868	0.0688030914643433	0.04
0.29723727	0.0688030914643433	0.04
0.297345093	0.0688030914643433	0.04
0.29736316	0.0688030914643433	0.04
0.298033592	0.0688030914643433	0.04
0.298062423	0.0688030914643433	0.04
0.29855614	0.0681554774854229	0.04
0.298682719	0.0681554774854229	0.04
0.299931082	0.0694631307769629	0.04
0.300128238	0.0694631307769629	0.04
0.300638986	0.0722349786482939	0.03
0.301159527	0.0722349786482939	0.03
0.302397905	0.0722349786482939	0.03
0.302406093	0.0722349786482939	0.03
0.302452098	0.0722349786482939	0.03
0.302453753	0.0722349786482939	0.03
0.302493847	0.0722349786482939	0.03
0.302535608	0.0722349786482939	0.03
0.302694303	0.0722349786482939	0.03
0.303037639	0.0722349786482939	0.03
0.303062807	0.0722349786482939	0.03
0.304168238	0.0708219437629729	0.03
0.306047128	0.0708219437629729	0.03
0.308759935	0.0701359564817515	0.03
0.319078068	0.0694631307769629	0.03
0.320217262	0.0694631307769629	0.03
0.320290117	0.0694631307769629	0.03
0.322591403	0.0668961480086713	0.03
0.323097253	0.0668961480086713	0.03
0.323537089	0.0668961480086713	0.03
0.323808824	0.0668961480086713	0.03
0.324596864	0.0668961480086713	0.03
0.327195424	0.0582811236897365	0.04
0.328591896	0.0573577918051824	0.04
0.330254195	0.0573577918051824	0.04
0.333944256	0.0573577918051824	0.04
0.334029253	0.0573577918051824	0.04
0.338071632	0.0781609340565662	0.05
0.340262381	0.0753154929234664	0.05
0.343706753	0.0753154929234664	0.05
0.345554528	0.0747710861131817	0.05
0.350684009	0.0726699505075471	0.06
0.351815198	0.0726699505075471	0.06
0.356200611	0.0731840853674399	0.06
0.356206548	0.0731840853674399	0.06
0.356351443	0.0731840853674399	0.06
0.356437896	0.0726699505075471	0.06
0.357959666	0.0786063999395423	0.06
0.360733393	0.0711699942731896	0.07
0.363236679	0.0711699942731896	0.07
0.366130409	0.0716630519991061	0.07
0.367663989	0.0771408922200676	0.07
0.381649088	0.0747710861131817	0.07
0.382008897	0.0737055470006991	0.07
0.386909127	0.0772437567286046	0.06
0.387745392	0.0752372356611816	0.06
0.389222512	0.0752372356611816	0.06
0.389299853	0.0752372356611816	0.06
0.389825341	0.0797682228889134	0.06
0.395214438	0.0721926144594922	0.06
0.398731854	0.0789277113745701	0.05
0.403209246	0.082307046105901	0.05
0.416416237	0.0577581244964806	0.03
0.423143546	0.0778667512155474	0.03
0.438307149	0.0799176240818669	0.01
0.438815006	0.0799176240818669	0.01
0.440249622	0.0853635688405756	0.01
0.440316292	0.0853635688405756	0.01
0.441698853	0.0853635688405756	0.01
0.441750067	0.0836380410354221	0.01
0.444236336	0.0752372356611816	0.01
0.444499874	0.0744635155879512	0.01
0.444770984	0.0737055470006991	0.01
0.445117302	0.0737055470006991	0.01
0.445156208	0.0737055470006991	0.01
0.445185067	0.0733323199611082	0.01
0.445185068	0.0733323199611082	0.01
0.445245414	0.0733323199611082	0.01
0.44525283	0.0733323199611082	0.01
0.445252832	0.0733323199611082	0.01
0.445252833	0.0733323199611082	0.01
0.445252835	0.0733323199611082	0.01
0.445313188	0.0733323199611082	0.01
0.44531319	0.0733323199611082	0.01
0.445373562	0.0733323199611082	0.01
0.445433949	0.0733323199611082	0.01
0.445479567	0.0729628537403182	0.01
0.445494353	0.0729628537403182	0.01
0.445554774	0.0715214826283179	0.01
0.445578303	0.0715214826283179	0.01
0.445615211	0.0715214826283179	0.01
0.445736134	0.0805184933535229	0.01
0.445849774	0.0843063379296988	0.01
0.445857123	0.0843063379296988	0.01
0.445970843	0.0843063379296988	0.01
0.445978177	0.0843063379296988	0.01
0.446188208	0.0839040843263509	0.01
0.446341735	0.0839040843263509	0.01
0.446395102	0.0839040843263509	0.01
0.446455777	0.0839040843263509	0.01
0.446465528	0.0835056510665709	0.01
0.44656991	0.0835056510665709	0.01
0.446633323	0.0835056510665709	0.01
0.447158639	0.0827200299269681	0.01
0.447533088	0.0827200299269681	0.01
0.447542535	0.0827200299269681	0.01
0.447649603	0.0823327367459509	0.01
0.449051315	0.0863533168295956	0.01
0.449552291	0.0855596992113468	0.01
0.449715173	0.0855596992113468	0.01
0.451750007	0.0859546761960448	0.01
0.452986292	0.0808191632689008	0.01
0.453117722	0.0808191632689008	0.01
0.453607731	0.0797200067315254	0.01
0.453670383	0.0797200067315254	0.01
0.45367678	0.0797200067315254	0.01
0.453739439	0.0797200067315254	0.01
0.453789353	0.0797200067315254	0.01
0.453802119	0.0797200067315254	0.01
0.453864805	0.0797200067315254	0.01
0.453864814	0.0797200067315254	0.01
0.453952078	0.0797200067315254	0.01
0.453977538	0.0797200067315254	0.01
0.453990257	0.0797200067315254	0.01
0.454053004	0.0797200067315254	0.01
0.454115767	0.0797200067315254	0.01
0.454131662	0.0797200067315254	0.01
0.454159539	0.0797200067315254	0.01
0.454228692	0.0797200067315254	0.01
0.454278877	0.0804494254180493	0.01
0.454291524	0.0804494254180493	0.01
0.454543029	0.0808191632689008	0.01
0.455180191	0.0827200299269681	0.01
0.455439212	0.114497094512968	0.01
0.455550168	0.118236330741752	0.01
0.455665947	0.124326707041047	0.01
0.455678249	0.124326707041047	0.01
0.455755613	0.125403298406374	0.01
0.455804735	0.125403298406374	0.01
0.456133439	0.12632893094984	0.01
0.456455968	0.0800425532465244	0.02
0.456880284	0.0800425532465244	0.02
0.45760535	0.0796999338649133	0.02
0.457901934	0.0796999338649133	0.02
0.458619789	0.0800425532465244	0.02
0.458664131	0.0800425532465244	0.02
0.459124851	0.0800425532465244	0.02
0.460382332	0.0800425532465244	0.02
0.462114195	0.0762627136476677	0.02
0.46331093	0.0762627136476677	0.02
0.46499053	0.0752832496374163	0.02
0.472596627	0.0607249631807875	0.02
0.473676694	0.0718974508052504	0.03
0.474072423	0.0718974508052504	0.03
0.47699163	0.0622921816965896	0.03
0.478419311	0.0656825122621315	0.03
0.478888149	0.0656825122621315	0.03
0.479936634	0.0568325684928152	0.03
0.483671852	0.0680048655745732	0.04
0.483988273	0.0680048655745732	0.04
0.484225862	0.0680048655745732	0.04
0.484927676	0.0690733472940173	0.04
0.485999254	0.0937443671433483	0.04
0.489107131	0.0587540277667209	0.04
0.490830832	0.0507868714075989	0.04
0.499369323	0.0594169432229724	0.05
0.508934563	0.0573577918051824	0.06
0.514553924	0.0661156563729799	0.07
0.514742139	0.0661156563729799	0.07
0.514971335	0.0663512624764272	0.07
0.51502476	0.0663512624764272	0.07
0.515124567	0.0670682647749195	0.07
0.516063638	0.0854475145008489	0.07
0.518492841	0.0547036605153886	0.07
0.520735072	0.0488454890169443	0.07
0.529143364	0.0284431740870792	0.07
0.534226929	0.0306937981721628	0.07
0.534308248	0.0306937981721628	0.07
0.534380672	0.0306937981721628	0.07
0.534453117	0.0306937981721628	0.07
0.534888196	0.0306937981721628	0.07
0.536755919	0.036898012817035	0.07
0.539174229	0.0362514599809983	0.07
0.544416783	0.0372300156135186	0.07
0.546060858	0.0372300156135186	0.07
0.55802857	0.0359366067781287	0.08
0.566766402	0.0386200036630002	0.08
0.572491616	0.0389838707848678	0.08
0.574371638	0.0389838707848678	0.08
0.57444178	0.0389838707848678	0.08
0.583655412	0.0405105896091179	0.07
0.586308239	0.0389838707848678	0.08
0.59079165	0.0386200036630002	0.08
0.591193432	0.0386200036630002	0.08
0.591819223	0.0386200036630002	0.08
0.593573546	0.0386200036630002	0.08
0.593673806	0.0386200036630002	0.08
0.593673808	0.0386200036630002	0.08
0.593754277	0.0386200036630002	0.08
0.593754278	0.0386200036630002	0.08
0.593824895	0.0386200036630002	0.08
0.593915284	0.0386200036630002	0.08
0.594036974	0.0386200036630002	0.08
0.595015574	0.0405105896091179	0.08
0.595887104	0.0413196876237224	0.08
0.596219211	0.035627175644411	0.09
0.596894832	0.035627175644411	0.09
0.597117526	0.035627175644411	0.09
0.604905308	0.0405105896091179	0.08
0.604988853	0.0405105896091179	0.08
0.605716504	0.0405105896091179	0.08
0.605724938	0.0405105896091179	0.08
0.606051871	0.0405105896091179	0.08
0.607971158	0.0405105896091179	0.08
0.608524688	0.0405105896091179	0.08
0.630942519	0.0300983988923377	0.09
0.63624959	0.0310004195902041	0.08
0.637260654	0.0310004195902041	0.08
0.637881775	0.0310004195902041	0.08
0.644129804	0.0289743097169205	0.09
0.64559646	0.0279311606940976	0.09
0.646569798	0.0303931828595197	0.08
0.648110758	0.0300983988923377	0.08
0.648827538	0.0300983988923377	0.08
0.65703705	0.0303931828595197	0.08
0.659386285	0.0303931828595197	0.08
0.667472678	0.0303931828595197	0.08
0.667879261	0.0303931828595197	0.08
0.667879263	0.0303931828595197	0.08
0.678915807	0.0271967952174351	0.09
0.680410924	0.0271967952174351	0.09
0.680589305	0.0271967952174351	0.09
0.680786967	0.0271967952174351	0.09
0.689921535	0.0430388760892892	0.1
0.690723937	0.0430388760892892	0.1
0.692614054	0.0449073358541058	0.1
0.712354258	0.0413196876237224	0.12
0.712401774	0.0413196876237224	0.12
0.71365913	0.0416524491483959	0.12
0.714295462	0.0393546596345598	0.12
0.715653707	0.0300983988923377	0.12
0.725609694	0.0298092782255494	0.13
0.725869057	0.0298092782255494	0.13
0.72717465	0.0379818771537373	0.14
0.735438378	0.0271967952174351	0.14
0.744518666	0.0281848422392974	0.14
0.7500464	0.0187957696838682	0.14
0.763284143	0.0799951203707983	0.13
0.763387603	0.0816573090783706	0.13
0.763491091	0.0816573090783706	0.13
0.765321243	0.0813741126475743	0.13
0.766651587	0.079953853646815	0.13
0.772264397	0.0840285102558425	0.12
0.778829055	0.0805564196915403	0.12
0.779184816	0.0801537048861006	0.12
0.786383987	0.0834928613731688	0.11
0.794958533	0.0890580188767486	0.1
0.797194853	0.0859546761960448	0.1
0.799403767	0.0830603307703973	0.1
0.8034392	0.0894222641772966	0.09
0.812482547	0.0923021372840657	0.08
0.828284953	0.0908237075866684	0.07
0.849686346	0.0864500950368652	0.05
0.856064956	0.0931621003967736	0.04
0.861362559	0.0888434609807897	0.03
0.861783488	0.0983667209556589	0.03
0.866065884	0.0934523268068921	0.03
0.874413626	0.0983547759207555	0.02
0.875213305	0.0952323823666262	0.02
0.875954975	0.0937443671433483	0.02
0.87832845	0.0923021372840657	0.02
0.882218863	0.0983667209556589	0.01
0.882485476	0.0980214887824257	0.01
0.885800269	0.0977140240436318	0.01
0.886381245	0.0967683983889519	0.01
0.887670141	0.0958408998588163	0.01
0.888469193	0.0952323823666262	0.01
0.888863234	0.0940382384651171	0.01
0.889209764	0.0934523268068921	0.01
0.889752182	0.0914579052992998	0.01
0.889857915	0.0914579052992998	0.01
0.890068113	0.0900846552757326	0.01
0.890218543	0.0898149391328203	0.01
0.890218544	0.0898149391328203	0.01
0.890228158	0.0898149391328203	0.01
0.890309475	0.0895468332450977	0.01
0.890339212	0.0895468332450977	0.01
0.890354074	0.0895468332450977	0.01
0.890354075	0.0895468332450977	0.01
0.890419078	0.0895468332450977	0.01
0.890474761	0.0895468332450977	0.01
0.890489605	0.0895468332450977	0.01
0.890489606	0.0895468332450977	0.01
0.890580647	0.0895468332450977	0.01
0.890595481	0.0895468332450977	0.01
0.89061031	0.0895468332450977	0.01
0.890610311	0.0895468332450977	0.01
0.89068659	0.0895468332450977	0.01
0.890701414	0.0890153948964198	0.01
0.890716233	0.0890153948964198	0.01
0.890731049	0.0890153948964198	0.01
0.890737499	0.0890153948964198	0.01
0.890822213	0.0890153948964198	0.01
0.890851819	0.0890153948964198	0.01
0.890957836	0.0890153948964198	0.01
0.890972623	0.0890153948964198	0.01
0.891093459	0.0884902272435145	0.01
0.89119957	0.0884902272435145	0.01
0.891214328	0.0884902272435145	0.01
0.891244043	0.0884902272435145	0.01
0.891246709	0.0884902272435145	0.01
0.891320486	0.0884902272435145	0.01
0.89133523	0.0884902272435145	0.01
0.891382479	0.0884902272435145	0.01
0.891456164	0.0884902272435145	0.01
0.89149835	0.0884902272435145	0.01
0.891562417	0.0884902272435145	0.01
0.891686849	0.0882299603467315	0.01
0.891698132	0.0882299603467315	0.01
0.891793338	0.0882299603467315	0.01
0.892012117	0.0879712199509154	0.01
0.892017347	0.0879712199509154	0.01
0.892182462	0.0869512578973609	0.01
0.892215798	0.0869512578973609	0.01
0.892307805	0.0869512578973609	0.01
0.892924751	0.0872040246434147	0.01
0.892952212	0.0869512578973609	0.01
0.893016766	0.0869512578973609	0.01
0.893313967	0.0869512578973609	0.01
0.893320622	0.0869512578973609	0.01
0.893352088	0.0869512578973609	0.01
0.89420355	0.0864500950368652	0.01
0.89422449	0.0864500950368652	0.01
0.894232534	0.0864500950368652	0.01
0.894332391	0.0864500950368652	0.01
0.894482721	0.0864500950368652	0.01
0.894511483	0.0862016738037074	0.01
0.894690708	0.0859546761960448	0.01
0.894906463	0.0859546761960448	0.01
0.894913415	0.0859546761960448	0.01
0.894970751	0.0859546761960448	0.01
0.895081202	0.0859546761960448	0.01
0.895086463	0.0859546761960448	0.01
0.89539422	0.085709090011304	0.01
0.895524497	0.091081680498139	0.01
0.895840307	0.0916020478694668	0.01
0.89592425	0.0916020478694668	0.01
0.896329745	0.091081680498139	0.01
0.896396617	0.09134112306087	0.01
0.89685771	0.0905671918741375	0.01
0.89799116	0.0927196391523935	0.01
0.898155973	0.0915191543611656	0.01
0.898455429	0.0905422435066882	0.01
0.898662437	0.0905422435066882	0.01
0.898755243	0.0901572939747176	0.01
0.89889623	0.0892090902356746	0.01
0.898920463	0.0892090902356746	0.01
0.899310528	0.0879146262700974	0.01
0.899325427	0.0879146262700974	0.01
0.899413875	0.0916203075666513	0.01
0.899974537	0.09087159184195	0.01
0.900031532	0.09087159184195	0.01
0.900113547	0.0910576212132405	0.01
0.900307304	0.0912444138135619	0.01
0.900690942	0.0842740157591824	0.01
0.901007608	0.0895119808717062	0.01
0.901568195	0.0682688749492013	0.01
0.901947653	0.0734149322804482	0.01
0.902162268	0.0737055470006991	0.01
0.902291602	0.0742937339550165	0.01
0.902919093	0.0739984716752427	0.01
0.902932441	0.0748913841583629	0.01
0.904039961	0.070457111061094	0.01
0.904508173	0.0676777115400072	0.01
0.904513058	0.0679555909790213	0.01
0.905345526	0.0676777115400072	0.01
0.905424433	0.0679555909790213	0.01
0.906154318	0.0682357617288657	0.01
0.906197141	0.0679555909790213	0.01
0.906786831	0.0688030914643433	0.01
0.906922556	0.0690903087945185	0.01
0.906983581	0.0690903087945185	0.01
0.907060652	0.0690903087945185	0.01
0.90712089	0.0690903087945185	0.01
0.907185931	0.0690903087945185	0.01
0.907198748	0.0690903087945185	0.01
0.907199842	0.0690903087945185	0.01
0.907324045	0.0688030914643433	0.01
0.907336843	0.0688030914643433	0.01
0.907336844	0.0688030914643433	0.01
0.907436592	0.0688030914643433	0.01
0.907449378	0.0688030914643433	0.01
0.90746216	0.0688030914643433	0.01
0.9075492	0.0688030914643433	0.01
0.907574745	0.0688030914643433	0.01
0.907587512	0.0688030914643433	0.01
0.907674633	0.0688030914643433	0.01
0.907700146	0.0688030914643433	0.01
0.907712898	0.0688030914643433	0.01
0.907951053	0.0688030914643433	0.01
0.908076559	0.0685182522470633	0.01
0.908089263	0.0685182522470633	0.01
0.908089264	0.0685182522470633	0.01
0.908151307	0.0685182522470633	0.01
0.90817671	0.0688030914643433	0.01
0.908289632	0.0685182522470633	0.01
0.908453284	0.0685182522470633	0.01
0.908566283	0.0688030914643433	0.01
0.908577365	0.0688030914643433	0.01
0.908729307	0.0690903087945185	0.01
0.908816452	0.0699665310612214	0.01
0.908830322	0.0696719979252292	0.01
0.908855181	0.0696719979252292	0.01
0.908943472	0.0702635650025821	0.01
0.908956071	0.0702635650025821	0.01
0.909183517	0.0699665310612214	0.01
0.909195105	0.0699665310612214	0.01
0.909207673	0.0699665310612214	0.01
0.909270732	0.0699665310612214	0.01
0.909308419	0.0699665310612214	0.01
0.90938549	0.0711699942731896	0.01
0.909409249	0.0711699942731896	0.01
0.909434338	0.0721001158146482	0.01
0.909620416	0.0721001158146482	0.01
0.909642167	0.0721001158146482	0.01
0.909896599	0.0711699942731896	0.01
0.909925885	0.0711699942731896	0.01
0.910267	0.0727338219646705	0.01
0.910467776	0.073054870831318	0.01
0.911049792	0.0743679180581837	0.01
0.91113001	0.0743679180581837	0.01
0.911351929	0.0743679180581837	0.01
0.911383512	0.0740352510505768	0.01
0.911404622	0.0740352510505768	0.01
0.911518912	0.0740352510505768	0.01
0.911632099	0.0743679180581837	0.01
0.911776598	0.0743679180581837	0.01
0.912015459	0.0743679180581837	0.01
0.912488931	0.0750423021589712	0.01
0.912811242	0.0863322435813993	0.01
0.912967277	0.0870974176406841	0.01
0.913006436	0.0870974176406841	0.01
0.913139907	0.0870974176406841	0.01
0.913244462	0.0870974176406841	0.01
0.913630289	0.0859546761960448	0.01
0.914018042	0.0859546761960448	0.01
0.914870556	0.0986193302457345	0.01
0.914968567	0.0986193302457345	0.01
0.914983658	0.0986193302457345	0.01
0.915269563	0.0986193302457345	0.01
0.915559183	0.0900711310011097	0.01
0.916024822	0.0900711310011097	0.01
0.916163647	0.0904649908422633	0.01
0.917248255	0.0809121293673678	0.01
0.917957453	0.0874072986061778	0.01
0.918238351	0.0929024336057355	0.01
0.918816837	0.10308665315253	0.01
0.919120121	0.0825259289484141	0.02
0.919655338	0.0846753846362422	0.02
0.919822583	0.0846753846362422	0.02
0.920002472	0.0853102346993542	0.02
0.921364075	0.0879477733269997	0.02
0.921783065	0.0882889773880908	0.02
0.922071236	0.0886328392455613	0.02
0.922455062	0.0903931239621665	0.02
0.922504312	0.0903931239621665	0.02
0.922787758	0.0903931239621665	0.02
0.923268187	0.0900354955523765	0.02
0.923473233	0.0900354955523765	0.02
0.924160807	0.0907536047609253	0.02
0.924507726	0.0907536047609253	0.02
0.924627878	0.091483261124099	0.02
0.925553967	0.0842054133703595	0.02
0.93064775	0.0785385789985422	0.03
0.93220206	0.0804828980979181	0.03
0.934071327	0.0819316980507164	0.03
0.934700606	0.0822277399392622	0.03
0.93534835	0.0825259289484141	0.03
0.938770844	0.0586588339887419	0.03
0.941112169	0.056189412859267	0.03
0.942896738	0.0480353988345271	0.03
0.947518522	0.0584379102514913	0.03
0.949342587	0.0607249631807875	0.03
0.953473419	0.0573577918051824	0.04
0.954119877	0.0582811236897365	0.04
0.954191796	0.0582811236897365	0.04
0.955985355	0.0633827225120932	0.04
0.956296714	0.0650920593556378	0.04
0.956766863	0.0650920593556378	0.04
0.95679317	0.0650920593556378	0.04
0.957016096	0.0650920593556378	0.04
0.957486775	0.0656825122621315	0.04
0.959031973	0.0681554774854229	0.04
0.959642592	0.0688030914643433	0.04
0.960039043	0.0715214826283179	0.04
0.960819071	0.0715214826283179	0.04
0.960911853	0.0715214826283179	0.04
0.964458654	0.0582811236897365	0.05
0.966290332	0.0650920593556378	0.05
0.966653906	0.0650920593556378	0.05
0.966980911	0.0650920593556378	0.05
0.966980912	0.0650920593556378	0.05
0.966986309	0.0650920593556378	0.05
0.967144414	0.0650920593556378	0.05
0.967297223	0.0656825122621315	0.05
0.967297226	0.0656825122621315	0.05
0.967302571	0.0656825122621315	0.05
0.967302572	0.0656825122621315	0.05
0.967608447	0.0656825122621315	0.05
0.96761904	0.0656825122621315	0.05
0.967772081	0.0656825122621315	0.05
0.967925221	0.0656825122621315	0.05
0.967935716	0.0656825122621315	0.05
0.968083686	0.0668961480086713	0.05
0.968088909	0.0668961480086713	0.05
0.969035555	0.0681554774854229	0.05
0.97801719	0.0660570160563623	0.06
0.981915796	0.0705631317356513	0.06
0.985118954	0.0202689536118719	0.06
0.9860103	0.0206740538603047	0.06
1.019804062	0.0292473862886504	0.08
1.023898132	0.0303931828595197	0.08
1.027042278	0.0303931828595197	0.08
1.027349785	0.0303931828595197	0.08
1.029637844	0.0453006661625858	0.09
1.030020301	0.0453006661625858	0.09
1.030397618	0.0453006661625858	0.09
1.030958443	0.0453006661625858	0.09
1.031720423	0.0457009474847827	0.09
1.032104884	0.0457009474847827	0.09
1.036124234	0.0465231134681666	0.09
1.039046839	0.0469453903038642	0.09
1.043349328	0.0465231134681666	0.09
1.044012776	0.0465231134681666	0.09
1.048661279	0.0516318652761127	0.09
1.049025044	0.0516318652761127	0.09
1.054783865	0.0469453903038642	0.1
1.067766296	0.0516318652761127	0.11
1.067971123	0.0516318652761127	0.11
1.068277144	0.0516318652761127	0.11
1.06860264	0.0516318652761127	0.11
1.068892568	0.0516318652761127	0.11
1.076612069	0.0578157715239879	0.12
1.088407982	0.0547553688567946	0.13
1.113082372	0.0701359564817515	0.14
1.11414031	0.0701359564817515	0.14
1.115076799	0.0701359564817515	0.14
1.116382888	0.0701359564817515	0.14
1.125633627	0.0688030914643433	0.14
1.127882011	0.059559489397521	0.14
1.13205703	0.0573577918051824	0.14
1.133988353	0.0573577918051824	0.14
1.134317617	0.0573577918051824	0.14
1.137302108	0.059559489397521	0.13
1.187305519	0.045903752612677	0.15
1.18762744	0.0445847407117825	0.15
1.192009701	0.0442667472844545	0.15
1.192075895	0.0442667472844545	0.15
1.192725439	0.0442667472844545	0.15
1.203309389	0.0473031880932739	0.14
1.208724051	0.0426836880019587	0.13
1.208769953	0.0426836880019587	0.13
1.209768181	0.0426836880019587	0.13
1.209825949	0.0426836880019587	0.13
1.210085375	0.0426836880019587	0.13
1.210771389	0.0426836880019587	0.13
1.21086869	0.0426836880019587	0.13
1.212614931	0.0426836880019587	0.13
1.224141399	0.0434000251049605	0.12
1.225416562	0.0434000251049605	0.12
1.226416878	0.0434000251049605	0.12
1.245566855	0.0303931828595197	0.1
1.246668032	0.0303931828595197	0.1
1.248955951	0.0306937981721628	0.09
1.252855937	0.0306937981721628	0.09
1.265568721	0.0303931828595197	0.08
1.270060331	0.0300983988923377	0.09
1.270604589	0.0295256592095163	0.09
1.285172518	0.0393546596345598	0.08
1.289511656	0.0382628662434952	0.08
1.293113698	0.03973256961337	0.08
1.302603198	0.0409111386324327	0.07
1.303502827	0.0409111386324327	0.07
1.325958837	0.0619369598525792	0.07
1.33510162	0.0619369598525792	0.07
1.335485912	0.0619369598525792	0.07
1.335508208	0.0619369598525792	0.07
1.335711503	0.0619369598525792	0.08
1.335892556	0.0619369598525792	0.08
1.33625481	0.0619369598525792	0.08
1.33638917	0.0619369598525792	0.08
1.336413828	0.0619369598525792	0.08
1.336595099	0.0619369598525792	0.08
1.336665633	0.0619369598525792	0.08
1.336979907	0.0619369598525792	0.08
1.337117106	0.0619369598525792	0.08
1.337161305	0.0619369598525792	0.08
1.337524247	0.0619369598525792	0.08
1.337529375	0.0619369598525792	0.08
1.338686534	0.0607249631807875	0.08
1.343443085	0.0607249631807875	0.08
1.350085516	0.058993369453733	0.09
1.360533959	0.0607249631807875	0.09
1.360774481	0.0619369598525792	0.09
1.360981621	0.0607249631807875	0.09
1.36116959	0.0607249631807875	0.09
1.361338457	0.0607249631807875	0.09
1.36135761	0.0607249631807875	0.09
1.361545683	0.0607249631807875	0.09
1.364721715	0.0607249631807875	0.09
1.365659238	0.059559489397521	0.09
1.368077892	0.059559489397521	0.09
1.368578346	0.059559489397521	0.09
1.369020462	0.059559489397521	0.09
1.369707356	0.059559489397521	0.09
1.370127164	0.059559489397521	0.09
1.373967278	0.059559489397521	0.09
1.377274175	0.0607249631807875	0.09
1.384187356	0.0573577918051824	0.1
1.385801753	0.0675199412489248	0.1
1.418305639	0.0715214826283179	0.09
1.430594094	0.0645121276212058	0.1
1.434752614	0.0645121276212058	0.1
1.436494579	0.0645121276212058	0.11
1.448119954	0.0628327205341136	0.12
1.450462129	0.0617608638534652	0.12
1.450674974	0.0617608638534652	0.12
1.450928234	0.0617608638534652	0.12
1.454856842	0.0617608638534652	0.12
1.484067531	0.0607249631807875	0.15
1.484117024	0.0607249631807875	0.15
1.485393153	0.0612385330503016	0.15
1.485917469	0.0597232391161485	0.16
1.488337206	0.0607249631807875	0.16
1.494140559	0.0602199356603887	0.16
1.511964569	0.0602199356603887	0.18
1.512194724	0.0602199356603887	0.18
1.512403577	0.0602199356603887	0.18
1.513239565	0.0602199356603887	0.18
1.516740221	0.0602199356603887	0.19
1.517647523	0.0587540277667209	0.19
1.519065464	0.0587540277667209	0.19
1.523536021	0.0587540277667209	0.19
1.558319819	0.138686392105225	0.23
1.55916507	0.137568564963512	0.23
1.561070241	0.174041101861413	0.22
1.56916589	0.159063210753325	0.22
1.595579044	0.163817916448072	0.19
1.652341299	0.175903785150662	0.14
1.707257935	0.21884388437919	0.08
1.718627381	0.211945447605239	0.07
1.730827961	0.200864968884988	0.06
1.745720251	0.210700123667889	0.04
1.768990518	0.224319783463799	0.02
1.77492366	0.234592200412978	0.01
1.777374698	0.236136996127569	0.01
1.778615293	0.228125207339639	0.01
1.77861633	0.228125207339639	0.01
1.780115455	0.21533943199918	0.01
1.780627841	0.21533943199918	0.01
1.780657571	0.21533943199918	0.01
1.780657572	0.21533943199918	0.01
1.780839524	0.21533943199918	0.01
1.780928629	0.21533943199918	0.01
1.78092863	0.21533943199918	0.01
1.781081012	0.21533943199918	0.01
1.781140367	0.21533943199918	0.01
1.781170031	0.21533943199918	0.01
1.781170032	0.21533943199918	0.01
1.781381862	0.21533943199918	0.01
1.781411498	0.21533943199918	0.01
1.781411499	0.21533943199918	0.01
1.781623424	0.21533943199918	0.01
1.781653031	0.21533943199918	0.01
1.7818108	0.21533943199918	0.01
1.781894629	0.21533943199918	0.01
1.782136292	0.213628960352531	0.01
1.782136293	0.213628960352531	0.01
1.782378022	0.211945447605239	0.01
1.782531315	0.211945447605239	0.01
1.782619816	0.211945447605239	0.01
1.783044725	0.211945447605239	0.01
1.783103602	0.211945447605239	0.01
1.783286774	0.211945447605239	0.01
1.783587651	0.211945447605239	0.01
1.783829774	0.211945447605239	0.01
1.783925287	0.211945447605239	0.01
1.784013316	0.211945447605239	0.01
1.784314217	0.211945447605239	0.01
1.784933025	0.20865678895673	0.01
1.785322292	0.214956964303701	0.01
1.785988286	0.213315183916038	0.01
1.786357195	0.213315183916038	0.01
1.787927091	0.18550917806676	0.01
1.788266632	0.18550917806676	0.01
1.788780487	0.191224805554847	0.01
1.788872102	0.191224805554847	0.01
1.78918715	0.191224805554847	0.01
1.789747139	0.186905811720081	0.01
1.790095821	0.186905811720081	0.01
1.79204453	0.196782523199629	0.02
1.792147241	0.196782523199629	0.02
1.794856772	0.173549521711463	0.02
1.795060195	0.168319895466582	0.02
1.795643534	0.16339622202407	0.02
1.796645824	0.156090707313822	0.02
1.796696941	0.156090707313822	0.02
1.799436111	0.139608091715584	0.02
1.808733518	0.126131444580615	0.03
1.812688451	0.0449073358541058	0.03
1.813240824	0.0469453903038642	0.03
1.813793197	0.0289743097169205	0.03
1.814345569	0.0300983988923377	0.03
1.814621756	0.0300983988923377	0.03
1.814621757	0.0300983988923377	0.03
1.814846808	0.0300983988923377	0.03
1.814872379	0.0300983988923377	0.03
1.815169565	0.0306937981721628	0.03
1.815288509	0.0306937981721628	0.03
1.815322808	0.134969762708075	0.04
1.815373832	0.134969762708075	0.04
1.815624663	0.134969762708075	0.04
1.815875562	0.134969762708075	0.04
1.816374833	0.134969762708075	0.04
1.816628678	0.134969762708075	0.04
1.817382419	0.121799708829244	0.04
1.817399416	0.121799708829244	0.04
1.819395454	0.124237824896245	0.04
1.819581019	0.124237824896245	0.04
1.81989941	0.124237824896245	0.04
1.82134289	0.0709481130064888	0.04
1.822065256	0.0462457908725917	0.04
1.823267442	0.0457009474847827	0.04
1.823345161	0.0279311606940976	0.04
1.824759677	0.0295256592095163	0.04
1.824985083	0.0300983988923377	0.04
1.828939845	0.122400222297743	0.05
1.829613575	0.122400222297743	0.05
1.835137623	0.0298092782255494	0.05
1.83758722	0.120033010096008	0.06
1.842215909	0.0469453903038642	0.06
1.844053766	0.0287062852891478	0.06
1.860668056	0.116174367446396	0.08
1.860714054	0.116174367446396	0.08
1.877534086	0.00915132069339416	0.09
1.919145255	0.00915132069339416	0.13
1.933588634	0.0102382359709169	0.13
1.934242286	0.0102382359709169	0.13
1.93486401	0.0102382359709169	0.13
1.937910579	0.0101378949628967	0.13
1.938309591	0.0101378949628967	0.13
1.939501786	0.0102382359709169	0.13
1.945075766	0.0279311606940976	0.14
1.947078383	0.0279311606940976	0.14
1.956133657	0.0279311606940976	0.15
1.95745413	0.0279311606940976	0.15
1.961031557	0.0281848422392974	0.15
2.039242563	0.0516318652761127	0.23
2.045755957	0.0645121276212058	0.23
2.04617014	0.0656825122621315	0.23
2.049316864	0.0722349786482939	0.23
2.057190684	0.0681554774854229	0.24
2.057670659	0.0708219437629729	0.24
2.058810915	0.0708219437629729	0.24
2.060706206	0.0502000421092493	0.25
2.067556414	0.0708219437629729	0.25
2.077371996	0.0681554774854229	0.26
2.077653506	0.0708219437629729	0.26
2.07768814	0.0708219437629729	0.26
2.079378601	0.0708219437629729	0.26
2.114638141	0.0547553688567946	0.3
2.116340052	0.0622921816965896	0.3
2.119081815	0.0681554774854229	0.3
2.122322709	0.0488454890169443	0.31
2.175983465	0.0622921816965896	0.36
2.201956234	0.0722349786482939	0.38
2.225736601	0.0607249631807875	0.41
2.22607531	0.0617608638534652	0.41
2.226678687	0.0650920593556378	0.41
2.226980498	0.0650920593556378	0.41
2.230993963	0.0708219437629729	0.41
2.244892022	0.153146393887309	0.43
2.268175967	0.207050436435001	0.41
2.273953022	0.182970047636417	0.4
2.283420782	0.18452429376991	0.39
2.287430653	0.211945447605239	0.39
2.36737444	0.241436549223384	0.31
2.396315913	0.278593639823657	0.31
2.634889835	0.276720587063907	0.14
2.644514931	0.276720587063907	0.13
2.669724846	0.276720587063907	0.1
2.67074212	0.276720587063907	0.1
2.670831293	0.276720587063907	0.1
2.671148642	0.276720587063907	0.1
2.671193179	0.276720587063907	0.1
2.671237545	0.276720587063907	0.1
2.671237705	0.276720587063907	0.1
2.671599486	0.276720587063907	0.1
2.671599646	0.276720587063907	0.1
2.671872794	0.276720587063907	0.1
2.671961685	0.276720587063907	0.1
2.672323822	0.276720587063907	0.1
2.672686057	0.276720587063907	0.1
2.673366554	0.276720587063907	0.1
2.674498542	0.276720587063907	0.1
2.674640938	0.276720587063907	0.1
2.674817434	0.276720587063907	0.1
2.67595059	0.276720587063907	0.1
2.677404052	0.276720587063907	0.09
2.678640892	0.276720587063907	0.09
2.679543675	0.276720587063907	0.09
2.679587204	0.276720587063907	0.09
2.68050645	0.276720587063907	0.09
2.690995907	0.276720587063907	0.08
2.692790444	0.276720587063907	0.08
2.697875326	0.276720587063907	0.07
2.703341222	0.276720587063907	0.07
2.714352711	0.274005755258368	0.08
2.716197088	0.274005755258368	0.08
2.721223607	0.274005755258368	0.08
2.721339166	0.274005755258368	0.08
2.721714851	0.274005755258368	0.08
2.721753239	0.274005755258368	0.08
2.72212898	0.274005755258368	0.08
2.722504826	0.274005755258368	0.08
2.725138453	0.268732823283317	0.09
2.725892101	0.268732823283317	0.09
2.727362573	0.268732823283317	0.09
2.728457177	0.268732823283317	0.09
2.730687704	0.268732823283317	0.09
2.734951629	0.253880467091818	0.08
2.741703646	0.253880467091818	0.08
2.744776734	0.253880467091818	0.08
2.758261585	0.253880467091818	0.09
2.767264537	0.253880467091818	0.1
2.784781798	0.246617079455099	0.12
2.795646082	0.246617079455099	0.13
2.814579483	0.246617079455099	0.15
2.874914635	0.244287434131323	0.21
2.893176138	0.239757735788827	0.23
3.017087015	0.233269634504412	0.35
3.116832706	0.223560116893234	0.45
3.190582361	0.247629156728016	0.52
3.194633906	0.212820477934696	0.52
3.479484296	0.187798783059682	0.8
3.561529658	0.238083210883495	0.890000000000001
3.561648443	0.229060689733261	0.890000000000001
3.562131134	0.254426860987688	0.890000000000001
3.565454716	0.215754028763485	0.890000000000001
3.566965252	0.217569217940452	0.890000000000001
3.567214517	0.217569217940452	0.890000000000001
3.568359469	0.210700123667889	0.890000000000001
3.571210711	0.20924711438775	0.890000000000001
3.571812505	0.20924711438775	0.890000000000001
3.572123566	0.20146683507383	0.880000000000001
3.572497766	0.20146683507383	0.880000000000001
3.579984214	0.191457656989072	0.880000000000001
3.62939674	0.186021292236957	0.910000000000001
3.629519691	0.186021292236957	0.910000000000001
3.6300627	0.186021292236957	0.910000000000001
3.631169027	0.186021292236957	0.910000000000001
3.633483005	0.180885130217831	0.920000000000001
3.963711323	0.179235529238143	1.25
4.078052931	0.249764560970709	1.36
4.452121847	0.258773225087547	1.73
4.45272527	0.258865474135878	1.73
4.453932605	0.258865474135878	1.73
4.459832487	0.247629156728016	1.74
4.464002998	0.258865474135878	1.74
4.475601202	0.263946509755651	1.75
4.492707945	0.26827187775081	1.77
4.536342962	0.281299388732259	1.81
4.536969429	0.281299388732259	1.81
4.537596069	0.286871682063459	1.81
4.773228095	0.271343674902606	2.04
5.341769851	0.321286613101049	2.32999999999999
5.342582978	0.321286613101049	2.32999999999999
5.343129076	0.321286613101049	2.32999999999999
5.343307119	0.321286613101049	2.32999999999999
5.346842194	0.321286613101049	2.32999999999999
5.443653327	0.325025582832456	2.32999999999999
6.2338777	0.396124312678231	2.66999999999999
6.244676548	0.396124312678231	2.67999999999999
6.35095118	0.388963172341626	2.77999999999998
6.358499262	0.388963172341626	2.78999999999998
7	0.347633225541161	3.36999999999997
