thrs	post_p	finalwindow
0	0.158534583453076	0.23
0.070216248	0.121675670652847	0.18
0.089689176	0.112924139552313	0.17
0.098963073	0.112924139552313	0.16
0.103967892	0.11158649514428	0.16
0.106977596	0.11158649514428	0.16
0.115659216	0.110280169914021	0.17
0.123778241	0.106538483031632	0.17
0.127200542	0.083055335537452	0.17
0.127695348	0.0769493306921698	0.17
0.128068503	0.0826578216465348	0.17
0.130460633	0.106941640162631	0.17
0.14705261	0.0853118621770267	0.15
0.148427326	0.0826578216465348	0.15
0.148782099	0.096240152606024	0.15
0.155752372	0.114075704890255	0.15
0.172569069	0.108193989220707	0.13
0.178062567	0.0826578216465348	0.12
0.178113806	0.0826578216465348	0.12
0.178140913	0.0826578216465348	0.12
0.181430774	0.106138354192201	0.12
0.181486006	0.106138354192201	0.12
0.181824923	0.106138354192201	0.12
0.191788381	0.106941640162631	0.11
0.206482242	0.113353241647772	0.1
0.222622275	0.105347045924545	0.08
0.222656148	0.105347045924545	0.08
0.222697977	0.103042366974332	0.08
0.222924291	0.115198637204277	0.08
0.223196808	0.113564779133658	0.08
0.226694446	0.107467924515789	0.08
0.226728961	0.107467924515789	0.08
0.226867021	0.107467924515789	0.08
0.226923294	0.107467924515789	0.08
0.226929675	0.107467924515789	0.08
0.226957829	0.107467924515789	0.08
0.226982815	0.107467924515789	0.08
0.227432153	0.0642737125160553	0.07
0.230426372	0.0988955816546843	0.07
0.241897099	0.102481867624257	0.07
0.24235868	0.102481867624257	0.07
0.242615688	0.0669662226894304	0.06
0.242875367	0.0802259970770301	0.06
0.242941212	0.0802259970770301	0.06
0.243116147	0.078882404758786	0.06
0.249436037	0.0727873410705239	0.06
0.254481698	0.078882404758786	0.05
0.256228734	0.0763258560680187	0.05
0.256259656	0.0763258560680187	0.05
0.259750174	0.0739298188016108	0.05
0.272151172	0.0819316443221046	0.04
0.287097646	0.0811474453565681	0.04
0.296044019	0.0796232367217604	0.04
0.296839561	0.0835464088311232	0.04
0.296839653	0.0835464088311232	0.04
0.296874128	0.0835464088311232	0.04
0.296879772	0.0835464088311232	0.04
0.296960227	0.0835464088311232	0.04
0.297156652	0.0835464088311232	0.04
0.297161557	0.0835464088311232	0.04
0.297207868	0.0835464088311232	0.04
0.297242165	0.0835464088311232	0.04
0.297345093	0.0835464088311232	0.04
0.29736316	0.0835464088311232	0.04
0.297631463	0.0835464088311232	0.04
0.298033592	0.0835464088311232	0.04
0.298062423	0.0835464088311232	0.04
0.298432807	0.0827311479958296	0.04
0.299120783	0.0827311479958296	0.04
0.29926506	0.0827311479958296	0.04
0.299931082	0.0835464088311232	0.04
0.300128238	0.0835464088311232	0.04
0.301159527	0.0819316443221046	0.04
0.302397905	0.0819316443221046	0.04
0.302406093	0.0819316443221046	0.04
0.30240618	0.0819316443221046	0.04
0.302452098	0.0819316443221046	0.04
0.302453753	0.0819316443221046	0.04
0.302531356	0.0819316443221046	0.04
0.302694303	0.0819316443221046	0.04
0.302844832	0.0819316443221046	0.04
0.303037639	0.0819316443221046	0.04
0.303062807	0.0819316443221046	0.04
0.303998368	0.0803781158040269	0.04
0.305094409	0.08522610276533	0.03
0.306047128	0.08522610276533	0.03
0.306464617	0.08522610276533	0.03
0.307314933	0.08522610276533	0.03
0.308759935	0.0843778972933791	0.03
0.319078068	0.0827311479958296	0.03
0.320217262	0.0827311479958296	0.03
0.320290117	0.0827311479958296	0.03
0.322066605	0.0827311479958296	0.03
0.322435043	0.0827311479958296	0.03
0.322591403	0.0827311479958296	0.03
0.322777267	0.0827311479958296	0.03
0.323097253	0.0827311479958296	0.03
0.323808824	0.0827311479958296	0.03
0.324596864	0.0827311479958296	0.03
0.327195424	0.0721677590358516	0.04
0.328591896	0.0715586360118951	0.04
0.333944256	0.0709597093812936	0.04
0.334029253	0.0709597093812936	0.04
0.338071632	0.0769493306921698	0.05
0.340262381	0.0757124035284209	0.05
0.343706753	0.0757124035284209	0.05
0.345554528	0.0757124035284209	0.05
0.356200611	0.0727873410705239	0.06
0.356351443	0.0727873410705239	0.06
0.356437896	0.0722292421731255	0.06
0.356490553	0.0722292421731255	0.06
0.357959666	0.0690524720417538	0.07
0.362945858	0.0690524720417538	0.07
0.366130409	0.0695623848782997	0.07
0.367161303	0.083055335537452	0.07
0.367663989	0.0919755402470322	0.07
0.37384574	0.0826071333471019	0.08
0.381649088	0.0704542665069235	0.07
0.382008897	0.0697094603977644	0.07
0.386863037	0.0773869677455114	0.06
0.389222512	0.0784133920631244	0.06
0.389299853	0.0784133920631244	0.06
0.398731854	0.0828466383314446	0.05
0.403209246	0.0779499236391531	0.05
0.412388288	0.0896009814562147	0.04
0.415772448	0.065796875877334	0.03
0.416416237	0.0763258560680187	0.03
0.419019267	0.0879463399990914	0.03
0.423143546	0.0831681470591963	0.03
0.438815006	0.0977769682212992	0.01
0.440249622	0.096240152606024	0.01
0.440316292	0.096240152606024	0.01
0.444236336	0.0851191456601036	0.01
0.444499874	0.0827816353732537	0.01
0.445049535	0.0797168202791934	0.01
0.445117302	0.0842792170964835	0.01
0.445185067	0.0834013737486178	0.01
0.445185068	0.0834013737486178	0.01
0.445245414	0.0834013737486178	0.01
0.44525283	0.0834013737486178	0.01
0.445252832	0.0834013737486178	0.01
0.445252833	0.0834013737486178	0.01
0.445252835	0.0834013737486178	0.01
0.445305777	0.0834013737486178	0.01
0.44531318	0.0834013737486178	0.01
0.445313187	0.0834013737486178	0.01
0.44531319	0.0834013737486178	0.01
0.445373562	0.0834013737486178	0.01
0.445479567	0.082969274187587	0.01
0.445494353	0.082969274187587	0.01
0.445554774	0.082969274187587	0.01
0.445578303	0.082969274187587	0.01
0.445615211	0.082969274187587	0.01
0.445653547	0.082969274187587	0.01
0.445691925	0.0874231470774328	0.01
0.445736134	0.0874231470774328	0.01
0.445849774	0.0869747226779679	0.01
0.445857123	0.0869747226779679	0.01
0.445917642	0.0869747226779679	0.01
0.445970843	0.0869747226779679	0.01
0.446038729	0.0869747226779679	0.01
0.446188208	0.0860915345075318	0.01
0.446394864	0.0860915345075318	0.01
0.446395102	0.0860915345075318	0.01
0.446455777	0.0860915345075318	0.01
0.44656991	0.08565663271993	0.01
0.446633323	0.08565663271993	0.01
0.446772341	0.08565663271993	0.01
0.446888185	0.0835464088311232	0.01
0.446967543	0.0835464088311232	0.01
0.447533088	0.0835464088311232	0.01
0.447542535	0.0835464088311232	0.01
0.447876705	0.083136779796699	0.01
0.448701687	0.0827311479958296	0.01
0.449051315	0.0835464088311232	0.01
0.449715173	0.0835464088311232	0.01
0.451750007	0.08522610276533	0.01
0.452986292	0.08522610276533	0.01
0.453102774	0.08522610276533	0.01
0.453117722	0.08522610276533	0.01
0.453607731	0.0847998790518941	0.01
0.453670383	0.0847998790518941	0.01
0.45367678	0.0847998790518941	0.01
0.453739439	0.0847998790518941	0.01
0.453782962	0.0847998790518941	0.01
0.453789353	0.0847998790518941	0.01
0.453802119	0.0847998790518941	0.01
0.453864814	0.0847998790518941	0.01
0.453927527	0.0847998790518941	0.01
0.453990257	0.0847998790518941	0.01
0.454115767	0.0847998790518941	0.01
0.454131662	0.0847998790518941	0.01
0.454172215	0.0847998790518941	0.01
0.454228692	0.0847998790518941	0.01
0.454266222	0.08522610276533	0.01
0.454278877	0.08522610276533	0.01
0.454297847	0.08522610276533	0.01
0.454423548	0.08522610276533	0.01
0.454543029	0.0865308750588806	0.01
0.454618511	0.0865308750588806	0.01
0.454637485	0.0865308750588806	0.01
0.455078808	0.0860915345075318	0.01
0.455180191	0.0865308750588806	0.01
0.455439212	0.0739298188016108	0.01
0.455678249	0.0845461850231763	0.01
0.455804735	0.0860915345075318	0.01
0.456159276	0.0819316443221046	0.01
0.456455968	0.0757124035284209	0.01
0.456880284	0.0803781158040269	0.02
0.45760535	0.0799988955203567	0.02
0.458022431	0.0799988955203567	0.02
0.46331093	0.078882404758786	0.02
0.464728436	0.0767403771332443	0.02
0.46499053	0.076394631648905	0.02
0.474072423	0.0731011387614581	0.03
0.477096915	0.0386991321300157	0.03
0.478409458	0.0407058268305044	0.03
0.478419311	0.0407058268305044	0.03
0.478888149	0.0417892923619557	0.03
0.479936634	0.04254422442477	0.03
0.483511101	0.0449820542934793	0.03
0.483671852	0.0472376966964257	0.03
0.483988273	0.0678369358990172	0.04
0.484225862	0.0678369358990172	0.04
0.484927676	0.0689401716351732	0.04
0.485802156	0.0602233700739357	0.04
0.485999254	0.0556022915425963	0.04
0.48628356	0.0503966456565934	0.04
0.489424331	0.035760926199154	0.04
0.511690912	0.0490836869585819	0.06
0.514553924	0.0472376966964257	0.06
0.514645345	0.072255624170447	0.07
0.51473946	0.072255624170447	0.07
0.514839037	0.072255624170447	0.07
0.514971335	0.072255624170447	0.07
0.51502476	0.072255624170447	0.07
0.515124567	0.0730561449690473	0.07
0.516063638	0.0633982798514284	0.07
0.518492841	0.046082289632947	0.07
0.518564452	0.046082289632947	0.07
0.520735072	0.0475356584294142	0.07
0.529143364	0.0860915345075318	0.07
0.534226929	0.0955518085717751	0.06
0.534308248	0.0955518085717751	0.06
0.534888196	0.09396330499673	0.06
0.539174229	0.0971949448728254	0.06
0.543234343	0.0980378886967244	0.06
0.544416783	0.106338042211999	0.06
0.546060858	0.132333606251328	0.06
0.55657045	0.131249031264279	0.05
0.562444529	0.13018208959964	0.05
0.566766402	0.153962097094349	0.04
0.568776608	0.149645977691694	0.04
0.574371638	0.132961449414982	0.04
0.57444178	0.132961449414982	0.04
0.583655412	0.152495990413317	0.05
0.586308239	0.144254022175598	0.06
0.59079165	0.140458338238765	0.06
0.591193432	0.140458338238765	0.06
0.593402747	0.140458338238765	0.06
0.593573546	0.140458338238765	0.06
0.593673806	0.140458338238765	0.06
0.593673808	0.140458338238765	0.06
0.593754277	0.140458338238765	0.06
0.593834769	0.140458338238765	0.06
0.594036974	0.140458338238765	0.06
0.594152812	0.132961449414982	0.05
0.594318181	0.132961449414982	0.05
0.595887104	0.123037861584705	0.06
0.596894832	0.123037861584705	0.06
0.597117526	0.121900603985289	0.06
0.604317115	0.123037861584705	0.06
0.604813246	0.129058021059602	0.06
0.604905308	0.129058021059602	0.06
0.604905312	0.129058021059602	0.06
0.604988853	0.129058021059602	0.06
0.606051871	0.129058021059602	0.06
0.60631275	0.131634332659214	0.06
0.606404306	0.131634332659214	0.06
0.606824709	0.131634332659214	0.06
0.607971158	0.126580619371272	0.06
0.608756287	0.126580619371272	0.06
0.637881775	0.129058021059602	0.05
0.641599528	0.131634332659214	0.05
0.644129804	0.120784177529116	0.06
0.64559646	0.120784177529116	0.06
0.646569798	0.123037861584705	0.06
0.648110758	0.123037861584705	0.06
0.648827538	0.123037861584705	0.06
0.65703705	0.11861156984299	0.07
0.659386285	0.117685439620849	0.07
0.667472678	0.11587589990957	0.08
0.667879263	0.11587589990957	0.08
0.667969788	0.11587589990957	0.08
0.671132308	0.11587589990957	0.08
0.680702493	0.112418781508375	0.09
0.680786967	0.112418781508375	0.09
0.689921535	0.106088549315472	0.1
0.692614054	0.108377040918665	0.1
0.696262833	0.101106938673223	0.11
0.697379755	0.102481867624257	0.11
0.7123899	0.103183451096379	0.12
0.712401774	0.103183451096379	0.12
0.713541741	0.106088549315472	0.12
0.714295462	0.0624476528181304	0.12
0.715653707	0.0636532745753822	0.12
0.715679053	0.0636532745753822	0.12
0.717816093	0.101106938673223	0.13
0.719314887	0.101106938673223	0.13
0.725609694	0.0624476528181304	0.13
0.725869057	0.0624476528181304	0.13
0.725979546	0.0636532745753822	0.13
0.726772429	0.0636532745753822	0.13
0.72717465	0.0655515948172426	0.13
0.742183791	0.0596243715313399	0.14
0.744518666	0.0575431345573616	0.14
0.7500464	0.0836038875130039	0.15
0.763284143	0.0804216843111588	0.13
0.766651587	0.0792410797110601	0.13
0.778829055	0.0810249946602958	0.12
0.779976345	0.0802979814784443	0.12
0.786383987	0.0826221963466161	0.11
0.793117932	0.0817879373037033	0.1
0.794958533	0.0860915345075318	0.1
0.797194853	0.0840163123693215	0.1
0.799403767	0.0838726626634611	0.1
0.817085993	0.0841147944936792	0.08
0.849686346	0.087649097749143	0.05
0.861362559	0.0894752097478178	0.03
0.861783488	0.0860915345075318	0.03
0.867661243	0.0906964368068532	0.03
0.870144812	0.0878762194150629	0.03
0.874413626	0.0944793839329251	0.02
0.875213305	0.0915922774440659	0.02
0.875954975	0.0903374873651846	0.02
0.87832845	0.0909396478239174	0.02
0.880342154	0.0883340123314378	0.02
0.882218863	0.0909160542811474	0.01
0.883671839	0.0933285826570971	0.01
0.884296127	0.0966961007097861	0.01
0.885048106	0.0934087065969291	0.01
0.886381245	0.0923620240118018	0.01
0.888469193	0.0931886960228201	0.01
0.889014569	0.0911841667346096	0.01
0.889576687	0.0906964368068532	0.01
0.889857915	0.0906964368068532	0.01
0.890068113	0.090454523217827	0.01
0.890083013	0.090454523217827	0.01
0.890218544	0.090454523217827	0.01
0.890228158	0.090454523217827	0.01
0.890309475	0.090454523217827	0.01
0.890354074	0.0906964368068532	0.01
0.890354075	0.0906964368068532	0.01
0.890419078	0.0906964368068532	0.01
0.890459913	0.0906964368068532	0.01
0.890474761	0.0906964368068532	0.01
0.890489605	0.0906964368068532	0.01
0.890489606	0.0906964368068532	0.01
0.890506418	0.0906964368068532	0.01
0.890580647	0.0906964368068532	0.01
0.890595481	0.0906964368068532	0.01
0.89061031	0.0906964368068532	0.01
0.890610311	0.0906964368068532	0.01
0.890716233	0.0902138967026107	0.01
0.890731048	0.0902138967026107	0.01
0.890731049	0.0902138967026107	0.01
0.890737499	0.0902138967026107	0.01
0.890822213	0.0902138967026107	0.01
0.890851819	0.0902138967026107	0.01
0.890928251	0.0902138967026107	0.01
0.890957836	0.0902138967026107	0.01
0.890972622	0.0902138967026107	0.01
0.890972623	0.0902138967026107	0.01
0.891093459	0.089974547016861	0.01
0.89119957	0.089974547016861	0.01
0.891214328	0.089974547016861	0.01
0.891244043	0.089974547016861	0.01
0.891320486	0.089974547016861	0.01
0.891382479	0.089974547016861	0.01
0.891441435	0.089974547016861	0.01
0.891456164	0.089974547016861	0.01
0.891521465	0.089974547016861	0.01
0.891577132	0.0897364640246652	0.01
0.891698132	0.0897364640246652	0.01
0.891793338	0.0897364640246652	0.01
0.892012117	0.0894996376971109	0.01
0.89206133	0.0894996376971109	0.01
0.89216782	0.0894996376971109	0.01
0.892182462	0.0894996376971109	0.01
0.892215798	0.0894996376971109	0.01
0.89229733	0.0894996376971109	0.01
0.892307805	0.0894996376971109	0.01
0.89273031	0.0894996376971109	0.01
0.892793389	0.0894996376971109	0.01
0.89308003	0.0935132851291441	0.01
0.893142511	0.0935132851291441	0.01
0.893172464	0.0935132851291441	0.01
0.893313967	0.0935132851291441	0.01
0.893395592	0.0935132851291441	0.01
0.894085351	0.0920701661246267	0.01
0.894189143	0.0920701661246267	0.01
0.89420355	0.0920701661246267	0.01
0.894232534	0.0918339655662677	0.01
0.894332391	0.0925462311915475	0.01
0.894482721	0.0925462311915475	0.01
0.894690708	0.0913651816414281	0.01
0.894906463	0.0913651816414281	0.01
0.894913415	0.0913651816414281	0.01
0.894970751	0.0913651816414281	0.01
0.895086463	0.0915989738238502	0.01
0.89539422	0.0915989738238502	0.01
0.895638516	0.0935446148234414	0.01
0.895840307	0.0935446148234414	0.01
0.89592425	0.0935446148234414	0.01
0.896396617	0.0928354753579334	0.01
0.89685771	0.092601478766106	0.01
0.89693811	0.092601478766106	0.01
0.897197773	0.0949839186765412	0.01
0.897282137	0.103091395932169	0.01
0.897316929	0.102846716608492	0.01
0.89799116	0.100587892984034	0.01
0.898485328	0.0989621800547563	0.01
0.898662437	0.0983660041137025	0.01
0.898755243	0.0977769682212992	0.01
0.89889623	0.0973881812295808	0.01
0.898920463	0.0973881812295808	0.01
0.899310528	0.0958634675936627	0.01
0.900031532	0.0940234240315659	0.01
0.900690942	0.0843778972933791	0.01
0.901007608	0.0887965999887542	0.01
0.901568195	0.0881941799242252	0.01
0.901947653	0.0904021039747046	0.01
0.902291602	0.0857184923370742	0.01
0.902860993	0.0857184923370742	0.01
0.902919093	0.0857184923370742	0.01
0.903685884	0.0778530485927296	0.01
0.903876527	0.0775158739378359	0.01
0.904039961	0.0771816072359621	0.01
0.904220945	0.0708550556428417	0.01
0.904508173	0.0734550711868673	0.01
0.904513058	0.0734550711868673	0.01
0.905424433	0.0748279717362857	0.01
0.905541598	0.0748279717362857	0.01
0.906154318	0.0758918046889012	0.01
0.906197141	0.0751792532626715	0.01
0.906210372	0.0744799577284241	0.01
0.906508268	0.0748279717362857	0.01
0.906983581	0.0751792532626715	0.01
0.907060652	0.0751792532626715	0.01
0.90712089	0.0751792532626715	0.01
0.907185931	0.0751792532626715	0.01
0.907198748	0.0755338485429427	0.01
0.907199842	0.0755338485429427	0.01
0.907298438	0.0710712432469706	0.01
0.907324045	0.0714079585064512	0.01
0.907336843	0.0714079585064512	0.01
0.907336844	0.0714079585064512	0.01
0.907436592	0.0714079585064512	0.01
0.907449378	0.0714079585064512	0.01
0.90746216	0.0714079585064512	0.01
0.907536422	0.0714079585064512	0.01
0.9075492	0.0714079585064512	0.01
0.907574745	0.0714079585064512	0.01
0.907587512	0.0714079585064512	0.01
0.907700146	0.0714079585064512	0.01
0.907712898	0.0714079585064512	0.01
0.907951053	0.0714079585064512	0.01
0.907963774	0.0714079585064512	0.01
0.908089264	0.0717478794751997	0.01
0.908189407	0.0717478794751997	0.01
0.908202099	0.0717478794751997	0.01
0.908289632	0.0710712432469706	0.01
0.908453284	0.0710712432469706	0.01
0.908566283	0.0714079585064512	0.01
0.908577365	0.0714079585064512	0.01
0.908578929	0.0714079585064512	0.01
0.908691978	0.0724375234210577	0.01
0.908816452	0.0727873410705239	0.01
0.908956071	0.0727873410705239	0.01
0.909183517	0.0727873410705239	0.01
0.909195105	0.0727873410705239	0.01
0.909207673	0.0727873410705239	0.01
0.909270732	0.0727873410705239	0.01
0.90938549	0.0734972113282275	0.01
0.909434338	0.0734972113282275	0.01
0.909446878	0.0734972113282275	0.01
0.909620416	0.0734972113282275	0.01
0.909642167	0.0734972113282275	0.01
0.909838426	0.0731405538172974	0.01
0.909896599	0.0731405538172974	0.01
0.909914657	0.0731405538172974	0.01
0.910014581	0.0731405538172974	0.01
0.910051995	0.0734972113282275	0.01
0.910628128	0.0734972113282275	0.01
0.911049792	0.0745883638617065	0.01
0.91113001	0.0745883638617065	0.01
0.911518912	0.0745883638617065	0.01
0.911747931	0.0749593169318977	0.01
0.911776598	0.0749593169318977	0.01
0.912488931	0.0742210642014999	0.01
0.912630246	0.0738573642436787	0.01
0.912811242	0.0734972113282275	0.01
0.912967277	0.0655515948172426	0.01
0.913006436	0.0655515948172426	0.01
0.913139907	0.0655515948172426	0.01
0.913244462	0.0655515948172426	0.01
0.913751419	0.066209782322549	0.01
0.914018042	0.0672222251656162	0.01
0.914870556	0.0686213167312284	0.01
0.914968567	0.0686213167312284	0.01
0.914983658	0.0686213167312284	0.01
0.915026039	0.0686213167312284	0.01
0.916024822	0.0640336565236957	0.01
0.916163647	0.0647103798489718	0.01
0.916208994	0.0650541338383896	0.01
0.916688985	0.0657527159976039	0.01
0.917248255	0.0347495634713053	0.01
0.918238351	0.0687264931865846	0.02
0.918837351	0.0684328081119693	0.02
0.919822583	0.0699268812402835	0.02
0.921783065	0.0714876498181994	0.02
0.922071236	0.0718082017517129	0.02
0.922504312	0.0721316413550945	0.02
0.922763582	0.0721316413550945	0.02
0.923473233	0.0647788397092944	0.02
0.924412009	0.0672450756982494	0.02
0.924507726	0.0672450756982494	0.02
0.924627878	0.0688841582966573	0.02
0.925553967	0.064906364510824	0.02
0.927872541	0.0168391297934813	0.02
0.93220206	0.0635450268292538	0.03
0.933174706	0.057177234649481	0.03
0.93534835	0.0603519809157369	0.03
0.938446291	0.00585313194838804	0.03
0.938770844	0.00611928361386363	0.03
0.947518522	0.0142136537156986	0.04
0.949342587	0.0125699162325568	0.04
0.954119877	0.0169909923280533	0.04
0.955603107	0.0177933320376644	0.04
0.955985355	0.0177933320376644	0.04
0.956018846	0.0177933320376644	0.04
0.956296714	0.0186752026415126	0.04
0.95679317	0.0528963836050552	0.05
0.956793172	0.0528963836050552	0.05
0.957016096	0.0530951448846333	0.05
0.957077957	0.0537004931908777	0.05
0.957486775	0.0142136537156986	0.05
0.958321379	0.011155759968961	0.05
0.959031973	0.0118578922090718	0.05
0.959642592	0.0131857262276551	0.05
0.959665139	0.0131857262276551	0.05
0.960039043	0.0137636925363658	0.05
0.960911853	0.0142855029696644	0.05
0.966653906	0.0186752026415126	0.05
0.966980911	0.0523089293424077	0.06
0.966980912	0.0523089293424077	0.06
0.966986309	0.0525032922378528	0.06
0.967139043	0.0459957488845002	0.06
0.967144414	0.0459957488845002	0.06
0.967297226	0.0303220265458547	0.06
0.967302571	0.0304445219081229	0.06
0.967302572	0.0304445219081229	0.06
0.96746078	0.0131550369174845	0.06
0.967608447	0.0148875490378429	0.06
0.967619041	0.0148875490378429	0.06
0.967925221	0.015290293928974	0.06
0.967935716	0.015290293928974	0.06
0.968083686	0.0103584119014184	0.06
0.968237002	0.0107117724169539	0.06
0.969666194	0.0124866077720277	0.06
0.970442597	0.0197866191409087	0.06
0.973457204	0.0221085190961627	0.06
0.973766743	0.0222828406968651	0.06
0.974203145	0.022459933132514	0.06
0.981915796	0.0250478030866134	0.06
0.985118954	0.0262092944123817	0.06
0.9860103	0.0264546399601229	0.06
1.021711423	0.0264546399601229	0.07
1.027042278	0.0257320069980798	0.08
1.029078227	0.0259684578137392	0.08
1.029659545	0.0264546399601229	0.08
1.030020301	0.0264546399601229	0.08
1.030958443	0.0264546399601229	0.08
1.031531241	0.0264546399601229	0.08
1.031720423	0.0264546399601229	0.08
1.032104884	0.0264546399601229	0.08
1.0327094	0.0264546399601229	0.08
1.034854243	0.0252717920794112	0.08
1.036124234	0.0590900747412337	0.08
1.038905957	0.0533529006020546	0.09
1.043349328	0.0542304579649875	0.09
1.044012776	0.0525032922378528	0.09
1.048661279	0.0596243715313399	0.09
1.049025044	0.0596243715313399	0.09
1.056246636	0.0636532745753822	0.09
1.058571278	0.0596243715313399	0.1
1.067766296	0.0575431345573616	0.11
1.068168044	0.0575431345573616	0.11
1.06860264	0.0590900747412337	0.11
1.068892568	0.0590900747412337	0.11
1.076612069	0.0630447003615787	0.11
1.112743253	0.0827311479958296	0.14
1.113082372	0.0827311479958296	0.14
1.11414031	0.0843778972933791	0.14
1.115076799	0.08522610276533	0.14
1.116382888	0.08522610276533	0.14
1.125633627	0.0843778972933791	0.14
1.127882011	0.0757124035284209	0.14
1.133642817	0.0727873410705239	0.14
1.133988353	0.0727873410705239	0.14
1.134317617	0.0727873410705239	0.14
1.136767134	0.0757124035284209	0.13
1.137302108	0.0757124035284209	0.13
1.162829766	0.0681778849663679	0.14
1.187305519	0.0639964755508735	0.15
1.18762744	0.0621208204889593	0.15
1.192009701	0.060784679427973	0.15
1.192075895	0.060784679427973	0.15
1.203309389	0.0644832217023349	0.14
1.208769953	0.0630447003615787	0.13
1.209751115	0.0630447003615787	0.13
1.209825949	0.0630447003615787	0.13
1.210085375	0.0625216646027239	0.13
1.21086869	0.0625216646027239	0.13
1.224141399	0.0600314783039697	0.12
1.22465873	0.0600314783039697	0.12
1.225416562	0.0600314783039697	0.12
1.226767373	0.0600314783039697	0.12
1.245566855	0.0366656665305804	0.1
1.246668032	0.0366656665305804	0.1
1.265568721	0.0370259531150772	0.08
1.270253663	0.0366656665305804	0.09
1.270604589	0.0363123240209096	0.09
1.275739262	0.0309445630857385	0.09
1.278899002	0.0248277497307551	0.09
1.285172518	0.0173030857062134	0.08
1.293113698	0.0181358934898801	0.08
1.297280078	0.0176268587854119	0.08
1.302603198	0.0176268587854119	0.08
1.33510162	0.0283096917210284	0.07
1.335485912	0.0283096917210284	0.07
1.335508208	0.0283096917210284	0.07
1.335711503	0.0283096917210284	0.08
1.335892556	0.0283096917210284	0.08
1.336051433	0.0283096917210284	0.08
1.33638917	0.0283096917210284	0.08
1.336413828	0.0283096917210284	0.08
1.336595099	0.0283096917210284	0.08
1.336665633	0.0283096917210284	0.08
1.336979907	0.0283096917210284	0.08
1.337161305	0.0283096917210284	0.08
1.337524247	0.0283096917210284	0.08
1.337529375	0.0283096917210284	0.08
1.337887386	0.0283096917210284	0.08
1.338686534	0.028028914151619	0.08
1.340005107	0.028028914151619	0.08
1.342368518	0.028028914151619	0.08
1.343443085	0.028028914151619	0.08
1.346883901	0.0272190331355228	0.09
1.360533959	0.028028914151619	0.09
1.360774481	0.0259684578137392	0.1
1.360981621	0.0259684578137392	0.1
1.36116959	0.0259684578137392	0.1
1.36135761	0.0259684578137392	0.1
1.361545683	0.0259684578137392	0.1
1.361952473	0.0259684578137392	0.1
1.362110213	0.0259684578137392	0.1
1.364721715	0.0259684578137392	0.1
1.368077892	0.028028914151619	0.09
1.369020462	0.0267046222784965	0.1
1.369707356	0.0267046222784965	0.1
1.377274175	0.028028914151619	0.1
1.384187356	0.0274837426578571	0.1
1.418305639	0.0463088271218592	0.09
1.430594094	0.0421633794140366	0.1
1.434752614	0.0421633794140366	0.1
1.440102642	0.0421633794140366	0.11
1.448119954	0.0410606851731435	0.12
1.45657643	0.0410606851731435	0.13
1.457818346	0.0410606851731435	0.13
1.484067531	0.0400141982321591	0.15
1.484117024	0.0400141982321591	0.15
1.485393153	0.0403570495112034	0.15
1.485917469	0.0400141982321591	0.16
1.488337206	0.0400141982321591	0.16
1.494140559	0.0400141982321591	0.16
1.506038743	0.0400141982321591	0.18
1.511964569	0.0400141982321591	0.18
1.512194724	0.0400141982321591	0.18
1.512403577	0.0400141982321591	0.18
1.512821455	0.0400141982321591	0.18
1.513239565	0.0400141982321591	0.18
1.516740221	0.0400141982321591	0.19
1.523536021	0.0400141982321591	0.19
1.558531046	0.129852218730607	0.23
1.55916507	0.129852218730607	0.23
1.561070241	0.135697613653588	0.22
1.595407686	0.18396620970641	0.19
1.611568792	0.174761418159615	0.18
1.718627381	0.222261843613541	0.07
1.730827961	0.206056016246246	0.06
1.745720251	0.221665826427095	0.04
1.75282717	0.201166776891825	0.04
1.768990518	0.230312300418978	0.02
1.77492366	0.206056016246246	0.02
1.777374698	0.234560256758689	0.01
1.780115455	0.222261843613541	0.01
1.780627841	0.222261843613541	0.01
1.780657572	0.222261843613541	0.01
1.780839524	0.21844403990855	0.01
1.780928629	0.21844403990855	0.01
1.78092863	0.21844403990855	0.01
1.781081012	0.21844403990855	0.01
1.781140367	0.21844403990855	0.01
1.781170031	0.21844403990855	0.01
1.781170032	0.21844403990855	0.01
1.781411498	0.21844403990855	0.01
1.781411499	0.21844403990855	0.01
1.781653031	0.21844403990855	0.01
1.781894629	0.21844403990855	0.01
1.782136292	0.216583903200787	0.01
1.782378022	0.212957077068124	0.01
1.782531315	0.212957077068124	0.01
1.782590324	0.212957077068124	0.01
1.782619816	0.212957077068124	0.01
1.783044725	0.212957077068124	0.01
1.783286774	0.212957077068124	0.01
1.783345594	0.212957077068124	0.01
1.783587651	0.212957077068124	0.01
1.78377107	0.212957077068124	0.01
1.783829774	0.212957077068124	0.01
1.783925287	0.212957077068124	0.01
1.784013316	0.212957077068124	0.01
1.784314217	0.212957077068124	0.01
1.78446873	0.212957077068124	0.01
1.784933025	0.211188835806172	0.01
1.785009515	0.211188835806172	0.01
1.785322292	0.217310880397543	0.01
1.785497332	0.217310880397543	0.01
1.785988286	0.217310880397543	0.01
1.786357195	0.217310880397543	0.01
1.787927091	0.198034177285361	0.01
1.78918715	0.198034177285361	0.01
1.789358594	0.198034177285361	0.01
1.790033715	0.196504180809345	0.01
1.790095821	0.196504180809345	0.01
1.790737455	0.190613520546263	0.01
1.79204453	0.204911132636388	0.02
1.792147241	0.204911132636388	0.02
1.794856772	0.175886599617234	0.02
1.795060195	0.169344758157146	0.02
1.796645824	0.148213233629066	0.02
1.796669094	0.148213233629066	0.02
1.796696941	0.148213233629066	0.02
1.799436111	0.141313120182115	0.02
1.808733518	0.028028914151619	0.02
1.809599251	0.131897632373136	0.03
1.813215031	0.0426083684947435	0.03
1.813240824	0.0426083684947435	0.03
1.813793197	0.0368809921426009	0.03
1.814069384	0.037172058124232	0.03
1.814345569	0.0377681937347566	0.03
1.814621756	0.0380734897582643	0.03
1.814621757	0.0380734897582643	0.03
1.814872379	0.0380734897582643	0.03
1.815123071	0.039345679755588	0.03
1.815169565	0.039345679755588	0.03
1.815288509	0.039345679755588	0.03
1.815322808	0.0400141982321591	0.03
1.815373832	0.0400141982321591	0.03
1.815624663	0.0407058268305044	0.03
1.815875562	0.0407058268305044	0.03
1.816101116	0.0328319518134083	0.03
1.816374833	0.0334142435011312	0.03
1.816377569	0.0334142435011312	0.03
1.81637757	0.0334142435011312	0.03
1.816628678	0.0328319518134083	0.03
1.816879855	0.0328319518134083	0.03
1.817382419	0.0328319518134083	0.03
1.817399416	0.0328319518134083	0.03
1.817633804	0.0328319518134083	0.03
1.818036082	0.0331205385396632	0.03
1.819395454	0.0343274666286526	0.03
1.819581019	0.0343274666286526	0.03
1.81989941	0.0343274666286526	0.03
1.820606159	0.0352920097745029	0.03
1.82134289	0.0359657267446947	0.03
1.822065256	0.0363123240209096	0.03
1.823267442	0.0370259531150772	0.03
1.823345161	0.0370259531150772	0.03
1.828541204	0.0325483506890156	0.04
1.829613575	0.0337132040778985	0.04
1.830016016	0.0337132040778985	0.04
1.835137623	0.028028914151619	0.04
1.83758722	0.0322696070766148	0.05
1.837659261	0.0322696070766148	0.05
1.842215909	0.0363123240209096	0.05
1.844053766	0.0363123240209096	0.05
1.846490238	0.028028914151619	0.05
1.860668056	0.0343274666286526	0.07
1.860714054	0.0343274666286526	0.07
1.917919203	0.0259684578137392	0.11
1.933588634	0.0181358934898801	0.12
1.93486401	0.0254998232446734	0.13
1.938309591	0.0252717920794112	0.13
1.939501786	0.0254998232446734	0.13
1.940502926	0.0171456189136888	0.13
1.945075766	0.0317262015980581	0.14
1.947078383	0.0317262015980581	0.14
1.956133657	0.0317262015980581	0.15
1.95745413	0.0317262015980581	0.15
1.961031557	0.0241901928445216	0.15
2.057190684	0.0656821833523117	0.25
2.057670659	0.0656821833523117	0.25
2.067556414	0.0656821833523117	0.26
2.077371996	0.0656821833523117	0.27
2.077653506	0.0656821833523117	0.27
2.077935092	0.0656821833523117	0.27
2.079378601	0.066143369385671	0.27
2.080200147	0.0599253992287812	0.27
2.112854786	0.058681084998272	0.3
2.114638141	0.0692216103278851	0.3
2.116340052	0.0639000067902799	0.31
2.119081815	0.0643364221842641	0.31
2.130868897	0.0582777179524501	0.32
2.201956234	0.0571002169321275	0.39
2.21647999	0.0626255763213842	0.41
2.22342495	0.0582777179524501	0.41
2.225736601	0.0796232367217604	0.41
2.22607531	0.0819316443221046	0.41
2.226678687	0.0727873410705239	0.42
2.230993963	0.0675666221242947	0.42
2.268175967	0.185911207492411	0.41
2.273953022	0.190613520546263	0.4
2.279085054	0.189019873360368	0.4
2.283420782	0.190613520546263	0.39
2.287430653	0.189019873360368	0.39
2.396315913	0.236567387286024	0.3
2.416816988	0.236567387286024	0.3
2.57811595	0.229274244151015	0.16
2.634889835	0.229274244151015	0.1
2.63880046	0.229274244151015	0.1
2.644514931	0.229274244151015	0.09
2.64482266	0.229274244151015	0.09
2.669724846	0.222504892131228	0.1
2.670831293	0.222504892131228	0.1
2.671148642	0.222504892131228	0.1
2.671193179	0.222504892131228	0.1
2.671237545	0.222504892131228	0.1
2.671237705	0.222504892131228	0.1
2.671599486	0.222504892131228	0.1
2.671599646	0.222504892131228	0.1
2.671961685	0.222504892131228	0.1
2.672323822	0.222504892131228	0.1
2.67300408	0.222504892131228	0.1
2.673366554	0.222504892131228	0.1
2.674498542	0.222504892131228	0.1
2.674640938	0.222504892131228	0.1
2.674817434	0.222504892131228	0.1
2.67498819	0.222504892131228	0.1
2.675906626	0.222504892131228	0.1
2.67595059	0.222504892131228	0.1
2.679543675	0.229274244151015	0.09
2.681604422	0.229274244151015	0.09
2.684222358	0.229274244151015	0.09
2.690995907	0.229274244151015	0.08
2.692790444	0.229274244151015	0.08
2.697875326	0.229274244151015	0.07
2.700424629	0.229274244151015	0.07
2.714352711	0.226972487024451	0.08
2.716197088	0.229274244151015	0.08
2.720992773	0.226972487024451	0.09
2.721339166	0.226972487024451	0.09
2.721714851	0.226972487024451	0.09
2.721753239	0.226972487024451	0.09
2.722090639	0.226972487024451	0.09
2.72212898	0.226972487024451	0.09
2.722504826	0.226972487024451	0.09
2.725138453	0.226972487024451	0.09
2.728457177	0.226972487024451	0.09
2.733911556	0.229274244151015	0.09
2.744776734	0.224716486676141	0.11
2.758261585	0.222504892131228	0.12
2.767264537	0.218209777337083	0.13
2.784781798	0.205752943312141	0.12
2.814579483	0.205752943312141	0.15
2.857457722	0.203730291012209	0.19
2.893176138	0.216123808444165	0.23
2.901070252	0.224716486676141	0.23
3.017087015	0.214077343411823	0.35
3.116410384	0.234859002774113	0.45
3.190582361	0.238967859088905	0.52
3.479484296	0.238967859088905	0.81
3.557717034	0.23729573242891	0.890000000000001
3.561648443	0.227429133719561	0.890000000000001
3.562131134	0.261041281940136	0.890000000000001
3.565454716	0.24132239885623	0.890000000000001
3.566965252	0.248672887817216	0.890000000000001
3.567214517	0.248672887817216	0.890000000000001
3.568359469	0.248672887817216	0.890000000000001
3.571210711	0.245351460710097	0.900000000000001
3.571812505	0.238967859088905	0.900000000000001
3.572123566	0.245187716858434	0.900000000000001
3.575584373	0.234393978291071	0.900000000000001
3.579984214	0.255790759394205	0.900000000000001
3.62901857	0.238967859088905	0.920000000000001
3.6300627	0.238967859088905	0.920000000000001
3.631970124	0.236567387286024	0.920000000000001
3.633483005	0.236567387286024	0.920000000000001
3.639968026	0.236567387286024	0.930000000000001
3.707141358	0.236567387286024	1
3.778072999	0.236567387286024	1.07
3.963711323	0.236658821021882	1.25
4.442577106	0.249897757082068	1.73
4.452121847	0.249897757082068	1.74
4.45272527	0.249897757082068	1.74
4.453328856	0.249897757082068	1.74
4.453932605	0.249897757082068	1.74
4.459832487	0.254554883647177	1.74
4.464002998	0.249897757082068	1.75
4.478685952	0.249897757082068	1.76
4.480518943	0.249897757082068	1.76
4.492707945	0.243223044240099	1.78
4.536969429	0.243223044240099	1.82
4.537444354	0.243223044240099	1.82
4.550359745	0.243223044240099	1.83
4.848628454	0.243223044240099	2.13
4.895921957	0.24107667631998	2.18
5.341769851	0.270407855806386	2.48999999999999
5.342582978	0.270407855806386	2.48999999999999
5.343307119	0.270407855806386	2.48999999999999
5.443653327	0.28399476392107	2.54999999999999
5.445157132	0.28399476392107	2.54999999999999
6.232084175	0.281870336167478	2.66999999999999
6.234722781	0.286151458050287	2.66999999999999
6.244676548	0.286151458050287	2.67999999999999
6.35095118	0.288944178873412	2.78999999999998
7	0.20992117520063	3.37999999999997
