thrs	post_p	finalwindow
0	0.158490839552023	0.23
0.089689176	0.115182844085719	0.19
0.093809574	0.115182844085719	0.18
0.113424721	0.11113383317189	0.19
0.123778241	0.11113383317189	0.18
0.127200542	0.0886515331812025	0.17
0.129609166	0.118626183435361	0.17
0.129730945	0.118626183435361	0.17
0.148427326	0.104211551315762	0.15
0.148782099	0.111553988111751	0.15
0.161204767	0.115413885229796	0.14
0.172569069	0.107770617653135	0.13
0.178062567	0.104211551315762	0.12
0.178113806	0.104211551315762	0.12
0.178140913	0.104211551315762	0.12
0.178358463	0.104211551315762	0.12
0.191788381	0.113367290714788	0.11
0.194681585	0.11113383317189	0.11
0.205298456	0.111977332001276	0.1
0.22265244	0.0926145648067374	0.08
0.222656148	0.0926145648067374	0.08
0.222697977	0.0918284908900449	0.08
0.222716495	0.0918284908900449	0.08
0.226694446	0.0945709779446219	0.08
0.226728961	0.0945709779446219	0.08
0.226867021	0.0945709779446219	0.08
0.226929675	0.0945709779446219	0.08
0.227081991	0.0945709779446219	0.08
0.227432153	0.0930793540767414	0.08
0.230426372	0.0969002604596182	0.08
0.237068117	0.100190516058034	0.07
0.241897099	0.0985179243102481	0.07
0.24235868	0.0985179243102481	0.07
0.242941212	0.0975409089649329	0.06
0.243116147	0.0947227739598304	0.06
0.249436037	0.0903711290136803	0.06
0.254481698	0.0975409089649329	0.05
0.256228734	0.0965830817107565	0.05
0.256259656	0.0965830817107565	0.05
0.256650521	0.0965830817107565	0.05
0.259750174	0.0947227739598304	0.05
0.272151172	0.0903711290136803	0.05
0.287097646	0.0557250401603367	0.06
0.296834617	0.0552037648321381	0.06
0.296839561	0.0552037648321381	0.06
0.296839653	0.0552037648321381	0.06
0.296874128	0.0552037648321381	0.06
0.296879772	0.0552037648321381	0.06
0.29691506	0.0552037648321381	0.06
0.296960227	0.0552037648321381	0.06
0.297156652	0.0552037648321381	0.06
0.29723727	0.0552037648321381	0.06
0.29736316	0.0552037648321381	0.06
0.297631463	0.0552037648321381	0.06
0.298062423	0.0541899342215147	0.06
0.298432807	0.0541899342215147	0.06
0.298682719	0.0541899342215147	0.06
0.299120783	0.0541899342215147	0.06
0.29926506	0.0541899342215147	0.06
0.300128238	0.0541899342215147	0.06
0.300638986	0.0541899342215147	0.06
0.301373268	0.0532126705433238	0.06
0.302397905	0.0552037648321381	0.06
0.302406093	0.0552037648321381	0.06
0.302443572	0.0552037648321381	0.06
0.302452098	0.0552037648321381	0.06
0.302453753	0.0552037648321381	0.06
0.302493847	0.0552037648321381	0.06
0.302694303	0.0552037648321381	0.06
0.302844832	0.0552037648321381	0.06
0.303037639	0.0552037648321381	0.06
0.303062807	0.0552037648321381	0.06
0.305094409	0.0552037648321381	0.06
0.306047128	0.0552037648321381	0.06
0.307314933	0.0546921515756833	0.06
0.319078068	0.0573496554687746	0.05
0.322066605	0.0573496554687746	0.05
0.322435043	0.0590718439444338	0.05
0.322591403	0.0590718439444338	0.05
0.323165924	0.0590718439444338	0.05
0.323537089	0.0590718439444338	0.05
0.324596864	0.0590718439444338	0.05
0.327195424	0.0590718439444338	0.05
0.338071632	0.0764906489419438	0.05
0.340262381	0.0722750678270012	0.05
0.343625259	0.0722750678270012	0.05
0.350684009	0.0716172352064633	0.06
0.356206548	0.0667564115278792	0.06
0.356351443	0.0667564115278792	0.06
0.356437896	0.0661948125785244	0.06
0.357086112	0.0635228328127474	0.07
0.357959666	0.0640398314328107	0.07
0.360733393	0.0630141148834468	0.07
0.362945858	0.0630141148834468	0.07
0.363936107	0.0630141148834468	0.07
0.366130409	0.0630141148834468	0.07
0.367663989	0.0689284946017802	0.07
0.381649088	0.0416611425571982	0.07
0.382008897	0.0407971103771798	0.07
0.387745392	0.0471537625855272	0.06
0.389222512	0.0457819646985934	0.06
0.389299853	0.0457819646985934	0.06
0.389825341	0.0455171277218415	0.06
0.398731854	0.0489124823895845	0.05
0.411578949	0.0525025456154252	0.04
0.412388288	0.0511376774682613	0.04
0.415094538	0.0565256768793136	0.04
0.415772448	0.0400088344817618	0.03
0.416416237	0.0437457228586415	0.03
0.418471182	0.0418828995189184	0.03
0.419019267	0.0418828995189184	0.03
0.423143546	0.0396326635102217	0.03
0.428769674	0.0440724239743739	0.02
0.438307149	0.0488113410884362	0.01
0.438815006	0.0496323803458229	0.01
0.441698853	0.047629481370791	0.01
0.441750067	0.0461399121483427	0.01
0.444236336	0.0559363172151042	0.01
0.444499874	0.0546921515756833	0.01
0.444770984	0.0537947527177746	0.01
0.445049535	0.0537947527177746	0.01
0.445117302	0.0537947527177746	0.01
0.445156208	0.0537947527177746	0.01
0.445185067	0.0526430502805854	0.01
0.445185068	0.0526430502805854	0.01
0.445245414	0.0526430502805854	0.01
0.44525283	0.0526430502805854	0.01
0.445252832	0.0526430502805854	0.01
0.445252833	0.0526430502805854	0.01
0.445252835	0.0526430502805854	0.01
0.44531318	0.0526430502805854	0.01
0.445313187	0.0526430502805854	0.01
0.445313188	0.0526430502805854	0.01
0.44531319	0.0526430502805854	0.01
0.445373562	0.0526430502805854	0.01
0.445419149	0.0526430502805854	0.01
0.445479567	0.0523627889696415	0.01
0.445494353	0.0523627889696415	0.01
0.445554774	0.0523627889696415	0.01
0.445615211	0.0523627889696415	0.01
0.445653547	0.0523627889696415	0.01
0.445691925	0.0753672425386444	0.01
0.445736134	0.0753672425386444	0.01
0.445857123	0.0799898179074306	0.01
0.445917642	0.0799898179074306	0.01
0.445970843	0.0799898179074306	0.01
0.445978177	0.0799898179074306	0.01
0.446188208	0.0787883904797175	0.01
0.446341735	0.0787883904797175	0.01
0.446394864	0.0787883904797175	0.01
0.446395102	0.0787883904797175	0.01
0.446633323	0.0783958947818275	0.01
0.446967543	0.0783958947818275	0.01
0.447542535	0.0783958947818275	0.01
0.447649603	0.0776225192959837	0.01
0.447928306	0.076864253451547	0.01
0.449051315	0.0812778094083717	0.01
0.449715173	0.0808846321257696	0.01
0.451750007	0.0812778094083717	0.01
0.453102774	0.0753913134219379	0.01
0.453117722	0.0753913134219379	0.01
0.453312195	0.0750318569106959	0.01
0.453607731	0.0750318569106959	0.01
0.453670383	0.0750318569106959	0.01
0.45367678	0.0750318569106959	0.01
0.453739439	0.0750318569106959	0.01
0.453789353	0.0750318569106959	0.01
0.453802119	0.0750318569106959	0.01
0.453864805	0.0750318569106959	0.01
0.453864814	0.0750318569106959	0.01
0.453952078	0.0750318569106959	0.01
0.453977538	0.0750318569106959	0.01
0.453990257	0.0750318569106959	0.01
0.454053004	0.0750318569106959	0.01
0.454115767	0.0750318569106959	0.01
0.454131662	0.0750318569106959	0.01
0.454159539	0.0750318569106959	0.01
0.454172215	0.0750318569106959	0.01
0.454228692	0.0750318569106959	0.01
0.454297847	0.0753913134219379	0.01
0.454379121	0.0753913134219379	0.01
0.454423548	0.0753913134219379	0.01
0.454543029	0.0761206587306467	0.01
0.454618511	0.0761206587306467	0.01
0.455180191	0.0783958947818275	0.01
0.455439212	0.0909281042921191	0.01
0.455665947	0.0993471808174448	0.01
0.455678249	0.0993471808174448	0.01
0.455755613	0.10192088164129	0.01
0.456133439	0.108478127688704	0.01
0.456159276	0.108478127688704	0.01
0.456455968	0.104211551315762	0.01
0.45760535	0.0747383975670298	0.02
0.457901934	0.0747383975670298	0.02
0.458619789	0.0747383975670298	0.02
0.458664131	0.0747383975670298	0.02
0.459124851	0.0747383975670298	0.02
0.460382332	0.0734255883394635	0.02
0.462114195	0.0700238783011019	0.02
0.46331093	0.0700238783011019	0.02
0.46499053	0.0700238783011019	0.02
0.474072423	0.0650994928643756	0.03
0.47699163	0.0827031423923804	0.03
0.477096915	0.0827031423923804	0.03
0.478409458	0.0846442397713004	0.03
0.478888149	0.0846442397713004	0.03
0.479732593	0.0880901289576541	0.03
0.479936634	0.0880901289576541	0.03
0.483671852	0.0750318569106959	0.03
0.484458594	0.0601250716291819	0.04
0.484927676	0.0608222090606975	0.04
0.485802156	0.070336852431421	0.04
0.48628356	0.0676962358294725	0.04
0.486776039	0.070336852431421	0.04
0.489107131	0.0747080398680035	0.04
0.499369323	0.0810354031467698	0.05
0.511690912	0.0790318857663068	0.06
0.514553924	0.0820757438761851	0.06
0.514645345	0.0828438690975567	0.06
0.514742139	0.0828438690975567	0.06
0.514839037	0.0828438690975567	0.06
0.514971335	0.0828438690975567	0.06
0.515124567	0.0828438690975567	0.06
0.516063638	0.0749297837693774	0.07
0.518492841	0.0744312920306399	0.07
0.518564452	0.0744312920306399	0.07
0.520735072	0.0766626294808968	0.07
0.534226929	0.0562562538790605	0.06
0.534308248	0.0546921515756833	0.06
0.534380672	0.0546921515756833	0.06
0.534453117	0.0546921515756833	0.06
0.539174229	0.0743231298242819	0.06
0.544416783	0.0757542306223444	0.06
0.55657045	0.0895483435726431	0.05
0.556807604	0.0895483435726431	0.05
0.559788571	0.0856493633365572	0.05
0.562444529	0.0871674900028518	0.05
0.574371638	0.0856493633365572	0.06
0.57444178	0.0856493633365572	0.06
0.579525048	0.0912091744518645	0.06
0.59079165	0.0856493633365572	0.06
0.591193432	0.0856493633365572	0.06
0.591819223	0.0856493633365572	0.06
0.593402747	0.0856493633365572	0.06
0.593573546	0.0856493633365572	0.06
0.593673806	0.0856493633365572	0.06
0.593673808	0.0856493633365572	0.06
0.593754277	0.0856493633365572	0.06
0.59375428	0.0856493633365572	0.06
0.593824895	0.0856493633365572	0.06
0.593915284	0.0856493633365572	0.06
0.594152812	0.0856493633365572	0.06
0.594237558	0.0871674900028518	0.06
0.595015574	0.0736276662765552	0.06
0.596894832	0.0736276662765552	0.06
0.597117526	0.0722750678270012	0.06
0.602674298	0.0772415254795263	0.05
0.604317115	0.0772415254795263	0.05
0.604813246	0.0772415254795263	0.05
0.604905308	0.0772415254795263	0.05
0.60490531	0.0772415254795263	0.05
0.604905312	0.0772415254795263	0.05
0.604988853	0.0772415254795263	0.05
0.605716504	0.0772415254795263	0.05
0.60631275	0.0772415254795263	0.05
0.606404306	0.0772415254795263	0.05
0.606824709	0.0743231298242819	0.06
0.607971158	0.0780072902470781	0.05
0.608524688	0.0780072902470781	0.05
0.608756287	0.0780072902470781	0.05
0.61827716	0.0750318569106959	0.05
0.630942519	0.0886515331812025	0.04
0.635412418	0.079140589658353	0.05
0.63624959	0.079140589658353	0.05
0.636422142	0.079140589658353	0.05
0.637031954	0.079140589658353	0.05
0.637260654	0.079140589658353	0.05
0.637881775	0.079140589658353	0.05
0.638075882	0.079140589658353	0.05
0.641599528	0.0813217318537752	0.05
0.644129804	0.0770733927930963	0.06
0.64559646	0.0770733927930963	0.06
0.646569798	0.0770733927930963	0.06
0.648110758	0.0770733927930963	0.06
0.648827538	0.0770733927930963	0.06
0.65703705	0.0839871617177652	0.07
0.659386285	0.0833402066395707	0.07
0.667472678	0.080249391892128	0.08
0.667879263	0.080249391892128	0.08
0.667969788	0.080249391892128	0.08
0.669490645	0.080249391892128	0.08
0.678915807	0.0487307287119297	0.08
0.680410924	0.0487307287119297	0.08
0.68060848	0.0487307287119297	0.08
0.680786967	0.0487307287119297	0.08
0.696262833	0.0504815130069369	0.1
0.697379755	0.0513602060729191	0.1
0.712354258	0.0496323803458229	0.11
0.7123899	0.0496323803458229	0.11
0.712401774	0.0496323803458229	0.11
0.71365913	0.0504815130069369	0.11
0.715679053	0.0472481445913946	0.12
0.725609694	0.0385958469852213	0.12
0.725869057	0.0472481445913946	0.13
0.725979546	0.0472481445913946	0.13
0.726772429	0.0468728655191951	0.13
0.72717465	0.048017023724926	0.13
0.735438378	0.0371384957976074	0.13
0.742183791	0.0440724239743739	0.14
0.744518666	0.0421822740232059	0.14
0.7500464	0.0389782330580704	0.13
0.75180067	0.0382208906282628	0.13
0.756100951	0.0348365413630372	0.13
0.756122282	0.0348365413630372	0.13
0.762884543	0.0878516979144517	0.13
0.763284143	0.0888346991696382	0.13
0.763387603	0.0904899056814157	0.13
0.765321243	0.0895483435726431	0.13
0.766651587	0.0893224442190449	0.13
0.7676628	0.0970596323299402	0.13
0.772093843	0.0890254187983906	0.12
0.779184816	0.0985179243102482	0.12
0.779976345	0.0982718401368359	0.12
0.797194853	0.0947227739598304	0.1
0.799403767	0.101114883134499	0.1
0.8034392	0.09999079870181	0.09
0.817085993	0.0939550274397885	0.08
0.828284953	0.105977236817693	0.07
0.856064956	0.10008431698066	0.04
0.861362559	0.100122522702951	0.03
0.866065884	0.101701324343927	0.03
0.867661243	0.11016567247547	0.03
0.875213305	0.103371439948357	0.02
0.877564409	0.110509501664627	0.02
0.880342154	0.105253528953315	0.02
0.882218863	0.099254352455705	0.01
0.88244613	0.0988847672949194	0.01
0.882485476	0.0988847672949194	0.01
0.883236842	0.105567336267545	0.01
0.883671839	0.107553385529219	0.01
0.884296127	0.10798189972264	0.01
0.885800269	0.104747551988034	0.01
0.888863234	0.111906551691732	0.01
0.889014569	0.110509501664627	0.01
0.889576687	0.109484392956721	0.01
0.889752182	0.109484392956721	0.01
0.890068113	0.109484392956721	0.01
0.890218543	0.109146903300992	0.01
0.890218544	0.109146903300992	0.01
0.890309475	0.108146803836331	0.01
0.890354074	0.108811487899774	0.01
0.890354075	0.108811487899774	0.01
0.890419078	0.108811487899774	0.01
0.890459913	0.108811487899774	0.01
0.890474761	0.108811487899774	0.01
0.890489605	0.108811487899774	0.01
0.890489606	0.108811487899774	0.01
0.890506418	0.108811487899774	0.01
0.890580647	0.108811487899774	0.01
0.890595481	0.108811487899774	0.01
0.89061031	0.108811487899774	0.01
0.890610311	0.108811487899774	0.01
0.89068659	0.108811487899774	0.01
0.890716233	0.108811487899774	0.01
0.890731048	0.108811487899774	0.01
0.890731049	0.108811487899774	0.01
0.890837018	0.108811487899774	0.01
0.890851819	0.108811487899774	0.01
0.890957836	0.108811487899774	0.01
0.890972623	0.108811487899774	0.01
0.891093459	0.108146803836331	0.01
0.89119957	0.108146803836331	0.01
0.891214328	0.108146803836331	0.01
0.891244043	0.108146803836331	0.01
0.891246709	0.108146803836331	0.01
0.89133523	0.108146803836331	0.01
0.891382479	0.108146803836331	0.01
0.891441435	0.108146803836331	0.01
0.891456164	0.108146803836331	0.01
0.89149835	0.108146803836331	0.01
0.891562417	0.108146803836331	0.01
0.891577132	0.107490191025221	0.01
0.891686849	0.107490191025221	0.01
0.891698132	0.107490191025221	0.01
0.891793338	0.107490191025221	0.01
0.892012117	0.107164865536551	0.01
0.892017347	0.107164865536551	0.01
0.89206133	0.107164865536551	0.01
0.892182462	0.107164865536551	0.01
0.892215798	0.107164865536551	0.01
0.89229733	0.107490191025221	0.01
0.892546055	0.109146903300992	0.01
0.89273031	0.109146903300992	0.01
0.892793389	0.109146903300992	0.01
0.892924751	0.111839679651017	0.01
0.892952212	0.111497024864438	0.01
0.893016766	0.111497024864438	0.01
0.893142511	0.111497024864438	0.01
0.893172464	0.110481543689277	0.01
0.893313967	0.110817975890114	0.01
0.893320622	0.110817975890114	0.01
0.893352088	0.110817975890114	0.01
0.894085351	0.11014714805411	0.01
0.894189143	0.11014714805411	0.01
0.89420355	0.11014714805411	0.01
0.89422449	0.11014714805411	0.01
0.894332391	0.110481543689277	0.01
0.894690708	0.11014714805411	0.01
0.894906463	0.11014714805411	0.01
0.895081202	0.11014714805411	0.01
0.895300675	0.11014714805411	0.01
0.89539422	0.10981477054813	0.01
0.895524497	0.112448992446623	0.01
0.895638516	0.112448992446623	0.01
0.895840307	0.11278833278018	0.01
0.896329745	0.112448992446623	0.01
0.896928207	0.111111807407764	0.01
0.89693811	0.111111807407764	0.01
0.897197773	0.114921156777756	0.01
0.897282137	0.120791082545787	0.01
0.897316929	0.120120536218089	0.01
0.898155973	0.103133610174165	0.01
0.898455429	0.101547731489214	0.01
0.898485328	0.101547731489214	0.01
0.898662437	0.100663221952599	0.01
0.89889623	0.100009886102187	0.01
0.898920463	0.100009886102187	0.01
0.899310528	0.0985179243102482	0.01
0.899413875	0.0997670662824394	0.01
0.900113547	0.0999783428008616	0.01
0.900274359	0.100832473719416	0.01
0.900307304	0.100832473719416	0.01
0.901007608	0.0876334784773269	0.01
0.901568195	0.080249391892128	0.01
0.901947653	0.0798545196180481	0.01
0.902860993	0.0748440425995061	0.01
0.902932441	0.0751449986304664	0.01
0.903166806	0.0751449986304664	0.01
0.903685884	0.0683249329492443	0.01
0.903876527	0.0683249329492443	0.01
0.904513058	0.0667564115278792	0.01
0.905345526	0.0659175416670345	0.01
0.905424433	0.0661948125785244	0.01
0.906154318	0.0667564115278792	0.01
0.906786831	0.066474425928809	0.01
0.906922556	0.0661948125785244	0.01
0.906983581	0.0673276212630686	0.01
0.907060652	0.0673276212630686	0.01
0.90712089	0.0673276212630686	0.01
0.907185931	0.0673276212630686	0.01
0.907198748	0.0679086906210359	0.01
0.907199842	0.0679086906210359	0.01
0.907311244	0.0513602060729191	0.01
0.907336843	0.0515846798346076	0.01
0.907336844	0.0515846798346076	0.01
0.907436592	0.0515846798346076	0.01
0.907449378	0.0515846798346076	0.01
0.90746216	0.0515846798346076	0.01
0.907536422	0.0515846798346076	0.01
0.907574745	0.0515846798346076	0.01
0.907587512	0.0515846798346076	0.01
0.907712898	0.0515846798346076	0.01
0.907963773	0.0513602060729191	0.01
0.908076559	0.0513602060729191	0.01
0.908089264	0.0513602060729191	0.01
0.908151307	0.0513602060729191	0.01
0.90817671	0.0515846798346076	0.01
0.908189407	0.0515846798346076	0.01
0.908202099	0.0515846798346076	0.01
0.908566283	0.0515846798346076	0.01
0.908577365	0.0515846798346076	0.01
0.908578929	0.0515846798346076	0.01
0.908691978	0.0518111243696638	0.01
0.908729307	0.0518111243696638	0.01
0.908943472	0.0527371385946267	0.01
0.908956071	0.0527371385946267	0.01
0.909094444	0.0527371385946267	0.01
0.909207673	0.0525025456154252	0.01
0.909270732	0.0525025456154252	0.01
0.909308419	0.0525025456154252	0.01
0.909346075	0.0527371385946267	0.01
0.90938549	0.0527371385946267	0.01
0.909409249	0.0527371385946267	0.01
0.909434338	0.0532126705433238	0.01
0.909446878	0.0532126705433238	0.01
0.909642167	0.0532126705433238	0.01
0.909838426	0.0529738374097417	0.01
0.910014581	0.0527371385946267	0.01
0.910051995	0.0527371385946267	0.01
0.910204731	0.0529738374097417	0.01
0.910267	0.0529738374097417	0.01
0.910628128	0.0536968562877514	0.01
0.911062134	0.0541899342215147	0.01
0.91113001	0.0541899342215147	0.01
0.911351929	0.0541899342215147	0.01
0.911383512	0.0541899342215147	0.01
0.911404622	0.0541899342215147	0.01
0.911518912	0.0541899342215147	0.01
0.912015459	0.0541899342215147	0.01
0.912630246	0.0536968562877514	0.01
0.912707801	0.0536968562877514	0.01
0.912776305	0.0534536669939087	0.01
0.912967277	0.0494433643663356	0.01
0.913139907	0.0494433643663356	0.01
0.913244462	0.0501306531889911	0.01
0.914018042	0.0505995602252849	0.01
0.914696902	0.0552037648321381	0.01
0.914968567	0.0552037648321381	0.01
0.914983658	0.0552037648321381	0.01
0.915026039	0.0552037648321381	0.01
0.915269563	0.0552037648321381	0.01
0.916024822	0.0510773221177092	0.01
0.916163647	0.0513196023889869	0.01
0.916688985	0.0510773221177092	0.01
0.916912552	0.0518111243696638	0.01
0.917248255	0.0264514634188765	0.01
0.917957453	0.0191043427053657	0.01
0.918456927	0.0700585155932994	0.02
0.918483627	0.0700585155932994	0.02
0.919120121	0.070900214108441	0.02
0.919822583	0.0717623832669983	0.02
0.920002472	0.0717623832669983	0.02
0.921783065	0.0735511951292151	0.02
0.922455062	0.0738580367880149	0.02
0.922763582	0.0738580367880149	0.02
0.923268187	0.0709336342019245	0.02
0.924160807	0.0715406295692377	0.02
0.926193857	0.0684998771038322	0.02
0.927872541	0.0564870299885351	0.02
0.93220206	0.0642140395001584	0.03
0.933174706	0.0617630058920154	0.03
0.934700606	0.0619919948009161	0.03
0.938446291	0.0402897873138337	0.03
0.938770844	0.0422685972891669	0.03
0.941112169	0.0427940486252897	0.03
0.942896738	0.048017023724926	0.03
0.944027825	0.0509170688463342	0.03
0.947518522	0.0573496554687746	0.03
0.948845214	0.056907233831025	0.04
0.950306111	0.0586802559654097	0.04
0.953473419	0.0720544516182872	0.04
0.954119877	0.0726457790505564	0.04
0.954191796	0.0726457790505564	0.04
0.955603107	0.0777503538334038	0.04
0.955985355	0.0777503538334038	0.04
0.956018846	0.0777503538334038	0.04
0.956296714	0.079140589658353	0.04
0.956766863	0.0798545196180481	0.04
0.956793172	0.0798545196180481	0.04
0.957016096	0.0805814476064571	0.04
0.957077957	0.0805814476064571	0.04
0.957486775	0.0820757438761851	0.04
0.959665139	0.0860657350808221	0.04
0.960039043	0.0877725074657329	0.04
0.960819071	0.0877725074657329	0.04
0.960911853	0.0877725074657329	0.04
0.964446178	0.0726457790505564	0.05
0.964458654	0.0726457790505564	0.05
0.966290332	0.079140589658353	0.05
0.966980912	0.0805814476064571	0.05
0.966986309	0.0805814476064571	0.05
0.967139043	0.0805814476064571	0.05
0.967144414	0.0805814476064571	0.05
0.967297223	0.0820757438761851	0.05
0.967297226	0.0820757438761851	0.05
0.967460779	0.0820757438761851	0.05
0.967608447	0.0820757438761851	0.05
0.967619041	0.0820757438761851	0.05
0.967772081	0.0820757438761851	0.05
0.967925221	0.0820757438761851	0.05
0.967935716	0.0820757438761851	0.05
0.968083686	0.0828438690975567	0.05
0.968237002	0.0828438690975567	0.05
0.969035555	0.085237000870877	0.05
0.969666194	0.0860657350808221	0.05
0.974203145	0.0624033065344617	0.06
0.981915796	0.0764906489419438	0.05
0.985118954	0.0281149081981978	0.05
0.9860103	0.0281149081981978	0.05
1.019804062	0.0447406873621841	0.07
1.021711423	0.0447406873621841	0.07
1.022530753	0.0447406873621841	0.07
1.023898132	0.0455698497109827	0.07
1.027042278	0.0427940486252897	0.08
1.029271857	0.0443373193884393	0.08
1.029637844	0.0443373193884393	0.08
1.030958443	0.0447406873621841	0.08
1.031720423	0.0447406873621841	0.08
1.032104884	0.0447406873621841	0.08
1.0327094	0.0447406873621841	0.08
1.033463082	0.0431697058925574	0.08
1.034014818	0.0439411597047355	0.08
1.034376329	0.0451514621690047	0.08
1.034854243	0.0451514621690047	0.08
1.038905957	0.0509170688463342	0.09
1.044012776	0.0500533456463329	0.09
1.048661279	0.0468728655191951	0.1
1.049025044	0.047629481370791	0.1
1.056246636	0.0518111243696638	0.1
1.057424783	0.0584864024254076	0.1
1.058571278	0.0465035009475165	0.11
1.067766296	0.0590718439444338	0.11
1.067971123	0.0590718439444338	0.11
1.068168044	0.0590718439444338	0.11
1.06860264	0.0590718439444338	0.11
1.076612069	0.0635228328127474	0.12
1.088407982	0.0679086906210359	0.13
1.088762574	0.0679086906210359	0.13
1.091073782	0.0709712694869806	0.13
1.112743253	0.0650994928643756	0.15
1.113233383	0.0650994928643756	0.15
1.115076799	0.0667564115278792	0.15
1.13205703	0.0592200402296861	0.17
1.133642817	0.0587776654319226	0.17
1.133988353	0.0587776654319226	0.17
1.134317617	0.0587776654319226	0.17
1.136767134	0.0610581946589632	0.17
1.137302108	0.0661948125785244	0.17
1.162829766	0.0671361349673524	0.18
1.183360064	0.047629481370791	0.16
1.18762744	0.0590718439444338	0.15
1.192009701	0.0579124512639978	0.15
1.192075895	0.0579124512639978	0.15
1.192725439	0.056797692944826	0.15
1.208724051	0.062513480279588	0.16
1.210085375	0.0620207378585246	0.16
1.210771389	0.0584864024254076	0.15
1.212614931	0.0673276212630686	0.15
1.22465873	0.0536968562877514	0.14
1.225416562	0.0532126705433238	0.14
1.243346642	0.0487307287119297	0.12
1.245566855	0.0482525911368411	0.12
1.246668032	0.0482525911368411	0.12
1.248955951	0.046430325488338	0.12
1.265568721	0.0482525911368411	0.11
1.268447511	0.0546921515756833	0.11
1.270060331	0.0541899342215147	0.11
1.270253663	0.0492184369057765	0.1
1.270604589	0.0492184369057765	0.1
1.289511656	0.056797692944826	0.1
1.293113698	0.0626557051681563	0.11
1.297280078	0.0644142986241048	0.11
1.302603198	0.0626557051681563	0.12
1.325958837	0.0477837452019776	0.12
1.335485912	0.0557250401603367	0.12
1.335508208	0.0557250401603367	0.12
1.335711503	0.0557250401603367	0.12
1.335892556	0.0557250401603367	0.12
1.33625481	0.0557250401603367	0.12
1.33638917	0.0557250401603367	0.12
1.336595099	0.0557250401603367	0.12
1.336979907	0.0557250401603367	0.12
1.337117106	0.0557250401603367	0.12
1.337161305	0.0557250401603367	0.12
1.337524247	0.0557250401603367	0.12
1.337887386	0.0552037648321381	0.12
1.340005107	0.0552037648321381	0.12
1.342368518	0.0584864024254076	0.11
1.346883901	0.0573496554687746	0.11
1.360533959	0.056797692944826	0.12
1.360774481	0.056797692944826	0.12
1.360981621	0.056797692944826	0.12
1.36116959	0.056797692944826	0.12
1.36135761	0.056797692944826	0.12
1.361545683	0.056797692944826	0.12
1.361952473	0.056797692944826	0.12
1.362279458	0.056797692944826	0.12
1.364721715	0.0546921515756833	0.12
1.368077892	0.0562562538790605	0.12
1.368578346	0.0562562538790605	0.12
1.369020462	0.056797692944826	0.12
1.369707356	0.056797692944826	0.12
1.370127164	0.056797692944826	0.12
1.373967278	0.056797692944826	0.12
1.377139612	0.0573496554687746	0.11
1.377274175	0.0573496554687746	0.11
1.377544294	0.0573496554687746	0.11
1.379222918	0.0579124512639978	0.11
1.384187356	0.0546921515756833	0.12
1.385801753	0.0552037648321381	0.12
1.434752614	0.0546921515756833	0.1
1.436494579	0.0546921515756833	0.11
1.440102642	0.0546921515756833	0.11
1.448119954	0.0513602060729191	0.12
1.450928234	0.0504815130069369	0.12
1.454003033	0.0504815130069369	0.12
1.454856842	0.0504815130069369	0.12
1.457818346	0.0504815130069369	0.13
1.484067531	0.0484109243733807	0.15
1.484117024	0.0484109243733807	0.15
1.485917469	0.0473239226672373	0.15
1.494140559	0.048017023724926	0.16
1.502972103	0.048017023724926	0.17
1.506038743	0.0468728655191951	0.17
1.511964569	0.048017023724926	0.18
1.512821455	0.048017023724926	0.18
1.513239565	0.048017023724926	0.18
1.516740221	0.0487307287119297	0.18
1.517647523	0.0472481445913946	0.19
1.519065464	0.0472481445913946	0.19
1.558319819	0.124760846600502	0.23
1.558531046	0.124760846600502	0.23
1.561070241	0.121507051356594	0.22
1.56916589	0.135487317742531	0.22
1.595579044	0.134702054473475	0.19
1.611568792	0.132017409266008	0.17
1.652341299	0.148831156905768	0.14
1.707257935	0.211507895852924	0.08
1.77492366	0.203185298275321	0.01
1.777374698	0.217350363306352	0.01
1.778615293	0.211507895852924	0.01
1.77861633	0.211507895852924	0.01
1.780657571	0.189441420455652	0.01
1.780657572	0.189441420455652	0.01
1.780928629	0.186448793344931	0.01
1.78092863	0.186448793344931	0.01
1.781081012	0.186448793344931	0.01
1.781140367	0.186448793344931	0.01
1.781170031	0.186448793344931	0.01
1.781170032	0.186448793344931	0.01
1.781381862	0.186448793344931	0.01
1.781411498	0.186448793344931	0.01
1.781411499	0.186448793344931	0.01
1.781623424	0.186448793344931	0.01
1.781653031	0.186448793344931	0.01
1.781835463	0.186448793344931	0.01
1.781894629	0.186448793344931	0.01
1.782136292	0.184987658078465	0.01
1.782378022	0.182133029862891	0.01
1.782531315	0.182133029862891	0.01
1.782619816	0.182133029862891	0.01
1.783044725	0.182133029862891	0.01
1.783286774	0.182133029862891	0.01
1.783345594	0.182133029862891	0.01
1.783587651	0.182133029862891	0.01
1.78377107	0.182133029862891	0.01
1.783925287	0.182133029862891	0.01
1.784314217	0.182133029862891	0.01
1.78446873	0.182133029862891	0.01
1.784506241	0.182133029862891	0.01
1.785009515	0.182133029862891	0.01
1.785322292	0.18686205663097	0.01
1.785497332	0.18686205663097	0.01
1.785988286	0.184064489887892	0.01
1.788266632	0.175367588437621	0.01
1.788780487	0.179365164882688	0.01
1.788872102	0.179365164882688	0.01
1.789358594	0.179365164882688	0.01
1.790033715	0.179365164882688	0.01
1.790095821	0.179365164882688	0.01
1.790737455	0.187933194090786	0.01
1.79204453	0.174899821750728	0.02
1.792147241	0.174899821750728	0.02
1.794856772	0.154449206141152	0.02
1.795060195	0.147330605542513	0.02
1.795172249	0.144011835684993	0.02
1.795643534	0.140067873772172	0.02
1.796645824	0.13489584267856	0.02
1.796696941	0.13489584267856	0.02
1.801889818	0.0762883914026972	0.02
1.814069384	0.0689284946017802	0.02
1.814345569	0.0689284946017802	0.02
1.814621756	0.0689284946017802	0.02
1.814621757	0.0689284946017802	0.02
1.814846808	0.0689284946017802	0.02
1.814872379	0.0921292426994465	0.03
1.815123071	0.0934762966072315	0.03
1.815169565	0.0934762966072315	0.03
1.815373832	0.094164704158381	0.03
1.815624663	0.0948633265115117	0.03
1.815875562	0.0948633265115117	0.03
1.816101116	0.0746050079068069	0.03
1.816374833	0.0746050079068069	0.03
1.81637757	0.0746050079068069	0.03
1.816879855	0.0740433737488977	0.03
1.817382419	0.0740433737488977	0.03
1.817399416	0.0740433737488977	0.03
1.817633804	0.0740433737488977	0.03
1.818036082	0.0740433737488977	0.03
1.818363245	0.0757542306223444	0.03
1.819217405	0.0807284242618468	0.03
1.819395454	0.0820757438761851	0.03
1.819410514	0.0820757438761851	0.03
1.819581019	0.0820757438761851	0.03
1.81989941	0.0820757438761851	0.03
1.820606159	0.0841832114698182	0.03
1.82134289	0.0856493633365572	0.03
1.823267442	0.0886515331812025	0.02
1.823345161	0.0886515331812025	0.02
1.824759677	0.0886515331812025	0.02
1.828939845	0.0877725074657329	0.02
1.829051906	0.0877725074657329	0.02
1.829613575	0.0877725074657329	0.02
1.830016016	0.0877725074657329	0.02
1.835137623	0.0860657350808221	0.03
1.836263396	0.0860657350808221	0.03
1.839735229	0.0860657350808221	0.03
1.842215909	0.0860657350808221	0.03
1.846490238	0.0836265075063878	0.04
1.860714054	0.0836265075063878	0.05
1.876458705	0.0732468924566726	0.07
1.877534086	0.0726457790505564	0.07
1.917919203	0.0697823729402039	0.11
1.919145255	0.0697823729402039	0.11
1.933588634	0.0970228076936849	0.12
1.93486401	0.110509501664627	0.12
1.937910579	0.0948633265115117	0.13
1.938309591	0.0948633265115117	0.13
1.938319698	0.0948633265115117	0.13
1.939501786	0.0948633265115117	0.13
1.940502926	0.0948633265115117	0.13
1.945075766	0.118260458272357	0.13
1.947078383	0.107100036603953	0.14
1.95745413	0.107100036603953	0.15
1.959079535	0.107100036603953	0.15
1.961031557	0.107100036603953	0.15
2.039242563	0.112977741643601	0.23
2.049316864	0.110855483768136	0.24
2.057190684	0.15522124997137	0.24
2.058434493	0.110855483768136	0.25
2.077371996	0.15522124997137	0.26
2.080200147	0.110855483768136	0.27
2.112854786	0.108811487899774	0.3
2.116340052	0.144490481746258	0.3
2.117539144	0.156675714967525	0.3
2.122322709	0.108146803836331	0.31
2.175983465	0.140839289246428	0.36
2.21647999	0.147031632474878	0.4
2.225736601	0.136248718811398	0.41
2.22607531	0.137368075901533	0.41
2.226678687	0.144490481746258	0.41
2.230993963	0.114586443783982	0.42
2.244892022	0.189530893893121	0.43
2.268175967	0.238051583937829	0.41
2.273953022	0.214177897129917	0.4
2.279085054	0.24922182972655	0.4
2.283420782	0.220439074122012	0.39
2.36737444	0.212031988482218	0.36
2.396315913	0.195789370621279	0.33
2.416816988	0.18448479058274	0.31
2.57811595	0.197360852756028	0.15
2.634889835	0.212895219818524	0.1
2.63880046	0.197360852756028	0.09
2.644514931	0.212895219818524	0.09
2.64482266	0.212895219818524	0.09
2.65353762	0.197360852756028	0.08
2.664122924	0.215010668884385	0.07
2.670697515	0.212895219818524	0.07
2.671148642	0.212895219818524	0.07
2.671237545	0.212895219818524	0.07
2.671237705	0.212895219818524	0.07
2.671599486	0.212895219818524	0.07
2.671599646	0.212895219818524	0.07
2.671961685	0.208786792753155	0.07
2.672323822	0.204833931487659	0.07
2.672686057	0.204833931487659	0.07
2.67300408	0.204833931487659	0.07
2.673366554	0.204833931487659	0.07
2.673410821	0.204833931487659	0.07
2.674817434	0.215010668884385	0.06
2.677404052	0.212895219818524	0.06
2.679543675	0.212895219818524	0.06
2.679587204	0.212895219818524	0.06
2.681604422	0.212895219818524	0.06
2.690797174	0.202913102747641	0.06
2.692790444	0.210820992184635	0.05
2.700424629	0.197360852756028	0.05
2.703341222	0.197360852756028	0.05
2.714352711	0.206791473908008	0.07
2.720992773	0.193478516959468	0.07
2.721223607	0.193478516959468	0.07
2.721339166	0.193478516959468	0.07
2.721714851	0.193478516959468	0.07
2.721753239	0.193478516959468	0.07
2.722090639	0.193478516959468	0.07
2.72212898	0.193478516959468	0.07
2.722504826	0.193478516959468	0.07
2.725138453	0.197360852756028	0.07
2.725892101	0.193478516959468	0.07
2.727362573	0.193478516959468	0.07
2.728042156	0.193478516959468	0.07
2.733911556	0.193478516959468	0.07
2.734951629	0.177566189565448	0.07
2.741703646	0.189745975363107	0.08
2.742221604	0.189745975363107	0.08
2.744776734	0.17407436891841	0.08
2.767264537	0.17407436891841	0.1
2.784781798	0.162864847895175	0.12
2.795646082	0.162864847895175	0.13
2.814579483	0.162864847895175	0.15
2.870516676	0.162864847895175	0.2
2.874914635	0.162864847895175	0.21
2.884109016	0.176152784630015	0.22
2.885327778	0.161380264463979	0.22
2.901070252	0.161380264463979	0.23
3.091199805	0.158490839552023	0.42
3.116832706	0.156529043030524	0.45
3.153761559	0.112370972913197	0.48
3.190582361	0.0787883904797175	0.48
3.560201153	0.0828438690975567	0.840000000000001
3.561529658	0.0820757438761851	0.850000000000001
3.561648443	0.0820757438761851	0.850000000000001
3.562131134	0.0820757438761851	0.850000000000001
3.563861522	0.0820757438761851	0.850000000000001
3.566965252	0.0828438690975567	0.850000000000001
3.567214517	0.0828438690975567	0.850000000000001
3.571210711	0.0844240743503358	0.850000000000001
3.572497766	0.0820757438761851	0.860000000000001
3.579984214	0.0828438690975567	0.860000000000001
3.62901857	0.148965331137053	0.910000000000001
3.62939674	0.148965331137053	0.910000000000001
3.6300627	0.148965331137053	0.910000000000001
3.630972932	0.148965331137053	0.910000000000001
3.631169027	0.151145501678943	0.910000000000001
3.631970124	0.180147361710594	0.910000000000001
3.639968026	0.197360852756028	0.910000000000001
3.707141358	0.177566189565448	0.970000000000001
3.778072999	0.175802942203956	1.04
3.82876748	0.183774874347869	1.09
3.963711323	0.197360852756028	1.23
4.078052931	0.207263082755931	1.29
4.442577106	0.207263082755931	1.58
4.445571488	0.207263082755931	1.58
4.452121847	0.207263082755931	1.59
4.45272527	0.207263082755931	1.59
4.453328856	0.207263082755931	1.59
4.453932605	0.207263082755931	1.59
4.459832487	0.207263082755931	1.59
4.475601202	0.207263082755931	1.61
4.478685952	0.207263082755931	1.61
4.492707945	0.207263082755931	1.63
4.536342962	0.207263082755931	1.67
4.537444354	0.207263082755931	1.67
4.537596069	0.207263082755931	1.67
4.550359745	0.207263082755931	1.68
4.773228095	0.203185298275321	1.89
4.848628454	0.203185298275321	1.97
5.342582978	0.225353848877252	1.98
5.343129076	0.225353848877252	1.98
5.343307119	0.225353848877252	1.98
5.443653327	0.225353848877252	1.89
5.445157132	0.225353848877252	1.89
6.234722781	0.228944582962	2.60999999999999
6.358499262	0.228944582962	2.72999999999999
7	0.296530396245295	2.55999999999999
