thrs	post_p	finalwindow
0	0.116009723817533	0.23
0.082355146	0.111528360796502	0.16
0.089689176	0.103529812757616	0.16
0.093809574	0.103529812757616	0.15
0.098963073	0.103529812757616	0.15
0.103967892	0.096601764597857	0.16
0.106977596	0.0999458729404545	0.15
0.113424721	0.0955362427079885	0.16
0.115659216	0.096601764597857	0.15
0.127200542	0.0944939698903246	0.16
0.127695348	0.0944939698903246	0.16
0.128068503	0.0944939698903246	0.16
0.130460633	0.0944939698903246	0.16
0.14705261	0.07488626841041	0.15
0.148427326	0.077847757470226	0.15
0.148447444	0.0919851415659728	0.15
0.148782099	0.0912582655913076	0.15
0.161204767	0.0891449676984359	0.14
0.172569069	0.101349254709309	0.13
0.178062567	0.077847757470226	0.12
0.178113806	0.077847757470226	0.12
0.178140913	0.077847757470226	0.12
0.181430774	0.0891449676984359	0.12
0.181486035	0.0891449676984359	0.12
0.191788381	0.0891449676984359	0.11
0.194681585	0.105179899023623	0.11
0.206482242	0.104466322191774	0.1
0.222049977	0.0545907937040425	0.08
0.222656148	0.0729929930775356	0.08
0.222686318	0.0729929930775356	0.08
0.222697977	0.0723829972084963	0.08
0.222716495	0.0723829972084963	0.08
0.223196808	0.077847757470226	0.08
0.226694446	0.0736759745237896	0.08
0.226728961	0.0736759745237896	0.08
0.226867021	0.0736759745237896	0.08
0.226923294	0.0736759745237896	0.08
0.226982815	0.0736759745237896	0.08
0.227081991	0.0742443574332646	0.08
0.227177477	0.0742443574332646	0.08
0.227432153	0.0736759745237896	0.08
0.237068117	0.0689269017484117	0.07
0.241897099	0.0678470628591209	0.07
0.24235868	0.0678470628591209	0.07
0.242875367	0.0668742165613696	0.06
0.243116147	0.0649402561136229	0.06
0.254481698	0.0655723599705309	0.05
0.256228734	0.0643202225994931	0.05
0.256650521	0.0637119169639564	0.05
0.263775407	0.0625291830462159	0.05
0.272151172	0.0572182485680248	0.05
0.287097646	0.0668742165613696	0.05
0.295749179	0.0643202225994931	0.05
0.296044019	0.0643202225994931	0.05
0.296834617	0.0643202225994931	0.05
0.296839561	0.0643202225994931	0.05
0.296839653	0.0643202225994931	0.05
0.296874128	0.0643202225994931	0.05
0.296879772	0.0643202225994931	0.05
0.296919994	0.0643202225994931	0.05
0.296960227	0.0643202225994931	0.05
0.297156652	0.0643202225994931	0.05
0.297242165	0.0643202225994931	0.05
0.297345093	0.0643202225994931	0.05
0.29736316	0.0643202225994931	0.05
0.297631463	0.0643202225994931	0.05
0.298033592	0.0643202225994931	0.05
0.298062423	0.0643202225994931	0.05
0.298432807	0.0643202225994931	0.05
0.298682719	0.0643202225994931	0.05
0.29926506	0.0643202225994931	0.05
0.300128238	0.0643202225994931	0.05
0.302443572	0.0625291830462159	0.05
0.302452098	0.0625291830462159	0.05
0.302493847	0.0625291830462159	0.05
0.302535608	0.0625291830462159	0.05
0.302694303	0.0625291830462159	0.05
0.302757814	0.0625291830462159	0.05
0.303037639	0.0625291830462159	0.05
0.303062807	0.0625291830462159	0.05
0.303998368	0.0625291830462159	0.05
0.304168238	0.0625291830462159	0.05
0.305094409	0.0631150095768102	0.05
0.306464617	0.061954131655947	0.05
0.307314933	0.0597559428217151	0.05
0.308759935	0.0597559428217151	0.05
0.319078068	0.061954131655947	0.04
0.320217262	0.061954131655947	0.04
0.320290117	0.061954131655947	0.04
0.322066605	0.0675447242607629	0.03
0.322435043	0.0675447242607629	0.03
0.322777267	0.0675447242607629	0.03
0.323097253	0.0675447242607629	0.03
0.324596864	0.0675447242607629	0.03
0.330254195	0.0577083965243087	0.04
0.333944256	0.0562625139474953	0.04
0.334029253	0.0562625139474953	0.04
0.338071632	0.0700416695132044	0.05
0.340262381	0.0678470628591209	0.05
0.343706753	0.0678470628591209	0.05
0.345554528	0.067319732719774	0.05
0.350684009	0.0662892875460036	0.06
0.351815198	0.0662892875460036	0.06
0.356200611	0.0657858046726409	0.06
0.356206548	0.0657858046726409	0.06
0.356490553	0.0652899122915479	0.06
0.357086112	0.0782698435036138	0.06
0.362945858	0.0624647618236663	0.07
0.363236679	0.0624647618236663	0.07
0.363936107	0.0624647618236663	0.07
0.366130409	0.0633789151515426	0.07
0.367161303	0.0762039757823344	0.07
0.367663989	0.0797104618661688	0.07
0.37384574	0.0724655774317676	0.08
0.381649088	0.0608774750950842	0.07
0.382008897	0.0608774750950842	0.07
0.386863037	0.054487767230502	0.06
0.389222512	0.0663674312806124	0.06
0.389299853	0.0663674312806124	0.06
0.389825341	0.0663674312806124	0.06
0.395214438	0.071643405023341	0.06
0.398731854	0.0725228588237478	0.05
0.403209246	0.0725228588237478	0.05
0.415094538	0.0841761750542448	0.04
0.415772448	0.0557965204261023	0.03
0.416416237	0.0575850739523296	0.03
0.418471182	0.0732173666706998	0.03
0.423143546	0.0732173666706998	0.03
0.438307149	0.0816924998998535	0.01
0.440316292	0.0804508425535294	0.01
0.441698853	0.0804508425535294	0.01
0.444236336	0.0760495707469509	0.01
0.444499874	0.0729457055389625	0.01
0.444770984	0.072104886113514	0.01
0.445049535	0.072104886113514	0.01
0.445117302	0.0822851514427298	0.01
0.445185067	0.0822851514427298	0.01
0.445185068	0.0822851514427298	0.01
0.445245414	0.0822851514427298	0.01
0.445252832	0.0822851514427298	0.01
0.445252833	0.0822851514427298	0.01
0.445252835	0.0822851514427298	0.01
0.44531318	0.0822851514427298	0.01
0.445313187	0.0822851514427298	0.01
0.44531319	0.0822851514427298	0.01
0.445373562	0.0822851514427298	0.01
0.445433949	0.0822851514427298	0.01
0.445479567	0.0822851514427298	0.01
0.445494353	0.0822851514427298	0.01
0.445540001	0.0822851514427298	0.01
0.445554774	0.0818187768686729	0.01
0.445615211	0.0818187768686729	0.01
0.445653547	0.0818187768686729	0.01
0.445675664	0.0818187768686729	0.01
0.445736134	0.086799904525213	0.01
0.445849774	0.10086473652736	0.01
0.445917642	0.10086473652736	0.01
0.445970843	0.10086473652736	0.01
0.446319857	0.10086473652736	0.01
0.446341735	0.10086473652736	0.01
0.446395102	0.10086473652736	0.01
0.446455777	0.10086473652736	0.01
0.446772341	0.0997641055418203	0.01
0.446888185	0.0986872353408665	0.01
0.446967543	0.0986872353408665	0.01
0.447158639	0.0986872353408665	0.01
0.447542535	0.0986872353408665	0.01
0.447649603	0.0986872353408665	0.01
0.447928306	0.0981574713773987	0.01
0.448701687	0.10514569819328	0.01
0.448791313	0.10514569819328	0.01
0.452986292	0.10514569819328	0.01
0.453102774	0.10514569819328	0.01
0.453312195	0.10514569819328	0.01
0.453607731	0.10514569819328	0.01
0.453670383	0.10514569819328	0.01
0.45367678	0.10514569819328	0.01
0.453739439	0.10514569819328	0.01
0.453789353	0.10514569819328	0.01
0.453802119	0.10514569819328	0.01
0.453864805	0.10514569819328	0.01
0.453864814	0.10514569819328	0.01
0.453927527	0.10514569819328	0.01
0.453990257	0.10514569819328	0.01
0.454115767	0.10514569819328	0.01
0.454131662	0.10514569819328	0.01
0.454159539	0.10514569819328	0.01
0.454228692	0.10514569819328	0.01
0.454266222	0.105695594457128	0.01
0.454278877	0.105695594457128	0.01
0.454297847	0.105695594457128	0.01
0.454379121	0.105695594457128	0.01
0.454423548	0.105695594457128	0.01
0.454543029	0.106251272710224	0.01
0.454637485	0.106251272710224	0.01
0.455078808	0.109119671761975	0.01
0.455550168	0.131481706078729	0.01
0.455678249	0.100442596973082	0.02
0.455755613	0.100442596973082	0.02
0.455804735	0.100442596973082	0.02
0.456455968	0.100442596973082	0.02
0.456880284	0.100442596973082	0.02
0.457901934	0.0999458729404545	0.02
0.458022431	0.0999458729404545	0.02
0.458619789	0.0984847476074354	0.02
0.458664131	0.0984847476074354	0.02
0.459124851	0.0975341687880639	0.02
0.460382332	0.0980071533179237	0.02
0.46499053	0.0961422158773741	0.02
0.473676694	0.0893420079345694	0.03
0.474072423	0.0893420079345694	0.03
0.477096915	0.089421068138802	0.03
0.478409458	0.0947006011322046	0.03
0.478419311	0.0947006011322046	0.03
0.478888149	0.096601764597857	0.03
0.483511101	0.0820846271804359	0.04
0.483988273	0.0820846271804359	0.04
0.484225862	0.0820846271804359	0.04
0.484458594	0.08241937946108	0.04
0.484927676	0.0830971423718585	0.04
0.485802156	0.0932585269516535	0.04
0.485999254	0.0890392286769071	0.04
0.486776039	0.096601764597857	0.04
0.489107131	0.0818187768686729	0.04
0.489424331	0.0818187768686729	0.04
0.499369323	0.0845750581938474	0.05
0.50407637	0.089421068138802	0.05
0.511690912	0.081587566462602	0.06
0.514553924	0.0919851415659728	0.06
0.514645345	0.0928728247748178	0.06
0.514742139	0.0928728247748178	0.06
0.514839037	0.0928728247748178	0.06
0.514971335	0.0928728247748178	0.06
0.51502476	0.0928728247748178	0.06
0.515124567	0.0757044367985478	0.06
0.516063638	0.0846991152861383	0.07
0.518492841	0.077223095621085	0.07
0.520735072	0.0782698435036138	0.07
0.534308248	0.0363679956273232	0.06
0.534453117	0.0360276291907557	0.06
0.534888196	0.0360276291907557	0.06
0.539174229	0.0551118259806211	0.06
0.543234343	0.0540795209344079	0.06
0.544416783	0.0561843085815125	0.06
0.556807604	0.0928728247748178	0.05
0.566766402	0.0902597273852566	0.06
0.568776608	0.0902597273852566	0.06
0.572491616	0.0911142667447146	0.06
0.574371638	0.0911142667447146	0.06
0.57444178	0.0911142667447146	0.06
0.583655412	0.0811290438619631	0.07
0.59079165	0.093777807730406	0.06
0.593573546	0.093777807730406	0.06
0.593673806	0.093777807730406	0.06
0.593673808	0.093777807730406	0.06
0.593754277	0.093777807730406	0.06
0.593754278	0.093777807730406	0.06
0.59375428	0.093777807730406	0.06
0.593834769	0.093777807730406	0.06
0.594036974	0.093777807730406	0.06
0.594152812	0.093777807730406	0.06
0.594318181	0.0928728247748178	0.07
0.595015574	0.0928728247748178	0.07
0.595196772	0.0928728247748178	0.07
0.597117526	0.0928728247748178	0.07
0.602148457	0.0885978504244682	0.07
0.602674298	0.0885978504244682	0.07
0.604813246	0.0749672885834106	0.07
0.604905308	0.077223095621085	0.07
0.604988853	0.077223095621085	0.07
0.605724938	0.077223095621085	0.07
0.606051871	0.077223095621085	0.07
0.60631275	0.077223095621085	0.07
0.606404306	0.077223095621085	0.07
0.606824709	0.077223095621085	0.07
0.607971158	0.077223095621085	0.07
0.608756287	0.077223095621085	0.07
0.630942519	0.0749672885834106	0.07
0.635412418	0.0749672885834106	0.07
0.636066531	0.0749672885834106	0.07
0.63624959	0.0749672885834106	0.07
0.636422142	0.0749672885834106	0.07
0.637031954	0.0764562256297038	0.07
0.637881775	0.0764562256297038	0.07
0.641599528	0.073613357607584	0.08
0.644129804	0.0728395322666444	0.07
0.64559646	0.0735352359787355	0.07
0.648110758	0.0804508425535294	0.07
0.65703705	0.0768803737212301	0.07
0.667472678	0.0755393760181681	0.08
0.667879263	0.0755393760181681	0.08
0.671132308	0.0742443574332646	0.08
0.678915807	0.0683827196064387	0.09
0.680410924	0.0683827196064387	0.09
0.680589305	0.0683827196064387	0.09
0.68060848	0.0683827196064387	0.09
0.680786967	0.0683827196064387	0.09
0.692614054	0.0958615835260596	0.1
0.696262833	0.0860453960924455	0.1
0.697379755	0.0860453960924455	0.1
0.712354258	0.0860453960924455	0.11
0.712401774	0.0860453960924455	0.11
0.713541741	0.0869087729748402	0.11
0.71365913	0.0869087729748402	0.11
0.714295462	0.0869087729748402	0.11
0.715653707	0.0827568732526936	0.12
0.715679053	0.0827568732526936	0.12
0.717816093	0.083555211202479	0.12
0.719314887	0.083555211202479	0.12
0.725979546	0.081205106057117	0.13
0.726772429	0.081205106057117	0.13
0.72717465	0.0819736465457302	0.13
0.742183791	0.0723829972084963	0.14
0.7500464	0.0422795725801412	0.14
0.756100951	0.0459100389980163	0.13
0.762884543	0.118027817492236	0.13
0.763387603	0.120557300961838	0.13
0.763491091	0.119944022503212	0.13
0.765321243	0.119367159537004	0.13
0.7676628	0.117616562230815	0.13
0.779184816	0.118777865513952	0.12
0.779976345	0.117329775939828	0.12
0.793117932	0.128051920940734	0.1
0.794958533	0.130009991194858	0.1
0.797194853	0.125927181634883	0.1
0.817085993	0.130934104161734	0.08
0.828284953	0.132777432246436	0.07
0.849686346	0.124694404638974	0.05
0.861362559	0.134752343627611	0.03
0.861783488	0.131610139577481	0.03
0.864973627	0.133537781087999	0.03
0.866065884	0.129931979101247	0.03
0.870144812	0.123626532967511	0.03
0.875954975	0.130716338452256	0.02
0.87832845	0.129156976652548	0.02
0.880342154	0.123626532967511	0.02
0.882218863	0.13436641755993	0.01
0.882485476	0.133899048555549	0.01
0.883236842	0.141458535946907	0.01
0.883671839	0.140054921657171	0.01
0.885048106	0.139114236573213	0.01
0.885800269	0.13648370935698	0.01
0.886381245	0.136054929619212	0.01
0.887670141	0.13436641755993	0.01
0.888863234	0.133537781087999	0.01
0.889014569	0.133127283715594	0.01
0.889209764	0.133127283715594	0.01
0.889576687	0.131910795738898	0.01
0.889752182	0.131910795738898	0.01
0.890068113	0.129931979101247	0.01
0.890083013	0.129931979101247	0.01
0.890218544	0.129543318759957	0.01
0.890228158	0.129543318759957	0.01
0.890309475	0.128772932099416	0.01
0.890354074	0.129156976652548	0.01
0.890354075	0.129156976652548	0.01
0.890419078	0.129156976652548	0.01
0.890459913	0.129156976652548	0.01
0.890474761	0.129156976652548	0.01
0.890489605	0.129156976652548	0.01
0.890489606	0.129156976652548	0.01
0.890595481	0.129156976652548	0.01
0.89061031	0.129156976652548	0.01
0.890610311	0.129156976652548	0.01
0.890716233	0.128772932099416	0.01
0.890731048	0.128772932099416	0.01
0.890731049	0.128772932099416	0.01
0.890822213	0.128772932099416	0.01
0.890851819	0.128772932099416	0.01
0.890928251	0.128772932099416	0.01
0.890957836	0.128772932099416	0.01
0.890972622	0.128772932099416	0.01
0.890972623	0.128772932099416	0.01
0.891093459	0.128011654160091	0.01
0.89119957	0.128011654160091	0.01
0.891214328	0.128011654160091	0.01
0.891244043	0.128011654160091	0.01
0.891246709	0.128011654160091	0.01
0.891320486	0.128011654160091	0.01
0.89133523	0.128011654160091	0.01
0.891382479	0.128011654160091	0.01
0.891441435	0.128011654160091	0.01
0.891577132	0.128011654160091	0.01
0.891686849	0.128011654160091	0.01
0.891698132	0.128011654160091	0.01
0.891881522	0.128011654160091	0.01
0.892017347	0.127634380626414	0.01
0.892182462	0.127259324344984	0.01
0.892215798	0.127259324344984	0.01
0.892307805	0.127259324344984	0.01
0.892546055	0.127634380626414	0.01
0.89273031	0.127634380626414	0.01
0.892793389	0.127634380626414	0.01
0.893016766	0.131782689210553	0.01
0.893142511	0.131782689210553	0.01
0.893172464	0.131019245072175	0.01
0.893320622	0.132167757448624	0.01
0.893395592	0.132167757448624	0.01
0.89420355	0.131019245072175	0.01
0.89422449	0.131019245072175	0.01
0.894232534	0.131019245072175	0.01
0.894332391	0.131019245072175	0.01
0.894482721	0.131019245072175	0.01
0.894511483	0.131019245072175	0.01
0.894913415	0.131019245072175	0.01
0.894970751	0.131019245072175	0.01
0.895300675	0.131399858232189	0.01
0.89539422	0.130640830513761	0.01
0.895524497	0.130640830513761	0.01
0.895638516	0.130264595561566	0.01
0.895840307	0.130640830513761	0.01
0.89592425	0.130640830513761	0.01
0.896928207	0.129518589582145	0.01
0.89693811	0.129518589582145	0.01
0.897197773	0.128781079478856	0.01
0.898485328	0.10094428303439	0.01
0.898662437	0.0998753131384281	0.01
0.898755243	0.0994540376818376	0.01
0.898920463	0.0986220592532102	0.01
0.899310528	0.0971991081542462	0.01
0.899325427	0.0971991081542462	0.01
0.899413875	0.100149810157551	0.01
0.899974537	0.0997427645990028	0.01
0.900031532	0.099540480090162	0.01
0.900113547	0.0997427645990028	0.01
0.900307304	0.099540480090162	0.01
0.900690942	0.0667537337179016	0.01
0.901007608	0.0524106166082813	0.01
0.901947653	0.0450152760200483	0.01
0.902162268	0.0450152760200483	0.01
0.902291602	0.0457282520554319	0.01
0.902860993	0.038708430612566	0.01
0.902932441	0.038708430612566	0.01
0.903166806	0.0393413767854862	0.01
0.903685884	0.0319862924935389	0.01
0.904039961	0.0318539531660582	0.01
0.905345526	0.0288216929463652	0.01
0.905541598	0.0291964278008628	0.01
0.906197141	0.0289455311487343	0.01
0.906508268	0.0288216929463652	0.01
0.906922556	0.0285771684872302	0.01
0.906983581	0.0289455311487343	0.01
0.907060652	0.0289455311487343	0.01
0.907198748	0.0290704381348507	0.01
0.907199842	0.0290704381348507	0.01
0.907324045	0.0290704381348507	0.01
0.907336843	0.0290704381348507	0.01
0.907336844	0.0290704381348507	0.01
0.907449378	0.0290704381348507	0.01
0.90746216	0.0290704381348507	0.01
0.9075492	0.0290704381348507	0.01
0.907574745	0.0290704381348507	0.01
0.907587512	0.0290704381348507	0.01
0.907674633	0.0290704381348507	0.01
0.907700146	0.0290704381348507	0.01
0.907712898	0.0290704381348507	0.01
0.907951053	0.0290704381348507	0.01
0.907963773	0.0290704381348507	0.01
0.908076559	0.0290704381348507	0.01
0.908089263	0.0290704381348507	0.01
0.908089264	0.0290704381348507	0.01
0.908151307	0.0290704381348507	0.01
0.90817671	0.0290704381348507	0.01
0.908189407	0.0290704381348507	0.01
0.908453284	0.0290704381348507	0.01
0.908566283	0.0289455311487343	0.01
0.908577365	0.0289455311487343	0.01
0.908578929	0.0289455311487343	0.01
0.908691978	0.0290704381348507	0.01
0.908816452	0.0291964278008628	0.01
0.908855181	0.0289455311487343	0.01
0.908956071	0.0290704381348507	0.01
0.909195105	0.0289455311487343	0.01
0.909270732	0.0289455311487343	0.01
0.909308419	0.0289455311487343	0.01
0.909346075	0.0291964278008628	0.01
0.90938549	0.0291964278008628	0.01
0.909409249	0.0291964278008628	0.01
0.909620416	0.0293235142848681	0.01
0.909642167	0.0293235142848681	0.01
0.909914657	0.0290704381348507	0.01
0.910014581	0.0290704381348507	0.01
0.910051995	0.029451711972202	0.01
0.910267	0.0295810355008663	0.01
0.910467776	0.0298431199311012	0.01
0.911049792	0.0302450714954781	0.01
0.911062134	0.0302450714954781	0.01
0.91113001	0.0302450714954781	0.01
0.911351929	0.0302450714954781	0.01
0.911383512	0.0302450714954781	0.01
0.911404622	0.0302450714954781	0.01
0.911518912	0.0302450714954781	0.01
0.911632099	0.0302450714954781	0.01
0.911747931	0.0302450714954781	0.01
0.911776598	0.0302450714954781	0.01
0.912015459	0.0302450714954781	0.01
0.912776305	0.0301098899483755	0.01
0.912811242	0.0342639195343749	0.01
0.912967277	0.0261547792493847	0.01
0.913630289	0.0261547792493847	0.01
0.913751419	0.0262737866987223	0.01
0.914870556	0.0306579985115146	0.01
0.915026039	0.0306579985115146	0.01
0.915559183	0.0307981578918576	0.01
0.916024822	0.0307981578918576	0.01
0.916208994	0.0309396046930965	0.01
0.916688985	0.0310823567353002	0.01
0.918483627	0.0389792323399001	0.02
0.918816837	0.0392684105626102	0.02
0.918837351	0.0392684105626102	0.02
0.919120121	0.0394146146761425	0.02
0.919655338	0.0398598329669507	0.02
0.919822583	0.0398598329669507	0.02
0.920002472	0.0401622754284274	0.02
0.921783065	0.0414193784143694	0.02
0.922071236	0.0415820713441486	0.02
0.922504312	0.042077910157617	0.02
0.922763582	0.042077910157617	0.02
0.922787758	0.042077910157617	0.02
0.923268187	0.0348323175123581	0.02
0.923473233	0.0348323175123581	0.02
0.924160807	0.0352576872662157	0.02
0.924412009	0.0352576872662157	0.02
0.924507726	0.0352576872662157	0.02
0.925553967	0.0356935746299913	0.02
0.926193857	0.0356935746299913	0.02
0.927872541	0.0489098958982411	0.02
0.929379518	0.0365563747324356	0.03
0.93064775	0.0371986471238341	0.03
0.93220206	0.0378638917627823	0.03
0.933174706	0.0318832671822811	0.03
0.934071327	0.0323597387341926	0.03
0.934700606	0.0320010647726781	0.03
0.938446291	0.0379026251502002	0.03
0.938770844	0.0396890450840314	0.03
0.941112169	0.0339316985927823	0.03
0.942896738	0.0308333982059373	0.03
0.944027825	0.031592532775324	0.03
0.950306111	0.0353656579835397	0.03
0.951999424	0.0356935746299913	0.03
0.954119877	0.028617634023	0.03
0.954191796	0.0192621685789607	0.03
0.955985355	0.0388647500963063	0.04
0.956766863	0.0401622754284274	0.04
0.957016096	0.0401622754284274	0.04
0.957077957	0.0401622754284274	0.04
0.957486775	0.0401622754284274	0.04
0.958321379	0.0401622754284274	0.04
0.959642592	0.0419113218546334	0.04
0.959665139	0.0422795725801412	0.04
0.959857154	0.0426543518839727	0.04
0.960039043	0.0434242032167969	0.04
0.964446178	0.028617634023	0.04
0.964458654	0.028617634023	0.04
0.966290332	0.0395028608874145	0.05
0.966980912	0.0401622754284274	0.05
0.966986309	0.0401622754284274	0.05
0.967144414	0.0401622754284274	0.05
0.967297223	0.0401622754284274	0.05
0.967297226	0.0401622754284274	0.05
0.967302571	0.0401622754284274	0.05
0.967302572	0.0401622754284274	0.05
0.967460779	0.0401622754284274	0.05
0.96746078	0.0401622754284274	0.05
0.967608447	0.0401622754284274	0.05
0.96761904	0.0401622754284274	0.05
0.967619041	0.0401622754284274	0.05
0.967925221	0.0401622754284274	0.05
0.967935716	0.0401622754284274	0.05
0.968083686	0.0401622754284274	0.05
0.968088909	0.0401622754284274	0.05
0.968237002	0.0401622754284274	0.05
0.968861479	0.041549430590703	0.05
0.969035555	0.041549430590703	0.05
0.969666194	0.0422795725801412	0.05
0.970292984	0.0426543518839727	0.05
0.974203145	0.0272663069924985	0.05
0.97801719	0.0471966049105457	0.06
0.978183481	0.0471966049105457	0.06
0.985118954	0.0277912286325165	0.05
0.9860103	0.0277912286325165	0.05
1.019804062	0.0503100694496081	0.07
1.023898132	0.0526015925110129	0.07
1.028094642	0.0503100694496081	0.08
1.029078227	0.0503100694496081	0.08
1.029637844	0.0503100694496081	0.08
1.030020301	0.0503100694496081	0.08
1.030392053	0.0512022952144939	0.08
1.030958443	0.0512022952144939	0.08
1.031531241	0.0512022952144939	0.08
1.032104884	0.0526015925110129	0.08
1.033463082	0.0507522612983023	0.08
1.034376329	0.0521267387677803	0.08
1.034854243	0.0521267387677803	0.08
1.036124234	0.0689269017484117	0.08
1.039046839	0.0742443574332646	0.08
1.041709188	0.077223095621085	0.08
1.043349328	0.077223095621085	0.08
1.049025044	0.069549552879969	0.09
1.054783865	0.0742443574332646	0.09
1.056246636	0.0742443574332646	0.09
1.058571278	0.069549552879969	0.1
1.067971123	0.0683153004174724	0.11
1.068168044	0.0683153004174724	0.11
1.068277144	0.0683153004174724	0.11
1.06860264	0.0689269017484117	0.11
1.068892568	0.0689269017484117	0.11
1.070326964	0.0714868830437937	0.11
1.113082372	0.106302078778468	0.13
1.113233383	0.106302078778468	0.13
1.115076799	0.106302078778468	0.13
1.116382888	0.096601764597857	0.13
1.125633627	0.096601764597857	0.12
1.127882011	0.0947006011322046	0.12
1.133988353	0.0919851415659728	0.12
1.134317617	0.0919851415659728	0.12
1.137302108	0.0919851415659728	0.12
1.162829766	0.0854511684600937	0.14
1.183360064	0.0782698435036138	0.16
1.187305519	0.0811290438619631	0.15
1.187446683	0.0811290438619631	0.15
1.18762744	0.078482607580577	0.15
1.192009701	0.0791278972580002	0.15
1.192075895	0.0791278972580002	0.15
1.192725439	0.077847757470226	0.15
1.203309389	0.0825203382119381	0.14
1.208724051	0.0637119169639564	0.13
1.208769953	0.0637119169639564	0.13
1.209768181	0.0637119169639564	0.13
1.209825949	0.0637119169639564	0.13
1.210085375	0.0631150095768102	0.13
1.210771389	0.0631150095768102	0.13
1.212614931	0.061954131655947	0.13
1.224141399	0.0613895608334055	0.12
1.22465873	0.0613895608334055	0.12
1.225416562	0.0613895608334055	0.12
1.226416878	0.0613895608334055	0.12
1.226767373	0.0613895608334055	0.12
1.245566855	0.0627475891116605	0.12
1.246668032	0.0632631853989267	0.12
1.248955951	0.0632631853989267	0.12
1.265568721	0.0671240911096581	0.1
1.270060331	0.0654131831830606	0.1
1.270253663	0.0654131831830606	0.1
1.270604589	0.0654131831830606	0.1
1.275739262	0.0689269017484117	0.09
1.285172518	0.0723829972084963	0.1
1.297280078	0.0668742165613696	0.09
1.302603198	0.0649402561136229	0.1
1.33510162	0.0675447242607629	0.12
1.335485912	0.0675447242607629	0.12
1.335508208	0.0675447242607629	0.12
1.335711503	0.0675447242607629	0.12
1.335892556	0.0675447242607629	0.12
1.336051433	0.0675447242607629	0.12
1.33625481	0.0675447242607629	0.12
1.33638917	0.0675447242607629	0.12
1.336413828	0.0675447242607629	0.12
1.336595099	0.066216890099129	0.12
1.336979907	0.066216890099129	0.12
1.337117106	0.066216890099129	0.12
1.337161305	0.066216890099129	0.12
1.337524247	0.066216890099129	0.12
1.337529375	0.066216890099129	0.12
1.337887386	0.066216890099129	0.12
1.340005107	0.066216890099129	0.12
1.342315002	0.066216890099129	0.12
1.343443085	0.066216890099129	0.12
1.350085516	0.066216890099129	0.13
1.360533959	0.0860453960924455	0.13
1.360774481	0.0860453960924455	0.13
1.360981621	0.0860453960924455	0.13
1.36116959	0.0860453960924455	0.13
1.361338457	0.0860453960924455	0.13
1.361545683	0.0860453960924455	0.13
1.361952473	0.0860453960924455	0.13
1.362110213	0.0860453960924455	0.13
1.362279458	0.0860453960924455	0.13
1.364721715	0.0851990045440609	0.13
1.368578346	0.0851990045440609	0.13
1.369020462	0.0851990045440609	0.13
1.369707356	0.0851990045440609	0.13
1.377139612	0.0782698435036138	0.14
1.377274175	0.0782698435036138	0.14
1.384187356	0.0762039757823344	0.14
1.38563755	0.0851990045440609	0.13
1.418305639	0.0869087729748402	0.14
1.430594094	0.0851990045440609	0.13
1.434752614	0.0860453960924455	0.13
1.440102642	0.0860453960924455	0.12
1.450462129	0.083555211202479	0.12
1.450928234	0.083555211202479	0.12
1.454003033	0.083555211202479	0.12
1.45657643	0.083555211202479	0.13
1.484067531	0.0819736465457302	0.15
1.484117024	0.0819736465457302	0.15
1.485393153	0.0827568732526936	0.15
1.485917469	0.0819736465457302	0.16
1.494140559	0.081205106057117	0.16
1.502972103	0.081205106057117	0.17
1.512194724	0.081205106057117	0.18
1.512821455	0.081205106057117	0.18
1.515375804	0.0819736465457302	0.18
1.516740221	0.081205106057117	0.19
1.517647523	0.081205106057117	0.19
1.523536021	0.081205106057117	0.19
1.558319819	0.124209043608327	0.23
1.55916507	0.123639138139702	0.23
1.56916589	0.137466806604115	0.22
1.595407686	0.129834595541259	0.19
1.611568792	0.18287982899667	0.17
1.652341299	0.131279425919605	0.14
1.718627381	0.164310061101443	0.07
1.730827961	0.154586363462156	0.06
1.745720251	0.16292734625756	0.04
1.758275756	0.167317054193829	0.03
1.77492366	0.158609071623018	0.02
1.77861633	0.177036756705209	0.01
1.780115455	0.165799924854899	0.01
1.780627841	0.165799924854899	0.01
1.780657571	0.165799924854899	0.01
1.780657572	0.165799924854899	0.01
1.780839524	0.164310061101443	0.01
1.780928629	0.164310061101443	0.01
1.78092863	0.164310061101443	0.01
1.781081012	0.164310061101443	0.01
1.781140367	0.164310061101443	0.01
1.781170031	0.164310061101443	0.01
1.781170032	0.164310061101443	0.01
1.781381862	0.164310061101443	0.01
1.781411498	0.164310061101443	0.01
1.781411499	0.164310061101443	0.01
1.781623424	0.164310061101443	0.01
1.781653031	0.164310061101443	0.01
1.7818108	0.164310061101443	0.01
1.781894629	0.164310061101443	0.01
1.782378022	0.16284673446089	0.01
1.782531315	0.16284673446089	0.01
1.782619816	0.16284673446089	0.01
1.783103602	0.16284673446089	0.01
1.783345594	0.16284673446089	0.01
1.783587651	0.16284673446089	0.01
1.783829774	0.16284673446089	0.01
1.783925287	0.16284673446089	0.01
1.784013316	0.16284673446089	0.01
1.784314217	0.16284673446089	0.01
1.78446873	0.16284673446089	0.01
1.784933025	0.16284673446089	0.01
1.785988286	0.169960900608822	0.01
1.787927091	0.16416254606049	0.01
1.788266632	0.16416254606049	0.01
1.788780487	0.165574725211073	0.01
1.789358594	0.165574725211073	0.01
1.789747139	0.162774252015879	0.01
1.790033715	0.162774252015879	0.01
1.790095821	0.162774252015879	0.01
1.790737455	0.165799924854899	0.01
1.792147241	0.156170709632772	0.02
1.794856772	0.129834595541259	0.02
1.795060195	0.125598492328978	0.02
1.796645824	0.113056915230385	0.02
1.796669094	0.113056915230385	0.02
1.796696941	0.113056915230385	0.02
1.799436111	0.127540409453874	0.02
1.801889818	0.0482098664794823	0.02
1.808733518	0.122045354981557	0.03
1.812688451	0.0612500222162905	0.03
1.813240824	0.0622403291244744	0.03
1.814069382	0.0671240911096581	0.03
1.814069384	0.0671240911096581	0.03
1.814345569	0.0677144573333013	0.03
1.814596154	0.0689269017484117	0.03
1.814621756	0.0689269017484117	0.03
1.814621757	0.0689269017484117	0.03
1.814846808	0.0689269017484117	0.03
1.814872379	0.0689269017484117	0.03
1.815039963	0.0701835559970362	0.03
1.815123071	0.0701835559970362	0.03
1.815169565	0.0701835559970362	0.03
1.815322808	0.0701835559970362	0.03
1.815373832	0.0701835559970362	0.03
1.815624663	0.0701835559970362	0.03
1.815850116	0.0701835559970362	0.03
1.815875562	0.0701835559970362	0.03
1.816101116	0.061954131655947	0.03
1.816377569	0.061954131655947	0.03
1.81637757	0.061954131655947	0.03
1.816628678	0.061954131655947	0.03
1.817382419	0.061954131655947	0.03
1.817399416	0.061954131655947	0.03
1.817633804	0.061954131655947	0.03
1.818036082	0.0625291830462159	0.03
1.818363245	0.0637119169639564	0.03
1.819217405	0.0643202225994931	0.03
1.819410514	0.0655723599705309	0.03
1.819581019	0.0655723599705309	0.03
1.81989941	0.066216890099129	0.03
1.820606159	0.121452965010544	0.04
1.82134289	0.0737700998900291	0.04
1.823267442	0.0607665930815002	0.04
1.823345161	0.0607665930815002	0.04
1.824280416	0.0654131831830606	0.04
1.824759677	0.0671240911096581	0.04
1.824985083	0.0683153004174724	0.04
1.828541204	0.061954131655947	0.04
1.828939845	0.0625291830462159	0.04
1.829051906	0.0625291830462159	0.04
1.829613575	0.0637119169639564	0.04
1.836263396	0.0592305543618836	0.05
1.83758722	0.0592305543618836	0.05
1.842215909	0.066216890099129	0.05
1.860668056	0.0637119169639564	0.07
1.860714054	0.0637119169639564	0.07
1.872927722	0.0572993608680174	0.07
1.876458705	0.0567363566607947	0.07
1.917919203	0.0551118259806211	0.11
1.919145255	0.0556428999006643	0.11
1.932723098	0.061954131655947	0.12
1.933588634	0.0631150095768102	0.12
1.937910579	0.0587143240618955	0.13
1.938319698	0.0587143240618955	0.13
1.945075766	0.0791278972580002	0.14
1.956133657	0.0791278972580002	0.15
1.95745413	0.0791278972580002	0.15
2.03833515	0.0979121897751493	0.23
2.039242563	0.0985808255726757	0.23
2.045755957	0.136915200254265	0.23
2.04617014	0.142314290400702	0.23
2.049316864	0.0972525630709431	0.24
2.057190684	0.143731258753061	0.24
2.060706206	0.0972525630709431	0.25
2.067556414	0.096601764597857	0.26
2.077371996	0.143731258753061	0.26
2.077653506	0.096601764597857	0.27
2.07768814	0.096601764597857	0.27
2.077935092	0.096601764597857	0.27
2.112854786	0.0934741934347248	0.3
2.114638141	0.109001965450752	0.3
2.116340052	0.130716338452256	0.3
2.117539144	0.136915200254265	0.3
2.119081815	0.106302078778468	0.3
2.122322709	0.092279144493424	0.31
2.130868897	0.092279144493424	0.32
2.175983465	0.128391164666185	0.36
2.201956234	0.092279144493424	0.39
2.21647999	0.131910795738898	0.4
2.225736601	0.123980452116258	0.41
2.22607531	0.127259324344984	0.41
2.226678687	0.131910795738898	0.41
2.230993963	0.0959995022303957	0.42
2.244892022	0.15702005657452	0.43
2.268175967	0.176183857652796	0.41
2.279085054	0.183169890648548	0.4
2.287430653	0.183169890648548	0.39
2.36737444	0.208553865343275	0.31
2.396315913	0.201676965916179	0.29
2.401471639	0.207222651330218	0.29
2.416816988	0.216721651702136	0.3
2.634889835	0.205214143618032	0.1
2.644514931	0.205214143618032	0.09
2.64482266	0.205214143618032	0.09
2.65353762	0.190104876880636	0.08
2.664122924	0.205214143618032	0.07
2.669724846	0.190104876880636	0.06
2.670697515	0.190104876880636	0.06
2.67074212	0.190104876880636	0.06
2.670831293	0.190104876880636	0.06
2.671148642	0.190104876880636	0.06
2.671193019	0.190104876880636	0.06
2.671193179	0.190104876880636	0.06
2.671237545	0.190104876880636	0.06
2.671237705	0.190104876880636	0.06
2.671599646	0.190104876880636	0.06
2.671872794	0.190104876880636	0.06
2.671961685	0.190104876880636	0.06
2.672323822	0.190104876880636	0.06
2.672686057	0.190104876880636	0.06
2.67300408	0.190104876880636	0.06
2.673366554	0.190104876880636	0.06
2.673410821	0.190104876880636	0.06
2.674201502	0.205214143618032	0.06
2.675906626	0.197554930701915	0.06
2.67595059	0.197554930701915	0.06
2.679587204	0.190104876880636	0.05
2.68050645	0.190104876880636	0.05
2.681604422	0.190104876880636	0.05
2.684222358	0.205214143618032	0.05
2.690797174	0.199415629406077	0.05
2.690995907	0.199415629406077	0.05
2.692790444	0.188749072417274	0.05
2.703341222	0.186766931568546	0.04
2.714352711	0.172039731685327	0.05
2.716197088	0.172039731685327	0.05
2.720992773	0.153370784530699	0.05
2.721339166	0.185056769247082	0.06
2.721753239	0.185056769247082	0.06
2.72212898	0.185056769247082	0.06
2.722504826	0.185056769247082	0.06
2.725138453	0.168862204500186	0.06
2.725892101	0.168862204500186	0.06
2.727362573	0.168862204500186	0.06
2.728457177	0.168862204500186	0.06
2.733911556	0.181728711201529	0.07
2.734951629	0.167317054193829	0.07
2.741703646	0.180109170944025	0.08
2.742221604	0.180109170944025	0.08
2.767264537	0.165799924854899	0.1
2.784781798	0.1572451066103	0.12
2.795646082	0.1572451066103	0.13
2.814579483	0.1572451066103	0.15
2.874914635	0.153290425303137	0.21
2.885327778	0.152016034884875	0.22
2.901070252	0.148920875221667	0.23
3.017087015	0.16013034856	0.35
3.091199805	0.138226199503919	0.42
3.116410384	0.163697157572725	0.45
3.153761559	0.127741945956341	0.48
3.190582361	0.125724708028463	0.51
3.479484296	0.134098950842834	0.77
3.557717034	0.134098950842834	0.850000000000001
3.560201153	0.134098950842834	0.850000000000001
3.561648443	0.134098950842834	0.850000000000001
3.562131134	0.134098950842834	0.850000000000001
3.563861522	0.134098950842834	0.850000000000001
3.566965252	0.134098950842834	0.860000000000001
3.567214517	0.134098950842834	0.860000000000001
3.568359469	0.134098950842834	0.860000000000001
3.572497766	0.134098950842834	0.860000000000001
3.575584373	0.132777432246436	0.870000000000001
3.579984214	0.132777432246436	0.870000000000001
3.62901857	0.122924722121196	0.910000000000001
3.629519691	0.122924722121196	0.910000000000001
3.6300627	0.122924722121196	0.910000000000001
3.630972932	0.122924722121196	0.910000000000001
3.707141358	0.120866298006436	0.990000000000001
3.778072999	0.119862723153701	1.06
3.963711323	0.142314290400702	1.24
4.078052931	0.182332750288853	1.35
4.442577106	0.172039731685327	1.72
4.452121847	0.168473247601264	1.73
4.453328856	0.172039731685327	1.73
4.453932605	0.172039731685327	1.73
4.459832487	0.158871561737545	1.74
4.464002998	0.172039731685327	1.74
4.492707945	0.197730642749893	1.76
4.536342962	0.185056769247082	1.81
4.550359745	0.182332750288853	1.81
4.773228095	0.190283866399108	2.04
4.848628454	0.182332750288853	2.11
5.342582978	0.216945241847801	2.36999999999999
5.343307119	0.216945241847801	2.36999999999999
5.346842194	0.216945241847801	2.36999999999999
6.232084175	0.232524209885116	2.67999999999999
6.2338777	0.232524209885116	2.67999999999999
6.234722781	0.232524209885116	2.67999999999999
6.35095118	0.202688282947528	2.78999999999998
6.358499262	0.235876609651071	2.79999999999998
7	0.21566586170252	3.37999999999997
