thrs	post_p	finalwindow
0	0.119733402847742	0.21
0.03256001	0.103016736176789	0.2
0.070216248	0.103016736176789	0.16
0.082355146	0.0990389906364817	0.16
0.098963073	0.0930507682047796	0.16
0.103967892	0.090853449114634	0.16
0.106977596	0.090853449114634	0.16
0.115659216	0.0877453937101786	0.16
0.127200542	0.0867560980839188	0.16
0.128068503	0.0746382452295838	0.17
0.129609166	0.0715166068878405	0.17
0.129730945	0.0715166068878405	0.17
0.14705261	0.0742063726558982	0.15
0.148427326	0.0746382452295838	0.15
0.148447444	0.0746382452295838	0.15
0.148782099	0.0715166068878405	0.15
0.151339737	0.0697658914390084	0.15
0.155752372	0.0837220254950529	0.15
0.161204767	0.0697658914390084	0.14
0.172569069	0.0689475518607923	0.13
0.178062567	0.0752955625302385	0.12
0.178113806	0.0752955625302385	0.12
0.178140913	0.0752955625302385	0.12
0.181486006	0.0703398610702274	0.12
0.181824923	0.0703398610702274	0.12
0.186084933	0.0843117429996537	0.12
0.191788381	0.0709233532332379	0.11
0.194681585	0.0855164570847737	0.11
0.205298456	0.0880322072335739	0.1
0.206482242	0.0873894942962807	0.1
0.222049977	0.0833721382250849	0.08
0.22265244	0.0801055603981731	0.08
0.222656148	0.0801055603981731	0.08
0.222697977	0.0787638123787463	0.08
0.222924291	0.098136772214542	0.08
0.223196808	0.0973387157745698	0.08
0.226694446	0.0965535343572775	0.08
0.226728961	0.0965535343572775	0.08
0.226867021	0.0965535343572775	0.08
0.226929675	0.0965535343572775	0.08
0.226957829	0.0965535343572775	0.08
0.226982815	0.0965535343572775	0.08
0.227081991	0.0973387157745698	0.08
0.227177477	0.0973387157745698	0.08
0.227432153	0.0973387157745698	0.08
0.237068117	0.0676795691344343	0.07
0.241897099	0.0653793975096811	0.07
0.249436037	0.0581139518485767	0.06
0.256228734	0.0592648957338733	0.06
0.259750174	0.058683781071713	0.06
0.263775407	0.0544152821048115	0.06
0.272151172	0.0516003310757594	0.06
0.287097646	0.0430612165263692	0.06
0.296834617	0.0402249069018239	0.06
0.296839561	0.0402249069018239	0.06
0.296839653	0.0402249069018239	0.06
0.296874128	0.0402249069018239	0.06
0.296879772	0.0402249069018239	0.06
0.29691506	0.0402249069018239	0.06
0.296960227	0.0402249069018239	0.06
0.297156652	0.0409964234934937	0.06
0.297161557	0.0409964234934937	0.06
0.297207868	0.0409964234934937	0.06
0.29723727	0.0409964234934937	0.06
0.29736316	0.0409964234934937	0.06
0.297631463	0.0409964234934937	0.06
0.298033592	0.0406070009025265	0.06
0.29855614	0.0406070009025265	0.06
0.298682719	0.0406070009025265	0.06
0.299931082	0.0406070009025265	0.06
0.300638986	0.0406070009025265	0.06
0.30240618	0.0409964234934937	0.06
0.302443572	0.0409964234934937	0.06
0.302452098	0.0409964234934937	0.06
0.302453753	0.0409964234934937	0.06
0.302493847	0.0409964234934937	0.06
0.302531356	0.0409964234934937	0.06
0.302535608	0.0409964234934937	0.06
0.302694303	0.0409964234934937	0.06
0.302757814	0.0409964234934937	0.06
0.303037639	0.0409964234934937	0.06
0.306464617	0.0391205844722959	0.06
0.308759935	0.0430612165263692	0.05
0.319078068	0.0413933875606374	0.05
0.322777267	0.0426317848596231	0.05
0.323097253	0.0426317848596231	0.05
0.323165924	0.0426317848596231	0.05
0.323537089	0.0426317848596231	0.05
0.327195424	0.0430612165263692	0.04
0.328591896	0.0430612165263692	0.04
0.330254195	0.0430612165263692	0.04
0.333944256	0.0422108337083012	0.04
0.343625259	0.0394818924507916	0.05
0.343706753	0.0394818924507916	0.05
0.345554528	0.0394818924507916	0.05
0.350684009	0.038075277323144	0.06
0.351815198	0.038075277323144	0.06
0.356200611	0.0377391456819938	0.06
0.356206548	0.0377391456819938	0.06
0.356351443	0.0377391456819938	0.06
0.356437896	0.0377391456819938	0.06
0.357959666	0.0367654407885292	0.07
0.363236679	0.0367654407885292	0.07
0.366130409	0.0367654407885292	0.07
0.367161303	0.0430612165263692	0.07
0.37384574	0.0745816291613029	0.08
0.386863037	0.0624605515916575	0.06
0.386909127	0.0624605515916575	0.06
0.389222512	0.0617091905466339	0.06
0.389825341	0.0712611443815377	0.06
0.398731854	0.0656583321914598	0.05
0.415094538	0.0904263798608183	0.04
0.418471182	0.0764172026313857	0.03
0.438307149	0.0846097281322641	0.01
0.438815006	0.0832368594582301	0.01
0.441698853	0.0942721981720914	0.01
0.441750067	0.0942721981720914	0.01
0.444236336	0.0930507682047796	0.01
0.444499874	0.09032023915423	0.01
0.444770984	0.0892723775406645	0.01
0.445049535	0.0892723775406645	0.01
0.445117302	0.0982172981868758	0.01
0.445156208	0.0982172981868758	0.01
0.445185067	0.0965535343572775	0.01
0.445185068	0.0965535343572775	0.01
0.445252832	0.0965535343572775	0.01
0.445252833	0.0965535343572775	0.01
0.445252835	0.0965535343572775	0.01
0.445305777	0.0965535343572775	0.01
0.44531318	0.0965535343572775	0.01
0.445313187	0.0965535343572775	0.01
0.445313188	0.0965535343572775	0.01
0.44531319	0.0965535343572775	0.01
0.445373562	0.0965535343572775	0.01
0.445433949	0.0965535343572775	0.01
0.445494353	0.0960114020954989	0.01
0.445540001	0.0960114020954989	0.01
0.445554774	0.0954753238091343	0.01
0.445615211	0.0954753238091343	0.01
0.445675664	0.094945198654389	0.01
0.445736134	0.103457439802397	0.01
0.445849774	0.10648785769835	0.01
0.445970843	0.10648785769835	0.01
0.445978177	0.10648785769835	0.01
0.446319857	0.105914307879358	0.01
0.446394864	0.105914307879358	0.01
0.446395102	0.105914307879358	0.01
0.446455777	0.105914307879358	0.01
0.44656991	0.105914307879358	0.01
0.446633323	0.105914307879358	0.01
0.446772341	0.105914307879358	0.01
0.446967543	0.105346903307332	0.01
0.447542535	0.105346903307332	0.01
0.447876705	0.104785545744524	0.01
0.448791313	0.113468067978767	0.01
0.449051315	0.114685703164415	0.01
0.449552291	0.114685703164415	0.01
0.452986292	0.098136772214542	0.01
0.453117722	0.098136772214542	0.01
0.453312195	0.0970755735466882	0.01
0.453607731	0.0970755735466882	0.01
0.453670383	0.0970755735466882	0.01
0.45367678	0.0970755735466882	0.01
0.453739439	0.0970755735466882	0.01
0.453782962	0.0970755735466882	0.01
0.453789353	0.0970755735466882	0.01
0.453802119	0.0970755735466882	0.01
0.453864805	0.0970755735466882	0.01
0.453864814	0.0970755735466882	0.01
0.453927527	0.0970755735466882	0.01
0.453952078	0.0970755735466882	0.01
0.454053004	0.0970755735466882	0.01
0.454131662	0.0970755735466882	0.01
0.454172215	0.0970755735466882	0.01
0.454228692	0.0970755735466882	0.01
0.454266222	0.0986761198750015	0.01
0.454278877	0.0986761198750015	0.01
0.454297847	0.0986761198750015	0.01
0.454423548	0.0986761198750015	0.01
0.454618511	0.0992214286742958	0.01
0.454637485	0.0992214286742958	0.01
0.455078808	0.0992214286742958	0.01
0.455180191	0.101464296503623	0.01
0.455439212	0.130681275323938	0.01
0.455550168	0.133226691982555	0.01
0.455665947	0.13862706219746	0.01
0.455678249	0.140046262914102	0.01
0.455755613	0.107748175852408	0.02
0.455804735	0.107748175852408	0.02
0.456133439	0.107748175852408	0.02
0.456880284	0.107748175852408	0.02
0.45760535	0.106672707850528	0.02
0.457901934	0.106672707850528	0.02
0.458619789	0.106142984804739	0.02
0.462114195	0.090700462078896	0.02
0.46331093	0.090700462078896	0.02
0.464728436	0.0902445767901451	0.02
0.474072423	0.085111078539751	0.03
0.477096915	0.108845550325039	0.03
0.478409458	0.113283030624544	0.03
0.478419311	0.113283030624544	0.03
0.478888149	0.0908105607467966	0.04
0.479732593	0.0908105607467966	0.04
0.483511101	0.0777407045179871	0.04
0.483671852	0.0777407045179871	0.04
0.484225862	0.0777407045179871	0.04
0.484458594	0.0787638123787463	0.04
0.484927676	0.079460977406274	0.04
0.485802156	0.0986422370229368	0.04
0.48628356	0.0951212517128198	0.04
0.499369323	0.100330329420257	0.05
0.508934563	0.0917198048992787	0.06
0.511690912	0.0816570998940781	0.06
0.514645345	0.0781378694831679	0.07
0.51473946	0.0781378694831679	0.07
0.514839037	0.0784495923640078	0.07
0.514971335	0.0784495923640078	0.07
0.51502476	0.0784495923640078	0.07
0.515124567	0.0793998648026457	0.07
0.516063638	0.0911065559476449	0.07
0.51682809	0.0861731565305088	0.07
0.518492841	0.0891689270884804	0.07
0.518564452	0.0891689270884804	0.07
0.529143364	0.0225856567404389	0.07
0.534226929	0.0252541748756431	0.06
0.534308248	0.0250079486779786	0.06
0.534888196	0.0250079486779786	0.06
0.539174229	0.0257614653977758	0.06
0.544416783	0.0472234487239087	0.07
0.546060858	0.059045634020675	0.06
0.556645891	0.0606154422320704	0.05
0.556807604	0.0606154422320704	0.05
0.562444529	0.0575550824755466	0.05
0.566766402	0.0634258805703052	0.05
0.568776608	0.0658691001534269	0.04
0.583655412	0.0658691001534269	0.05
0.586308239	0.0502289592011255	0.05
0.59079165	0.0487956190197999	0.05
0.591193432	0.0487956190197999	0.05
0.593573546	0.0487956190197999	0.05
0.593673806	0.0487956190197999	0.05
0.593673808	0.0487956190197999	0.05
0.593754277	0.0487956190197999	0.05
0.59375428	0.0487956190197999	0.05
0.593824895	0.0487956190197999	0.05
0.593834769	0.0487956190197999	0.05
0.593915284	0.0487956190197999	0.05
0.594036974	0.0487956190197999	0.05
0.594152812	0.0478846571073549	0.05
0.594237558	0.0478846571073549	0.05
0.595196772	0.0507256369433406	0.05
0.595887104	0.0502289592011255	0.05
0.596894832	0.0492642224621154	0.05
0.602674298	0.04744181320299	0.05
0.604317115	0.04744181320299	0.05
0.604813246	0.04744181320299	0.05
0.604905308	0.04744181320299	0.05
0.604905312	0.04744181320299	0.05
0.604988853	0.04744181320299	0.05
0.605724938	0.04744181320299	0.05
0.606051871	0.04744181320299	0.05
0.60631275	0.04744181320299	0.05
0.606824709	0.0502289592011255	0.05
0.607971158	0.0497419135413778	0.05
0.608756287	0.0517490546706588	0.04
0.61827716	0.0517490546706588	0.04
0.635412418	0.0575550824755466	0.05
0.636066531	0.0575550824755466	0.05
0.63624959	0.0575550824755466	0.05
0.636422142	0.0580435003496524	0.05
0.637260654	0.0580435003496524	0.05
0.637881775	0.0580435003496524	0.05
0.638075882	0.0580435003496524	0.05
0.644129804	0.0547888941796673	0.06
0.64559646	0.0547888941796673	0.06
0.646569798	0.0552313115445908	0.06
0.64801212	0.0552313115445908	0.06
0.648110758	0.0552313115445908	0.06
0.648827538	0.0552313115445908	0.06
0.65703705	0.0621578221873573	0.07
0.667879261	0.0771837139262166	0.07
0.669490645	0.0771837139262166	0.07
0.678915807	0.0695137896916925	0.08
0.680589305	0.0695137896916925	0.08
0.68060848	0.0695137896916925	0.08
0.680702493	0.0695137896916925	0.08
0.680786967	0.0695137896916925	0.08
0.690723937	0.0806205772085316	0.09
0.692614054	0.0806205772085316	0.09
0.696262833	0.0598576344495046	0.09
0.697379755	0.0769906481002864	0.1
0.7123899	0.0752955625302386	0.11
0.712401774	0.0752955625302386	0.11
0.714295462	0.0764172026313857	0.11
0.715679053	0.0529704349755853	0.11
0.717816093	0.0575550824755466	0.11
0.719314887	0.0752955625302386	0.12
0.725609694	0.0529704349755853	0.12
0.725979546	0.053924987450524	0.12
0.735438378	0.0502993168366239	0.13
0.742183791	0.0598576344495046	0.12
0.744518666	0.0598576344495046	0.12
0.7500464	0.0581139518485767	0.12
0.75180067	0.0575550824755466	0.12
0.756100951	0.0575550824755466	0.12
0.756122282	0.0575550824755466	0.12
0.762884543	0.0581139518485767	0.12
0.763387603	0.0575550824755466	0.12
0.765321243	0.0581139518485767	0.12
0.7676628	0.0575550824755466	0.12
0.772093843	0.110995864644018	0.12
0.772264397	0.120252295391192	0.12
0.778829055	0.122987609041448	0.12
0.779184816	0.122419548402061	0.12
0.779976345	0.121856711203911	0.12
0.786383987	0.125640285208312	0.11
0.793117932	0.124374950987173	0.1
0.794958533	0.134536950835661	0.1
0.797194853	0.130764554500312	0.1
0.812482547	0.123573223350501	0.08
0.849686346	0.130613216673621	0.05
0.861362559	0.112641468444363	0.03
0.861783488	0.121541490560414	0.03
0.864973627	0.143793404600605	0.03
0.866065884	0.139526840283256	0.03
0.870144812	0.130977017593799	0.03
0.875954975	0.139942069229765	0.02
0.87832845	0.136291659190115	0.02
0.880342154	0.130977017593799	0.02
0.882485476	0.134536950835661	0.01
0.883236842	0.142615927869401	0.01
0.883671839	0.147932937001112	0.01
0.885800269	0.14335504198478	0.01
0.886381245	0.14335504198478	0.01
0.887670141	0.140779985792217	0.01
0.888469193	0.13829580755393	0.01
0.888863234	0.137487116599791	0.01
0.889014569	0.136687828376208	0.01
0.889576687	0.135897779841302	0.01
0.889752182	0.135897779841302	0.01
0.890083013	0.135897779841302	0.01
0.890218543	0.135116811701023	0.01
0.890218544	0.135116811701023	0.01
0.890309475	0.134729683997852	0.01
0.890339212	0.134729683997852	0.01
0.890354074	0.135506170534265	0.01
0.890354075	0.135506170534265	0.01
0.890407894	0.135506170534265	0.01
0.890419078	0.135506170534265	0.01
0.890474761	0.135506170534265	0.01
0.890489605	0.135506170534265	0.01
0.890489606	0.135506170534265	0.01
0.890506418	0.135506170534265	0.01
0.890580647	0.135506170534265	0.01
0.890595481	0.135506170534265	0.01
0.89061031	0.135506170534265	0.01
0.890610311	0.135506170534265	0.01
0.890716233	0.135116811701023	0.01
0.890731048	0.135116811701023	0.01
0.890731049	0.135116811701023	0.01
0.890837018	0.135116811701023	0.01
0.890851819	0.135116811701023	0.01
0.890928251	0.135116811701023	0.01
0.890957836	0.135116811701023	0.01
0.890972622	0.135116811701023	0.01
0.890972623	0.135116811701023	0.01
0.891093459	0.135116811701023	0.01
0.89119957	0.135116811701023	0.01
0.891214328	0.135116811701023	0.01
0.891246709	0.135116811701023	0.01
0.891320486	0.135116811701023	0.01
0.89133523	0.135116811701023	0.01
0.891441435	0.135116811701023	0.01
0.891456164	0.135116811701023	0.01
0.89149835	0.135116811701023	0.01
0.891562417	0.134344768302084	0.01
0.891698132	0.133581497528529	0.01
0.891881522	0.133581497528529	0.01
0.89216782	0.13282685070182	0.01
0.892182462	0.13282685070182	0.01
0.892215798	0.13282685070182	0.01
0.892245091	0.13282685070182	0.01
0.89229733	0.13282685070182	0.01
0.892307805	0.13282685070182	0.01
0.892568748	0.133203105282616	0.01
0.892793389	0.133203105282616	0.01
0.892924751	0.13282685070182	0.01
0.892951888	0.13282685070182	0.01
0.892952212	0.13282685070182	0.01
0.893016766	0.13282685070182	0.01
0.89308003	0.13282685070182	0.01
0.893142511	0.13282685070182	0.01
0.893172464	0.131710733326429	0.01
0.893313967	0.132080682484287	0.01
0.893320622	0.132080682484287	0.01
0.893352088	0.132080682484287	0.01
0.893395592	0.132080682484287	0.01
0.89420355	0.130977017593799	0.01
0.894232534	0.130977017593799	0.01
0.894482721	0.130977017593799	0.01
0.894511483	0.130977017593799	0.01
0.894690708	0.130251431137709	0.01
0.894906463	0.130251431137709	0.01
0.895081202	0.130251431137709	0.01
0.895086463	0.130251431137709	0.01
0.89539422	0.130251431137709	0.01
0.895638516	0.136012991187752	0.01
0.895840307	0.137141452457206	0.01
0.896329745	0.136763223877999	0.01
0.896396617	0.137521778875077	0.01
0.89693811	0.136763223877999	0.01
0.897316929	0.133292699154778	0.01
0.89799116	0.123380682865438	0.01
0.898155973	0.121290740726656	0.01
0.898455429	0.120272097777745	0.01
0.898485328	0.120525151091192	0.01
0.89889623	0.118775815217987	0.01
0.899310528	0.1170765335478	0.01
0.900113547	0.119494341762283	0.01
0.900307304	0.119494341762283	0.01
0.900690942	0.11250966451028	0.01
0.90151373	0.106845222685899	0.01
0.901568195	0.106845222685899	0.01
0.901947653	0.104029629929719	0.01
0.902162268	0.104029629929719	0.01
0.902919093	0.0935355223197135	0.01
0.903166806	0.0860575070304992	0.01
0.903876527	0.0665096019505246	0.01
0.904039961	0.0659694106226194	0.01
0.904513058	0.0609330870770053	0.01
0.905424433	0.0627752804784675	0.01
0.905541598	0.0627752804784675	0.01
0.906154318	0.0630475834911588	0.01
0.906786831	0.0630475834911588	0.01
0.906922556	0.0627752804784675	0.01
0.907060652	0.0630475834911588	0.01
0.90712089	0.0630475834911588	0.01
0.907185931	0.0630475834911588	0.01
0.907198748	0.0630475834911588	0.01
0.907298438	0.0630475834911588	0.01
0.907311244	0.0630475834911588	0.01
0.907324045	0.0641608362800066	0.01
0.907336843	0.0641608362800066	0.01
0.907336844	0.0641608362800066	0.01
0.907449378	0.0641608362800066	0.01
0.90746216	0.0641608362800066	0.01
0.907536422	0.0641608362800066	0.01
0.907574745	0.0641608362800066	0.01
0.907587512	0.0641608362800066	0.01
0.907674633	0.0641608362800066	0.01
0.907712898	0.0641608362800066	0.01
0.907963773	0.0641608362800066	0.01
0.907963774	0.0641608362800066	0.01
0.908089263	0.0644453195533863	0.01
0.908089264	0.0644453195533863	0.01
0.908151307	0.0644453195533863	0.01
0.908189407	0.0647323368077786	0.01
0.908214789	0.0647323368077786	0.01
0.908289632	0.0644453195533863	0.01
0.908577365	0.0656089356061919	0.01
0.908578929	0.0656089356061919	0.01
0.908691978	0.0656089356061919	0.01
0.908816452	0.0656089356061919	0.01
0.908943472	0.0653141099024639	0.01
0.908956071	0.0653141099024639	0.01
0.909195105	0.0650219220510784	0.01
0.909207673	0.0650219220510784	0.01
0.909346075	0.0656089356061919	0.01
0.909409249	0.0656089356061919	0.01
0.909434338	0.0656089356061919	0.01
0.909620416	0.0656089356061919	0.01
0.909838426	0.0656089356061919	0.01
0.909896599	0.0656089356061919	0.01
0.909914657	0.0656089356061919	0.01
0.909925885	0.0656089356061919	0.01
0.910014581	0.0650219220510784	0.01
0.910051995	0.0650219220510784	0.01
0.910204731	0.0656089356061919	0.01
0.910267	0.0656089356061919	0.01
0.910467776	0.0659064350457707	0.01
0.910628128	0.0659064350457707	0.01
0.911049792	0.066206644758519	0.01
0.91113001	0.066206644758519	0.01
0.911383512	0.0656089356061919	0.01
0.911404622	0.0656089356061919	0.01
0.911518912	0.066206644758519	0.01
0.911632099	0.0668153445120164	0.01
0.911747931	0.0668153445120164	0.01
0.911776598	0.0668153445120164	0.01
0.912707801	0.066206644758519	0.01
0.912776305	0.066206644758519	0.01
0.913006436	0.0737571365572413	0.01
0.913244462	0.0747756723345801	0.01
0.913630289	0.0734237628496599	0.01
0.913751419	0.0734237628496599	0.01
0.914018042	0.0744330491115932	0.01
0.914696902	0.0740935513767996	0.01
0.914870556	0.0740935513767996	0.01
0.914983658	0.0740935513767996	0.01
0.915026039	0.0740935513767996	0.01
0.915269563	0.0740935513767996	0.01
0.915559183	0.0634258805703052	0.01
0.916163647	0.0637213248460805	0.01
0.916912552	0.0637213248460805	0.01
0.918238351	0.0598576344495046	0.01
0.918456927	0.0604623495165389	0.01
0.918483627	0.0604623495165389	0.01
0.918816837	0.0670310422363486	0.02
0.918837351	0.0670310422363486	0.02
0.919120121	0.0675607233934083	0.02
0.920002472	0.06809884233651	0.02
0.921364075	0.0692012131162494	0.02
0.922071236	0.0706304020853395	0.02
0.922455062	0.0709233532332379	0.02
0.922787758	0.0709233532332379	0.02
0.923268187	0.0721198690566015	0.02
0.923473233	0.0721198690566015	0.02
0.924507726	0.0727333951678039	0.02
0.924627878	0.0733574494160532	0.02
0.926193857	0.0635993386208735	0.02
0.927872541	0.0665096019505246	0.02
0.93064775	0.0604013287396677	0.03
0.93220206	0.0606154422320704	0.03
0.933174706	0.0614872945337142	0.03
0.934071327	0.0623845931279817	0.03
0.93534835	0.0614872945337142	0.03
0.938446291	0.0395732646557837	0.03
0.944027825	0.0216331973969116	0.03
0.947518522	0.0234102145598845	0.03
0.948845214	0.0242972596277983	0.03
0.949342587	0.0245296248921436	0.03
0.950306111	0.0250079486779786	0.03
0.951999424	0.0252541748756431	0.03
0.954119877	0.0207578197363734	0.04
0.955603107	0.0220043758599	0.04
0.955985355	0.0220043758599	0.04
0.956296714	0.0223885139060601	0.04
0.956549025	0.0223885139060601	0.04
0.956766863	0.0223885139060601	0.04
0.95679317	0.0223885139060601	0.04
0.956793172	0.0223885139060601	0.04
0.959031973	0.0240692553712503	0.04
0.959642592	0.0242972596277983	0.04
0.959857154	0.0242972596277983	0.04
0.960039043	0.0247664774910484	0.04
0.960819071	0.0247664774910484	0.04
0.960911853	0.0247664774910484	0.04
0.964446178	0.0207578197363734	0.05
0.964458654	0.0207578197363734	0.05
0.966980911	0.0225856567404389	0.05
0.966980912	0.0225856567404389	0.05
0.966986309	0.0225856567404389	0.05
0.967144414	0.0225856567404389	0.05
0.967297226	0.0225856567404389	0.05
0.96746078	0.0225856567404389	0.05
0.967608447	0.0225856567404389	0.05
0.967772081	0.0225856567404389	0.05
0.967925221	0.0225856567404389	0.05
0.967935716	0.0225856567404389	0.05
0.968083686	0.0225856567404389	0.05
0.968088909	0.0225856567404389	0.05
0.969035555	0.0240692553712503	0.05
0.970292984	0.0245296248921436	0.05
0.973457204	0.0230421788231766	0.06
0.973766743	0.0231984818457881	0.06
0.974203145	0.0235175369259621	0.06
0.97801719	0.0247068365622103	0.06
0.978183481	0.0247068365622103	0.06
0.981915796	0.0166484259495459	0.05
1.019804062	0.0291255380510675	0.07
1.022530753	0.0296302262969174	0.07
1.023898132	0.0296302262969174	0.07
1.027042278	0.0333911445661338	0.07
1.028094642	0.0333911445661338	0.07
1.029078227	0.0286377544641067	0.08
1.029637844	0.0291255380510675	0.08
1.029659545	0.0291255380510675	0.08
1.030020301	0.0291255380510675	0.08
1.030392053	0.0293757146400634	0.08
1.030397618	0.0293757146400634	0.08
1.030958443	0.0293757146400634	0.08
1.031720423	0.0293757146400634	0.08
1.032104884	0.0296302262969174	0.08
1.0327094	0.0296302262969174	0.08
1.033463082	0.0281660401874797	0.08
1.034376329	0.0283999387034851	0.08
1.039046839	0.04744181320299	0.08
1.044012776	0.0391205844722959	0.09
1.048661279	0.0423502240374183	0.09
1.049025044	0.0423502240374183	0.09
1.054783865	0.0388245077239629	0.1
1.057424783	0.0423502240374183	0.1
1.068168044	0.0423502240374183	0.11
1.068277144	0.0423502240374183	0.11
1.06860264	0.0423502240374183	0.11
1.068892568	0.0423502240374183	0.11
1.070020858	0.0457494252584766	0.11
1.070326964	0.0465802520298998	0.11
1.076612069	0.0512322353556868	0.11
1.088762574	0.0436899169165067	0.13
1.112743253	0.0482708708616589	0.15
1.113082372	0.0482708708616589	0.15
1.113233383	0.0482708708616589	0.15
1.11414031	0.0482708708616589	0.15
1.115076799	0.0507256369433406	0.15
1.116382888	0.049467819109145	0.15
1.125633627	0.0592648957338733	0.15
1.127882011	0.0575550824755466	0.15
1.13205703	0.0592648957338733	0.15
1.133642817	0.0592648957338733	0.15
1.136767134	0.0598576344495046	0.14
1.137302108	0.0598576344495046	0.14
1.183360064	0.0651278692106704	0.16
1.187305519	0.0759645603016805	0.15
1.187446683	0.0759645603016805	0.15
1.18762744	0.0739923051416088	0.15
1.192075895	0.0721198690566015	0.15
1.203309389	0.0752955625302385	0.14
1.208769953	0.0564689823647819	0.14
1.209751115	0.0570068597688811	0.14
1.209825949	0.0570068597688811	0.14
1.210085375	0.058683781071713	0.14
1.210771389	0.058683781071713	0.14
1.243346642	0.0640195344225637	0.12
1.246668032	0.0634258805703052	0.12
1.252855937	0.0692012131162494	0.11
1.265568721	0.067828715590435	0.1
1.270060331	0.0652408170285036	0.1
1.270253663	0.0646244062409747	0.1
1.270604589	0.0646244062409747	0.1
1.275739262	0.0692012131162494	0.09
1.278899002	0.0634258805703052	0.1
1.293113698	0.0592648957338733	0.09
1.297280078	0.0665096019505246	0.09
1.302603198	0.0658691001534269	0.1
1.303502827	0.0665096019505246	0.1
1.33510162	0.0692012131162494	0.09
1.335485912	0.0692012131162494	0.09
1.335508208	0.0692012131162494	0.09
1.335711503	0.0692012131162494	0.09
1.335892556	0.0692012131162494	0.09
1.336051433	0.0692012131162494	0.09
1.33625481	0.0692012131162494	0.09
1.336413828	0.0692012131162494	0.09
1.336595099	0.0692012131162494	0.09
1.337524247	0.0652408170285036	0.1
1.337529375	0.0652408170285036	0.1
1.337777279	0.0652408170285036	0.1
1.337887386	0.0652408170285036	0.1
1.338686534	0.0652408170285036	0.1
1.340005107	0.0652408170285036	0.1
1.342368518	0.0640195344225637	0.1
1.350085516	0.067828715590435	0.09
1.360533959	0.0634258805703052	0.1
1.360981621	0.0634258805703052	0.1
1.36116959	0.0634258805703052	0.1
1.361338457	0.0634258805703052	0.1
1.36135761	0.0634258805703052	0.1
1.361952473	0.0634258805703052	0.1
1.362279458	0.0634258805703052	0.1
1.364721715	0.0634258805703052	0.1
1.368077892	0.0652408170285036	0.1
1.368578346	0.0652408170285036	0.1
1.369020462	0.0652408170285036	0.1
1.369707356	0.0652408170285036	0.1
1.370127164	0.0671626823576929	0.1
1.377139612	0.0695137896916925	0.11
1.377274175	0.0695137896916925	0.11
1.379222918	0.0688914350285621	0.11
1.38563755	0.0771837139262166	0.1
1.385801753	0.0771837139262166	0.1
1.418305639	0.0734975851975536	0.1
1.434752614	0.0728022097017636	0.1
1.436494579	0.0728022097017636	0.11
1.440102642	0.0728022097017636	0.11
1.448119954	0.0676795691344343	0.12
1.450928234	0.0665096019505246	0.12
1.454003033	0.0665096019505246	0.12
1.454856842	0.0665096019505246	0.12
1.45657643	0.0665096019505246	0.13
1.484067531	0.0648285781932307	0.15
1.484117024	0.0648285781932307	0.15
1.485393153	0.0659396571652061	0.15
1.485917469	0.0658691001534269	0.15
1.488337206	0.0648285781932307	0.16
1.494140559	0.0637543219782624	0.16
1.502972103	0.0637543219782624	0.17
1.511734415	0.0637543219782624	0.18
1.511964569	0.0637543219782624	0.18
1.512194724	0.0637543219782624	0.18
1.512403577	0.0637543219782624	0.18
1.512821455	0.0637543219782624	0.18
1.513239565	0.0637543219782624	0.18
1.516740221	0.0637543219782624	0.19
1.519065464	0.0637543219782624	0.19
1.558319819	0.067828715590435	0.22
1.558531046	0.067828715590435	0.22
1.55916507	0.0671626823576929	0.22
1.561070241	0.138160365726426	0.22
1.56916589	0.132452715722581	0.22
1.595407686	0.127970522461772	0.19
1.595579044	0.127143115413217	0.19
1.652341299	0.154468424511145	0.14
1.718627381	0.193654253693294	0.07
1.730827961	0.185261832857473	0.06
1.75282717	0.183669887458883	0.04
1.768990518	0.204786528727472	0.02
1.777374698	0.212947428176073	0.01
1.778615293	0.212947428176073	0.01
1.780115455	0.202843112157085	0.01
1.780657571	0.202843112157085	0.01
1.780657572	0.202843112157085	0.01
1.780928629	0.200936234734044	0.01
1.78092863	0.200936234734044	0.01
1.781081012	0.200936234734044	0.01
1.781170031	0.200936234734044	0.01
1.781170032	0.200936234734044	0.01
1.781411498	0.200936234734044	0.01
1.781411499	0.200936234734044	0.01
1.781623424	0.200936234734044	0.01
1.781653031	0.200936234734044	0.01
1.7818108	0.200936234734044	0.01
1.781835463	0.200936234734044	0.01
1.781894629	0.200936234734044	0.01
1.782136293	0.199064875569284	0.01
1.782378022	0.199064875569284	0.01
1.782590324	0.199064875569284	0.01
1.782619816	0.199064875569284	0.01
1.783044725	0.199064875569284	0.01
1.783345594	0.199064875569284	0.01
1.78377107	0.199064875569284	0.01
1.783829774	0.199064875569284	0.01
1.783925287	0.199064875569284	0.01
1.784013316	0.199064875569284	0.01
1.784314217	0.199064875569284	0.01
1.78446873	0.199064875569284	0.01
1.784506241	0.199064875569284	0.01
1.784933025	0.197228051453791	0.01
1.785322292	0.201665390872298	0.01
1.785497332	0.201665390872298	0.01
1.785988286	0.201665390872298	0.01
1.786357195	0.201665390872298	0.01
1.788780487	0.184358663332504	0.01
1.78918715	0.184358663332504	0.01
1.789747139	0.184358663332504	0.01
1.790033715	0.184358663332504	0.01
1.790737455	0.176103639871756	0.01
1.79204453	0.205955855785091	0.02
1.794856772	0.176103639871756	0.02
1.795060195	0.167176309586779	0.02
1.795172249	0.162469916696203	0.02
1.796669094	0.148850827630276	0.02
1.809599251	0.127587308132319	0.03
1.813215031	0.0721198690566015	0.03
1.813240824	0.0721198690566015	0.03
1.813793197	0.0749289638773686	0.03
1.814069382	0.0779657581806206	0.03
1.814345569	0.134172932918298	0.04
1.814596154	0.134172932918298	0.04
1.814621756	0.134172932918298	0.04
1.814621757	0.134172932918298	0.04
1.814846808	0.134172932918298	0.04
1.814872379	0.134172932918298	0.04
1.815039963	0.134172932918298	0.04
1.815123071	0.134172932918298	0.04
1.815288509	0.134172932918298	0.04
1.815322808	0.134172932918298	0.04
1.815373832	0.134172932918298	0.04
1.815875562	0.134172932918298	0.04
1.816374833	0.134172932918298	0.04
1.81637757	0.134172932918298	0.04
1.816628678	0.134172932918298	0.04
1.817633804	0.121986136867322	0.04
1.818363245	0.121986136867322	0.04
1.819395454	0.123339812684992	0.04
1.819410514	0.123339812684992	0.04
1.820606159	0.124027979722561	0.04
1.82134289	0.0804746467661387	0.04
1.822065256	0.0642869626056312	0.04
1.823345161	0.0701474913753084	0.04
1.824985083	0.132736348872802	0.05
1.828541204	0.120661852130795	0.05
1.828939845	0.121986136867322	0.05
1.829051906	0.121986136867322	0.05
1.830016016	0.121986136867322	0.05
1.835137623	0.132736348872802	0.06
1.836263396	0.132736348872802	0.06
1.83758722	0.120661852130795	0.06
1.837659261	0.120661852130795	0.06
1.842215909	0.0642869626056312	0.06
1.844053766	0.075665766073374	0.06
1.846490238	0.132736348872802	0.07
1.860668056	0.10765379678431	0.08
1.872927722	0.0597911897325374	0.09
1.917919203	0.0315432657765051	0.13
1.919145255	0.0318369102539557	0.13
1.932723098	0.0333911445661338	0.14
1.934242286	0.0333911445661338	0.14
1.937910579	0.0255052979330042	0.14
1.938309591	0.0255052979330042	0.14
1.938319698	0.0255052979330042	0.14
1.939501786	0.0252541748756431	0.14
1.940502926	0.0252541748756431	0.14
1.945075766	0.0252541748756431	0.14
1.947078383	0.0252541748756431	0.14
1.959079535	0.0252541748756431	0.15
1.961031557	0.0169790471927714	0.15
2.03833515	0.0427027610160389	0.23
2.045755957	0.0423502240374183	0.24
2.04617014	0.0423502240374183	0.24
2.058434493	0.0416623288666387	0.25
2.058810915	0.0416623288666387	0.25
2.077653506	0.0416623288666387	0.27
2.07768814	0.0416623288666387	0.27
2.079378601	0.0416623288666387	0.27
2.112854786	0.0341241377604288	0.3
2.116340052	0.0406713900888545	0.31
2.117539144	0.0406713900888545	0.31
2.119081815	0.0406713900888545	0.31
2.122322709	0.0341241377604288	0.31
2.130868897	0.0341241377604288	0.32
2.175983465	0.0406713900888545	0.37
2.201956234	0.0335879104551122	0.39
2.21647999	0.040036543776674	0.41
2.22607531	0.0456912131537869	0.42
2.226678687	0.0456912131537869	0.42
2.244892022	0.131098735343776	0.43
2.268175967	0.168228478990496	0.41
2.273953022	0.179627313436517	0.4
2.287430653	0.171292483496635	0.39
2.36737444	0.215090306388956	0.33
2.396315913	0.212947428176073	0.32
2.57811595	0.194294369888149	0.15
2.63880046	0.192307913876287	0.09
2.644514931	0.199306986741517	0.09
2.64482266	0.199306986741517	0.09
2.65353762	0.199306986741517	0.08
2.671193019	0.203430670709093	0.06
2.671193179	0.203430670709093	0.06
2.671237545	0.203430670709093	0.06
2.671237705	0.203430670709093	0.06
2.671599486	0.203430670709093	0.06
2.671599646	0.203430670709093	0.06
2.671961685	0.203430670709093	0.06
2.672323822	0.203430670709093	0.06
2.672686057	0.203430670709093	0.06
2.67300408	0.203430670709093	0.06
2.674201502	0.203430670709093	0.06
2.674498542	0.203430670709093	0.06
2.674640938	0.203430670709093	0.06
2.674817434	0.203430670709093	0.06
2.67498819	0.199306986741517	0.06
2.675906626	0.199306986741517	0.06
2.67595059	0.199306986741517	0.06
2.678640892	0.199306986741517	0.06
2.679543675	0.199306986741517	0.06
2.68050645	0.199306986741517	0.06
2.692790444	0.199306986741517	0.05
2.697875326	0.194294369888149	0.05
2.703341222	0.194294369888149	0.05
2.714352711	0.194294369888149	0.06
2.720992773	0.194294369888149	0.05
2.721223607	0.194294369888149	0.06
2.721339166	0.194294369888149	0.06
2.721714851	0.194294369888149	0.06
2.721753239	0.194294369888149	0.06
2.72212898	0.194294369888149	0.06
2.725138453	0.192307913876287	0.06
2.727362573	0.192307913876287	0.06
2.728457177	0.192307913876287	0.06
2.730687704	0.192307913876287	0.06
2.734951629	0.190361665637844	0.07
2.741703646	0.190361665637844	0.08
2.767264537	0.186585006295003	0.1
2.784781798	0.176103639871756	0.12
2.795646082	0.176103639871756	0.13
2.857457722	0.174470170120469	0.19
2.874914635	0.174470170120469	0.21
2.885327778	0.169746655700151	0.22
2.893176138	0.165272163320271	0.23
2.901070252	0.165272163320271	0.23
3.017087015	0.159660660265685	0.35
3.091199805	0.139745074195321	0.42
3.116410384	0.178555493558823	0.45
3.116832706	0.178555493558823	0.45
3.190582361	0.127197942870076	0.5
3.194633906	0.112140082189776	0.5
3.479484296	0.128472156075837	0.77
3.560201153	0.128472156075837	0.850000000000001
3.561529658	0.128472156075837	0.850000000000001
3.561648443	0.128472156075837	0.850000000000001
3.562131134	0.128472156075837	0.850000000000001
3.565454716	0.128472156075837	0.860000000000001
3.566965252	0.128472156075837	0.860000000000001
3.568359469	0.128472156075837	0.860000000000001
3.571812505	0.128472156075837	0.860000000000001
3.572497766	0.128472156075837	0.860000000000001
3.575584373	0.148850827630276	0.870000000000001
3.62939674	0.143688789558679	0.910000000000001
3.629519691	0.143688789558679	0.910000000000001
3.630972932	0.143688789558679	0.910000000000001
3.631970124	0.166315987262019	0.910000000000001
3.633483005	0.172715551439178	0.910000000000001
3.639968026	0.176103639871756	0.900000000000001
3.707141358	0.176103639871756	0.970000000000001
3.82876748	0.18518540042904	1.05
3.963711323	0.18518540042904	1.11
4.078052931	0.18518540042904	1.23
4.442577106	0.256155373659214	1.33
4.445571488	0.256155373659214	1.33
4.452121847	0.256155373659214	1.34
4.45272527	0.256155373659214	1.34
4.453328856	0.256155373659214	1.34
4.464002998	0.256155373659214	1.35
4.475601202	0.256155373659214	1.36
4.480518943	0.256155373659214	1.37
4.492707945	0.256155373659214	1.38
4.536342962	0.256155373659214	1.42
4.537444354	0.256155373659214	1.43
4.773228095	0.250969748688763	1.59
4.848628454	0.250969748688763	1.66
4.895921957	0.250969748688763	1.71
5.341769851	0.270108041375066	1.81
5.342582978	0.270108041375066	1.81
5.343129076	0.270108041375066	1.81
5.343307119	0.270108041375066	1.81
5.346842194	0.270108041375066	1.8
5.443653327	0.270108041375066	1.89
6.232084175	0.232425577254251	2.60999999999999
6.244676548	0.232425577254251	2.61999999999999
6.35095118	0.24010466903479	2.71999999999999
6.358499262	0.232425577254251	2.72999999999999
7	0.262668184237745	2.55999999999999
