thrs	post_p	finalwindow
0	0.102941176470588	0.23
0.03256001	0.102941176470588	0.2
0.070216248	0.0886075949367089	0.18
0.082355146	0.0886075949367089	0.17
0.093809574	0.0823529411764706	0.17
0.098963073	0.0843373493975904	0.16
0.113424721	0.0813953488372093	0.16
0.115659216	0.0813953488372093	0.17
0.123778241	0.0804597701149425	0.17
0.127200542	0.0603448275862069	0.17
0.127695348	0.0645161290322581	0.17
0.128068503	0.078740157480315	0.17
0.129609166	0.0923076923076923	0.17
0.129730945	0.0923076923076923	0.17
0.130460633	0.0888888888888889	0.17
0.14705261	0.0625	0.15
0.148427326	0.078740157480315	0.15
0.148447444	0.0859375	0.15
0.151339737	0.0863309352517986	0.15
0.161204767	0.0863309352517986	0.14
0.178113806	0.08	0.12
0.178140913	0.08	0.12
0.181430774	0.0875912408759124	0.12
0.181486035	0.0875912408759124	0.12
0.181824923	0.0875912408759124	0.12
0.186084933	0.104938271604938	0.12
0.191788381	0.0888888888888889	0.11
0.222049977	0.0789473684210526	0.08
0.222622275	0.0923076923076923	0.08
0.22265244	0.0923076923076923	0.08
0.222656148	0.0923076923076923	0.08
0.222686318	0.0923076923076923	0.08
0.222697977	0.0916030534351145	0.08
0.222716495	0.0916030534351145	0.08
0.223196808	0.104477611940299	0.08
0.226694446	0.100719424460432	0.08
0.226728961	0.100719424460432	0.08
0.226867021	0.100719424460432	0.08
0.226929675	0.100719424460432	0.08
0.226957829	0.100719424460432	0.08
0.227177477	0.102189781021898	0.08
0.227432153	0.102189781021898	0.08
0.237068117	0.099236641221374	0.07
0.241897099	0.0594059405940594	0.06
0.24235868	0.0594059405940594	0.06
0.242615688	0.0769230769230769	0.06
0.242875367	0.0916666666666667	0.06
0.243116147	0.0909090909090909	0.06
0.249436037	0.0887096774193548	0.06
0.254481698	0.092436974789916	0.05
0.256259656	0.0894308943089431	0.05
0.256650521	0.0894308943089431	0.05
0.259750174	0.0894308943089431	0.05
0.263775407	0.10377358490566	0.04
0.272151172	0.0873015873015873	0.05
0.287097646	0.0970873786407767	0.04
0.295749179	0.0980392156862745	0.04
0.296834617	0.1	0.04
0.296839561	0.1	0.04
0.296839653	0.1	0.04
0.296874128	0.1	0.04
0.296879772	0.1	0.04
0.29691506	0.1	0.04
0.296919994	0.1	0.04
0.296960227	0.1	0.04
0.297161557	0.1	0.04
0.297207868	0.1	0.04
0.29723727	0.1	0.04
0.297242165	0.1	0.04
0.297345093	0.1	0.04
0.29736316	0.1	0.04
0.298033592	0.1	0.04
0.298062423	0.1	0.04
0.298432807	0.099009900990099	0.04
0.29855614	0.099009900990099	0.04
0.299120783	0.099009900990099	0.04
0.299931082	0.1	0.04
0.300128238	0.1	0.04
0.300638986	0.0970873786407767	0.04
0.301159527	0.0970873786407767	0.04
0.302397905	0.0970873786407767	0.04
0.30240618	0.0970873786407767	0.04
0.302443572	0.0970873786407767	0.04
0.302452098	0.0970873786407767	0.04
0.302453753	0.0970873786407767	0.04
0.302694303	0.0970873786407767	0.04
0.302757814	0.0970873786407767	0.04
0.302844832	0.0970873786407767	0.04
0.303062807	0.0970873786407767	0.04
0.304168238	0.0961538461538462	0.04
0.305094409	0.0961538461538462	0.04
0.306047128	0.0952380952380952	0.04
0.320217262	0.0970873786407767	0.03
0.320290117	0.0970873786407767	0.03
0.322066605	0.0970873786407767	0.03
0.322435043	0.0970873786407767	0.03
0.322591403	0.0970873786407767	0.03
0.322777267	0.0970873786407767	0.03
0.323097253	0.0970873786407767	0.03
0.323165924	0.0970873786407767	0.03
0.323537089	0.0970873786407767	0.03
0.324596864	0.0970873786407767	0.03
0.328591896	0.0826446280991736	0.04
0.330254195	0.0826446280991736	0.04
0.334029253	0.0826446280991736	0.04
0.338071632	0.08	0.05
0.340262381	0.0775193798449612	0.05
0.343706753	0.0775193798449612	0.05
0.345554528	0.0775193798449612	0.05
0.356200611	0.075187969924812	0.06
0.356206548	0.075187969924812	0.06
0.356351443	0.075187969924812	0.06
0.356490553	0.0740740740740741	0.06
0.357086112	0.0892857142857143	0.06
0.360733393	0.0704225352112676	0.07
0.362945858	0.0704225352112676	0.07
0.363236679	0.0704225352112676	0.07
0.363936107	0.0704225352112676	0.07
0.366130409	0.0714285714285714	0.07
0.367161303	0.0854700854700855	0.07
0.386863037	0.069620253164557	0.06
0.386909127	0.069620253164557	0.06
0.389222512	0.0658682634730539	0.06
0.389825341	0.0650887573964497	0.06
0.398731854	0.069620253164557	0.05
0.412388288	0.0774647887323944	0.04
0.415094538	0.0894736842105263	0.04
0.416416237	0.0887096774193548	0.03
0.418471182	0.0827067669172932	0.03
0.419019267	0.0808823529411765	0.03
0.428769674	0.083969465648855	0.02
0.438307149	0.094017094017094	0.01
0.438815006	0.092436974789916	0.01
0.440249622	0.0909090909090909	0.01
0.440316292	0.0909090909090909	0.01
0.441698853	0.0909090909090909	0.01
0.441750067	0.0909090909090909	0.01
0.444236336	0.101910828025478	0.01
0.445049535	0.0952380952380952	0.01
0.445117302	0.100591715976331	0.01
0.445156208	0.100591715976331	0.01
0.445185068	0.100591715976331	0.01
0.445245414	0.100591715976331	0.01
0.44525283	0.100591715976331	0.01
0.445252832	0.100591715976331	0.01
0.445252833	0.100591715976331	0.01
0.445252835	0.100591715976331	0.01
0.44531318	0.100591715976331	0.01
0.445313187	0.100591715976331	0.01
0.44531319	0.100591715976331	0.01
0.445373562	0.100591715976331	0.01
0.445433949	0.100591715976331	0.01
0.445479567	0.1	0.01
0.445494353	0.1	0.01
0.445540001	0.1	0.01
0.445554774	0.1	0.01
0.445615211	0.1	0.01
0.445675664	0.0994152046783626	0.01
0.445691925	0.0994152046783626	0.01
0.445736134	0.0994152046783626	0.01
0.445849774	0.0982658959537572	0.01
0.445857123	0.0982658959537572	0.01
0.445917642	0.0982658959537572	0.01
0.445970843	0.0982658959537572	0.01
0.445978177	0.0982658959537572	0.01
0.446038729	0.0982658959537572	0.01
0.446188208	0.0977011494252874	0.01
0.446394864	0.0977011494252874	0.01
0.446455777	0.0977011494252874	0.01
0.446633323	0.0977011494252874	0.01
0.446772341	0.0977011494252874	0.01
0.446967543	0.0977011494252874	0.01
0.447533088	0.0977011494252874	0.01
0.447542535	0.0977011494252874	0.01
0.447876705	0.0971428571428571	0.01
0.447928306	0.0971428571428571	0.01
0.448701687	0.101694915254237	0.01
0.449715173	0.102272727272727	0.01
0.453102774	0.0977011494252874	0.01
0.453117722	0.0977011494252874	0.01
0.453312195	0.0971428571428571	0.01
0.453607731	0.0971428571428571	0.01
0.453670383	0.0971428571428571	0.01
0.45367678	0.0971428571428571	0.01
0.453739439	0.0971428571428571	0.01
0.453789353	0.0971428571428571	0.01
0.453802119	0.0971428571428571	0.01
0.453927527	0.0971428571428571	0.01
0.453952078	0.0971428571428571	0.01
0.453977538	0.0971428571428571	0.01
0.453990257	0.0971428571428571	0.01
0.454053004	0.0971428571428571	0.01
0.454115767	0.0971428571428571	0.01
0.454159539	0.0971428571428571	0.01
0.454172215	0.0971428571428571	0.01
0.454228692	0.0971428571428571	0.01
0.454266222	0.0982658959537572	0.01
0.454278877	0.0982658959537572	0.01
0.454291524	0.0982658959537572	0.01
0.454297847	0.0982658959537572	0.01
0.454379121	0.0982658959537572	0.01
0.454618511	0.0982658959537572	0.01
0.455078808	0.1	0.01
0.455439212	0.0849056603773585	0.01
0.455665947	0.0972972972972973	0.02
0.455804735	0.0972972972972973	0.02
0.456133439	0.0972972972972973	0.02
0.45760535	0.0972972972972973	0.02
0.458022431	0.0972972972972973	0.02
0.458619789	0.0972972972972973	0.02
0.460382332	0.0962566844919786	0.02
0.462114195	0.0918918918918919	0.02
0.46331093	0.0918918918918919	0.02
0.46499053	0.0885416666666667	0.02
0.472596627	0.0862944162436548	0.03
0.474072423	0.0862944162436548	0.03
0.478409458	0.0845070422535211	0.04
0.478888149	0.0849056603773585	0.04
0.479732593	0.0849056603773585	0.04
0.479936634	0.0849056603773585	0.04
0.483511101	0.0813397129186603	0.04
0.483671852	0.0813397129186603	0.04
0.483988273	0.0813397129186603	0.04
0.484225862	0.0813397129186603	0.04
0.484458594	0.0821256038647343	0.04
0.485802156	0.0731707317073171	0.04
0.48628356	0.0619469026548673	0.04
0.486776039	0.0660377358490566	0.04
0.508934563	0.0677966101694915	0.06
0.514553924	0.0759493670886076	0.07
0.514645345	0.0759493670886076	0.07
0.51473946	0.0759493670886076	0.07
0.514839037	0.0759493670886076	0.07
0.514971335	0.0759493670886076	0.07
0.515124567	0.0782608695652174	0.07
0.516063638	0.0625	0.07
0.51682809	0.0583941605839416	0.07
0.520735072	0.064	0.07
0.534308248	0.0384615384615385	0.06
0.534380672	0.0384615384615385	0.06
0.534453117	0.0384615384615385	0.06
0.539174229	0.0373831775700935	0.06
0.544416783	0.0661764705882353	0.07
0.546060858	0.0803571428571429	0.06
0.55657045	0.079646017699115	0.05
0.559788571	0.0775862068965517	0.05
0.566766402	0.0891089108910891	0.04
0.572491616	0.0849056603773585	0.04
0.574371638	0.0784313725490196	0.04
0.579525048	0.0833333333333333	0.05
0.583655412	0.0833333333333333	0.05
0.586308239	0.0761904761904762	0.05
0.59079165	0.0720720720720721	0.05
0.591193432	0.0720720720720721	0.05
0.591819223	0.0714285714285714	0.05
0.593402747	0.0714285714285714	0.05
0.593573546	0.0714285714285714	0.05
0.593673806	0.0714285714285714	0.05
0.593673808	0.0714285714285714	0.05
0.593754277	0.0714285714285714	0.05
0.593754278	0.0714285714285714	0.05
0.59375428	0.0714285714285714	0.05
0.593824895	0.0714285714285714	0.05
0.593834769	0.0714285714285714	0.05
0.593915284	0.0714285714285714	0.05
0.594036974	0.0714285714285714	0.05
0.594237558	0.0707964601769911	0.05
0.595015574	0.0754716981132075	0.05
0.595196772	0.0754716981132075	0.05
0.596219211	0.0747663551401869	0.05
0.596894832	0.073394495412844	0.05
0.597117526	0.073394495412844	0.05
0.602674298	0.0701754385964912	0.05
0.604317115	0.08	0.04
0.604813246	0.08	0.04
0.604905308	0.08	0.04
0.604905312	0.08	0.04
0.604988853	0.08	0.04
0.605716504	0.0776699029126214	0.04
0.606051871	0.0776699029126214	0.04
0.60631275	0.0776699029126214	0.04
0.606404306	0.0776699029126214	0.04
0.607971158	0.0769230769230769	0.04
0.608524688	0.0740740740740741	0.04
0.608756287	0.0740740740740741	0.04
0.61827716	0.0754716981132075	0.04
0.624510489	0.0769230769230769	0.04
0.636066531	0.092436974789916	0.05
0.63624959	0.092436974789916	0.05
0.636422142	0.0932203389830508	0.05
0.637031954	0.0932203389830508	0.05
0.637260654	0.0932203389830508	0.05
0.638075882	0.0932203389830508	0.05
0.641599528	0.0901639344262295	0.05
0.644129804	0.0852713178294574	0.06
0.64559646	0.0852713178294574	0.06
0.646569798	0.0859375	0.06
0.64801212	0.0859375	0.06
0.648110758	0.0859375	0.06
0.648827538	0.0859375	0.06
0.65703705	0.0942028985507246	0.07
0.659386285	0.0935251798561151	0.07
0.667472678	0.0909090909090909	0.08
0.667879261	0.0909090909090909	0.08
0.667879263	0.0909090909090909	0.08
0.669490645	0.0909090909090909	0.08
0.671132308	0.0909090909090909	0.08
0.68060848	0.0828025477707006	0.09
0.680702493	0.0828025477707006	0.09
0.680786967	0.0828025477707006	0.09
0.689921535	0.0990990990990991	0.09
0.690723937	0.0982142857142857	0.09
0.696262833	0.094017094017094	0.1
0.697379755	0.0956521739130435	0.1
0.712354258	0.0932203389830508	0.11
0.712401774	0.0932203389830508	0.11
0.71365913	0.094017094017094	0.11
0.714295462	0.094017094017094	0.11
0.715679053	0.0588235294117647	0.11
0.717816093	0.0916666666666667	0.12
0.725609694	0.0576923076923077	0.12
0.725869057	0.058252427184466	0.12
0.725979546	0.058252427184466	0.12
0.72717465	0.0894308943089431	0.13
0.742183791	0.0846153846153846	0.14
0.744518666	0.06	0.13
0.7500464	0.0588235294117647	0.13
0.75180067	0.058252427184466	0.13
0.756100951	0.0545454545454545	0.13
0.756122282	0.0545454545454545	0.13
0.762884543	0.09	0.13
0.763284143	0.0980392156862745	0.13
0.763491091	0.0997566909975669	0.13
0.766651587	0.0957943925233645	0.13
0.7676628	0.0979020979020979	0.13
0.772264397	0.0938337801608579	0.12
0.779184816	0.0997624703087886	0.12
0.779976345	0.0997624703087886	0.12
0.793117932	0.0949720670391061	0.1
0.794958533	0.101604278074866	0.1
0.797194853	0.0987012987012987	0.1
0.812482547	0.0898203592814371	0.08
0.817085993	0.0970350404312668	0.08
0.828284953	0.10054347826087	0.07
0.849686346	0.1	0.05
0.856064956	0.10233918128655	0.04
0.866065884	0.103550295857988	0.03
0.867661243	0.104347826086957	0.03
0.874413626	0.108695652173913	0.02
0.875954975	0.104166666666667	0.02
0.877564409	0.105263157894737	0.02
0.87832845	0.104651162790698	0.02
0.880342154	0.101408450704225	0.02
0.882218863	0.0909090909090909	0.01
0.882485476	0.096989966555184	0.01
0.883236842	0.109324758842444	0.01
0.885048106	0.108359133126935	0.01
0.885800269	0.106382978723404	0.01
0.888469193	0.106194690265487	0.01
0.889014569	0.104651162790698	0.01
0.889576687	0.104046242774566	0.01
0.889752182	0.104046242774566	0.01
0.889857915	0.104046242774566	0.01
0.890068113	0.103746397694524	0.01
0.890083013	0.103746397694524	0.01
0.890218543	0.103746397694524	0.01
0.890218544	0.103746397694524	0.01
0.890309475	0.103151862464183	0.01
0.890354074	0.103448275862069	0.01
0.890354075	0.103448275862069	0.01
0.890407894	0.103448275862069	0.01
0.890419078	0.103448275862069	0.01
0.890459913	0.103448275862069	0.01
0.890474761	0.103448275862069	0.01
0.890489605	0.103448275862069	0.01
0.890489606	0.103448275862069	0.01
0.890506418	0.103448275862069	0.01
0.890580647	0.103448275862069	0.01
0.890595481	0.103448275862069	0.01
0.890610311	0.103448275862069	0.01
0.89068659	0.103448275862069	0.01
0.890701414	0.103448275862069	0.01
0.890716233	0.103448275862069	0.01
0.890731048	0.103448275862069	0.01
0.890731049	0.103448275862069	0.01
0.890822213	0.103448275862069	0.01
0.890837018	0.103448275862069	0.01
0.890851819	0.103448275862069	0.01
0.890928251	0.103448275862069	0.01
0.890957836	0.103448275862069	0.01
0.890972622	0.103448275862069	0.01
0.890972623	0.103448275862069	0.01
0.891093459	0.102857142857143	0.01
0.89119957	0.102857142857143	0.01
0.891214328	0.102857142857143	0.01
0.891320486	0.102857142857143	0.01
0.891382479	0.102857142857143	0.01
0.891441435	0.102857142857143	0.01
0.891456164	0.102857142857143	0.01
0.89149835	0.102857142857143	0.01
0.891521465	0.102564102564103	0.01
0.891562417	0.102564102564103	0.01
0.891577132	0.102272727272727	0.01
0.891686849	0.102272727272727	0.01
0.891698132	0.102272727272727	0.01
0.891793338	0.102272727272727	0.01
0.892012117	0.101983002832861	0.01
0.892017347	0.101983002832861	0.01
0.89216782	0.101983002832861	0.01
0.892182462	0.101983002832861	0.01
0.892215798	0.101983002832861	0.01
0.892245091	0.102564102564103	0.01
0.892546055	0.102857142857143	0.01
0.892568748	0.102857142857143	0.01
0.89273031	0.102857142857143	0.01
0.892793389	0.102857142857143	0.01
0.892924751	0.102564102564103	0.01
0.892951888	0.101983002832861	0.01
0.89308003	0.101983002832861	0.01
0.893172464	0.101694915254237	0.01
0.893313967	0.101983002832861	0.01
0.893352088	0.101983002832861	0.01
0.893395592	0.101983002832861	0.01
0.894189143	0.101123595505618	0.01
0.89422449	0.101123595505618	0.01
0.894232534	0.101123595505618	0.01
0.894906463	0.1	0.01
0.894913415	0.1	0.01
0.895081202	0.100558659217877	0.01
0.895086463	0.100558659217877	0.01
0.895300675	0.100558659217877	0.01
0.895638516	0.0997229916897507	0.01
0.895840307	0.100278551532033	0.01
0.89592425	0.100278551532033	0.01
0.896396617	0.100278551532033	0.01
0.897131294	0.101369863013699	0.01
0.897282137	0.0986666666666667	0.01
0.897316929	0.0981432360742706	0.01
0.89799116	0.0915032679738562	0.01
0.898155973	0.0901287553648069	0.01
0.898455429	0.0887949260042283	0.01
0.898485328	0.0893617021276596	0.01
0.898662437	0.0889830508474576	0.01
0.898755243	0.0884210526315789	0.01
0.899325427	0.0860655737704918	0.01
0.899413875	0.0858895705521472	0.01
0.900031532	0.0850202429149798	0.01
0.900307304	0.0860655737704918	0.01
0.901007608	0.0689655172413793	0.01
0.90151373	0.0645161290322581	0.01
0.901568195	0.0655737704918033	0.01
0.901947653	0.0753138075313808	0.01
0.902919093	0.0614035087719298	0.01
0.902932441	0.0619469026548673	0.01
0.903166806	0.0575221238938053	0.01
0.903685884	0.0403587443946188	0.01
0.904039961	0.04	0.01
0.904513058	0.0409090909090909	0.01
0.905345526	0.0414746543778802	0.01
0.905541598	0.0414746543778802	0.01
0.906922556	0.0410958904109589	0.01
0.906983581	0.0410958904109589	0.01
0.907060652	0.0410958904109589	0.01
0.90712089	0.0410958904109589	0.01
0.907185931	0.0412844036697248	0.01
0.907198748	0.0412844036697248	0.01
0.907298438	0.0365296803652968	0.01
0.907311244	0.0365296803652968	0.01
0.907336843	0.0368663594470046	0.01
0.907336844	0.0368663594470046	0.01
0.907436592	0.0368663594470046	0.01
0.907449378	0.0368663594470046	0.01
0.90746216	0.0368663594470046	0.01
0.907536422	0.0368663594470046	0.01
0.9075492	0.0368663594470046	0.01
0.907574745	0.0368663594470046	0.01
0.907587512	0.0368663594470046	0.01
0.907700146	0.0368663594470046	0.01
0.907712898	0.0368663594470046	0.01
0.907963773	0.036697247706422	0.01
0.907963774	0.036697247706422	0.01
0.908076559	0.0368663594470046	0.01
0.908089263	0.0368663594470046	0.01
0.908089264	0.0368663594470046	0.01
0.908151307	0.0368663594470046	0.01
0.90817671	0.037037037037037	0.01
0.908202099	0.037037037037037	0.01
0.908214789	0.037037037037037	0.01
0.908289632	0.0368663594470046	0.01
0.908453284	0.0368663594470046	0.01
0.908566283	0.0368663594470046	0.01
0.908691978	0.037037037037037	0.01
0.908816452	0.0372093023255814	0.01
0.908830322	0.037037037037037	0.01
0.908943472	0.0368663594470046	0.01
0.909094444	0.0368663594470046	0.01
0.909207673	0.0368663594470046	0.01
0.909270732	0.0368663594470046	0.01
0.909308419	0.0368663594470046	0.01
0.909346075	0.037037037037037	0.01
0.909446878	0.0372093023255814	0.01
0.909620416	0.0372093023255814	0.01
0.909642167	0.0372093023255814	0.01
0.909838426	0.0372093023255814	0.01
0.909914657	0.0372093023255814	0.01
0.909925885	0.0372093023255814	0.01
0.910014581	0.0372093023255814	0.01
0.910051995	0.0373831775700935	0.01
0.910267	0.0373831775700935	0.01
0.910628128	0.0377358490566038	0.01
0.911049792	0.0380952380952381	0.01
0.911062134	0.0380952380952381	0.01
0.91113001	0.0380952380952381	0.01
0.911383512	0.037914691943128	0.01
0.911632099	0.0382775119617225	0.01
0.911747931	0.0382775119617225	0.01
0.912015459	0.0382775119617225	0.01
0.912488931	0.0377358490566038	0.01
0.912707801	0.0373831775700935	0.01
0.912776305	0.0373831775700935	0.01
0.913006436	0.037914691943128	0.01
0.913139907	0.037914691943128	0.01
0.913630289	0.0372093023255814	0.01
0.913751419	0.0373831775700935	0.01
0.914696902	0.0430622009569378	0.01
0.914870556	0.0430622009569378	0.01
0.914968567	0.0430622009569378	0.01
0.915269563	0.0430622009569378	0.01
0.916024822	0.0432692307692308	0.01
0.916163647	0.0432692307692308	0.01
0.916208994	0.0430622009569378	0.01
0.916688985	0.0430622009569378	0.01
0.917248255	0.0414507772020725	0.01
0.917957453	0.0350877192982456	0.01
0.918238351	0.0403225806451613	0.02
0.918483627	0.0404858299595142	0.02
0.918816837	0.0413223140495868	0.02
0.918837351	0.0413223140495868	0.02
0.921364075	0.0425531914893617	0.02
0.921783065	0.0429184549356223	0.02
0.922455062	0.0431034482758621	0.02
0.922504312	0.0431034482758621	0.02
0.923268187	0.0436681222707424	0.02
0.923473233	0.0436681222707424	0.02
0.924160807	0.0442477876106195	0.02
0.925553967	0.045662100456621	0.02
0.926193857	0.045662100456621	0.02
0.927872541	0.040983606557377	0.02
0.93064775	0.0374531835205993	0.03
0.93220206	0.0374531835205993	0.03
0.933174706	0.0380228136882129	0.03
0.934071327	0.0384615384615385	0.03
0.934700606	0.0389105058365759	0.03
0.942896738	0.0165289256198347	0.03
0.948845214	0.0314465408805031	0.04
0.953473419	0.0247933884297521	0.04
0.954119877	0.0258620689655172	0.04
0.954191796	0.0258620689655172	0.04
0.955603107	0.0275229357798165	0.04
0.955985355	0.0275229357798165	0.04
0.956296714	0.0294117647058824	0.04
0.956549025	0.0294117647058824	0.04
0.956766863	0.03	0.04
0.956780018	0.03	0.04
0.956793172	0.03	0.04
0.957016096	0.03	0.04
0.958321379	0.0294117647058824	0.05
0.959031973	0.032051282051282	0.05
0.959665139	0.0344827586206897	0.05
0.959857154	0.0347222222222222	0.05
0.960819071	0.037037037037037	0.05
0.960911853	0.037037037037037	0.05
0.964446178	0.0258620689655172	0.05
0.966653906	0.0294117647058824	0.05
0.966980911	0.03	0.05
0.966980912	0.03	0.05
0.967297223	0.0366300366300366	0.06
0.967297226	0.0366300366300366	0.06
0.967302571	0.0367647058823529	0.06
0.967302572	0.0367647058823529	0.06
0.967608447	0.0295566502463054	0.06
0.967772081	0.0310880829015544	0.06
0.967925221	0.0310880829015544	0.06
0.967935716	0.0310880829015544	0.06
0.968083686	0.0264550264550265	0.06
0.969666194	0.0324675324675325	0.06
0.970442597	0.0337837837837838	0.06
0.978183481	0.0241935483870968	0.06
0.985118954	0.0181818181818182	0.06
0.9860103	0.0185185185185185	0.06
1.019804062	0.0508474576271186	0.07
1.022530753	0.0504201680672269	0.07
1.023898132	0.0521739130434783	0.07
1.027349785	0.0495867768595041	0.08
1.028094642	0.0495867768595041	0.08
1.029659545	0.0504201680672269	0.08
1.030392053	0.0504201680672269	0.08
1.030397618	0.0504201680672269	0.08
1.030958443	0.0504201680672269	0.08
1.031531241	0.0504201680672269	0.08
1.031720423	0.0504201680672269	0.08
1.032104884	0.0504201680672269	0.08
1.0327094	0.0504201680672269	0.08
1.033463082	0.0491803278688525	0.08
1.034014818	0.0508474576271186	0.08
1.034854243	0.0512820512820513	0.08
1.035677928	0.0598290598290598	0.08
1.036124234	0.0614035087719298	0.08
1.038905957	0.0693069306930693	0.08
1.039046839	0.0551181102362205	0.09
1.041709188	0.0551181102362205	0.09
1.043349328	0.0546875	0.09
1.044012776	0.0551181102362205	0.09
1.048661279	0.0603448275862069	0.09
1.054783865	0.0660377358490566	0.09
1.056246636	0.0660377358490566	0.09
1.057424783	0.0598290598290598	0.1
1.058571278	0.0603448275862069	0.1
1.067766296	0.0593220338983051	0.11
1.068168044	0.0593220338983051	0.11
1.06860264	0.0598290598290598	0.11
1.068892568	0.0598290598290598	0.11
1.070020858	0.0619469026548673	0.11
1.088407982	0.0970873786407767	0.12
1.088762574	0.0961538461538462	0.12
1.091073782	0.0952380952380952	0.12
1.113082372	0.087378640776699	0.1
1.113233383	0.087378640776699	0.1
1.11414031	0.087378640776699	0.1
1.115076799	0.087378640776699	0.1
1.125633627	0.0891089108910891	0.1
1.127882011	0.0865384615384615	0.1
1.13205703	0.0825688073394495	0.11
1.133642817	0.0833333333333333	0.11
1.133988353	0.0849056603773585	0.11
1.134317617	0.0849056603773585	0.11
1.136767134	0.0818181818181818	0.11
1.137302108	0.0818181818181818	0.11
1.162829766	0.0857142857142857	0.13
1.187305519	0.0846153846153846	0.15
1.187446683	0.0846153846153846	0.15
1.18762744	0.083969465648855	0.15
1.192009701	0.083969465648855	0.15
1.192075895	0.083969465648855	0.15
1.192725439	0.0833333333333333	0.15
1.203309389	0.0901639344262295	0.14
1.208724051	0.0555555555555556	0.13
1.209751115	0.0555555555555556	0.13
1.209768181	0.0555555555555556	0.13
1.209825949	0.0555555555555556	0.13
1.210085375	0.055045871559633	0.13
1.210771389	0.055045871559633	0.13
1.21086869	0.055045871559633	0.13
1.212614931	0.0545454545454545	0.13
1.224141399	0.0555555555555556	0.12
1.22465873	0.0555555555555556	0.12
1.225416562	0.0555555555555556	0.12
1.226416878	0.0555555555555556	0.12
1.226767373	0.0555555555555556	0.12
1.243346642	0.0490196078431373	0.11
1.245566855	0.0689655172413793	0.12
1.246668032	0.0689655172413793	0.12
1.268447511	0.0784313725490196	0.1
1.270253663	0.0769230769230769	0.1
1.270604589	0.0769230769230769	0.1
1.275739262	0.0792079207920792	0.09
1.278899002	0.073394495412844	0.1
1.285172518	0.0810810810810811	0.1
1.289511656	0.0686274509803922	0.1
1.293113698	0.079646017699115	0.11
1.302603198	0.079646017699115	0.12
1.325958837	0.06	0.12
1.33510162	0.0648148148148148	0.13
1.335508208	0.0648148148148148	0.13
1.335711503	0.0648148148148148	0.13
1.335892556	0.0648148148148148	0.13
1.336051433	0.0648148148148148	0.13
1.33625481	0.0648148148148148	0.13
1.33638917	0.0648148148148148	0.13
1.336665633	0.0648148148148148	0.13
1.336979907	0.0648148148148148	0.13
1.337117106	0.0648148148148148	0.13
1.337161305	0.0648148148148148	0.13
1.337524247	0.0648148148148148	0.13
1.337887386	0.0648148148148148	0.13
1.338686534	0.0648148148148148	0.13
1.340005107	0.0673076923076923	0.13
1.342368518	0.07	0.13
1.343443085	0.0648148148148148	0.14
1.346883901	0.0707964601769911	0.14
1.350085516	0.0740740740740741	0.14
1.360981621	0.0754716981132075	0.14
1.36116959	0.0754716981132075	0.14
1.361338457	0.0754716981132075	0.14
1.36135761	0.0754716981132075	0.14
1.365659238	0.0769230769230769	0.14
1.368077892	0.0776699029126214	0.14
1.369020462	0.0776699029126214	0.14
1.373967278	0.0747663551401869	0.14
1.377139612	0.0740740740740741	0.14
1.377274175	0.0740740740740741	0.14
1.379222918	0.073394495412844	0.14
1.384187356	0.0784313725490196	0.13
1.385801753	0.0776699029126214	0.13
1.430594094	0.08	0.13
1.436494579	0.0784313725490196	0.13
1.448119954	0.0792079207920792	0.12
1.450462129	0.0792079207920792	0.12
1.450674974	0.0792079207920792	0.12
1.450928234	0.0792079207920792	0.12
1.454003033	0.0792079207920792	0.12
1.454856842	0.0792079207920792	0.12
1.45657643	0.0792079207920792	0.13
1.484117024	0.0792079207920792	0.15
1.485393153	0.08	0.15
1.485917469	0.0784313725490196	0.16
1.488337206	0.0792079207920792	0.16
1.494140559	0.0784313725490196	0.16
1.502972103	0.0784313725490196	0.17
1.506038743	0.0784313725490196	0.18
1.511734415	0.0784313725490196	0.18
1.512403577	0.0784313725490196	0.18
1.513239565	0.0784313725490196	0.18
1.515375804	0.0792079207920792	0.18
1.517647523	0.0769230769230769	0.19
1.558319819	0.162679425837321	0.23
1.558531046	0.162679425837321	0.23
1.55916507	0.161904761904762	0.23
1.561070241	0.165137614678899	0.22
1.652341299	0.201550387596899	0.14
1.707257935	0.247619047619048	0.08
1.718627381	0.240740740740741	0.07
1.745720251	0.245098039215686	0.04
1.75282717	0.232142857142857	0.04
1.758275756	0.25	0.03
1.768990518	0.25	0.02
1.777374698	0.239316239316239	0.02
1.778615293	0.257425742574257	0.01
1.77861633	0.257425742574257	0.01
1.780657572	0.247619047619048	0.01
1.780928629	0.245283018867925	0.01
1.78092863	0.245283018867925	0.01
1.781081012	0.245283018867925	0.01
1.781140367	0.245283018867925	0.01
1.781170032	0.245283018867925	0.01
1.781381862	0.245283018867925	0.01
1.781411498	0.245283018867925	0.01
1.781411499	0.245283018867925	0.01
1.781623424	0.245283018867925	0.01
1.781653031	0.245283018867925	0.01
1.7818108	0.245283018867925	0.01
1.781835463	0.245283018867925	0.01
1.781894629	0.245283018867925	0.01
1.782378022	0.242990654205607	0.01
1.782619816	0.242990654205607	0.01
1.783345594	0.242990654205607	0.01
1.783587651	0.242990654205607	0.01
1.78377107	0.242990654205607	0.01
1.783829774	0.242990654205607	0.01
1.784314217	0.242990654205607	0.01
1.784506241	0.242990654205607	0.01
1.784933025	0.238532110091743	0.01
1.785009515	0.238532110091743	0.01
1.785497332	0.25	0.01
1.785988286	0.247787610619469	0.01
1.786357195	0.247787610619469	0.01
1.787927091	0.236842105263158	0.01
1.788266632	0.236842105263158	0.01
1.788780487	0.241071428571429	0.01
1.78918715	0.241071428571429	0.01
1.789747139	0.238938053097345	0.01
1.790033715	0.238938053097345	0.01
1.790737455	0.247706422018349	0.01
1.792147241	0.25	0.02
1.794856772	0.206451612903226	0.02
1.795060195	0.195121951219512	0.02
1.795172249	0.186046511627907	0.02
1.795643534	0.181818181818182	0.02
1.796669094	0.173913043478261	0.02
1.796696941	0.173913043478261	0.02
1.799436111	0.161458333333333	0.02
1.808733518	0.0560747663551402	0.02
1.809599251	0.0566037735849057	0.02
1.812688451	0.0865384615384615	0.02
1.813215031	0.0865384615384615	0.02
1.813240824	0.0865384615384615	0.02
1.813793197	0.0865384615384615	0.02
1.814069382	0.0865384615384615	0.02
1.814345569	0.0865384615384615	0.02
1.814596154	0.0865384615384615	0.02
1.814621756	0.0865384615384615	0.02
1.814621757	0.0865384615384615	0.02
1.814846808	0.0865384615384615	0.02
1.814872379	0.0882352941176471	0.02
1.815039963	0.0882352941176471	0.02
1.815123071	0.07	0.02
1.815169565	0.0679611650485437	0.02
1.815373832	0.0686274509803922	0.02
1.815624663	0.0686274509803922	0.02
1.815850116	0.0693069306930693	0.02
1.815875562	0.0693069306930693	0.02
1.816374833	0.087378640776699	0.02
1.816377569	0.087378640776699	0.02
1.816879855	0.0891089108910891	0.02
1.817382419	0.0891089108910891	0.02
1.817399416	0.0891089108910891	0.02
1.817633804	0.087378640776699	0.02
1.818363245	0.0865384615384615	0.02
1.819410514	0.0865384615384615	0.02
1.81989941	0.087378640776699	0.02
1.822065256	0.087378640776699	0.02
1.823267442	0.0865384615384615	0.02
1.823345161	0.0865384615384615	0.02
1.824280416	0.0841121495327103	0.02
1.824759677	0.0841121495327103	0.02
1.824985083	0.0841121495327103	0.02
1.828541204	0.0810810810810811	0.02
1.828939845	0.0825688073394495	0.02
1.830016016	0.0654205607476635	0.02
1.835137623	0.0803571428571429	0.03
1.836263396	0.0803571428571429	0.03
1.83758722	0.0803571428571429	0.03
1.837659261	0.0803571428571429	0.03
1.842215909	0.0648148148148148	0.03
1.844053766	0.0679611650485437	0.03
1.846490238	0.079646017699115	0.04
1.860714054	0.0642201834862385	0.05
1.872927722	0.0630630630630631	0.06
1.917919203	0.0687022900763359	0.11
1.919145255	0.0697674418604651	0.11
1.933588634	0.062992125984252	0.12
1.93486401	0.0714285714285714	0.13
1.937910579	0.0709219858156028	0.13
1.938319698	0.0709219858156028	0.13
1.939501786	0.0719424460431655	0.13
1.940502926	0.0583941605839416	0.13
1.945075766	0.0748299319727891	0.14
1.956133657	0.0748299319727891	0.15
1.95745413	0.0748299319727891	0.15
1.959079535	0.0758620689655172	0.15
1.961031557	0.0629370629370629	0.15
2.03833515	0.0792682926829268	0.23
2.045755957	0.0841121495327103	0.23
2.049316864	0.0783132530120482	0.24
2.057190684	0.0773809523809524	0.25
2.058434493	0.0773809523809524	0.25
2.058810915	0.0783132530120482	0.25
2.060706206	0.0670731707317073	0.25
2.067556414	0.0773809523809524	0.26
2.077371996	0.0773809523809524	0.27
2.077653506	0.0773809523809524	0.27
2.07768814	0.0773809523809524	0.27
2.079378601	0.0783132530120482	0.27
2.112854786	0.0662650602409639	0.3
2.116340052	0.0841121495327103	0.3
2.117539144	0.09	0.3
2.119081815	0.0764705882352941	0.31
2.122322709	0.0654761904761905	0.31
2.130868897	0.0654761904761905	0.32
2.175983465	0.0833333333333333	0.36
2.201956234	0.0647058823529412	0.39
2.22342495	0.0658682634730539	0.41
2.225736601	0.076271186440678	0.41
2.22607531	0.0789473684210526	0.41
2.226678687	0.0818181818181818	0.41
2.268175967	0.130434782608696	0.41
2.273953022	0.144	0.4
2.287430653	0.132352941176471	0.39
2.396315913	0.158415841584158	0.28
2.401471639	0.17	0.28
2.416816988	0.16504854368932	0.27
2.57811595	0.151515151515152	0.15
2.634889835	0.166666666666667	0.09
2.63880046	0.148148148148148	0.09
2.64482266	0.166666666666667	0.08
2.65353762	0.169491525423729	0.07
2.664122924	0.169491525423729	0.06
2.670831293	0.156716417910448	0.06
2.671193179	0.156716417910448	0.06
2.671237545	0.156716417910448	0.06
2.671237705	0.156716417910448	0.06
2.671599486	0.156716417910448	0.06
2.671599646	0.156716417910448	0.06
2.671961685	0.172727272727273	0.05
2.672323822	0.165217391304348	0.05
2.672686057	0.169491525423729	0.05
2.67300408	0.169491525423729	0.05
2.673366554	0.169491525423729	0.05
2.673410821	0.169491525423729	0.05
2.674201502	0.169491525423729	0.05
2.674498542	0.169491525423729	0.05
2.674640938	0.169491525423729	0.05
2.67498819	0.169491525423729	0.05
2.675753192	0.16260162601626	0.05
2.675906626	0.16	0.05
2.679543675	0.150375939849624	0.05
2.679587204	0.150375939849624	0.05
2.68050645	0.150375939849624	0.05
2.681604422	0.156716417910448	0.05
2.684222358	0.176991150442478	0.04
2.690797174	0.168	0.04
2.690995907	0.168	0.04
2.697875326	0.163793103448276	0.03
2.700424629	0.155737704918033	0.03
2.716197088	0.166666666666667	0.05
2.721223607	0.169230769230769	0.05
2.721339166	0.196078431372549	0.05
2.721714851	0.171641791044776	0.06
2.721753239	0.171641791044776	0.06
2.722090639	0.171641791044776	0.06
2.72212898	0.171641791044776	0.06
2.722504826	0.171641791044776	0.06
2.725138453	0.165413533834586	0.06
2.725892101	0.165413533834586	0.06
2.727362573	0.165413533834586	0.06
2.728042156	0.165413533834586	0.06
2.728457177	0.165413533834586	0.06
2.730687704	0.165413533834586	0.06
2.733911556	0.167883211678832	0.07
2.734951629	0.161764705882353	0.07
2.741703646	0.167883211678832	0.08
2.742221604	0.167883211678832	0.08
2.758261585	0.161764705882353	0.09
2.767264537	0.161764705882353	0.1
2.795646082	0.159420289855072	0.13
2.884109016	0.164285714285714	0.22
2.885327778	0.158273381294964	0.22
3.091199805	0.159420289855072	0.42
3.190582361	0.148514851485149	0.5
3.479484296	0.15	0.77
3.557717034	0.15	0.850000000000001
3.560201153	0.15	0.850000000000001
3.561529658	0.15	0.850000000000001
3.561648443	0.15	0.850000000000001
3.563861522	0.15	0.850000000000001
3.565454716	0.15	0.850000000000001
3.571812505	0.15	0.860000000000001
3.572497766	0.15	0.860000000000001
3.575584373	0.15	0.860000000000001
3.579984214	0.147058823529412	0.870000000000001
3.62901857	0.184873949579832	0.910000000000001
3.62939674	0.184873949579832	0.910000000000001
3.629519691	0.184873949579832	0.910000000000001
3.6300627	0.184873949579832	0.910000000000001
3.630972932	0.184873949579832	0.910000000000001
3.631023885	0.184873949579832	0.910000000000001
3.631169027	0.184873949579832	0.910000000000001
3.631970124	0.181818181818182	0.920000000000001
3.633483005	0.181818181818182	0.920000000000001
3.707141358	0.183333333333333	0.990000000000001
3.963711323	0.180327868852459	1.25
4.442577106	0.235294117647059	1.72
4.452121847	0.231481481481481	1.73
4.464002998	0.235294117647059	1.74
4.475601202	0.205882352941176	1.76
4.478685952	0.207407407407407	1.76
4.480518943	0.207407407407407	1.76
4.492707945	0.226415094339623	1.77
4.537444354	0.201438848920863	1.82
4.537596069	0.201438848920863	1.82
4.550359745	0.2	1.83
4.773228095	0.218181818181818	2.05
5.341769851	0.25	2.54999999999999
5.342582978	0.25	2.54999999999999
5.343307119	0.25	2.54999999999999
5.346842194	0.25	2.55999999999999
5.443653327	0.259259259259259	2.55999999999999
6.232084175	0.27536231884058	2.66999999999999
6.234722781	0.283582089552239	2.66999999999999
6.244676548	0.283582089552239	2.67999999999999
6.35095118	0.261538461538462	2.77999999999998
6.358499262	0.261538461538462	2.78999999999998
7	0.264150943396226	3.36999999999997
