thrs	post_p	finalwindow
0	0.096601764597857	0.21
0.03256001	0.0626454767219407	0.2
0.070216248	0.0634718042611744	0.16
0.089689176	0.0588168489831022	0.16
0.098963073	0.0554292468280308	0.16
0.106977596	0.0554292468280308	0.15
0.113424721	0.0541810079145321	0.15
0.115659216	0.0541810079145321	0.15
0.123778241	0.0541810079145321	0.16
0.127695348	0.0411937354626823	0.17
0.128068503	0.0486157612327712	0.17
0.129609166	0.0632631853989267	0.17
0.130460633	0.0627475891116605	0.17
0.14705261	0.0438196448363639	0.15
0.148782099	0.0557965204261023	0.15
0.151339737	0.0617412048833463	0.15
0.172569069	0.0714868830437937	0.13
0.178062567	0.0494484060855492	0.12
0.178113806	0.0494484060855492	0.12
0.178140913	0.0494484060855492	0.12
0.178189211	0.0494484060855492	0.12
0.181486006	0.0627475891116605	0.12
0.181824923	0.0627475891116605	0.12
0.186084933	0.0782698435036138	0.12
0.194681585	0.0810152173631249	0.11
0.205298456	0.0821680600626109	0.1
0.222049977	0.0545907937040425	0.08
0.222622275	0.0654131831830606	0.08
0.22265244	0.0654131831830606	0.08
0.222656148	0.0654131831830606	0.08
0.222686318	0.0654131831830606	0.08
0.222697977	0.0637873251867103	0.08
0.222716495	0.0637873251867103	0.08
0.222924291	0.078482607580577	0.08
0.223196808	0.077223095621085	0.08
0.226867021	0.0736759745237896	0.08
0.226982815	0.0736759745237896	0.08
0.227081991	0.0742443574332646	0.08
0.227177477	0.0742443574332646	0.08
0.227432153	0.0736759745237896	0.08
0.230426372	0.0760033711762779	0.08
0.241897099	0.077847757470226	0.07
0.24235868	0.077847757470226	0.07
0.243116147	0.0668742165613696	0.06
0.249436037	0.0631150095768102	0.06
0.254481698	0.0675447242607629	0.05
0.256228734	0.0675447242607629	0.05
0.256259656	0.0675447242607629	0.05
0.256650521	0.0675447242607629	0.05
0.259750174	0.066216890099129	0.05
0.295749179	0.0675447242607629	0.05
0.296044019	0.0675447242607629	0.05
0.296839561	0.0675447242607629	0.05
0.296839653	0.0675447242607629	0.05
0.296874128	0.0675447242607629	0.05
0.296879772	0.0675447242607629	0.05
0.29691506	0.0675447242607629	0.05
0.296919994	0.0675447242607629	0.05
0.297156652	0.0675447242607629	0.05
0.297161557	0.0675447242607629	0.05
0.297207868	0.0675447242607629	0.05
0.29723727	0.0675447242607629	0.05
0.297345093	0.0675447242607629	0.05
0.298033592	0.0675447242607629	0.05
0.298062423	0.0675447242607629	0.05
0.298432807	0.0675447242607629	0.05
0.29855614	0.0675447242607629	0.05
0.299120783	0.0675447242607629	0.05
0.299931082	0.0557965204261023	0.06
0.300638986	0.0557965204261023	0.06
0.302397905	0.0668742165613696	0.05
0.302406093	0.0668742165613696	0.05
0.30240618	0.0668742165613696	0.05
0.302443572	0.0668742165613696	0.05
0.302452098	0.0668742165613696	0.05
0.302531356	0.0668742165613696	0.05
0.302694303	0.0668742165613696	0.05
0.302757814	0.0668742165613696	0.05
0.302844832	0.0668742165613696	0.05
0.303037639	0.0668742165613696	0.05
0.303062807	0.0668742165613696	0.05
0.303998368	0.0668742165613696	0.05
0.304168238	0.0668742165613696	0.05
0.305094409	0.0675447242607629	0.05
0.306047128	0.0675447242607629	0.05
0.307314933	0.0608351866464636	0.05
0.308759935	0.0608351866464636	0.05
0.320217262	0.061954131655947	0.04
0.322066605	0.0613895608334055	0.04
0.322591403	0.0613895608334055	0.04
0.322777267	0.0613895608334055	0.04
0.323097253	0.0608351866464636	0.04
0.323165924	0.0608351866464636	0.04
0.323537089	0.0597559428217151	0.04
0.323808824	0.0597559428217151	0.04
0.327195424	0.0567363566607948	0.04
0.330254195	0.0567363566607948	0.04
0.333944256	0.0562625139474953	0.04
0.338071632	0.0531549875722885	0.05
0.340262381	0.0519258444025717	0.05
0.343706753	0.0519258444025717	0.05
0.345554528	0.0519258444025717	0.05
0.350684009	0.0519258444025717	0.06
0.356200611	0.0523291936389321	0.06
0.356206548	0.0523291936389321	0.06
0.356351443	0.0523291936389321	0.06
0.356437896	0.0523291936389321	0.06
0.356490553	0.0523291936389321	0.06
0.357086112	0.0597559428217151	0.06
0.360733393	0.0385533635691745	0.06
0.362945858	0.0492675899228869	0.07
0.363236679	0.0492675899228869	0.07
0.363936107	0.0492675899228869	0.07
0.366130409	0.0511375166318387	0.07
0.37384574	0.100380236624344	0.08
0.382008897	0.0869546940669751	0.07
0.386863037	0.08535643226423	0.06
0.386909127	0.0997641055418203	0.06
0.389825341	0.094602610644164	0.06
0.415094538	0.115084870125472	0.04
0.415772448	0.0582070145339334	0.03
0.418471182	0.131279425919605	0.03
0.423143546	0.126730125610767	0.03
0.438815006	0.137189129351393	0.01
0.440249622	0.13616750497296	0.01
0.441750067	0.134169233528906	0.01
0.444236336	0.13143040283862	0.01
0.444499874	0.127936021129964	0.01
0.444770984	0.125271514415327	0.01
0.445049535	0.125271514415327	0.01
0.445117302	0.125271514415327	0.01
0.445156208	0.125271514415327	0.01
0.445185067	0.125271514415327	0.01
0.445185068	0.125271514415327	0.01
0.445245414	0.125271514415327	0.01
0.445252832	0.125271514415327	0.01
0.445252833	0.125271514415327	0.01
0.445252835	0.125271514415327	0.01
0.445305777	0.125271514415327	0.01
0.445313188	0.125271514415327	0.01
0.44531319	0.125271514415327	0.01
0.445373562	0.125271514415327	0.01
0.445419149	0.125271514415327	0.01
0.445433949	0.125271514415327	0.01
0.445494353	0.125271514415327	0.01
0.445540001	0.125271514415327	0.01
0.445554774	0.124622639577309	0.01
0.445578303	0.124622639577309	0.01
0.445615211	0.124622639577309	0.01
0.445653547	0.124622639577309	0.01
0.445691925	0.128964668464551	0.01
0.445736134	0.128964668464551	0.01
0.445849774	0.131910795738898	0.01
0.445857123	0.131910795738898	0.01
0.445917642	0.131910795738898	0.01
0.445978177	0.131910795738898	0.01
0.446188208	0.131244526984549	0.01
0.446394864	0.131244526984549	0.01
0.446395102	0.131244526984549	0.01
0.446465528	0.129931979101247	0.01
0.44656991	0.129931979101247	0.01
0.446772341	0.129931979101247	0.01
0.446888185	0.129285501055076	0.01
0.447158639	0.129285501055076	0.01
0.447542535	0.129285501055076	0.01
0.447649603	0.128645424277127	0.01
0.447876705	0.128645424277127	0.01
0.447928306	0.128645424277127	0.01
0.448701687	0.138891159293919	0.01
0.448791313	0.138891159293919	0.01
0.449715173	0.138891159293919	0.01
0.451750007	0.139562547806475	0.01
0.452986292	0.131481706078729	0.01
0.453312195	0.131481706078729	0.01
0.453607731	0.131481706078729	0.01
0.45367678	0.131481706078729	0.01
0.453739439	0.131481706078729	0.01
0.453782962	0.131481706078729	0.01
0.453789353	0.131481706078729	0.01
0.453802119	0.131481706078729	0.01
0.453864805	0.131481706078729	0.01
0.453864814	0.131481706078729	0.01
0.453927527	0.131481706078729	0.01
0.453952078	0.131481706078729	0.01
0.453977538	0.131481706078729	0.01
0.453990257	0.131481706078729	0.01
0.454115767	0.131481706078729	0.01
0.454266222	0.132126392533929	0.01
0.454291524	0.132126392533929	0.01
0.454297847	0.132126392533929	0.01
0.454379121	0.132126392533929	0.01
0.454423548	0.132126392533929	0.01
0.454543029	0.132777432246436	0.01
0.454618511	0.132777432246436	0.01
0.454637485	0.132777432246436	0.01
0.455550168	0.187369203633369	0.01
0.455678249	0.197394770479189	0.01
0.455755613	0.20282094210553	0.01
0.455804735	0.20282094210553	0.01
0.456159276	0.182332750288853	0.01
0.456455968	0.136915200254265	0.02
0.456880284	0.136915200254265	0.02
0.45760535	0.136268982192686	0.02
0.458022431	0.136268982192686	0.02
0.458619789	0.135628835568699	0.02
0.458664131	0.135628835568699	0.02
0.459124851	0.136268982192686	0.02
0.460382332	0.136915200254265	0.02
0.473676694	0.12141087141895	0.03
0.47699163	0.0993207397814135	0.03
0.478419311	0.121374413900816	0.04
0.479732593	0.118875676790927	0.04
0.483671852	0.112303035189064	0.04
0.484225862	0.112303035189064	0.04
0.484927676	0.114206906059858	0.04
0.485802156	0.153570299265205	0.04
0.485999254	0.135160983853029	0.04
0.489107131	0.0948703364257553	0.04
0.489424331	0.0931998814292558	0.04
0.490830832	0.0940276903688227	0.04
0.499369323	0.0870676154840439	0.05
0.50407637	0.106111806104846	0.06
0.508934563	0.0836285518249811	0.06
0.51473946	0.105282635139443	0.07
0.514742139	0.105282635139443	0.07
0.514839037	0.106111806104846	0.07
0.514971335	0.106111806104846	0.07
0.51502476	0.106111806104846	0.07
0.515124567	0.107809956721547	0.07
0.51682809	0.0919851415659728	0.07
0.518492841	0.0780774202074997	0.07
0.518564452	0.0780774202074997	0.07
0.520735072	0.0810669170599697	0.07
0.529143364	0.0891449676984359	0.08
0.534308248	0.081587566462602	0.08
0.534453117	0.0827568732526936	0.08
0.534888196	0.0851990045440609	0.08
0.536755919	0.0625291830462159	0.07
0.539174229	0.0572182485680248	0.07
0.543234343	0.0572182485680248	0.07
0.544416783	0.0577083965243087	0.07
0.55657045	0.066216890099129	0.06
0.55802857	0.066216890099129	0.06
0.559788571	0.0655723599705309	0.06
0.562444529	0.0655723599705309	0.06
0.566766402	0.0649402561136229	0.06
0.574371638	0.0643202225994931	0.06
0.57444178	0.0643202225994931	0.06
0.586308239	0.0637119169639564	0.06
0.591193432	0.0637119169639564	0.06
0.593402747	0.0637119169639564	0.06
0.593573546	0.0637119169639564	0.06
0.593673806	0.0637119169639564	0.06
0.593673808	0.0637119169639564	0.06
0.59375428	0.0637119169639564	0.06
0.593824895	0.0637119169639564	0.06
0.593834769	0.0637119169639564	0.06
0.594152812	0.0637119169639564	0.06
0.595015574	0.0655723599705309	0.06
0.595196772	0.0655723599705309	0.06
0.595887104	0.0655723599705309	0.06
0.596894832	0.066216890099129	0.06
0.597117526	0.066216890099129	0.06
0.604813246	0.0675447242607629	0.06
0.604905308	0.0675447242607629	0.06
0.604905312	0.0675447242607629	0.06
0.604988853	0.0675447242607629	0.06
0.605716504	0.0675447242607629	0.06
0.605724938	0.0675447242607629	0.06
0.606051871	0.0675447242607629	0.06
0.60631275	0.0675447242607629	0.06
0.606404306	0.0675447242607629	0.06
0.606824709	0.0675447242607629	0.06
0.607971158	0.0625291830462159	0.06
0.608524688	0.0625291830462159	0.06
0.608756287	0.0625291830462159	0.06
0.61827716	0.0655723599705309	0.05
0.624510489	0.0851990045440609	0.05
0.630942519	0.0869087729748402	0.04
0.635412418	0.0804508425535294	0.05
0.636066531	0.0804508425535294	0.05
0.63624959	0.0804508425535294	0.05
0.636422142	0.0819736465457302	0.05
0.637881775	0.0819736465457302	0.05
0.644129804	0.0755393760181681	0.06
0.64559646	0.0755393760181681	0.06
0.648110758	0.0768803737212301	0.06
0.659386285	0.0742443574332646	0.07
0.667472678	0.0704404055948571	0.08
0.667879261	0.0704404055948571	0.08
0.667879263	0.0704404055948571	0.08
0.667969788	0.0704404055948571	0.08
0.669490645	0.0704404055948571	0.08
0.678915807	0.0631150095768102	0.08
0.68060848	0.0631150095768102	0.08
0.680786967	0.0631150095768102	0.08
0.689921535	0.0762039757823344	0.09
0.692614054	0.07488626841041	0.09
0.696262833	0.0482098664794823	0.09
0.697379755	0.0729929930775356	0.1
0.712354258	0.0711930887471787	0.11
0.7123899	0.0711930887471787	0.11
0.712401774	0.0711930887471787	0.11
0.71365913	0.0711930887471787	0.11
0.715679053	0.044222354807084	0.11
0.719314887	0.0700416695132044	0.12
0.725609694	0.0434242032167969	0.12
0.725979546	0.044222354807084	0.12
0.726772429	0.0459100389980163	0.12
0.735438378	0.0430358349329178	0.13
0.744518666	0.046352281462142	0.13
0.7500464	0.046352281462142	0.13
0.756100951	0.0446325353798178	0.13
0.756122282	0.0446325353798178	0.13
0.762884543	0.0855936677115369	0.13
0.763491091	0.087067615484044	0.13
0.765321243	0.0838493482291917	0.13
0.772264397	0.0854511684600937	0.12
0.778829055	0.0854281828040878	0.12
0.779184816	0.0847443172375031	0.12
0.779976345	0.0840713136146768	0.12
0.793117932	0.089421068138802	0.1
0.794958533	0.0888352834693719	0.1
0.797194853	0.0862665565876954	0.1
0.799403767	0.0843161147184093	0.1
0.817085993	0.0891449676984359	0.08
0.828284953	0.0908276280803132	0.07
0.864973627	0.0932585269516535	0.03
0.866065884	0.0913614008930537	0.03
0.867661243	0.0895399211501137	0.03
0.870144812	0.0866603309405767	0.03
0.874413626	0.0959140772318138	0.02
0.875213305	0.0926174575630981	0.02
0.87832845	0.0895399211501137	0.02
0.880342154	0.0863825260541021	0.02
0.88244613	0.0911142667447147	0.01
0.883671839	0.0990883262387754	0.01
0.886381245	0.0945676631685109	0.01
0.888863234	0.0926174575630981	0.01
0.889014569	0.0916722102538825	0.01
0.889209764	0.0916722102538825	0.01
0.889752182	0.0904414908607013	0.01
0.889857915	0.0904414908607013	0.01
0.890068113	0.0898384405430354	0.01
0.890218543	0.0898384405430354	0.01
0.890218544	0.0898384405430354	0.01
0.890309475	0.0895399211501137	0.01
0.890339212	0.0895399211501137	0.01
0.890354074	0.0904414908607013	0.01
0.890354075	0.0904414908607013	0.01
0.890407894	0.0904414908607013	0.01
0.890419078	0.0904414908607013	0.01
0.890459913	0.0904414908607013	0.01
0.890474761	0.0904414908607013	0.01
0.890489605	0.0904414908607013	0.01
0.890489606	0.0904414908607013	0.01
0.890506418	0.0904414908607013	0.01
0.890580647	0.0904414908607013	0.01
0.890595481	0.0904414908607013	0.01
0.89061031	0.0904414908607013	0.01
0.890610311	0.0904414908607013	0.01
0.89068659	0.0904414908607013	0.01
0.890701414	0.0904414908607013	0.01
0.890716233	0.0904414908607013	0.01
0.890731048	0.0904414908607013	0.01
0.890731049	0.0904414908607013	0.01
0.890737499	0.0904414908607013	0.01
0.890822213	0.0904414908607013	0.01
0.890837018	0.0904414908607013	0.01
0.890851819	0.0904414908607013	0.01
0.890957836	0.0904414908607013	0.01
0.890972623	0.0904414908607013	0.01
0.891093459	0.0898384405430354	0.01
0.89119957	0.0898384405430354	0.01
0.891214328	0.0898384405430354	0.01
0.891320486	0.0898384405430354	0.01
0.891382479	0.0898384405430354	0.01
0.891441435	0.0898384405430354	0.01
0.891456164	0.0898384405430354	0.01
0.89149835	0.0898384405430354	0.01
0.891521465	0.0895399211501137	0.01
0.891562417	0.0895399211501137	0.01
0.891577132	0.0892433790554725	0.01
0.891698132	0.0892433790554725	0.01
0.891793338	0.0892433790554725	0.01
0.892012117	0.08894879467846	0.01
0.89206133	0.08894879467846	0.01
0.892182462	0.0886561486961094	0.01
0.892215798	0.0886561486961094	0.01
0.89229733	0.0877896516644934	0.01
0.892546055	0.0883654220389144	0.01
0.892568748	0.0883654220389144	0.01
0.892924751	0.0909361405361573	0.01
0.89308003	0.0909361405361573	0.01
0.893142511	0.0909361405361573	0.01
0.893172464	0.0906408061952799	0.01
0.894085351	0.0903473839658315	0.01
0.894189143	0.0903473839658315	0.01
0.894232534	0.0900558553380825	0.01
0.894511483	0.0900558553380825	0.01
0.894690708	0.08947840603563	0.01
0.894906463	0.08947840603563	0.01
0.894913415	0.08947840603563	0.01
0.894970751	0.08947840603563	0.01
0.895081202	0.08947840603563	0.01
0.895524497	0.0947607602200472	0.01
0.895638516	0.0944607266887602	0.01
0.89592425	0.0944607266887602	0.01
0.896396617	0.0950627058043762	0.01
0.897131294	0.0959995022303957	0.01
0.897197773	0.0954047029273894	0.01
0.898755243	0.0778137337106049	0.01
0.898920463	0.0778137337106049	0.01
0.899310528	0.0768066712828825	0.01
0.899325427	0.0768066712828825	0.01
0.899974537	0.0794293158339261	0.01
0.900031532	0.0794293158339261	0.01
0.900307304	0.0801074266250526	0.01
0.901007608	0.0652381476440892	0.01
0.90151373	0.0517264925701916	0.01
0.901568195	0.0519258444025717	0.01
0.901947653	0.0598222724634258	0.01
0.902162268	0.0607665930815002	0.01
0.902291602	0.0617412048833463	0.01
0.902860993	0.0540072626942371	0.01
0.902919093	0.0540072626942371	0.01
0.903166806	0.0544437319742324	0.01
0.903685884	0.0501420405469803	0.01
0.904220945	0.0505472107619201	0.01
0.904513058	0.0511673940598973	0.01
0.905345526	0.050958982232708	0.01
0.905424433	0.050958982232708	0.01
0.905541598	0.0513775176112845	0.01
0.906197141	0.0505472107619201	0.01
0.906508268	0.0511673940598973	0.01
0.906786831	0.050958982232708	0.01
0.906922556	0.050958982232708	0.01
0.906983581	0.050958982232708	0.01
0.907060652	0.050958982232708	0.01
0.90712089	0.050958982232708	0.01
0.907185931	0.0511673940598973	0.01
0.907198748	0.0513775176112845	0.01
0.907298438	0.0513775176112845	0.01
0.907311244	0.0513775176112845	0.01
0.907324045	0.0513775176112845	0.01
0.907336843	0.0513775176112845	0.01
0.907336844	0.0513775176112845	0.01
0.907436592	0.0513775176112845	0.01
0.907449378	0.0513775176112845	0.01
0.90746216	0.0513775176112845	0.01
0.907536422	0.0513775176112845	0.01
0.9075492	0.0513775176112845	0.01
0.907574745	0.0513775176112845	0.01
0.907587512	0.0513775176112845	0.01
0.907674633	0.0513775176112845	0.01
0.907700146	0.0513775176112845	0.01
0.907712898	0.0513775176112845	0.01
0.907963773	0.050958982232708	0.01
0.907963774	0.050958982232708	0.01
0.908076559	0.050958982232708	0.01
0.908089263	0.050958982232708	0.01
0.908089264	0.050958982232708	0.01
0.908151307	0.050958982232708	0.01
0.90817671	0.050958982232708	0.01
0.908202099	0.050958982232708	0.01
0.908289632	0.0507522612983023	0.01
0.908453284	0.0507522612983023	0.01
0.908566283	0.0507522612983023	0.01
0.908691978	0.0507522612983023	0.01
0.908816452	0.050958982232708	0.01
0.908943472	0.050958982232708	0.01
0.908956071	0.050958982232708	0.01
0.909183517	0.0507522612983023	0.01
0.909195105	0.0507522612983023	0.01
0.909270732	0.0507522612983023	0.01
0.909346075	0.0515893740618796	0.01
0.90938549	0.0515893740618796	0.01
0.909409249	0.0515893740618796	0.01
0.909620416	0.0515893740618796	0.01
0.909838426	0.0515893740618796	0.01
0.909896599	0.0515893740618796	0.01
0.909925885	0.0515893740618796	0.01
0.910051995	0.0518029849374011	0.01
0.910204731	0.0518029849374011	0.01
0.910467776	0.0520183721215674	0.01
0.910628128	0.0520183721215674	0.01
0.911049792	0.0524545647857362	0.01
0.911351929	0.0524545647857362	0.01
0.911383512	0.0524545647857362	0.01
0.911518912	0.0526754158913817	0.01
0.911632099	0.0528981345728678	0.01
0.911747931	0.0528981345728678	0.01
0.912015459	0.0531227446198592	0.01
0.912488931	0.0538081669894921	0.01
0.912630246	0.0535777360065802	0.01
0.912811242	0.0533492702277956	0.01
0.913006436	0.0496610429482967	0.01
0.913630289	0.0490285487418208	0.01
0.914018042	0.0494484060855492	0.01
0.914870556	0.0613150612132982	0.01
0.914968567	0.0613150612132982	0.01
0.915026039	0.0613150612132982	0.01
0.915269563	0.0613150612132982	0.01
0.915559183	0.0533492702277956	0.01
0.916024822	0.0533492702277956	0.01
0.916163647	0.0533492702277956	0.01
0.916208994	0.0535777360065802	0.01
0.916688985	0.0538081669894921	0.01
0.917957453	0.0694798144501729	0.01
0.918238351	0.0649402561136229	0.01
0.918837351	0.0602907353273229	0.02
0.919120121	0.0609647249372256	0.02
0.920002472	0.0621221634863708	0.02
0.922455062	0.0638184275400417	0.02
0.922504312	0.0638184275400417	0.02
0.922763582	0.0638184275400417	0.02
0.923268187	0.0602907353273229	0.02
0.923473233	0.0602907353273229	0.02
0.924160807	0.0605277289425601	0.02
0.924412009	0.0607665930815002	0.02
0.924507726	0.0607665930815002	0.02
0.925553967	0.0544437319742324	0.02
0.929379518	0.0561521695283239	0.03
0.93064775	0.0552048070310894	0.03
0.933174706	0.0535777360065802	0.03
0.934700606	0.0541429056909539	0.03
0.938770844	0.0448404924067252	0.03
0.941112169	0.0396112554673377	0.03
0.942896738	0.0291964278008628	0.03
0.944027825	0.0301098899483755	0.03
0.947518522	0.0347275739745723	0.03
0.948845214	0.0356935746299913	0.03
0.949342587	0.0360276291907557	0.03
0.951999424	0.0353656579835397	0.03
0.954119877	0.0377962984848455	0.03
0.954191796	0.0492675899228869	0.04
0.955603107	0.0531549875722885	0.04
0.955985355	0.0531549875722885	0.04
0.956766863	0.0562625139474953	0.04
0.957016096	0.0562625139474953	0.04
0.957077957	0.0562625139474953	0.04
0.957486775	0.0562625139474953	0.04
0.958321379	0.0577083965243087	0.04
0.959031973	0.0592305543618836	0.04
0.959642592	0.0597559428217151	0.04
0.959665139	0.0597559428217151	0.04
0.959857154	0.0597559428217151	0.04
0.960039043	0.0602907353273229	0.04
0.960819071	0.0602907353273229	0.04
0.960911853	0.0602907353273229	0.04
0.964446178	0.0381710775883798	0.04
0.966290332	0.0557965204261023	0.05
0.966980911	0.0562625139474953	0.05
0.966980912	0.0562625139474953	0.05
0.966986309	0.0562625139474953	0.05
0.967139043	0.0562625139474953	0.05
0.967144414	0.0562625139474953	0.05
0.967302572	0.0562625139474953	0.05
0.967460779	0.0562625139474953	0.05
0.96746078	0.0562625139474953	0.05
0.967608447	0.0562625139474953	0.05
0.96761904	0.0562625139474953	0.05
0.967772081	0.0562625139474953	0.05
0.967925221	0.0562625139474953	0.05
0.967935716	0.0562625139474953	0.05
0.968083686	0.0572182485680248	0.05
0.968088909	0.0572182485680248	0.05
0.968237002	0.0572182485680248	0.05
0.968861479	0.0592305543618836	0.05
0.969666194	0.0597559428217151	0.05
0.970292984	0.0597559428217151	0.05
0.973457204	0.0602907353273229	0.05
0.97801719	0.0374288072917898	0.05
0.978183481	0.0367148545377988	0.05
0.981915796	0.0434242032167969	0.05
0.9860103	0.0335180758659073	0.05
1.019804062	0.0422795725801412	0.06
1.022530753	0.0446325353798178	0.06
1.027042278	0.037945323508253	0.07
1.027349785	0.0385533635691745	0.07
1.028094642	0.0391812075730479	0.07
1.029271857	0.0401622754284274	0.07
1.029659545	0.041549430590703	0.07
1.030020301	0.0422795725801412	0.07
1.030392053	0.0430358349329178	0.07
1.030397618	0.0430358349329178	0.07
1.030958443	0.044222354807084	0.07
1.031531241	0.044222354807084	0.07
1.032104884	0.044222354807084	0.07
1.033463082	0.044222354807084	0.07
1.034014818	0.044222354807084	0.07
1.034854243	0.0450503963795191	0.07
1.035677928	0.0450503963795191	0.07
1.036124234	0.0450503963795191	0.07
1.038905957	0.0470318545037496	0.08
1.041709188	0.0521267387677803	0.08
1.043349328	0.0521267387677803	0.08
1.044012776	0.0521267387677803	0.08
1.048661279	0.0451914275423249	0.09
1.049025044	0.0451914275423249	0.09
1.054783865	0.0507522612983023	0.09
1.057424783	0.0438196448363639	0.1
1.058571278	0.0451914275423249	0.1
1.067766296	0.0444949656628802	0.11
1.067971123	0.0444949656628802	0.11
1.068168044	0.0444949656628802	0.11
1.068277144	0.0444949656628802	0.11
1.06860264	0.0451914275423249	0.11
1.068892568	0.0451914275423249	0.11
1.070020858	0.0478106932678236	0.11
1.070326964	0.0486157612327712	0.11
1.088762574	0.0390751506829544	0.13
1.113082372	0.0516603816777103	0.14
1.115076799	0.0526015925110129	0.14
1.125633627	0.028617634023	0.13
1.133988353	0.028617634023	0.12
1.134317617	0.028617634023	0.12
1.137302108	0.028617634023	0.12
1.187305519	0.0444949656628802	0.15
1.187446683	0.0444949656628802	0.15
1.18762744	0.0438196448363639	0.15
1.192725439	0.043489613770168	0.15
1.208724051	0.0468031268677773	0.13
1.208769953	0.0468031268677773	0.13
1.209215802	0.0468031268677773	0.13
1.209751115	0.0468031268677773	0.13
1.209768181	0.0468031268677773	0.13
1.209825949	0.0468031268677773	0.13
1.210771389	0.046352281462142	0.13
1.212614931	0.0450503963795191	0.13
1.224141399	0.0446325353798178	0.12
1.22465873	0.0446325353798178	0.12
1.225416562	0.0446325353798178	0.12
1.226416878	0.0446325353798178	0.12
1.226767373	0.0446325353798178	0.12
1.245566855	0.0381710775883798	0.1
1.246668032	0.0381710775883798	0.1
1.248955951	0.0381710775883798	0.1
1.252855937	0.0374288072917898	0.1
1.265568721	0.0381710775883798	0.08
1.268447511	0.0374288072917898	0.09
1.270253663	0.0374288072917898	0.09
1.278899002	0.0376484394326888	0.09
1.285172518	0.0401622754284274	0.08
1.289511656	0.0401622754284274	0.08
1.293113698	0.0446325353798178	0.07
1.297280078	0.0411937354626823	0.08
1.302603198	0.0472628287100405	0.07
1.303502827	0.0472628287100405	0.07
1.33510162	0.066216890099129	0.07
1.335485912	0.066216890099129	0.07
1.335508208	0.066216890099129	0.07
1.335711503	0.0675447242607629	0.07
1.335892556	0.0675447242607629	0.07
1.336051433	0.0675447242607629	0.07
1.33638917	0.0675447242607629	0.07
1.336413828	0.0675447242607629	0.07
1.336595099	0.0675447242607629	0.07
1.336665633	0.0675447242607629	0.07
1.336979907	0.0675447242607629	0.07
1.337117106	0.0675447242607629	0.07
1.337161305	0.0675447242607629	0.07
1.337524247	0.0675447242607629	0.07
1.337529375	0.0675447242607629	0.07
1.337777279	0.0675447242607629	0.07
1.338686534	0.0649402561136229	0.08
1.340005107	0.0649402561136229	0.08
1.342315002	0.0649402561136229	0.08
1.342368518	0.0649402561136229	0.08
1.343443085	0.0649402561136229	0.08
1.350085516	0.0668742165613696	0.08
1.360774481	0.0675447242607629	0.08
1.360981621	0.0675447242607629	0.08
1.36116959	0.0675447242607629	0.08
1.361338457	0.0675447242607629	0.08
1.36135761	0.0675447242607629	0.08
1.361545683	0.0675447242607629	0.08
1.361952473	0.0675447242607629	0.08
1.362110213	0.0675447242607629	0.08
1.362279458	0.0675447242607629	0.08
1.364721715	0.0675447242607629	0.08
1.365659238	0.0689269017484117	0.09
1.368077892	0.0683153004174724	0.09
1.368578346	0.0683153004174724	0.09
1.370127164	0.0701835559970362	0.09
1.373967278	0.077223095621085	0.08
1.377139612	0.0749672885834106	0.08
1.377274175	0.0749672885834106	0.08
1.384187356	0.0749672885834106	0.09
1.38563755	0.0749672885834106	0.09
1.385801753	0.0749672885834106	0.09
1.418305639	0.0683153004174724	0.09
1.434752614	0.0571575648865706	0.1
1.440102642	0.0571575648865706	0.11
1.448119954	0.056321310996667	0.12
1.450674974	0.056321310996667	0.12
1.450928234	0.056321310996667	0.12
1.454003033	0.056321310996667	0.12
1.45657643	0.0677144573333013	0.12
1.484067531	0.0551118259806211	0.15
1.484117024	0.0551118259806211	0.15
1.485917469	0.0637873251867103	0.15
1.488337206	0.0374288072917898	0.15
1.494140559	0.054333954599578	0.16
1.502972103	0.0385533635691745	0.16
1.506038743	0.0627475891116605	0.17
1.511734415	0.0374288072917898	0.17
1.511964569	0.0374288072917898	0.17
1.512194724	0.0374288072917898	0.17
1.512821455	0.0385533635691745	0.17
1.513239565	0.0385533635691745	0.17
1.515375804	0.0555091741793457	0.18
1.516740221	0.0341121071259314	0.18
1.517647523	0.0363679956273232	0.18
1.519065464	0.0370683934764324	0.18
1.558319819	0.0370683934764324	0.2
1.561070241	0.0370683934764324	0.21
1.595407686	0.127259324344984	0.19
1.611568792	0.127259324344984	0.17
1.652341299	0.147777508380806	0.14
1.707257935	0.188749072417274	0.09
1.730827961	0.181158569447303	0.06
1.75282717	0.18824561824448	0.04
1.77492366	0.193935795290491	0.02
1.77861633	0.207222651330218	0.02
1.780627841	0.205214143618032	0.02
1.780657571	0.205214143618032	0.02
1.780657572	0.205214143618032	0.02
1.780928629	0.205214143618032	0.02
1.78092863	0.205214143618032	0.02
1.781081012	0.205214143618032	0.02
1.781140367	0.205214143618032	0.02
1.781170031	0.205214143618032	0.02
1.781170032	0.205214143618032	0.02
1.781381862	0.205214143618032	0.02
1.781411498	0.205214143618032	0.02
1.781411499	0.205214143618032	0.02
1.781653031	0.205214143618032	0.02
1.7818108	0.205214143618032	0.02
1.781835463	0.205214143618032	0.02
1.781894629	0.203244197114878	0.02
1.782378022	0.203244197114878	0.02
1.782619816	0.203244197114878	0.02
1.783044725	0.203244197114878	0.02
1.783103602	0.203244197114878	0.02
1.783345594	0.203244197114878	0.02
1.783925287	0.203244197114878	0.02
1.784013316	0.203244197114878	0.02
1.784314217	0.203244197114878	0.02
1.78446873	0.203244197114878	0.02
1.785322292	0.211359969760884	0.01
1.785497332	0.211359969760884	0.01
1.785988286	0.211359969760884	0.01
1.788266632	0.209270863681617	0.01
1.788780487	0.211359969760884	0.01
1.788872102	0.211359969760884	0.01
1.78918715	0.211359969760884	0.01
1.789358594	0.211359969760884	0.01
1.789747139	0.209270863681617	0.01
1.790033715	0.209270863681617	0.01
1.790095821	0.209270863681617	0.01
1.790737455	0.222651178512087	0.02
1.794856772	0.202688282947528	0.02
1.795060195	0.193935795290491	0.02
1.796669094	0.172794549575419	0.02
1.799436111	0.171317173078877	0.02
1.801889818	0.125364762824452	0.02
1.808733518	0.163234400308455	0.03
1.809599251	0.163234400308455	0.03
1.813240824	0.103193413417077	0.03
1.813716026	0.104209234371063	0.03
1.814069382	0.106302078778468	0.03
1.814069384	0.106302078778468	0.03
1.814345569	0.157878692518309	0.04
1.814596154	0.157878692518309	0.04
1.814621756	0.157878692518309	0.04
1.814621757	0.157878692518309	0.04
1.814846808	0.157878692518309	0.04
1.814872379	0.157878692518309	0.04
1.815039963	0.158746770687725	0.04
1.815123071	0.158746770687725	0.04
1.815169565	0.158746770687725	0.04
1.815288509	0.158746770687725	0.04
1.815373832	0.158746770687725	0.04
1.815875562	0.158746770687725	0.04
1.817382419	0.158746770687725	0.04
1.817633804	0.158746770687725	0.04
1.818036082	0.158746770687725	0.04
1.818363245	0.158746770687725	0.04
1.819410514	0.159624447694918	0.04
1.81989941	0.159624447694918	0.04
1.822065256	0.102961799320596	0.04
1.823345161	0.0993207397814135	0.04
1.824280416	0.102197205514514	0.04
1.824759677	0.104209234371063	0.04
1.828541204	0.156170709632772	0.05
1.828939845	0.15702005657452	0.05
1.829051906	0.15702005657452	0.05
1.829613575	0.15702005657452	0.05
1.836263396	0.156170709632772	0.06
1.839735229	0.15702005657452	0.06
1.842215909	0.102121370236123	0.06
1.846490238	0.156170709632772	0.07
1.860668056	0.143928920076595	0.08
1.872927722	0.0877896516644934	0.08
1.919145255	0.0728395322666444	0.11
1.932723098	0.0631150095768102	0.12
1.933588634	0.0637119169639564	0.12
1.934242286	0.066216890099129	0.12
1.937910579	0.0839601842198197	0.13
1.938309591	0.0839601842198197	0.13
1.939501786	0.0846991152861383	0.13
1.940502926	0.0608351866464636	0.13
1.945075766	0.0811290438619631	0.14
1.947078383	0.0811290438619631	0.14
1.95745413	0.0811290438619631	0.15
1.959079535	0.0818187768686729	0.15
2.03833515	0.0864749295707267	0.23
2.039242563	0.0871273312214678	0.23
2.049316864	0.0851990045440609	0.24
2.057670659	0.0845750581938474	0.25
2.058434493	0.0845750581938474	0.25
2.058810915	0.0851990045440609	0.25
2.07768814	0.0845750581938474	0.27
2.079378601	0.0851990045440609	0.27
2.116340052	0.0827568732526936	0.31
2.119081815	0.0833541861773561	0.31
2.122322709	0.0638460995501677	0.31
2.130868897	0.0638460995501677	0.32
2.175983465	0.0827568732526936	0.37
2.201956234	0.0633789151515426	0.39
2.21647999	0.0821680600626109	0.41
2.22607531	0.0793453583502228	0.42
2.226678687	0.0793453583502228	0.42
2.244892022	0.151261521094129	0.43
2.268175967	0.190595956633862	0.41
2.279085054	0.192251371929419	0.4
2.287430653	0.19564999592491	0.39
2.401471639	0.24768847612336	0.32
2.416816988	0.224655928758447	0.31
2.57811595	0.252691173003154	0.15
2.634889835	0.252691173003154	0.1
2.63880046	0.252691173003154	0.09
2.64482266	0.252691173003154	0.09
2.669724846	0.250164816575707	0.08
2.670697515	0.250164816575707	0.08
2.67074212	0.250164816575707	0.08
2.670831293	0.250164816575707	0.08
2.671193179	0.250164816575707	0.08
2.671237545	0.250164816575707	0.08
2.671237705	0.250164816575707	0.08
2.671599486	0.250164816575707	0.08
2.671599646	0.250164816575707	0.08
2.671872794	0.252691173003154	0.07
2.672323822	0.252691173003154	0.07
2.67300408	0.252691173003154	0.07
2.673366554	0.252691173003154	0.07
2.673410821	0.252691173003154	0.07
2.674498542	0.252691173003154	0.07
2.674817434	0.250164816575707	0.07
2.67498819	0.250164816575707	0.07
2.678640892	0.250164816575707	0.07
2.679543675	0.250164816575707	0.07
2.679587204	0.250164816575707	0.07
2.681604422	0.250164816575707	0.07
2.684222358	0.252691173003154	0.06
2.690797174	0.250164816575707	0.06
2.690995907	0.250164816575707	0.06
2.692790444	0.250164816575707	0.06
2.700424629	0.240545125980435	0.07
2.703341222	0.240545125980435	0.07
2.714352711	0.252691173003154	0.06
2.720992773	0.252691173003154	0.06
2.721339166	0.252691173003154	0.06
2.721714851	0.252691173003154	0.06
2.721753239	0.252691173003154	0.06
2.722090639	0.252691173003154	0.06
2.72212898	0.252691173003154	0.06
2.722504826	0.252691173003154	0.06
2.725138453	0.250164816575707	0.06
2.741703646	0.242880017283318	0.08
2.744776734	0.242880017283318	0.08
2.758261585	0.242880017283318	0.09
2.767264537	0.238254699489481	0.1
2.784781798	0.22336670259046	0.12
2.795646082	0.22336670259046	0.13
2.814579483	0.22336670259046	0.15
2.857457722	0.221390390532824	0.19
2.874914635	0.221390390532824	0.21
2.884109016	0.221390390532824	0.22
2.885327778	0.221390390532824	0.22
2.893176138	0.247036376779263	0.23
3.017087015	0.240853847716426	0.35
3.116410384	0.25354466926161	0.45
3.153761559	0.217540858646597	0.48
3.194633906	0.230747810459234	0.51
3.557717034	0.207222651330218	0.860000000000001
3.560201153	0.207222651330218	0.860000000000001
3.561648443	0.211359969760884	0.860000000000001
3.562131134	0.211359969760884	0.860000000000001
3.565454716	0.207222651330218	0.870000000000001
3.566965252	0.207222651330218	0.870000000000001
3.567214517	0.207222651330218	0.870000000000001
3.568359469	0.207222651330218	0.870000000000001
3.571210711	0.211359969760884	0.870000000000001
3.571812505	0.211359969760884	0.870000000000001
3.572123566	0.211359969760884	0.870000000000001
3.572497766	0.211359969760884	0.870000000000001
3.575584373	0.226227651593699	0.870000000000001
3.579984214	0.226227651593699	0.870000000000001
3.62901857	0.272335863620053	0.870000000000001
3.62939674	0.272335863620053	0.870000000000001
3.6300627	0.272335863620053	0.870000000000001
3.630972932	0.272335863620053	0.870000000000001
3.631023885	0.272335863620053	0.870000000000001
3.631169027	0.272335863620053	0.870000000000001
3.707141358	0.269611053970801	0.850000000000001
3.778072999	0.269611053970801	0.930000000000001
3.82876748	0.272335863620053	0.960000000000001
3.963711323	0.292010449901686	1.08
4.078052931	0.292010449901686	1.2
4.442577106	0.301858975251046	1.33
4.445571488	0.301858975251046	1.33
4.452121847	0.301858975251046	1.34
4.45272527	0.301858975251046	1.34
4.453328856	0.301858975251046	1.34
4.453932605	0.301858975251046	1.34
4.459832487	0.301858975251046	1.35
4.464002998	0.301858975251046	1.35
4.475601202	0.301858975251046	1.36
4.480518943	0.301858975251046	1.37
4.492707945	0.301858975251046	1.38
4.536342962	0.301858975251046	1.42
4.536969429	0.301858975251046	1.43
4.537444354	0.301858975251046	1.43
4.537596069	0.301858975251046	1.43
4.550359745	0.301858975251046	1.44
4.773228095	0.282169415539169	1.48
4.848628454	0.282169415539169	1.4
5.341769851	0.279345155033479	1.79
5.342582978	0.279345155033479	1.79
5.443653327	0.279345155033479	1.89
5.445157132	0.279345155033479	1.89
6.232084175	0.212686975001363	2.60999999999999
6.2338777	0.212686975001363	2.60999999999999
6.234722781	0.212686975001363	2.60999999999999
6.244676548	0.212686975001363	2.61999999999999
6.35095118	0.231906215420144	2.71999999999999
7	0.252691173003154	2.54999999999999
