thrs	post_p	finalwindow
0	0.0649974321747614	0.23
0.03256001	0.0622683209266107	0.2
0.093809574	0.0520662542879406	0.17
0.098963073	0.0546232530466305	0.16
0.103967892	0.0520662542879406	0.16
0.106977596	0.0520662542879406	0.16
0.123778241	0.0508754745555862	0.17
0.127200542	0.0438546406939009	0.17
0.128068503	0.0721407652396599	0.17
0.129609166	0.0852688166892806	0.17
0.129730945	0.0852688166892806	0.17
0.130460633	0.0830970603369476	0.17
0.148447444	0.0721407652396599	0.15
0.151339737	0.0817096561895575	0.15
0.155752372	0.108207142650055	0.15
0.172569069	0.0866036432241118	0.13
0.178062567	0.0741445229182002	0.12
0.178113806	0.0741445229182002	0.12
0.178140913	0.0741445229182002	0.12
0.181486006	0.0838085819588649	0.12
0.181486035	0.0838085819588649	0.12
0.186084933	0.108943163369372	0.12
0.205298456	0.115212532192302	0.1
0.206482242	0.113578502346953	0.1
0.222049977	0.125112338014911	0.09
0.222656148	0.101855136811397	0.08
0.222686318	0.101855136811397	0.08
0.222697977	0.101855136811397	0.08
0.222716495	0.101855136811397	0.08
0.222812147	0.115711949180157	0.08
0.222924291	0.135713601934175	0.08
0.223196808	0.134573308988086	0.08
0.226694446	0.126097347060916	0.08
0.226728961	0.126097347060916	0.08
0.226867021	0.126097347060916	0.08
0.226957829	0.126097347060916	0.08
0.227081991	0.126097347060916	0.08
0.227177477	0.126097347060916	0.08
0.230426372	0.11898870563404	0.08
0.241897099	0.107336939775314	0.07
0.24235868	0.107336939775314	0.07
0.242615688	0.071099964436605	0.06
0.242941212	0.110621693177701	0.06
0.249436037	0.102759973501018	0.06
0.256259656	0.104618748323152	0.05
0.256650521	0.106546006847851	0.05
0.259750174	0.10557358273378	0.05
0.263775407	0.10557358273378	0.05
0.272151172	0.10368103063642	0.05
0.296839561	0.10368103063642	0.06
0.296960227	0.10368103063642	0.06
0.297207868	0.102759973501018	0.06
0.29723727	0.102759973501018	0.06
0.297242165	0.102759973501018	0.06
0.297345093	0.102759973501018	0.06
0.297631463	0.102759973501018	0.06
0.298033592	0.101855136811397	0.06
0.298062423	0.101855136811397	0.06
0.298682719	0.101855136811397	0.06
0.299120783	0.101855136811397	0.06
0.29926506	0.101855136811397	0.06
0.299931082	0.101855136811397	0.06
0.300128238	0.101855136811397	0.06
0.300638986	0.101855136811397	0.06
0.301159527	0.100966095827829	0.06
0.302406093	0.10368103063642	0.06
0.30240618	0.10368103063642	0.06
0.302443572	0.10368103063642	0.06
0.302452098	0.10368103063642	0.06
0.302493847	0.10368103063642	0.06
0.302531356	0.10368103063642	0.06
0.302757814	0.104618748323152	0.06
0.302844832	0.104618748323152	0.06
0.303037639	0.104618748323152	0.06
0.303998368	0.10368103063642	0.06
0.304168238	0.10368103063642	0.06
0.305094409	0.10368103063642	0.06
0.306047128	0.10368103063642	0.06
0.307314933	0.112778746305326	0.05
0.320217262	0.107536511233117	0.05
0.322066605	0.117355460996913	0.04
0.322435043	0.117355460996913	0.04
0.322777267	0.117355460996913	0.04
0.323097253	0.115021594733489	0.04
0.323537089	0.113889129339555	0.04
0.323808824	0.113889129339555	0.04
0.333944256	0.10957381602748	0.04
0.340262381	0.112778746305326	0.05
0.343625259	0.112778746305326	0.05
0.343706753	0.112778746305326	0.05
0.345554528	0.112778746305326	0.05
0.351815198	0.110773028244216	0.06
0.356206548	0.106057565839073	0.06
0.356437896	0.106057565839073	0.06
0.356490553	0.106057565839073	0.06
0.357086112	0.120409447823516	0.06
0.357959666	0.104281908259858	0.07
0.360733393	0.100903186406457	0.07
0.362945858	0.100903186406457	0.07
0.363236679	0.100903186406457	0.07
0.366130409	0.100903186406457	0.07
0.367663989	0.0961590646396677	0.07
0.381649088	0.0791445613728356	0.07
0.382008897	0.0791445613728356	0.07
0.386863037	0.0802360562754932	0.06
0.386909127	0.0899716675415504	0.06
0.389825341	0.0844465911016646	0.06
0.403209246	0.0858849866932535	0.05
0.411578949	0.10143482232641	0.04
0.412388288	0.10143482232641	0.04
0.415772448	0.0388732928462097	0.03
0.419019267	0.100092440511603	0.03
0.423143546	0.0941360081066267	0.03
0.428769674	0.10151991772091	0.02
0.438815006	0.111019832818571	0.01
0.440316292	0.108481982015716	0.01
0.444499874	0.0885578059196688	0.01
0.444770984	0.0876396624002829	0.01
0.445049535	0.0876396624002829	0.01
0.445117302	0.0876396624002829	0.01
0.445185067	0.0862975969790244	0.01
0.445185068	0.0862975969790244	0.01
0.445245414	0.0862975969790244	0.01
0.44525283	0.0862975969790244	0.01
0.445252832	0.0862975969790244	0.01
0.445252833	0.0862975969790244	0.01
0.445252835	0.0862975969790244	0.01
0.445313187	0.0862975969790244	0.01
0.44531319	0.0862975969790244	0.01
0.445373562	0.0862975969790244	0.01
0.445419149	0.0862975969790244	0.01
0.445479567	0.0849960149162944	0.01
0.445494353	0.0849960149162944	0.01
0.445540001	0.0849960149162944	0.01
0.445554774	0.0849960149162944	0.01
0.445653547	0.0849960149162944	0.01
0.445675664	0.0845708355123622	0.01
0.445691925	0.0845708355123622	0.01
0.445736134	0.0845708355123622	0.01
0.445849774	0.0908465130524797	0.01
0.445917642	0.0908465130524797	0.01
0.445970843	0.0908465130524797	0.01
0.445978177	0.0908465130524797	0.01
0.446038729	0.0908465130524797	0.01
0.446319857	0.0904069739316543	0.01
0.446341735	0.0904069739316543	0.01
0.446351359	0.0904069739316543	0.01
0.446395102	0.0904069739316543	0.01
0.446455777	0.0904069739316543	0.01
0.446465528	0.0899716675415504	0.01
0.44656991	0.0899716675415504	0.01
0.446888185	0.0895405330338034	0.01
0.446967543	0.0895405330338034	0.01
0.447158639	0.0895405330338034	0.01
0.447533088	0.0895405330338034	0.01
0.447542535	0.0895405330338034	0.01
0.447876705	0.0886905420481393	0.01
0.449715173	0.092087894642591	0.01
0.452986292	0.0916567223742956	0.01
0.453102774	0.0916567223742956	0.01
0.453117722	0.0916567223742956	0.01
0.453312195	0.0912295689430066	0.01
0.453607731	0.0912295689430066	0.01
0.453670383	0.0912295689430066	0.01
0.45367678	0.0912295689430066	0.01
0.453739439	0.0912295689430066	0.01
0.453789353	0.0912295689430066	0.01
0.453802119	0.0912295689430066	0.01
0.453864805	0.0912295689430066	0.01
0.453864814	0.0912295689430066	0.01
0.453927527	0.0912295689430066	0.01
0.453952078	0.0912295689430066	0.01
0.453990257	0.0912295689430066	0.01
0.454053004	0.0912295689430066	0.01
0.454115767	0.0912295689430066	0.01
0.454131662	0.0912295689430066	0.01
0.454159539	0.0912295689430066	0.01
0.454172215	0.0912295689430066	0.01
0.454228692	0.0912295689430066	0.01
0.454291524	0.0912295689430066	0.01
0.454379121	0.0912295689430066	0.01
0.454423548	0.0912295689430066	0.01
0.454618511	0.092087894642591	0.01
0.454637485	0.092087894642591	0.01
0.455180191	0.0938539281662698	0.01
0.455439212	0.104953770205987	0.01
0.455665947	0.116245484610969	0.01
0.455755613	0.122854277271075	0.01
0.455804735	0.122854277271075	0.01
0.456133439	0.101855136811397	0.01
0.456455968	0.100092440511603	0.01
0.456880284	0.0690314697681336	0.01
0.45760535	0.0867808383842118	0.02
0.458022431	0.0867808383842118	0.02
0.458619789	0.0860181834966726	0.02
0.459124851	0.0871672598012801	0.02
0.460382332	0.0867808383842118	0.02
0.46331093	0.0867808383842118	0.02
0.464728436	0.0867808383842118	0.02
0.46499053	0.0871672598012801	0.02
0.474072423	0.0823975184215617	0.03
0.47699163	0.0439992099047724	0.03
0.477096915	0.0439992099047724	0.03
0.478409458	0.0462880774177023	0.03
0.478419311	0.0462880774177023	0.03
0.479936634	0.0475241972409714	0.03
0.483671852	0.0778121569690619	0.04
0.484225862	0.0778121569690619	0.04
0.484927676	0.0790693429487828	0.04
0.485802156	0.0962703345491643	0.04
0.485999254	0.0778597705857034	0.04
0.48628356	0.0783873922490003	0.04
0.489107131	0.0419260379033336	0.04
0.489424331	0.0419260379033336	0.04
0.490830832	0.0429376135476258	0.04
0.50407637	0.0784095317137661	0.06
0.514645345	0.077274622462737	0.07
0.514742139	0.077274622462737	0.07
0.514971335	0.0778379404469379	0.07
0.51502476	0.0778379404469379	0.07
0.51682809	0.0542899771893097	0.07
0.518492841	0.046187963754719	0.07
0.518564452	0.046187963754719	0.07
0.520735072	0.0471048863582801	0.07
0.534226929	0.0755433677336687	0.07
0.534308248	0.0755433677336687	0.07
0.534380672	0.0741445229182002	0.07
0.536755919	0.0792828341550732	0.06
0.539174229	0.102396116493982	0.07
0.543234343	0.102396116493982	0.07
0.544416783	0.103991729836786	0.07
0.556807604	0.127910010260442	0.05
0.55802857	0.12318777613196	0.05
0.559788571	0.12318777613196	0.05
0.562444529	0.12318777613196	0.05
0.566766402	0.131696308015586	0.05
0.574371638	0.12318777613196	0.06
0.579525048	0.126695832597257	0.06
0.583655412	0.126695832597257	0.06
0.59079165	0.119868753346875	0.06
0.591193432	0.119868753346875	0.06
0.591819223	0.119868753346875	0.06
0.593402747	0.119868753346875	0.06
0.593673806	0.119868753346875	0.06
0.593673808	0.119868753346875	0.06
0.59375428	0.119868753346875	0.06
0.593824895	0.119868753346875	0.06
0.593834769	0.119868753346875	0.06
0.594152812	0.119868753346875	0.06
0.594237558	0.120955042246069	0.06
0.595015574	0.108545604870756	0.06
0.595196772	0.108545604870756	0.06
0.596219211	0.108545604870756	0.06
0.604317115	0.116176807836047	0.05
0.604813246	0.116176807836047	0.05
0.604905308	0.116176807836047	0.05
0.604988853	0.116176807836047	0.05
0.605716504	0.116176807836047	0.05
0.605724938	0.116176807836047	0.05
0.606051871	0.116176807836047	0.05
0.60631275	0.116176807836047	0.05
0.606404306	0.116176807836047	0.05
0.606824709	0.117355460996913	0.05
0.607971158	0.117355460996913	0.05
0.636066531	0.108545604870756	0.05
0.636422142	0.108545604870756	0.05
0.637031954	0.108545604870756	0.05
0.637260654	0.108545604870756	0.05
0.637881775	0.108545604870756	0.05
0.641599528	0.108545604870756	0.05
0.644129804	0.101855136811397	0.06
0.64801212	0.101855136811397	0.06
0.648110758	0.101855136811397	0.06
0.667472678	0.0859600725918691	0.08
0.667879261	0.0859600725918691	0.08
0.667879263	0.0859600725918691	0.08
0.667969788	0.0859600725918691	0.08
0.671132308	0.0866036432241118	0.08
0.678915807	0.0811365262771679	0.09
0.680410924	0.0811365262771679	0.09
0.680589305	0.0811365262771679	0.09
0.68060848	0.0811365262771679	0.09
0.680702493	0.0811365262771679	0.09
0.680786967	0.0811365262771679	0.09
0.689921535	0.0586340497464248	0.09
0.690723937	0.0580872362826169	0.09
0.692614054	0.0580872362826169	0.09
0.697379755	0.0570236461802237	0.1
0.712354258	0.0540544021208181	0.11
0.712401774	0.0540544021208181	0.11
0.713541741	0.0540544021208181	0.11
0.71365913	0.0540544021208181	0.11
0.715653707	0.0526827950190142	0.12
0.717816093	0.0531321972024816	0.12
0.719314887	0.0531321972024816	0.12
0.725609694	0.00881954328345152	0.12
0.725869057	0.052240931331031	0.13
0.725979546	0.052240931331031	0.13
0.72717465	0.0518064180345048	0.13
0.735438378	0.00840309414864711	0.13
0.742183791	0.0481984108873235	0.14
0.744518666	0.0460598807557311	0.14
0.75180067	0.00873298365616338	0.13
0.756122282	0.00881954328345152	0.12
0.762884543	0.00890783601313003	0.12
0.763387603	0.00881954328345152	0.12
0.763491091	0.00881954328345152	0.12
0.7676628	0.00856486352328965	0.12
0.772093843	0.0669897471176515	0.12
0.772264397	0.0750346228804344	0.12
0.779184816	0.0848639556346691	0.12
0.779976345	0.00881954328345152	0.11
0.793117932	0.0946333830266269	0.1
0.794958533	0.0974815945634297	0.1
0.799403767	0.0901887954758184	0.1
0.8034392	0.101727173592337	0.09
0.812482547	0.084876001709183	0.08
0.817085993	0.0977365339297742	0.08
0.828284953	0.097992810256243	0.07
0.849686346	0.0969020896692757	0.05
0.856064956	0.102916066933125	0.04
0.864973627	0.107463411255279	0.03
0.866065884	0.103794485473305	0.03
0.867661243	0.102338668347552	0.03
0.874413626	0.112085750763073	0.02
0.875213305	0.106522076102502	0.02
0.875954975	0.10409063340877	0.02
0.882218863	0.0899716675415504	0.01
0.88244613	0.092073922550184	0.01
0.882485476	0.092073922550184	0.01
0.883236842	0.115638593494045	0.01
0.885048106	0.110389958085618	0.01
0.885800269	0.108421531891127	0.01
0.886381245	0.1071477897281	0.01
0.887670141	0.105903628039015	0.01
0.888469193	0.10498930443972	0.01
0.889014569	0.103207216416218	0.01
0.889576687	0.102052391828966	0.01
0.889857915	0.102052391828966	0.01
0.890068113	0.101767712470704	0.01
0.890083013	0.101767712470704	0.01
0.890218544	0.101767712470704	0.01
0.890228158	0.101767712470704	0.01
0.890309475	0.101203092067643	0.01
0.890339212	0.101203092067643	0.01
0.890354074	0.101203092067643	0.01
0.890354075	0.101203092067643	0.01
0.890419078	0.101203092067643	0.01
0.890459913	0.101203092067643	0.01
0.890474761	0.101203092067643	0.01
0.890489605	0.101203092067643	0.01
0.890489606	0.101203092067643	0.01
0.890506418	0.101203092067643	0.01
0.890595481	0.101203092067643	0.01
0.89061031	0.101203092067643	0.01
0.890610311	0.101203092067643	0.01
0.890701414	0.100644702270111	0.01
0.890716233	0.100644702270111	0.01
0.890731048	0.100644702270111	0.01
0.890731049	0.100644702270111	0.01
0.890822213	0.100644702270111	0.01
0.890837018	0.100644702270111	0.01
0.890851819	0.100644702270111	0.01
0.890957836	0.100644702270111	0.01
0.890972623	0.100644702270111	0.01
0.891093459	0.100092440511603	0.01
0.89119957	0.100092440511603	0.01
0.891244043	0.100092440511603	0.01
0.891246709	0.100092440511603	0.01
0.89133523	0.100092440511603	0.01
0.891382479	0.100092440511603	0.01
0.891441435	0.100092440511603	0.01
0.891456164	0.100092440511603	0.01
0.891521465	0.100092440511603	0.01
0.891577132	0.0998185762088353	0.01
0.891698132	0.0998185762088353	0.01
0.891793338	0.0998185762088353	0.01
0.892017347	0.0992753190776823	0.01
0.89216782	0.0990059019795857	0.01
0.892182462	0.0990059019795857	0.01
0.892245091	0.0992753190776823	0.01
0.89229733	0.0990059019795857	0.01
0.892307805	0.0990059019795857	0.01
0.892546055	0.100644702270111	0.01
0.892568748	0.100644702270111	0.01
0.89273031	0.100644702270111	0.01
0.892793389	0.100644702270111	0.01
0.892924751	0.104750942869086	0.01
0.892951888	0.104180499481123	0.01
0.89308003	0.104180499481123	0.01
0.893172464	0.103336389274811	0.01
0.893313967	0.103616235382485	0.01
0.893395592	0.103616235382485	0.01
0.894085351	0.102781207535872	0.01
0.89422449	0.10250584773669	0.01
0.894482721	0.10250584773669	0.01
0.894511483	0.102231959421004	0.01
0.894690708	0.101688550310519	0.01
0.894906463	0.101688550310519	0.01
0.894913415	0.101688550310519	0.01
0.894970751	0.101688550310519	0.01
0.895081202	0.101959530825149	0.01
0.895086463	0.101959530825149	0.01
0.895300675	0.101959530825149	0.01
0.89539422	0.101959530825149	0.01
0.895524497	0.101959530825149	0.01
0.895638516	0.101150887585876	0.01
0.895840307	0.101419006361906	0.01
0.89592425	0.101419006361906	0.01
0.896329745	0.100618880577059	0.01
0.896396617	0.101150887585876	0.01
0.896928207	0.100092440511603	0.01
0.897131294	0.0980406379254133	0.01
0.898155973	0.0972041240845282	0.01
0.898455429	0.095627285383717	0.01
0.898485328	0.0960166793971467	0.01
0.898755243	0.0944778257282253	0.01
0.89889623	0.0939133965487822	0.01
0.899310528	0.0929875202152091	0.01
0.899413875	0.0971647845690876	0.01
0.900031532	0.0967873202015492	0.01
0.900274359	0.0985094160792719	0.01
0.900307304	0.0985094160792719	0.01
0.900690942	0.0868553620117203	0.01
0.901007608	0.0927862720903991	0.01
0.901568195	0.0945889098020368	0.01
0.901947653	0.105273330031567	0.01
0.902162268	0.105663992810173	0.01
0.902291602	0.0951243996102043	0.01
0.902860993	0.0775040823031772	0.01
0.902919093	0.0775040823031772	0.01
0.902932441	0.0778121569690619	0.01
0.903166806	0.0745388785120627	0.01
0.904039961	0.0640615306796938	0.01
0.904220945	0.0643187889226545	0.01
0.904508173	0.0648395541808662	0.01
0.904513058	0.0653688211586794	0.01
0.905541598	0.0667305783443283	0.01
0.906154318	0.0670097665858769	0.01
0.906210372	0.0667305783443283	0.01
0.906508268	0.0672913007850977	0.01
0.906922556	0.0670097665858769	0.01
0.906983581	0.0675752106355982	0.01
0.907060652	0.0675752106355982	0.01
0.907185931	0.0678615263342323	0.01
0.907198748	0.0678615263342323	0.01
0.907199842	0.0678615263342323	0.01
0.907298438	0.0675752106355982	0.01
0.907324045	0.0675752106355982	0.01
0.907336843	0.0675752106355982	0.01
0.907336844	0.0675752106355982	0.01
0.907436592	0.0675752106355982	0.01
0.907449378	0.0675752106355982	0.01
0.90746216	0.0675752106355982	0.01
0.907536422	0.0675752106355982	0.01
0.907574745	0.0675752106355982	0.01
0.907587512	0.0675752106355982	0.01
0.907700146	0.0675752106355982	0.01
0.907712898	0.0675752106355982	0.01
0.907951053	0.0675752106355982	0.01
0.907963773	0.0675752106355982	0.01
0.907963774	0.0675752106355982	0.01
0.908076559	0.0675752106355982	0.01
0.908089264	0.0675752106355982	0.01
0.908151307	0.0675752106355982	0.01
0.90817671	0.0681502785918071	0.01
0.908202099	0.0681502785918071	0.01
0.908289632	0.0675752106355982	0.01
0.908566283	0.0681502785918071	0.01
0.908577365	0.0681502785918071	0.01
0.908578929	0.0681502785918071	0.01
0.908691978	0.0681502785918071	0.01
0.908729307	0.0681502785918071	0.01
0.908816452	0.0687352182629418	0.01
0.908855181	0.0687352182629418	0.01
0.908956071	0.0693302860389402	0.01
0.909183517	0.0690314697681336	0.01
0.909207673	0.0690314697681336	0.01
0.909308419	0.0690314697681336	0.01
0.909346075	0.0699357472659509	0.01
0.90938549	0.0699357472659509	0.01
0.909409249	0.0699357472659509	0.01
0.909434338	0.070242460889884	0.01
0.909838426	0.0699357472659509	0.01
0.909914657	0.0699357472659509	0.01
0.909925885	0.0699357472659509	0.01
0.910267	0.070242460889884	0.01
0.910467776	0.0708640303851893	0.01
0.910628128	0.0708640303851893	0.01
0.911049792	0.0721407652396599	0.01
0.911062134	0.0721407652396599	0.01
0.91113001	0.0721407652396599	0.01
0.911351929	0.0721407652396599	0.01
0.911383512	0.0718172878911877	0.01
0.911404622	0.0718172878911877	0.01
0.911518912	0.0718172878911877	0.01
0.911632099	0.0721407652396599	0.01
0.911776598	0.0721407652396599	0.01
0.912015459	0.0724671697672594	0.01
0.912630246	0.0721407652396599	0.01
0.912707801	0.0721407652396599	0.01
0.912811242	0.0711789586268079	0.01
0.912967277	0.0646432819718143	0.01
0.913244462	0.0655359936012451	0.01
0.913630289	0.0640615306796938	0.01
0.913751419	0.0640615306796938	0.01
0.914018042	0.0640615306796938	0.01
0.914696902	0.0693479440502269	0.01
0.914870556	0.0693479440502269	0.01
0.914968567	0.0693479440502269	0.01
0.914983658	0.0693479440502269	0.01
0.915026039	0.0693479440502269	0.01
0.915269563	0.0693479440502269	0.01
0.915559183	0.0703150201797006	0.01
0.916024822	0.0703150201797006	0.01
0.916163647	0.0709748628187749	0.01
0.916912552	0.0706434007225767	0.01
0.917248255	0.0654069567676052	0.01
0.918238351	0.061530170098633	0.01
0.918483627	0.0621440683433441	0.01
0.919120121	0.0658070340939563	0.02
0.919655338	0.06684784723856	0.02
0.921364075	0.0684722982343717	0.02
0.921783065	0.0687507470403944	0.02
0.922455062	0.069887563482033	0.02
0.922504312	0.069887563482033	0.02
0.922763582	0.069887563482033	0.02
0.923268187	0.0640615306796938	0.02
0.923473233	0.0640615306796938	0.02
0.924160807	0.0646087689814601	0.02
0.924412009	0.0648859092120244	0.02
0.926193857	0.0671916660451374	0.02
0.927872541	0.0635531389905712	0.02
0.929379518	0.0585180772718605	0.03
0.938770844	0.0370246992229616	0.03
0.941112169	0.0247926131214404	0.03
0.942896738	0.00690358710885974	0.03
0.944027825	0.00712469682317318	0.03
0.950306111	0.00873298365616338	0.03
0.951999424	0.00890783601313003	0.03
0.953473419	0.0202735472782457	0.04
0.954119877	0.020746236503761	0.04
0.954191796	0.020746236503761	0.04
0.955603107	0.0234839436732575	0.04
0.955985355	0.0234839436732575	0.04
0.956018846	0.0234839436732575	0.04
0.956296714	0.0239045413020976	0.04
0.956549025	0.0239045413020976	0.04
0.956766863	0.0239045413020976	0.04
0.956780018	0.0239045413020976	0.04
0.95679317	0.0239045413020976	0.04
0.957016096	0.0241205408468864	0.04
0.957077957	0.0241205408468864	0.04
0.958321379	0.0247926131214404	0.04
0.959031973	0.025025037900656	0.04
0.959642592	0.0252618617730089	0.04
0.960039043	0.025503210823856	0.04
0.960911853	0.025503210823856	0.04
0.964446178	0.020746236503761	0.05
0.964458654	0.020746236503761	0.05
0.966290332	0.0239045413020976	0.05
0.966653906	0.0239045413020976	0.05
0.966980911	0.0241205408468864	0.05
0.966980912	0.0241205408468864	0.05
0.966986309	0.0241205408468864	0.05
0.967302572	0.0243404794947089	0.05
0.967460779	0.0243404794947089	0.05
0.96746078	0.0243404794947089	0.05
0.967608447	0.0243404794947089	0.05
0.96761904	0.0243404794947089	0.05
0.967619041	0.0243404794947089	0.05
0.967925221	0.0243404794947089	0.05
0.967935716	0.0243404794947089	0.05
0.968083686	0.0243404794947089	0.05
0.968088909	0.0243404794947089	0.05
0.968237002	0.0243404794947089	0.05
0.968861479	0.025025037900656	0.05
0.969035555	0.025025037900656	0.05
0.970442597	0.0252618617730089	0.05
0.973457204	0.0233300103643719	0.06
0.978183481	0.0260634779317814	0.06
0.985118954	0.0247926131214404	0.05
0.9860103	0.024564465991067	0.05
1.019804062	0.0656367081188733	0.07
1.021711423	0.0661791234136681	0.07
1.022530753	0.0667305783443283	0.07
1.027042278	0.0656367081188733	0.08
1.027349785	0.0656367081188733	0.08
1.028094642	0.0656367081188733	0.08
1.029078227	0.0656367081188733	0.08
1.029271857	0.0656367081188733	0.08
1.029637844	0.0656367081188733	0.08
1.029659545	0.0656367081188733	0.08
1.030020301	0.0656367081188733	0.08
1.030392053	0.0661791234136681	0.08
1.030397618	0.0661791234136681	0.08
1.032104884	0.0667305783443283	0.08
1.033463082	0.0635531389905712	0.08
1.034014818	0.0640615306796938	0.08
1.034376329	0.0672913007850977	0.08
1.035677928	0.0678615263342323	0.08
1.036124234	0.0696317005264358	0.08
1.038905957	0.0800755973491012	0.08
1.039046839	0.0606645397778808	0.09
1.043349328	0.061597781396211	0.09
1.044012776	0.0620752531608548	0.09
1.054783865	0.0635531389905712	0.1
1.057424783	0.0741445229182002	0.1
1.067766296	0.0734643492172697	0.11
1.067971123	0.0734643492172697	0.11
1.068168044	0.0734643492172697	0.11
1.068277144	0.0734643492172697	0.11
1.06860264	0.0748374091699059	0.11
1.112743253	0.0679767331128661	0.15
1.113082372	0.0679767331128661	0.15
1.113233383	0.0679767331128661	0.15
1.116382888	0.0706764075495965	0.15
1.127882011	0.0809661518354972	0.16
1.134317617	0.0881882496358059	0.16
1.136767134	0.0881882496358059	0.16
1.162829766	0.071099964436605	0.15
1.183360064	0.0669537422024102	0.16
1.187305519	0.0792828341550732	0.15
1.18762744	0.0769960100218887	0.15
1.192009701	0.0769960100218887	0.15
1.192725439	0.0748374091699059	0.15
1.203309389	0.0785056140851443	0.14
1.208724051	0.0777434844630785	0.15
1.208769953	0.0777434844630785	0.15
1.209215802	0.0777434844630785	0.15
1.209751115	0.0777434844630785	0.15
1.210085375	0.0777434844630785	0.15
1.210771389	0.0762627720748896	0.15
1.212614931	0.0915138941431028	0.15
1.224141399	0.0502056752307944	0.14
1.225416562	0.0488281495092248	0.14
1.243346642	0.0537434639365638	0.12
1.246668032	0.0511680338074259	0.12
1.252855937	0.0497379443665858	0.12
1.265568721	0.0511680338074259	0.11
1.270604589	0.051663182076409	0.1
1.275739262	0.051663182076409	0.1
1.278899002	0.0570236461802237	0.1
1.285172518	0.0721407652396599	0.1
1.289511656	0.051663182076409	0.09
1.293113698	0.051663182076409	0.09
1.297280078	0.0848254311634351	0.09
1.302603198	0.0832383965044434	0.1
1.303502827	0.0848254311634351	0.1
1.33510162	0.0795190100180882	0.13
1.335485912	0.0795190100180882	0.13
1.335508208	0.0795190100180882	0.13
1.335711503	0.0795190100180882	0.13
1.335892556	0.0795190100180882	0.13
1.33625481	0.0795190100180882	0.13
1.33638917	0.0795190100180882	0.13
1.336413828	0.0795190100180882	0.13
1.336595099	0.0795190100180882	0.13
1.336665633	0.0795190100180882	0.13
1.337161305	0.0795190100180882	0.13
1.337524247	0.0795190100180882	0.13
1.337529375	0.0795190100180882	0.13
1.337887386	0.0795190100180882	0.13
1.338686534	0.0795190100180882	0.13
1.340005107	0.0856418608833127	0.13
1.342315002	0.0890710323961964	0.13
1.342368518	0.0890710323961964	0.13
1.350085516	0.0832383965044434	0.14
1.360533959	0.0881882496358059	0.13
1.360774481	0.0881882496358059	0.13
1.360981621	0.0881882496358059	0.13
1.36116959	0.0881882496358059	0.13
1.361338457	0.0881882496358059	0.13
1.36135761	0.0881882496358059	0.13
1.361545683	0.0881882496358059	0.13
1.361952473	0.0881882496358059	0.13
1.364721715	0.0873227936647392	0.13
1.365659238	0.0873227936647392	0.13
1.368077892	0.0873227936647392	0.13
1.368578346	0.0899716675415504	0.12
1.369707356	0.0899716675415504	0.12
1.370127164	0.0899716675415504	0.12
1.377274175	0.0899716675415504	0.12
1.377544294	0.0899716675415504	0.12
1.379222918	0.0899716675415504	0.12
1.384187356	0.0881882496358059	0.12
1.38563755	0.0890710323961964	0.12
1.418305639	0.0899716675415504	0.12
1.434752614	0.0890710323961964	0.13
1.450462129	0.0881882496358059	0.12
1.454856842	0.0881882496358059	0.12
1.484067531	0.0840244206123347	0.15
1.484117024	0.0840244206123347	0.15
1.485917469	0.0840244206123347	0.16
1.488337206	0.0840244206123347	0.16
1.494140559	0.0840244206123347	0.16
1.502972103	0.0840244206123347	0.17
1.511734415	0.0840244206123347	0.18
1.513239565	0.0840244206123347	0.18
1.515375804	0.0848254311634351	0.18
1.517647523	0.0832383965044434	0.19
1.523536021	0.0832383965044434	0.19
1.55916507	0.138053160140438	0.23
1.561070241	0.128054386405919	0.22
1.56916589	0.154943717984997	0.22
1.595579044	0.140167455813252	0.19
1.611568792	0.139253450859517	0.18
1.707257935	0.190984271662362	0.08
1.718627381	0.187882237273997	0.07
1.745720251	0.17892173048692	0.04
1.75282717	0.173770061885292	0.04
1.768990518	0.189420555249431	0.02
1.77492366	0.190068981214318	0.01
1.77861633	0.195834261385053	0.01
1.780627841	0.183413633190786	0.01
1.780657572	0.183413633190786	0.01
1.780839524	0.180550811230262	0.01
1.780928629	0.180550811230262	0.01
1.78092863	0.180550811230262	0.01
1.781081012	0.180550811230262	0.01
1.781140367	0.180550811230262	0.01
1.781170031	0.180550811230262	0.01
1.781170032	0.180550811230262	0.01
1.781411498	0.180550811230262	0.01
1.781411499	0.180550811230262	0.01
1.781623424	0.180550811230262	0.01
1.781653031	0.180550811230262	0.01
1.7818108	0.180550811230262	0.01
1.781894629	0.180550811230262	0.01
1.782136292	0.180550811230262	0.01
1.782136293	0.180550811230262	0.01
1.782378022	0.180550811230262	0.01
1.782619816	0.180550811230262	0.01
1.783044725	0.180550811230262	0.01
1.783286774	0.180550811230262	0.01
1.783345594	0.180550811230262	0.01
1.783587651	0.180550811230262	0.01
1.78377107	0.180550811230262	0.01
1.783829774	0.180550811230262	0.01
1.783925287	0.180550811230262	0.01
1.784314217	0.180550811230262	0.01
1.784506241	0.180550811230262	0.01
1.785322292	0.193263472669694	0.01
1.785497332	0.193263472669694	0.01
1.785988286	0.193263472669694	0.01
1.787927091	0.193263472669694	0.01
1.788266632	0.193263472669694	0.01
1.788780487	0.194774353298473	0.01
1.788872102	0.194774353298473	0.01
1.78918715	0.194774353298473	0.01
1.789747139	0.193263472669694	0.01
1.790033715	0.193263472669694	0.01
1.790095821	0.193263472669694	0.01
1.790737455	0.199452139055471	0.01
1.794856772	0.15657518629057	0.02
1.795060195	0.15469783389156	0.02
1.795172249	0.151075024100994	0.02
1.799436111	0.139983696213771	0.02
1.801889818	0.0969756850798207	0.02
1.808733518	0.130409545629899	0.03
1.813215031	0.0967439552551074	0.03
1.813240824	0.0967439552551074	0.03
1.813716026	0.0802360562754932	0.03
1.814345569	0.0769960100218887	0.03
1.814596154	0.0526827950190142	0.03
1.814621756	0.0526827950190142	0.03
1.814621757	0.0526827950190142	0.03
1.814846808	0.0526827950190142	0.03
1.814872379	0.0526827950190142	0.03
1.815039963	0.0526827950190142	0.03
1.815123071	0.0526827950190142	0.03
1.815373832	0.0532078440408879	0.03
1.815624663	0.0537434639365638	0.03
1.815850116	0.0537434639365638	0.03
1.815875562	0.0537434639365638	0.03
1.816101116	0.126097347060916	0.04
1.816374833	0.126097347060916	0.04
1.81637757	0.126097347060916	0.04
1.816628678	0.035749660694804	0.03
1.816879855	0.035749660694804	0.03
1.817382419	0.035749660694804	0.03
1.817399416	0.035749660694804	0.03
1.817633804	0.035749660694804	0.03
1.818036082	0.126097347060916	0.04
1.818363245	0.126097347060916	0.04
1.819395454	0.126695832597257	0.04
1.819581019	0.126695832597257	0.04
1.82134289	0.110773028244216	0.04
1.823267442	0.0928607588766388	0.04
1.824280416	0.0802360562754932	0.04
1.828541204	0.035749660694804	0.04
1.829051906	0.124335341896525	0.05
1.835137623	0.0497379443665858	0.05
1.837659261	0.0343688212148883	0.05
1.839735229	0.124335341896525	0.06
1.842215909	0.0899716675415504	0.06
1.844053766	0.0788146663086813	0.06
1.846490238	0.0343688212148883	0.06
1.860668056	0.12318777613196	0.08
1.860714054	0.12318777613196	0.08
1.876458705	0.0316207618006411	0.09
1.917919203	0.0307998641229522	0.13
1.919145255	0.0321927767852058	0.13
1.934242286	0.0488281495092248	0.14
1.938309591	0.0347039332142701	0.13
1.945075766	0.0334012233350322	0.14
1.947078383	0.0334012233350322	0.14
1.961031557	0.0347039332142701	0.15
2.039242563	0.0366327389693253	0.23
2.045755957	0.0341053556566038	0.24
2.049316864	0.0341053556566038	0.24
2.060706206	0.0341053556566038	0.25
2.067556414	0.033090685316143	0.26
2.077935092	0.033090685316143	0.27
2.080200147	0.0341053556566038	0.27
2.112854786	0.0333386503279978	0.3
2.114638141	0.0327858683784019	0.3
2.116340052	0.0321346456782845	0.31
2.175983465	0.0321346456782845	0.37
2.201956234	0.0328463816822795	0.39
2.21647999	0.0319042055646785	0.41
2.22607531	0.0316770469282976	0.42
2.226980498	0.0316770469282976	0.42
2.230993963	0.0326056589264902	0.42
2.268175967	0.172357759659536	0.41
2.273953022	0.176554947937911	0.4
2.279085054	0.177033954731132	0.4
2.283420782	0.180129078010692	0.39
2.287430653	0.17864958708467	0.39
2.36737444	0.190841049574498	0.32
2.396315913	0.181970963212972	0.32
2.401471639	0.183760504023758	0.32
2.416816988	0.153558057825539	0.31
2.57811595	0.200620183116974	0.18
2.64482266	0.200620183116974	0.14
2.664122924	0.200620183116974	0.13
2.669724846	0.200620183116974	0.12
2.670697515	0.200620183116974	0.12
2.67074212	0.200620183116974	0.12
2.671148642	0.200620183116974	0.12
2.671193179	0.200620183116974	0.12
2.671237545	0.200620183116974	0.12
2.671237705	0.200620183116974	0.12
2.671599486	0.200620183116974	0.12
2.671599646	0.200620183116974	0.12
2.671961685	0.200620183116974	0.12
2.672323822	0.200620183116974	0.12
2.672686057	0.200620183116974	0.12
2.673410821	0.200620183116974	0.12
2.674201502	0.200620183116974	0.12
2.674498542	0.200620183116974	0.12
2.674817434	0.200620183116974	0.11
2.67498819	0.200620183116974	0.11
2.675906626	0.200620183116974	0.11
2.67595059	0.200620183116974	0.11
2.677404052	0.200620183116974	0.11
2.678640892	0.200620183116974	0.11
2.679543675	0.200620183116974	0.11
2.681604422	0.200620183116974	0.11
2.684222358	0.200620183116974	0.11
2.692790444	0.200620183116974	0.12
2.700424629	0.200620183116974	0.12
2.703341222	0.200620183116974	0.12
2.716197088	0.200620183116974	0.1
2.721339166	0.200620183116974	0.1
2.721714851	0.200620183116974	0.1
2.721753239	0.200620183116974	0.1
2.72212898	0.200620183116974	0.1
2.725138453	0.200620183116974	0.09
2.725892101	0.200620183116974	0.09
2.728042156	0.200620183116974	0.09
2.733911556	0.200620183116974	0.09
2.741703646	0.200620183116974	0.1
2.742221604	0.200620183116974	0.1
2.744776734	0.200620183116974	0.1
2.767264537	0.196590679994539	0.11
2.784781798	0.170931965000933	0.12
2.814579483	0.170931965000933	0.15
2.870516676	0.190841049574498	0.21
2.874914635	0.169221041146496	0.21
2.884109016	0.188998521319762	0.22
3.017087015	0.170357825862986	0.35
3.091199805	0.156998580370191	0.42
3.116410384	0.181970963212972	0.45
3.116832706	0.181970963212972	0.45
3.153761559	0.16270666645002	0.48
3.190582361	0.210697008344653	0.52
3.479484296	0.200620183116974	0.81
3.557717034	0.199258786091859	0.890000000000001
3.560201153	0.204818327662123	0.890000000000001
3.561529658	0.186549039136934	0.890000000000001
3.561648443	0.164363840204237	0.890000000000001
3.562131134	0.203556228773926	0.890000000000001
3.565454716	0.186744796526329	0.890000000000001
3.566965252	0.19708549350178	0.890000000000001
3.567214517	0.19708549350178	0.890000000000001
3.568359469	0.190437450393037	0.890000000000001
3.571210711	0.192226175829888	0.890000000000001
3.571812505	0.194048821863755	0.890000000000001
3.572123566	0.207843932900552	0.880000000000001
3.575584373	0.192719856767609	0.880000000000001
3.579984214	0.188998521319762	0.880000000000001
3.62901857	0.195283243512217	0.910000000000001
3.62939674	0.195283243512217	0.910000000000001
3.630972932	0.195283243512217	0.910000000000001
3.631023885	0.195283243512217	0.910000000000001
3.631169027	0.195283243512217	0.910000000000001
3.631970124	0.190068981214318	0.920000000000001
3.778072999	0.193513656219388	1.06
4.078052931	0.217199769398103	1.36
4.442577106	0.266561182426033	1.71
4.452121847	0.266561182426033	1.72
4.45272527	0.266561182426033	1.72
4.453328856	0.266561182426033	1.72
4.459832487	0.266561182426033	1.73
4.475601202	0.261165439575513	1.75
4.478685952	0.266561182426033	1.75
4.480518943	0.266561182426033	1.75
4.536342962	0.261165439575513	1.8
4.536969429	0.261165439575513	1.8
4.537596069	0.261165439575513	1.8
4.773228095	0.266561182426033	1.99
4.895921957	0.266561182426033	2.12
5.342582978	0.293883896790769	2.23
5.343129076	0.293883896790769	2.23
5.343307119	0.293883896790769	2.23
5.346842194	0.293883896790769	2.24
5.443653327	0.292895518095976	2.29
6.232084175	0.321251115888317	2.66999999999999
6.2338777	0.325958433397581	2.66999999999999
6.234722781	0.325958433397581	2.66999999999999
6.358499262	0.29808711251111	2.78999999999998
7	0.259937716489211	3.36999999999997
