thrs	post_p	finalwindow
0	0.048376725820787	0.21
0.03256001	0.045377927752502	0.2
0.070216248	0.045377927752502	0.16
0.082355146	0.045377927752502	0.15
0.089689176	0.0448222356039949	0.15
0.093809574	0.0408229369709684	0.15
0.103967892	0.0408229369709684	0.14
0.106977596	0.0408229369709684	0.14
0.115659216	0.0390794881937427	0.14
0.123778241	0.0370989787679015	0.14
0.127200542	0.0370989787679015	0.14
0.129730945	0.0370989787679015	0.14
0.130460633	0.0370989787679015	0.14
0.148782099	0.0363618655578064	0.13
0.151339737	0.0363618655578064	0.13
0.155752372	0.0363618655578064	0.13
0.161204767	0.0360041850861719	0.13
0.178062567	0.0363618655578064	0.11
0.178140913	0.0363618655578064	0.11
0.178189211	0.0363618655578064	0.11
0.178358463	0.0363618655578064	0.11
0.181430774	0.0574957794730603	0.12
0.181486006	0.0574957794730603	0.12
0.181486035	0.0574957794730603	0.12
0.186084933	0.072249871354657	0.12
0.191788381	0.0593607032513209	0.11
0.194681585	0.0762642945656846	0.11
0.205298456	0.077887162682177	0.1
0.206482242	0.0762642945656846	0.1
0.22265244	0.0714440088813367	0.08
0.222656148	0.0714440088813367	0.08
0.222686318	0.0714440088813367	0.08
0.222697977	0.070851311496037	0.08
0.222716495	0.070851311496037	0.08
0.222812147	0.070851311496037	0.08
0.223196808	0.0857987781588202	0.08
0.226694446	0.0825727890708129	0.08
0.226728961	0.0825727890708129	0.08
0.226867021	0.0825727890708129	0.08
0.226929675	0.0825727890708129	0.08
0.226982815	0.0825727890708129	0.08
0.227081991	0.0825727890708129	0.08
0.237068117	0.0674918491842043	0.07
0.241897099	0.0659288196495384	0.07
0.242941212	0.0832885849886431	0.06
0.243116147	0.0794161543894356	0.06
0.249436037	0.075219439201279	0.06
0.254481698	0.0824841787311886	0.05
0.256259656	0.081695161852027	0.05
0.256650521	0.0824841787311886	0.05
0.263775407	0.0801615628724587	0.05
0.272151172	0.0765681775280161	0.05
0.287097646	0.0644365472104337	0.07
0.295749179	0.0758878161265678	0.07
0.296044019	0.0758878161265678	0.07
0.296839561	0.0715437572062331	0.06
0.296839653	0.0715437572062331	0.06
0.296874128	0.0715437572062331	0.06
0.296960227	0.0715437572062331	0.06
0.297161557	0.072249871354657	0.06
0.29723727	0.072249871354657	0.06
0.297345093	0.072249871354657	0.06
0.298062423	0.072249871354657	0.06
0.299120783	0.072249871354657	0.06
0.299931082	0.072249871354657	0.06
0.300128238	0.072249871354657	0.06
0.300638986	0.072249871354657	0.06
0.302406093	0.0675808600639342	0.07
0.30240618	0.0675808600639342	0.07
0.302452098	0.0675808600639342	0.07
0.302453753	0.0675808600639342	0.07
0.302531356	0.0675808600639342	0.07
0.302535608	0.0675808600639342	0.07
0.302694303	0.0675808600639342	0.07
0.302844832	0.0675808600639342	0.07
0.303037639	0.0675808600639342	0.07
0.303062807	0.0675808600639342	0.07
0.304168238	0.0675808600639342	0.07
0.306047128	0.0675808600639342	0.07
0.306464617	0.0675808600639342	0.07
0.307314933	0.0682105713737846	0.07
0.308759935	0.0682105713737846	0.07
0.319078068	0.093169771113802	0.07
0.320217262	0.0922888206678039	0.07
0.320290117	0.0922888206678039	0.07
0.322066605	0.0922888206678039	0.07
0.322435043	0.0922888206678039	0.07
0.322591403	0.0922888206678039	0.07
0.323808824	0.0922888206678039	0.07
0.327195424	0.0949831091047447	0.07
0.328591896	0.0949831091047447	0.07
0.333944256	0.0959165075938644	0.07
0.334029253	0.0959165075938644	0.07
0.338071632	0.0959165075938644	0.07
0.340262381	0.0959165075938644	0.07
0.343625259	0.0959165075938644	0.07
0.345554528	0.0959165075938644	0.07
0.350684009	0.0922888206678039	0.07
0.356200611	0.0922888206678039	0.07
0.356206548	0.0922888206678039	0.07
0.360733393	0.093169771113802	0.07
0.366130409	0.0959165075938644	0.07
0.367161303	0.0850947624501845	0.08
0.367663989	0.0850947624501845	0.08
0.381649088	0.0729700626849036	0.07
0.386863037	0.0684657540371235	0.06
0.386909127	0.07480020420255	0.06
0.389299853	0.0723797559346952	0.06
0.395214438	0.0732831302223056	0.06
0.398731854	0.077388137541734	0.05
0.412388288	0.0863045456013794	0.04
0.416416237	0.0578854745018114	0.03
0.418471182	0.0713114429802064	0.03
0.438307149	0.0773385865019198	0.01
0.438815006	0.0762642945656846	0.01
0.440249622	0.0806917296905132	0.01
0.441698853	0.0806917296905132	0.01
0.441750067	0.0801615628724587	0.01
0.444499874	0.069029198173553	0.01
0.444770984	0.0683263272818903	0.01
0.445049535	0.0683263272818903	0.01
0.445117302	0.0740776792387937	0.01
0.445156208	0.0740776792387937	0.01
0.445185067	0.0740776792387937	0.01
0.445185068	0.0740776792387937	0.01
0.445245414	0.0740776792387937	0.01
0.44525283	0.0740776792387937	0.01
0.445252832	0.0740776792387937	0.01
0.445252833	0.0740776792387937	0.01
0.445252835	0.0740776792387937	0.01
0.445305777	0.0740776792387937	0.01
0.44531318	0.0740776792387937	0.01
0.445313188	0.0740776792387937	0.01
0.44531319	0.0740776792387937	0.01
0.445373562	0.0740776792387937	0.01
0.445494353	0.0740776792387937	0.01
0.445554774	0.0733355695042611	0.01
0.445578303	0.0733355695042611	0.01
0.445615211	0.0733355695042611	0.01
0.445653547	0.0733355695042611	0.01
0.445675664	0.0733355695042611	0.01
0.445736134	0.0789642926817564	0.01
0.445849774	0.0845250489874925	0.01
0.445917642	0.0845250489874925	0.01
0.445978177	0.0845250489874925	0.01
0.446188208	0.0832885849886431	0.01
0.446319857	0.0832885849886431	0.01
0.446341735	0.0832885849886431	0.01
0.446351359	0.0832885849886431	0.01
0.446394864	0.0832885849886431	0.01
0.446395102	0.0832885849886431	0.01
0.446455777	0.0832885849886431	0.01
0.446465528	0.0832885849886431	0.01
0.446633323	0.0832885849886431	0.01
0.446888185	0.0832885849886431	0.01
0.446967543	0.0832885849886431	0.01
0.447876705	0.0824841787311886	0.01
0.447928306	0.0824841787311886	0.01
0.448701687	0.0836967005246523	0.01
0.449051315	0.0849454024368688	0.01
0.449552291	0.0849454024368688	0.01
0.449715173	0.0849454024368688	0.01
0.451750007	0.0866694741940347	0.01
0.452986292	0.0805687620160529	0.01
0.453117722	0.0805687620160529	0.01
0.453312195	0.0801615628724587	0.01
0.453670383	0.0801615628724587	0.01
0.45367678	0.0801615628724587	0.01
0.453739439	0.0801615628724587	0.01
0.453782962	0.0801615628724587	0.01
0.453789353	0.0801615628724587	0.01
0.453802119	0.0801615628724587	0.01
0.453864805	0.0801615628724587	0.01
0.453864814	0.0801615628724587	0.01
0.453927527	0.0801615628724587	0.01
0.453952078	0.0801615628724587	0.01
0.453990257	0.0801615628724587	0.01
0.454053004	0.0801615628724587	0.01
0.454115767	0.0801615628724587	0.01
0.454131662	0.0801615628724587	0.01
0.454159539	0.0801615628724587	0.01
0.454172215	0.0801615628724587	0.01
0.454228692	0.0801615628724587	0.01
0.454266222	0.0801615628724587	0.01
0.454278877	0.0801615628724587	0.01
0.454297847	0.0801615628724587	0.01
0.454379121	0.0801615628724587	0.01
0.454543029	0.0805687620160529	0.01
0.455078808	0.0805687620160529	0.01
0.455550168	0.1162764111992	0.01
0.455678249	0.127306162020494	0.01
0.455755613	0.0783236769391477	0.02
0.456133439	0.0783236769391477	0.02
0.456159276	0.0783236769391477	0.02
0.45760535	0.0783236769391477	0.02
0.458022431	0.0783236769391477	0.02
0.462114195	0.075219439201279	0.02
0.46331093	0.075219439201279	0.02
0.464728436	0.0738191013561549	0.02
0.46499053	0.0741642748977229	0.02
0.472596627	0.0699143761464593	0.03
0.474072423	0.0699143761464593	0.03
0.478409458	0.0694117176036653	0.04
0.478419311	0.0694117176036653	0.04
0.478888149	0.0702683671993709	0.04
0.479732593	0.0702683671993709	0.04
0.479936634	0.0702683671993709	0.04
0.483511101	0.0664019856849845	0.04
0.483988273	0.0664019856849845	0.04
0.484225862	0.0664019856849845	0.04
0.484458594	0.0664019856849845	0.04
0.485802156	0.0962604898858673	0.04
0.485999254	0.0838336292788684	0.04
0.48628356	0.075219439201279	0.04
0.486776039	0.0634786710067948	0.04
0.489107131	0.0574957794730603	0.04
0.490830832	0.046979634762887	0.04
0.499369323	0.0584133601137667	0.05
0.508934563	0.0544994326637806	0.06
0.511690912	0.0479961073803442	0.06
0.514553924	0.0641943782018843	0.07
0.514742139	0.0641943782018843	0.07
0.514839037	0.0644365472104337	0.07
0.514971335	0.0644365472104337	0.07
0.516063638	0.0766368852353962	0.07
0.520735072	0.046889358976992	0.07
0.529143364	0.0222964674280233	0.07
0.534226929	0.0227115165868462	0.07
0.534308248	0.0227115165868462	0.07
0.534380672	0.0225020782824812	0.07
0.534453117	0.0225020782824812	0.07
0.536755919	0.0242943562234541	0.06
0.539174229	0.0825727890708129	0.07
0.543234343	0.0844785997130577	0.07
0.544416783	0.0851335711946675	0.07
0.55657045	0.106627652043479	0.05
0.556645891	0.106627652043479	0.05
0.55802857	0.102640847900643	0.05
0.566766402	0.10169029873141	0.06
0.574371638	0.105602194645869	0.06
0.57444178	0.105602194645869	0.06
0.586308239	0.103609335246753	0.06
0.59079165	0.10169029873141	0.06
0.591193432	0.10169029873141	0.06
0.593402747	0.10169029873141	0.06
0.593573546	0.10169029873141	0.06
0.593673806	0.10169029873141	0.06
0.593673808	0.10169029873141	0.06
0.593754277	0.10169029873141	0.06
0.593754278	0.10169029873141	0.06
0.59375428	0.10169029873141	0.06
0.593824895	0.10169029873141	0.06
0.593834769	0.10169029873141	0.06
0.593915284	0.10169029873141	0.06
0.594036974	0.10169029873141	0.06
0.594152812	0.10169029873141	0.06
0.594318181	0.0940677020164375	0.06
0.595015574	0.096337265717724	0.07
0.595887104	0.096337265717724	0.07
0.604317115	0.0835942971419137	0.07
0.604813246	0.0857987781588202	0.07
0.604905308	0.0857987781588202	0.07
0.604905312	0.0857987781588202	0.07
0.604988853	0.0857987781588202	0.07
0.606051871	0.0857987781588202	0.07
0.606824709	0.0865596719846911	0.07
0.607971158	0.0959165075938644	0.06
0.624510489	0.093169771113802	0.06
0.635412418	0.0914243735229061	0.06
0.636066531	0.0914243735229061	0.06
0.637031954	0.0897431682585241	0.06
0.637260654	0.0897431682585241	0.06
0.637881775	0.0889255411739795	0.06
0.638075882	0.0889255411739795	0.06
0.641599528	0.0889255411739795	0.06
0.644129804	0.0889255411739795	0.06
0.64559646	0.0889255411739795	0.06
0.646569798	0.0897431682585241	0.06
0.64801212	0.0897431682585241	0.06
0.648110758	0.0897431682585241	0.06
0.648827538	0.0897431682585241	0.06
0.659386285	0.0740776792387937	0.07
0.667879261	0.0724285831294335	0.08
0.667879263	0.0724285831294335	0.08
0.671132308	0.0724285831294335	0.08
0.680589305	0.0841088353016681	0.08
0.68060848	0.0841088353016681	0.08
0.680702493	0.0841088353016681	0.08
0.680786967	0.0841088353016681	0.08
0.692614054	0.0889255411739795	0.09
0.696262833	0.0873341823161652	0.1
0.697379755	0.0873341823161652	0.1
0.7123899	0.08431642850572	0.11
0.712401774	0.08431642850572	0.11
0.713541741	0.08431642850572	0.11
0.714295462	0.08431642850572	0.11
0.715653707	0.0835942971419137	0.12
0.717816093	0.08431642850572	0.12
0.719314887	0.08431642850572	0.12
0.725869057	0.0835942971419137	0.13
0.725979546	0.08431642850572	0.13
0.726772429	0.08431642850572	0.13
0.744518666	0.074644193376189	0.14
0.7500464	0.0106816970975955	0.14
0.75180067	0.0883294323607463	0.14
0.756100951	0.0117066146302244	0.13
0.756122282	0.0117066146302244	0.13
0.762884543	0.0893909228118352	0.13
0.763387603	0.0990809277163882	0.13
0.763491091	0.0988301166262906	0.13
0.7676628	0.0960308948755745	0.13
0.772093843	0.0920309887008633	0.12
0.779184816	0.0948991547176957	0.12
0.793117932	0.101852928439408	0.1
0.794958533	0.109927056130571	0.1
0.799403767	0.101094516822835	0.1
0.8034392	0.112176249525132	0.09
0.812482547	0.108394469284125	0.08
0.861362559	0.106268719960811	0.03
0.866065884	0.117936835619706	0.03
0.867661243	0.115494660617336	0.03
0.870144812	0.108437477938514	0.03
0.875213305	0.121232776363234	0.02
0.877564409	0.115494660617336	0.02
0.882218863	0.110635752126933	0.01
0.88244613	0.114008216388504	0.01
0.883671839	0.124487329593165	0.01
0.885048106	0.123926478454563	0.01
0.885800269	0.121610399093895	0.01
0.886381245	0.120113849360518	0.01
0.888863234	0.113151576290515	0.01
0.889014569	0.112824588354769	0.01
0.889576687	0.111535319391974	0.01
0.889857915	0.111535319391974	0.01
0.890068113	0.110901671685779	0.01
0.890083013	0.110901671685779	0.01
0.890218543	0.110587540065955	0.01
0.890218544	0.110587540065955	0.01
0.890228158	0.110587540065955	0.01
0.890309475	0.110275182990245	0.01
0.890354074	0.110275182990245	0.01
0.890354075	0.110275182990245	0.01
0.890407894	0.110275182990245	0.01
0.890419078	0.110275182990245	0.01
0.890459913	0.110275182990245	0.01
0.890474761	0.110275182990245	0.01
0.890489605	0.110275182990245	0.01
0.890489606	0.110275182990245	0.01
0.890506418	0.110275182990245	0.01
0.890580647	0.110275182990245	0.01
0.890595481	0.110275182990245	0.01
0.89061031	0.110275182990245	0.01
0.890610311	0.110275182990245	0.01
0.890701414	0.109655732662137	0.01
0.890716233	0.109655732662137	0.01
0.890731048	0.109655732662137	0.01
0.890731049	0.109655732662137	0.01
0.890822213	0.109655732662137	0.01
0.890851819	0.109655732662137	0.01
0.890928251	0.109655732662137	0.01
0.890957836	0.109655732662137	0.01
0.890972622	0.109655732662137	0.01
0.890972623	0.109655732662137	0.01
0.891093459	0.109348609924007	0.01
0.89119957	0.109348609924007	0.01
0.891214328	0.109348609924007	0.01
0.891246709	0.109348609924007	0.01
0.891382479	0.109348609924007	0.01
0.891441435	0.109348609924007	0.01
0.891456164	0.109348609924007	0.01
0.89149835	0.109348609924007	0.01
0.891577132	0.109043202753847	0.01
0.891686849	0.109043202753847	0.01
0.891698132	0.109043202753847	0.01
0.891793338	0.109043202753847	0.01
0.892017347	0.108137132099812	0.01
0.892182462	0.107541404241398	0.01
0.892245091	0.108739496817112	0.01
0.892307805	0.108137132099812	0.01
0.892568748	0.108739496817112	0.01
0.89273031	0.108739496817112	0.01
0.892951888	0.111757840737424	0.01
0.892952212	0.111757840737424	0.01
0.893016766	0.111757840737424	0.01
0.89308003	0.111757840737424	0.01
0.893142511	0.111757840737424	0.01
0.893172464	0.111757840737424	0.01
0.893313967	0.111757840737424	0.01
0.893352088	0.111757840737424	0.01
0.893395592	0.111757840737424	0.01
0.894189143	0.112381729424962	0.01
0.89420355	0.112381729424962	0.01
0.894232534	0.112381729424962	0.01
0.894332391	0.112381729424962	0.01
0.894482721	0.112381729424962	0.01
0.894906463	0.111757840737424	0.01
0.894970751	0.111757840737424	0.01
0.895081202	0.112068916789409	0.01
0.895300675	0.112068916789409	0.01
0.89539422	0.112068916789409	0.01
0.895524497	0.118059108328916	0.01
0.895638516	0.118059108328916	0.01
0.895840307	0.118386411832405	0.01
0.89592425	0.118386411832405	0.01
0.896396617	0.118059108328916	0.01
0.89685771	0.116767794314667	0.01
0.89693811	0.116767794314667	0.01
0.897197773	0.120655600671187	0.01
0.897316929	0.118129723212198	0.01
0.89799116	0.104996333418901	0.01
0.898155973	0.102568940730576	0.01
0.898455429	0.101502297703105	0.01
0.898485328	0.101502297703105	0.01
0.898662437	0.100664824430394	0.01
0.898755243	0.100045732824695	0.01
0.89889623	0.100251248859321	0.01
0.899325427	0.0994342095364794	0.01
0.899413875	0.0990306637086833	0.01
0.900031532	0.0976436867414416	0.01
0.900113547	0.0984314494003292	0.01
0.900307304	0.0994342095364794	0.01
0.900690942	0.0724883503488465	0.01
0.901007608	0.0798700250984116	0.01
0.901568195	0.0732438499495303	0.01
0.901947653	0.0700378665973552	0.01
0.902162268	0.0703069315523322	0.01
0.902291602	0.0672262178448449	0.01
0.902860993	0.0664417229435417	0.01
0.904039961	0.0470702588341312	0.01
0.904513058	0.0439257212404493	0.01
0.905424433	0.0442799886733729	0.01
0.906154318	0.045566233085196	0.01
0.906210372	0.045377927752502	0.01
0.906508268	0.045756107756	0.01
0.906786831	0.045756107756	0.01
0.907060652	0.0463353464637472	0.01
0.90712089	0.0463353464637472	0.01
0.907185931	0.0463353464637472	0.01
0.907198748	0.0465316988374209	0.01
0.907311244	0.0465316988374209	0.01
0.907324045	0.046729722433253	0.01
0.907336843	0.046729722433253	0.01
0.907336844	0.046729722433253	0.01
0.907436592	0.046729722433253	0.01
0.907449378	0.046729722433253	0.01
0.90746216	0.046729722433253	0.01
0.907536422	0.046729722433253	0.01
0.9075492	0.046729722433253	0.01
0.907574745	0.046729722433253	0.01
0.907587512	0.046729722433253	0.01
0.907712898	0.046729722433253	0.01
0.907951053	0.046729722433253	0.01
0.907963773	0.046729722433253	0.01
0.907963774	0.046729722433253	0.01
0.908076559	0.0471308693700958	0.01
0.908089263	0.0471308693700958	0.01
0.908089264	0.0471308693700958	0.01
0.90817671	0.0475389631583457	0.01
0.908202099	0.0475389631583457	0.01
0.908214789	0.0475389631583457	0.01
0.908289632	0.0473340366781079	0.01
0.908566283	0.0481645291221642	0.01
0.908578929	0.0481645291221642	0.01
0.908691978	0.0490246845827064	0.01
0.908729307	0.0490246845827064	0.01
0.908830322	0.0490246845827064	0.01
0.909094444	0.0492445453670398	0.01
0.909183517	0.0492445453670398	0.01
0.909207673	0.0492445453670398	0.01
0.909270732	0.0492445453670398	0.01
0.90938549	0.0494663870524696	0.01
0.909446878	0.0501440688957209	0.01
0.909620416	0.0501440688957209	0.01
0.909838426	0.0494663870524696	0.01
0.909896599	0.0494663870524696	0.01
0.909914657	0.0494663870524696	0.01
0.909925885	0.0494663870524696	0.01
0.910014581	0.0490246845827064	0.01
0.910051995	0.0494663870524696	0.01
0.910204731	0.0496902365314195	0.01
0.910267	0.0496902365314195	0.01
0.910628128	0.0499161211853094	0.01
0.911049792	0.0506062675823958	0.01
0.91113001	0.0506062675823958	0.01
0.911351929	0.0506062675823958	0.01
0.911383512	0.0496902365314195	0.01
0.911404622	0.0496902365314195	0.01
0.911632099	0.0499161211853094	0.01
0.911747931	0.0499161211853094	0.01
0.911776598	0.0499161211853094	0.01
0.912488931	0.0510770660913022	0.01
0.912707801	0.0506062675823958	0.01
0.912967277	0.0496902365314195	0.01
0.913139907	0.0496902365314195	0.01
0.913244462	0.0496902365314195	0.01
0.913630289	0.0494663870524696	0.01
0.913751419	0.0494663870524696	0.01
0.914018042	0.0494663870524696	0.01
0.914968567	0.0499161211853094	0.01
0.914983658	0.0499161211853094	0.01
0.916208994	0.0390794881937427	0.01
0.918238351	0.046889358976992	0.02
0.918816837	0.048376725820787	0.02
0.919655338	0.0493552169276732	0.02
0.919822583	0.0493552169276732	0.02
0.920002472	0.0493552169276732	0.02
0.921364075	0.0505829553781224	0.02
0.921783065	0.0507935416409636	0.02
0.922071236	0.0514359540058879	0.02
0.922504312	0.0523182149417879	0.02
0.922763582	0.0523182149417879	0.02
0.922787758	0.0523182149417879	0.02
0.923473233	0.0469294386789474	0.02
0.924507726	0.0469294386789474	0.02
0.925553967	0.0372067273265163	0.02
0.93064775	0.0433876723021219	0.03
0.934071327	0.0406717300308162	0.03
0.93534835	0.0408229369709684	0.03
0.938446291	0.0134486691473592	0.03
0.938770844	0.0139883424723748	0.03
0.941112169	0.0159028038017591	0.03
0.942896738	0.00902280394074837	0.03
0.944027825	0.0101485898908183	0.03
0.947518522	0.010408321617627	0.03
0.948845214	0.0105889901790698	0.03
0.949342587	0.0105889901790698	0.03
0.950306111	0.0110693469209613	0.03
0.951999424	0.0114861927216822	0.03
0.953473419	0.00902280394074837	0.04
0.954191796	0.00974335970819814	0.04
0.956018846	0.0100648695103362	0.04
0.956296714	0.0101485898908183	0.04
0.956549025	0.0101485898908183	0.04
0.95679317	0.0101485898908183	0.04
0.957486775	0.0101485898908183	0.04
0.958321379	0.0102337147392664	0.04
0.959031973	0.010408321617627	0.04
0.959642592	0.010408321617627	0.04
0.959665139	0.0104978786291101	0.04
0.959857154	0.0106816970975955	0.04
0.960039043	0.0108720676374922	0.04
0.960819071	0.0108720676374922	0.04
0.960911853	0.0108720676374922	0.04
0.964458654	0.00974335970819814	0.05
0.966290332	0.0101485898908183	0.05
0.966653906	0.0101485898908183	0.05
0.966980911	0.0101485898908183	0.05
0.966986309	0.0101485898908183	0.05
0.967297223	0.0101485898908183	0.05
0.967297226	0.0101485898908183	0.05
0.967302572	0.0101485898908183	0.05
0.967460779	0.0101485898908183	0.05
0.967608447	0.0101485898908183	0.05
0.96761904	0.0101485898908183	0.05
0.967619041	0.0101485898908183	0.05
0.967772081	0.0101485898908183	0.05
0.967925221	0.0101485898908183	0.05
0.967935716	0.0101485898908183	0.05
0.968083686	0.0101485898908183	0.05
0.968088909	0.0101485898908183	0.05
0.968237002	0.0101485898908183	0.05
0.968861479	0.010408321617627	0.05
0.969035555	0.010408321617627	0.05
0.969666194	0.0104978786291101	0.05
0.970292984	0.0107760416572804	0.05
0.974203145	0	0.05
0.97801719	0	0.05
0.981915796	0.0111706959451483	0.05
0.985118954	0.0107760416572804	0.05
1.019804062	0.0479018867550247	0.06
1.021711423	0.0403726518359141	0.07
1.022530753	0.0410518672585785	0.07
1.023898132	0.0421146505616617	0.07
1.027349785	0.0444143166836386	0.07
1.028094642	0.0452377169631802	0.07
1.029271857	0.0460922240914085	0.07
1.029659545	0.0474362785967635	0.07
1.030020301	0.040041403338479	0.08
1.030958443	0.0403726518359141	0.08
1.031531241	0.0403726518359141	0.08
1.031720423	0.0403726518359141	0.08
1.0327094	0.0410518672585785	0.08
1.034014818	0.0403726518359141	0.08
1.034854243	0.0407094266561496	0.08
1.035677928	0.0407094266561496	0.08
1.036124234	0.0410518672585785	0.08
1.038905957	0.043233924698622	0.08
1.044012776	0.0390794881937427	0.09
1.048661279	0.0407094266561496	0.09
1.054783865	0.0465316988374209	0.09
1.057424783	0.0397155462441357	0.1
1.058571278	0.0407094266561496	0.1
1.067766296	0.0403726518359141	0.11
1.067971123	0.0403726518359141	0.11
1.068168044	0.0403726518359141	0.11
1.068277144	0.0403726518359141	0.11
1.06860264	0.0407094266561496	0.11
1.068892568	0.0407094266561496	0.11
1.070020858	0.0444143166836386	0.11
1.070326964	0.0452377169631802	0.11
1.076612069	0.0479018867550247	0.11
1.112743253	0.107673220278394	0.12
1.113082372	0.107673220278394	0.12
1.113233383	0.107673220278394	0.12
1.11414031	0.107673220278394	0.12
1.127882011	0.107673220278394	0.11
1.133642817	0.0989414312805827	0.12
1.133988353	0.0989414312805827	0.12
1.136767134	0.105602194645869	0.11
1.137302108	0.105602194645869	0.11
1.187305519	0.0813493124667574	0.15
1.18762744	0.0784435767523963	0.15
1.192009701	0.0773385865019198	0.15
1.192075895	0.0773385865019198	0.15
1.192725439	0.0757382634512671	0.15
1.203309389	0.0784435767523963	0.14
1.209215802	0.0593607032513209	0.13
1.209768181	0.0593607032513209	0.13
1.209825949	0.0593607032513209	0.13
1.210085375	0.0593607032513209	0.13
1.210771389	0.0593607032513209	0.13
1.212614931	0.0579509378355058	0.13
1.224141399	0.0570477152034712	0.12
1.22465873	0.0570477152034712	0.12
1.225416562	0.0570477152034712	0.12
1.226416878	0.0708513114960371	0.11
1.226767373	0.0688521282259785	0.11
1.243346642	0.0645990108492426	0.1
1.245566855	0.0634786710067948	0.1
1.246668032	0.0634786710067948	0.1
1.252855937	0.0645990108492426	0.09
1.268447511	0.0356534728553585	0.08
1.270060331	0.0356534728553585	0.08
1.270253663	0.0356534728553585	0.08
1.270604589	0.0356534728553585	0.08
1.278899002	0.0491563648349704	0.09
1.285172518	0.0324887815743131	0.08
1.289511656	0.0311081624831631	0.08
1.293113698	0.0336847589000284	0.08
1.303502827	0.0363618655578064	0.07
1.325958837	0.0353095271995004	0.09
1.33510162	0.0353095271995004	0.09
1.335485912	0.0353095271995004	0.09
1.335508208	0.0353095271995004	0.09
1.335711503	0.0363618655578064	0.09
1.335892556	0.0363618655578064	0.09
1.336051433	0.0363618655578064	0.09
1.33625481	0.0363618655578064	0.09
1.33638917	0.0363618655578064	0.09
1.336413828	0.0363618655578064	0.09
1.336595099	0.0363618655578064	0.09
1.336665633	0.0363618655578064	0.09
1.336979907	0.0339976392521308	0.1
1.337117106	0.0339976392521308	0.1
1.337161305	0.0339976392521308	0.1
1.337529375	0.0339976392521308	0.1
1.338686534	0.0339976392521308	0.1
1.342315002	0.0333775849094653	0.1
1.343443085	0.0336847589000284	0.1
1.346883901	0.0356534728553585	0.1
1.360533959	0.0448222356039949	0.1
1.360774481	0.0448222356039949	0.1
1.360981621	0.0448222356039949	0.1
1.36116959	0.0448222356039949	0.1
1.361338457	0.0448222356039949	0.1
1.36135761	0.0448222356039949	0.1
1.361952473	0.0448222356039949	0.1
1.362110213	0.0448222356039949	0.1
1.364721715	0.048376725820787	0.09
1.368077892	0.046979634762887	0.09
1.368578346	0.046979634762887	0.09
1.369020462	0.0474362785967635	0.09
1.369707356	0.0474362785967635	0.09
1.370127164	0.0474362785967635	0.09
1.373967278	0.0474362785967635	0.09
1.377274175	0.0479018867550247	0.09
1.418305639	0.0801615628724587	0.09
1.430594094	0.0714440088813367	0.1
1.434752614	0.0714440088813367	0.1
1.440102642	0.0714440088813367	0.11
1.448119954	0.0674918491842043	0.12
1.450674974	0.0674918491842043	0.12
1.450928234	0.0674918491842043	0.12
1.454003033	0.0674918491842043	0.12
1.454856842	0.0674918491842043	0.12
1.45657643	0.0674918491842043	0.13
1.484067531	0.0674918491842043	0.15
1.484117024	0.0674918491842043	0.15
1.485393153	0.0685757034626251	0.15
1.506038743	0.0695058680350353	0.17
1.511964569	0.0674918491842043	0.18
1.512194724	0.0674918491842043	0.18
1.512403577	0.0674918491842043	0.18
1.513239565	0.0674918491842043	0.18
1.517647523	0.0674918491842043	0.19
1.519065464	0.0674918491842043	0.19
1.523536021	0.0674918491842043	0.19
1.558531046	0.134072036239137	0.23
1.55916507	0.132327076103692	0.23
1.561070241	0.161106994978805	0.22
1.718627381	0.178602375852636	0.08
1.730827961	0.192707369722025	0.06
1.745720251	0.181555429283619	0.05
1.75282717	0.191031087234218	0.04
1.758275756	0.178602375852636	0.04
1.768990518	0.183068881120184	0.03
1.778615293	0.19614976670223	0.02
1.77861633	0.19614976670223	0.02
1.780115455	0.192707369722025	0.02
1.780627841	0.192707369722025	0.02
1.780657571	0.192707369722025	0.02
1.780657572	0.192707369722025	0.02
1.780928629	0.192707369722025	0.02
1.78092863	0.192707369722025	0.02
1.781081012	0.192707369722025	0.02
1.781170031	0.192707369722025	0.02
1.781170032	0.192707369722025	0.02
1.781411499	0.192707369722025	0.02
1.781623424	0.192707369722025	0.02
1.781653031	0.192707369722025	0.02
1.781835463	0.192707369722025	0.02
1.781894629	0.189383715850273	0.02
1.782136292	0.189383715850273	0.02
1.782136293	0.189383715850273	0.02
1.782378022	0.189383715850273	0.02
1.782531315	0.189383715850273	0.02
1.782619816	0.189383715850273	0.02
1.783044725	0.189383715850273	0.02
1.783286774	0.189383715850273	0.02
1.783345594	0.189383715850273	0.02
1.783587651	0.189383715850273	0.02
1.78377107	0.189383715850273	0.02
1.783829774	0.189383715850273	0.02
1.783925287	0.189383715850273	0.02
1.784013316	0.189383715850273	0.02
1.784314217	0.189383715850273	0.02
1.784506241	0.189383715850273	0.02
1.784933025	0.211243848181656	0.01
1.785009515	0.211243848181656	0.01
1.785497332	0.209231257432237	0.01
1.786357195	0.201550308793733	0.01
1.787927091	0.197917500355951	0.01
1.788266632	0.197917500355951	0.01
1.788780487	0.203417186839921	0.01
1.788872102	0.203417186839921	0.01
1.78918715	0.203417186839921	0.01
1.789358594	0.203417186839921	0.01
1.789747139	0.199717385975792	0.01
1.790033715	0.199717385975792	0.01
1.790095821	0.199717385975792	0.01
1.79204453	0.197823667770537	0.02
1.794856772	0.165543217314611	0.02
1.795172249	0.154047253638363	0.02
1.795643534	0.148425134957193	0.02
1.796645824	0.138328260412157	0.02
1.796669094	0.138328260412157	0.02
1.799436111	0.141070128296053	0.02
1.801889818	0.0902410015199589	0.02
1.808733518	0.0356534728553585	0.02
1.809599251	0.132327076103692	0.03
1.812688451	0.0703407101012014	0.03
1.813215031	0.070851311496037	0.03
1.813240824	0.070851311496037	0.03
1.813716026	0.0644365472104337	0.03
1.814069382	0.0669626692278034	0.03
1.814345569	0.040041403338479	0.03
1.814621756	0.0303347136297609	0.03
1.814621757	0.0303347136297609	0.03
1.814846808	0.0303347136297609	0.03
1.814872379	0.0303347136297609	0.03
1.815123071	0.0311081624831631	0.03
1.815169565	0.0311081624831631	0.03
1.815322808	0.0311081624831631	0.03
1.815373832	0.0311081624831631	0.03
1.815624663	0.0316460858921145	0.03
1.815850116	0.0316460858921145	0.03
1.815875562	0.0316460858921145	0.03
1.816374833	0.0322029402353771	0.03
1.816377569	0.0322029402353771	0.03
1.81637757	0.0322029402353771	0.03
1.816628678	0.0319220847827021	0.03
1.817382419	0.0319220847827021	0.03
1.818036082	0.0327797427564597	0.03
1.819217405	0.034972154160184	0.03
1.819410514	0.0356534728553585	0.03
1.820606159	0.130974186162471	0.04
1.822065256	0.0737047564021869	0.04
1.823267442	0.0693412719975437	0.04
1.824759677	0.0295987925614203	0.04
1.824985083	0.0298400998020704	0.04
1.828541204	0.0324887815743131	0.04
1.829051906	0.0333775849094653	0.04
1.829613575	0.034972154160184	0.04
1.83758722	0.0308460007433363	0.05
1.837659261	0.0308460007433363	0.05
1.839735229	0.0343163864669327	0.05
1.842215909	0.0363618655578064	0.05
1.846490238	0.0308460007433363	0.06
1.860668056	0.0356534728553585	0.07
1.860714054	0.0356534728553585	0.07
1.876458705	0.0343163864669327	0.08
1.877534086	0.034972154160184	0.08
1.919145255	0.0353095271995004	0.11
1.932723098	0.0574957794730603	0.12
1.933588634	0.058600401997199	0.12
1.934242286	0.0640339409277049	0.13
1.937910579	0.0629329483363006	0.13
1.938309591	0.0629329483363006	0.13
1.947078383	0.060840769244311	0.14
1.956133657	0.060840769244311	0.15
1.959079535	0.0613506634200983	0.15
1.961031557	0.0516537178262073	0.15
2.045755957	0.0978394429254982	0.24
2.049316864	0.0971899544554716	0.24
2.058434493	0.0965490321312386	0.25
2.060706206	0.089818244172549	0.25
2.067556414	0.0965490321312386	0.26
2.07768814	0.0965490321312386	0.27
2.079378601	0.0971899544554716	0.27
2.112854786	0.0892211306040921	0.3
2.114638141	0.0990306637086833	0.3
2.116340052	0.0952922168675979	0.31
2.117539144	0.0952922168675979	0.31
2.122322709	0.0886319038509405	0.31
2.130868897	0.0886319038509405	0.32
2.175983465	0.0952922168675979	0.37
2.201956234	0.0880504086819145	0.39
2.22342495	0.089818244172549	0.41
2.225736601	0.114882934117219	0.41
2.22607531	0.0922888206678039	0.42
2.226678687	0.0922888206678039	0.42
2.230993963	0.0857987781588202	0.42
2.244892022	0.169963300881338	0.43
2.268175967	0.228473684651039	0.41
2.279085054	0.23194852722503	0.4
2.283420782	0.231708251980852	0.39
2.287430653	0.235530699515055	0.39
2.396315913	0.25601916836619	0.29
2.401471639	0.260786762496694	0.29
2.57811595	0.217090783984565	0.15
2.634889835	0.223043843553667	0.09
2.63880046	0.217090783984565	0.09
2.64482266	0.223043843553667	0.08
2.65353762	0.22510141924196	0.07
2.669724846	0.219039511853905	0.06
2.670697515	0.22749991394177	0.06
2.67074212	0.22749991394177	0.06
2.670831293	0.22749991394177	0.06
2.671148642	0.22749991394177	0.06
2.671193179	0.22749991394177	0.06
2.671237545	0.22749991394177	0.06
2.671237705	0.22749991394177	0.06
2.671599486	0.22749991394177	0.06
2.671599646	0.22749991394177	0.06
2.671872794	0.22749991394177	0.06
2.671961685	0.22749991394177	0.06
2.672323822	0.220393134533324	0.05
2.673410821	0.22510141924196	0.05
2.674498542	0.22510141924196	0.05
2.674640938	0.22510141924196	0.05
2.674817434	0.22510141924196	0.05
2.67498819	0.22510141924196	0.05
2.675753192	0.22510141924196	0.05
2.675906626	0.221023542354235	0.05
2.67595059	0.221023542354235	0.05
2.677404052	0.219039511853905	0.05
2.678640892	0.219039511853905	0.05
2.681604422	0.22749991394177	0.05
2.684222358	0.229332597924174	0.04
2.690797174	0.235877637875472	0.04
2.690995907	0.235877637875472	0.04
2.692790444	0.235877637875472	0.04
2.700424629	0.231508402547959	0.03
2.703341222	0.252666146826979	0.04
2.714352711	0.248196611169869	0.05
2.720992773	0.244365131583021	0.05
2.721223607	0.251226660172253	0.05
2.721339166	0.246020621324762	0.06
2.721714851	0.246020621324762	0.06
2.721753239	0.246020621324762	0.06
2.722090639	0.246020621324762	0.06
2.72212898	0.246020621324762	0.06
2.722504826	0.246020621324762	0.06
2.725892101	0.239715713032747	0.06
2.727362573	0.239715713032747	0.06
2.730687704	0.24178113321781	0.06
2.733911556	0.239715713032747	0.07
2.734951629	0.239715713032747	0.07
2.758261585	0.235688957725546	0.09
2.767264537	0.235688957725546	0.1
2.784781798	0.219125033089691	0.12
2.814579483	0.219125033089691	0.15
2.874914635	0.215755472146232	0.21
2.884109016	0.215755472146232	0.22
2.885327778	0.215755472146232	0.22
2.893176138	0.212487971578677	0.23
2.901070252	0.20995865608487	0.23
3.017087015	0.212487971578677	0.35
3.116832706	0.201328583627625	0.45
3.479484296	0.106627652043479	0.78
3.557717034	0.106627652043479	0.860000000000001
3.561529658	0.107673220278394	0.860000000000001
3.561648443	0.107673220278394	0.860000000000001
3.562131134	0.107673220278394	0.860000000000001
3.563861522	0.106627652043479	0.870000000000001
3.567214517	0.106627652043479	0.870000000000001
3.571210711	0.107673220278394	0.870000000000001
3.572123566	0.107673220278394	0.870000000000001
3.572497766	0.107673220278394	0.870000000000001
3.62901857	0.168982450285228	0.910000000000001
3.6300627	0.168982450285228	0.910000000000001
3.630972932	0.168982450285228	0.910000000000001
3.631023885	0.170292786341148	0.910000000000001
3.631169027	0.170292786341148	0.910000000000001
3.631970124	0.191031087234218	0.910000000000001
3.639968026	0.166421356436231	0.920000000000001
3.707141358	0.19614976670223	0.980000000000001
3.82876748	0.198022477463492	1.1
4.078052931	0.229332597924174	1.3
4.442577106	0.231508402547959	1.63
4.445571488	0.231508402547959	1.64
4.452121847	0.231508402547959	1.64
4.45272527	0.231508402547959	1.64
4.453328856	0.231508402547959	1.64
4.453932605	0.231508402547959	1.64
4.459832487	0.231508402547959	1.65
4.464002998	0.231508402547959	1.65
4.475601202	0.231508402547959	1.67
4.478685952	0.231508402547959	1.67
4.492707945	0.231508402547959	1.68
4.536342962	0.231508402547959	1.73
4.537444354	0.231508402547959	1.73
4.550359745	0.231508402547959	1.74
5.341769851	0.261252114355145	2.13
5.342582978	0.261252114355145	2.13
5.343129076	0.261252114355145	2.13
5.343307119	0.261252114355145	2.13
5.346842194	0.261252114355145	2.12
5.443653327	0.261252114355145	2
5.445157132	0.261252114355145	2
6.35095118	0.271927196762055	2.72999999999999
6.358499262	0.271927196762055	2.72999999999999
7	0.343351437865664	3.29999999999997
