thrs	post_p	finalwindow
0	0.0713169825369598	0.23
0.098963073	0.0591168098015596	0.17
0.103967892	0.0591168098015596	0.17
0.113424721	0.0570263500298157	0.18
0.115659216	0.0570263500298157	0.18
0.123778241	0.0585602606614585	0.18
0.127200542	0.0424990030278924	0.17
0.128068503	0.0480573897032198	0.17
0.129609166	0.0468928852954163	0.17
0.14705261	0.0424990030278924	0.15
0.148427326	0.0480573897032198	0.15
0.151339737	0.044383434688337	0.15
0.155752372	0.0566553465649499	0.15
0.178062567	0.0480573897032198	0.12
0.178140913	0.0480573897032198	0.12
0.178189211	0.0480573897032198	0.12
0.178358463	0.0480573897032198	0.12
0.181430774	0.0437150376620477	0.12
0.181824923	0.0437150376620477	0.12
0.191788381	0.0437150376620477	0.11
0.194681585	0.0570263500298157	0.11
0.206482242	0.0574022445021397	0.1
0.222049977	0.0407108964262518	0.08
0.222622275	0.0583151703988701	0.08
0.22265244	0.0583151703988701	0.08
0.222656148	0.0583151703988701	0.08
0.222686318	0.0583151703988701	0.08
0.222716495	0.0583151703988701	0.08
0.222924291	0.0583151703988701	0.08
0.223196808	0.0574495800311534	0.08
0.226694446	0.0542297814021508	0.08
0.226728961	0.0542297814021508	0.08
0.226867021	0.0542297814021508	0.08
0.226923294	0.0542297814021508	0.08
0.226929675	0.0542297814021508	0.08
0.226957829	0.0542297814021508	0.08
0.226982815	0.0542297814021508	0.08
0.227177477	0.0546123796408999	0.08
0.237068117	0.042128925157801	0.07
0.241897099	0.0188001831986758	0.06
0.242941212	0.0414077740838283	0.06
0.256228734	0.039385218837729	0.05
0.256259656	0.039385218837729	0.05
0.256650521	0.039385218837729	0.05
0.259750174	0.0387542375925747	0.05
0.287097646	0.0365579162148279	0.05
0.295749179	0.0383700392835671	0.04
0.296834617	0.0358801044001281	0.05
0.296839561	0.0358801044001281	0.05
0.296839653	0.0358801044001281	0.05
0.296874128	0.0358801044001281	0.05
0.296879772	0.0358801044001281	0.05
0.29691506	0.0358801044001281	0.05
0.296919994	0.0358801044001281	0.05
0.296960227	0.0358801044001281	0.05
0.297207868	0.0358801044001281	0.05
0.297345093	0.0358801044001281	0.05
0.29736316	0.0358801044001281	0.05
0.298062423	0.0358801044001281	0.05
0.298682719	0.0358801044001281	0.05
0.29926506	0.0358801044001281	0.05
0.299931082	0.0358801044001281	0.05
0.300128238	0.0358801044001281	0.05
0.300638986	0.0383700392835671	0.04
0.301159527	0.0383700392835671	0.04
0.301373268	0.0383700392835671	0.04
0.302406093	0.0383700392835671	0.04
0.302452098	0.0383700392835671	0.04
0.302453753	0.0383700392835671	0.04
0.302531356	0.0383700392835671	0.04
0.302535608	0.0383700392835671	0.04
0.303037639	0.0383700392835671	0.04
0.303062807	0.0383700392835671	0.04
0.303998368	0.0379933838585426	0.04
0.304168238	0.0379933838585426	0.04
0.305094409	0.0379933838585426	0.04
0.306047128	0.0379933838585426	0.04
0.306464617	0.0379933838585426	0.04
0.307314933	0.0379933838585426	0.04
0.308759935	0.0379933838585426	0.04
0.319078068	0.0336936340122087	0.04
0.320290117	0.0336936340122087	0.04
0.322066605	0.0379933838585426	0.03
0.322435043	0.0379933838585426	0.03
0.322591403	0.0379933838585426	0.03
0.323097253	0.0379933838585426	0.03
0.323537089	0.0379933838585426	0.03
0.323808824	0.0379933838585426	0.03
0.328591896	0.0331170357692099	0.04
0.330254195	0.0331170357692099	0.04
0.333944256	0.0328360743453451	0.04
0.338071632	0.0465171578874639	0.05
0.340262381	0.0461474036222383	0.05
0.343706753	0.0461474036222383	0.05
0.350684009	0.0447253570248363	0.06
0.351815198	0.0437150376620477	0.06
0.356206548	0.0433883320753971	0.06
0.356351443	0.0433883320753971	0.06
0.356437896	0.0427493550159517	0.06
0.356490553	0.0427493550159517	0.06
0.357086112	0.0533575642018709	0.06
0.360733393	0.0409405680097952	0.07
0.363236679	0.0409405680097952	0.07
0.366130409	0.0415262465156181	0.07
0.367161303	0.0514655459577871	0.07
0.37384574	0.0819935391190871	0.08
0.381649088	0.0965646628722261	0.07
0.382008897	0.0960601041942189	0.07
0.386863037	0.100026055553732	0.06
0.387745392	0.101605006564442	0.06
0.389222512	0.102201221275591	0.06
0.395214438	0.0935010279377649	0.06
0.398731854	0.108572200977626	0.05
0.411578949	0.124737796087432	0.04
0.412388288	0.123897156565617	0.04
0.415094538	0.10676570307713	0.04
0.415772448	0.052871636678281	0.03
0.416416237	0.0917075537568191	0.03
0.419019267	0.114270900697991	0.03
0.423143546	0.116290546202805	0.03
0.428769674	0.119566057519691	0.02
0.438307149	0.129573125761222	0.01
0.440316292	0.134334929353645	0.01
0.441750067	0.133246749571744	0.01
0.444236336	0.10723524325908	0.01
0.444499874	0.105930811600461	0.01
0.444770984	0.105290424360636	0.01
0.445049535	0.105290424360636	0.01
0.445117302	0.110493563812729	0.01
0.445156208	0.110493563812729	0.01
0.445185067	0.109833445188379	0.01
0.445185068	0.109833445188379	0.01
0.44525283	0.109833445188379	0.01
0.445252832	0.109833445188379	0.01
0.445252833	0.109833445188379	0.01
0.445252835	0.109833445188379	0.01
0.445313187	0.109833445188379	0.01
0.445313188	0.109833445188379	0.01
0.44531319	0.109833445188379	0.01
0.445373562	0.109833445188379	0.01
0.445433949	0.109833445188379	0.01
0.445494353	0.10918116717873	0.01
0.445554774	0.108536590917135	0.01
0.445578303	0.108536590917135	0.01
0.445615211	0.108536590917135	0.01
0.445653547	0.108536590917135	0.01
0.445675664	0.10789958079703	0.01
0.445691925	0.10789958079703	0.01
0.445736134	0.10789958079703	0.01
0.445849774	0.112937144494381	0.01
0.445917642	0.112937144494381	0.01
0.445970843	0.112937144494381	0.01
0.445978177	0.112937144494381	0.01
0.446188208	0.110993883612649	0.01
0.446341735	0.110993883612649	0.01
0.446351359	0.110993883612649	0.01
0.446395102	0.110993883612649	0.01
0.446455777	0.110993883612649	0.01
0.446465528	0.109116365236649	0.01
0.446888185	0.10789958079703	0.01
0.447158639	0.10789958079703	0.01
0.447533088	0.10789958079703	0.01
0.447649603	0.10789958079703	0.01
0.448791313	0.106124449560641	0.01
0.449552291	0.106124449560641	0.01
0.449715173	0.106124449560641	0.01
0.451750007	0.106709634426963	0.01
0.452986292	0.0921786416355546	0.01
0.453102774	0.0921786416355546	0.01
0.453607731	0.0916649662394685	0.01
0.453670383	0.0916649662394685	0.01
0.45367678	0.0916649662394685	0.01
0.453739439	0.0916649662394685	0.01
0.453802119	0.0916649662394685	0.01
0.453864805	0.0916649662394685	0.01
0.453864814	0.0916649662394685	0.01
0.453927527	0.0916649662394685	0.01
0.453952078	0.0916649662394685	0.01
0.453977538	0.0916649662394685	0.01
0.453990257	0.0916649662394685	0.01
0.454053004	0.0916649662394685	0.01
0.454115767	0.0916649662394685	0.01
0.454131662	0.0916649662394685	0.01
0.454172215	0.0916649662394685	0.01
0.454423548	0.0932234595076742	0.01
0.454618511	0.0948358645801477	0.01
0.455078808	0.0970745499580861	0.01
0.455180191	0.0994214829579191	0.01
0.455439212	0.121441874152004	0.01
0.455550168	0.12479827848847	0.01
0.455665947	0.129573125761222	0.01
0.455755613	0.102201221275591	0.02
0.456133439	0.102201221275591	0.02
0.456159276	0.102201221275591	0.02
0.456455968	0.102201221275591	0.02
0.456880284	0.102201221275591	0.02
0.457901934	0.101133020076609	0.02
0.458022431	0.101133020076609	0.02
0.458664131	0.101133020076609	0.02
0.46331093	0.0854729710117139	0.02
0.464728436	0.0854729710117139	0.02
0.473676694	0.0804561960607714	0.03
0.474072423	0.0804561960607714	0.03
0.47699163	0.0854951834140095	0.04
0.477096915	0.0854951834140095	0.04
0.478419311	0.0862573355768199	0.04
0.478888149	0.0854951834140095	0.04
0.479732593	0.0854951834140095	0.04
0.483671852	0.0739458939591545	0.04
0.484225862	0.0739458939591545	0.04
0.484458594	0.0749567779198576	0.04
0.486776039	0.0410563783241338	0.04
0.489107131	0.0352269693612272	0.04
0.489424331	0.0349092383080223	0.04
0.490830832	0.0271536472244101	0.04
0.499369323	0.0547226869987707	0.05
0.508934563	0.0510133226480038	0.06
0.511690912	0.0450725884834776	0.06
0.514553924	0.0788744570975595	0.07
0.514645345	0.0788744570975595	0.07
0.51473946	0.0788744570975595	0.07
0.514742139	0.0788744570975595	0.07
0.514839037	0.080181667396883	0.07
0.514971335	0.080181667396883	0.07
0.51502476	0.080181667396883	0.07
0.516063638	0.0909889056205834	0.07
0.51682809	0.0527515345758638	0.07
0.518492841	0.0484585177719059	0.07
0.529143364	0.0829305331527925	0.07
0.534226929	0.0672123347767232	0.06
0.534308248	0.0659043608431297	0.06
0.534453117	0.0659043608431297	0.06
0.534888196	0.0659043608431297	0.06
0.536755919	0.0882235208202114	0.06
0.539174229	0.0907045901765089	0.06
0.543234343	0.0924376443140273	0.06
0.544416783	0.0951650620365828	0.06
0.546060858	0.112375018340303	0.06
0.55657045	0.116231851810647	0.05
0.556645891	0.116231851810647	0.05
0.556807604	0.116231851810647	0.05
0.55802857	0.113315030036169	0.05
0.559788571	0.113315030036169	0.05
0.566766402	0.128345484455102	0.05
0.572491616	0.133401123212806	0.04
0.574371638	0.13210023778454	0.05
0.57444178	0.13210023778454	0.05
0.59079165	0.106816725731091	0.05
0.591193432	0.106816725731091	0.05
0.591819223	0.104714936300314	0.05
0.593402747	0.105755389271973	0.05
0.593573546	0.105755389271973	0.05
0.593673806	0.105755389271973	0.05
0.593673808	0.105755389271973	0.05
0.593754277	0.105755389271973	0.05
0.593754278	0.105755389271973	0.05
0.59375428	0.105755389271973	0.05
0.593915284	0.105755389271973	0.05
0.594036974	0.105755389271973	0.05
0.594152812	0.104714936300314	0.05
0.594237558	0.104714936300314	0.05
0.595015574	0.105755389271973	0.05
0.595887104	0.105755389271973	0.05
0.596219211	0.106816725731091	0.05
0.596894832	0.104714936300314	0.05
0.602148457	0.101712891277892	0.05
0.602674298	0.101712891277892	0.05
0.604813246	0.101712891277892	0.05
0.604905308	0.101712891277892	0.05
0.604905312	0.101712891277892	0.05
0.604988853	0.101712891277892	0.05
0.606051871	0.101712891277892	0.05
0.60631275	0.101712891277892	0.05
0.606404306	0.101712891277892	0.05
0.607971158	0.106816725731091	0.05
0.608524688	0.09619718744529	0.06
0.624510489	0.10789958079703	0.06
0.630942519	0.115406667853225	0.05
0.635412418	0.115406667853225	0.05
0.636066531	0.115406667853225	0.05
0.637031954	0.115406667853225	0.05
0.641599528	0.11206513729533	0.06
0.644129804	0.11206513729533	0.06
0.646569798	0.11206513729533	0.06
0.64801212	0.11206513729533	0.06
0.648110758	0.11206513729533	0.06
0.648827538	0.11206513729533	0.06
0.65703705	0.112375018340303	0.07
0.659386285	0.109646286115016	0.07
0.667472678	0.10789958079703	0.08
0.667879263	0.10789958079703	0.08
0.667969788	0.10789958079703	0.08
0.669490645	0.10789958079703	0.08
0.680589305	0.101435935068672	0.09
0.68060848	0.101435935068672	0.09
0.689921535	0.111795389946896	0.1
0.692614054	0.115120614684286	0.1
0.696262833	0.10789958079703	0.11
0.7123899	0.0856212720866753	0.11
0.712401774	0.0856212720866753	0.11
0.71365913	0.0864714620378471	0.11
0.714295462	0.0864714620378471	0.11
0.715679053	0.0808516569126451	0.12
0.717816093	0.0847876375472854	0.12
0.719314887	0.0847876375472854	0.12
0.725869057	0.0801079089151946	0.13
0.725979546	0.0816093447307227	0.13
0.726772429	0.0823813679809472	0.13
0.72717465	0.0839700795169656	0.13
0.742183791	0.0786607214052012	0.14
0.744518666	0.0721441310469965	0.14
0.75180067	0.0939332635053285	0.14
0.763284143	0.10350268605337	0.13
0.763387603	0.102978142710557	0.13
0.765321243	0.0992073314922551	0.13
0.766651587	0.0975405385010671	0.13
0.7676628	0.0961558036901383	0.13
0.772093843	0.0970745499580861	0.12
0.772264397	0.102897915262438	0.12
0.779184816	0.0966129926571609	0.12
0.786383987	0.0992605219446287	0.11
0.793117932	0.106124449560641	0.1
0.794958533	0.104489278510631	0.1
0.799403767	0.0970745499580861	0.1
0.812482547	0.104032600524581	0.08
0.817085993	0.100433205409705	0.08
0.849686346	0.0968120452747552	0.05
0.861362559	0.0929308639267836	0.03
0.861783488	0.100657891506013	0.03
0.867661243	0.100058944685626	0.03
0.870144812	0.0968120452747552	0.03
0.874413626	0.108553911812122	0.02
0.875213305	0.105670258587958	0.02
0.875954975	0.103232660216558	0.02
0.882218863	0.0996546420740275	0.01
0.88244613	0.107546850684604	0.01
0.882485476	0.107546850684604	0.01
0.883236842	0.113008442924023	0.01
0.883671839	0.112299484245095	0.01
0.886381245	0.105050130167181	0.01
0.888469193	0.102347305991529	0.01
0.888863234	0.100621387653278	0.01
0.889014569	0.100621387653278	0.01
0.889209764	0.100621387653278	0.01
0.889576687	0.100058944685626	0.01
0.889752182	0.100058944685626	0.01
0.889857915	0.100058944685626	0.01
0.890068113	0.0997800745440593	0.01
0.890083013	0.0997800745440593	0.01
0.890218543	0.0992269717754223	0.01
0.890228158	0.0992269717754223	0.01
0.890309475	0.0989527135126474	0.01
0.890339212	0.0989527135126474	0.01
0.890354074	0.0989527135126474	0.01
0.890354075	0.0989527135126474	0.01
0.890407894	0.0989527135126474	0.01
0.890419078	0.0989527135126474	0.01
0.890459913	0.0989527135126474	0.01
0.890474761	0.0989527135126474	0.01
0.890489605	0.0989527135126474	0.01
0.890489606	0.0989527135126474	0.01
0.890506418	0.0989527135126474	0.01
0.890580647	0.0989527135126474	0.01
0.890595481	0.0989527135126474	0.01
0.89061031	0.0989527135126474	0.01
0.890610311	0.0989527135126474	0.01
0.890701414	0.0981389603477393	0.01
0.890716233	0.0981389603477393	0.01
0.890731048	0.0981389603477393	0.01
0.890731049	0.0981389603477393	0.01
0.890737499	0.0981389603477393	0.01
0.890851819	0.0981389603477393	0.01
0.890928251	0.0981389603477393	0.01
0.890957836	0.0981389603477393	0.01
0.890972622	0.0981389603477393	0.01
0.890972623	0.0981389603477393	0.01
0.891093459	0.0976038532803019	0.01
0.89119957	0.0976038532803019	0.01
0.891214328	0.0976038532803019	0.01
0.891244043	0.0976038532803019	0.01
0.891246709	0.0976038532803019	0.01
0.891382479	0.0976038532803019	0.01
0.891441435	0.0976038532803019	0.01
0.891456164	0.0976038532803019	0.01
0.89149835	0.0976038532803019	0.01
0.891562417	0.0976038532803019	0.01
0.891577132	0.0976038532803019	0.01
0.891686849	0.0976038532803019	0.01
0.891698132	0.0976038532803019	0.01
0.892012117	0.0973384820683803	0.01
0.892017347	0.0973384820683803	0.01
0.892182462	0.0968120452747552	0.01
0.892215798	0.0968120452747552	0.01
0.892245091	0.0973384820683803	0.01
0.89229733	0.0970745499580861	0.01
0.892546055	0.0981389603477393	0.01
0.89273031	0.0981389603477393	0.01
0.892924751	0.100524732445477	0.01
0.892951888	0.100250650437499	0.01
0.892952212	0.100250650437499	0.01
0.893016766	0.100250650437499	0.01
0.89308003	0.100250650437499	0.01
0.893142511	0.100250650437499	0.01
0.893172464	0.0999780589420337	0.01
0.893320622	0.10080031722452	0.01
0.894189143	0.101077417167975	0.01
0.89422449	0.100524732445477	0.01
0.894232534	0.100524732445477	0.01
0.894332391	0.100524732445477	0.01
0.894690708	0.0997069458334958	0.01
0.894906463	0.0997069458334958	0.01
0.894913415	0.0997069458334958	0.01
0.895081202	0.0997069458334958	0.01
0.895086463	0.0997069458334958	0.01
0.89539422	0.0994372991174701	0.01
0.895524497	0.106451931216794	0.01
0.895840307	0.106451931216794	0.01
0.89592425	0.106451931216794	0.01
0.896329745	0.105321483075015	0.01
0.896396617	0.10560183825613	0.01
0.896928207	0.10476521490235	0.01
0.89693811	0.10476521490235	0.01
0.897131294	0.108745615762801	0.01
0.897197773	0.107620486955379	0.01
0.897316929	0.104380587887877	0.01
0.898455429	0.0970745499580861	0.01
0.898485328	0.0972737130218218	0.01
0.898662437	0.0962859869818654	0.01
0.899325427	0.0953181182275201	0.01
0.899413875	0.100366425599231	0.01
0.900031532	0.0995719399209947	0.01
0.900113547	0.0999676042549288	0.01
0.900307304	0.100768441889982	0.01
0.900690942	0.0887817908108375	0.01
0.901007608	0.091910814030483	0.01
0.901947653	0.0885746524932326	0.01
0.902162268	0.0900075815995667	0.01
0.902291602	0.0808516569126451	0.01
0.902860993	0.0755364991670373	0.01
0.902932441	0.0758481384363284	0.01
0.903166806	0.0721441310469965	0.01
0.903685884	0.068696011440365	0.01
0.904220945	0.0692746279182688	0.01
0.904508173	0.0701610625020177	0.01
0.904513058	0.0701610625020177	0.01
0.905345526	0.0716899643431672	0.01
0.905424433	0.0726397132844231	0.01
0.906154318	0.0736149646374624	0.01
0.906197141	0.0729619131926978	0.01
0.906210372	0.0729619131926978	0.01
0.906508268	0.0739458939591545	0.01
0.906786831	0.0739458939591545	0.01
0.907060652	0.0742798120413723	0.01
0.90712089	0.0742798120413723	0.01
0.907185931	0.0749567779198576	0.01
0.907198748	0.0752999093027331	0.01
0.907311244	0.0742798120413723	0.01
0.907324045	0.0749567779198576	0.01
0.907336843	0.0749567779198576	0.01
0.907336844	0.0749567779198576	0.01
0.907436592	0.0749567779198576	0.01
0.907449378	0.0749567779198576	0.01
0.90746216	0.0749567779198576	0.01
0.907536422	0.0749567779198576	0.01
0.9075492	0.0749567779198576	0.01
0.907574745	0.0749567779198576	0.01
0.907587512	0.0749567779198576	0.01
0.907674633	0.0749567779198576	0.01
0.907712898	0.0749567779198576	0.01
0.907951053	0.0749567779198576	0.01
0.908089263	0.0746167595568936	0.01
0.908089264	0.0746167595568936	0.01
0.908151307	0.0746167595568936	0.01
0.90817671	0.0746167595568936	0.01
0.908202099	0.0746167595568936	0.01
0.908289632	0.0736149646374624	0.01
0.908566283	0.0746167595568936	0.01
0.908577365	0.0746167595568936	0.01
0.908578929	0.0746167595568936	0.01
0.908691978	0.0749567779198576	0.01
0.908830322	0.0742798120413723	0.01
0.908855181	0.0739458939591545	0.01
0.908943472	0.0739458939591545	0.01
0.908956071	0.0739458939591545	0.01
0.909183517	0.0736149646374624	0.01
0.909270732	0.0736149646374624	0.01
0.909308419	0.0736149646374624	0.01
0.909346075	0.0739458939591545	0.01
0.909409249	0.0739458939591545	0.01
0.909446878	0.0742798120413723	0.01
0.909620416	0.0742798120413723	0.01
0.909838426	0.0742798120413723	0.01
0.909896599	0.0742798120413723	0.01
0.909925885	0.0742798120413723	0.01
0.910204731	0.0752999093027331	0.01
0.910628128	0.0756461966537561	0.01
0.911062134	0.077426532723479	0.01
0.91113001	0.077426532723479	0.01
0.911351929	0.077426532723479	0.01
0.911518912	0.077426532723479	0.01
0.911632099	0.077426532723479	0.01
0.911776598	0.077426532723479	0.01
0.912630246	0.0770637928735157	0.01
0.912707801	0.0770637928735157	0.01
0.912776305	0.0767044360144045	0.01
0.912811242	0.0808516569126451	0.01
0.912967277	0.0770637928735157	0.01
0.913006436	0.0770637928735157	0.01
0.913139907	0.0770637928735157	0.01
0.913244462	0.077426532723479	0.01
0.914018042	0.077426532723479	0.01
0.914696902	0.0865619389274484	0.01
0.914870556	0.0865619389274484	0.01
0.915269563	0.0865619389274484	0.01
0.916024822	0.0739043651722479	0.01
0.916163647	0.0742588538340159	0.01
0.916912552	0.0757114804176376	0.01
0.917248255	0.0730081752289832	0.01
0.917957453	0.0732054451393696	0.01
0.918238351	0.0830599668988593	0.02
0.918456927	0.0833853258069682	0.02
0.918483627	0.0833853258069682	0.02
0.918816837	0.0850511186141969	0.02
0.918837351	0.0850511186141969	0.02
0.919120121	0.0850511186141969	0.02
0.922071236	0.0878593929657515	0.02
0.922455062	0.0889609068422594	0.02
0.922504312	0.0889609068422594	0.02
0.922763582	0.0889609068422594	0.02
0.922787758	0.0889609068422594	0.02
0.923268187	0.0852620013019297	0.02
0.924160807	0.0852620013019297	0.02
0.924507726	0.085983583421377	0.02
0.925553967	0.0759177411365239	0.02
0.926193857	0.0762501060906505	0.02
0.927872541	0.0776091862337754	0.02
0.929379518	0.0970745499580861	0.02
0.93220206	0.0796416976655386	0.03
0.933174706	0.0771670855453769	0.03
0.934071327	0.0774612575538779	0.03
0.934700606	0.0765853940033785	0.03
0.938770844	0.0580527668316299	0.03
0.941112169	0.0458351182894833	0.03
0.942896738	0.0375510448351817	0.03
0.944027825	0.0390671806076439	0.03
0.947518522	0.0424990030278924	0.03
0.948845214	0.0461474036222383	0.03
0.950306111	0.0465918209157428	0.03
0.951999424	0.0461474036222383	0.03
0.954191796	0.0656205835241075	0.04
0.955985355	0.0676599401497832	0.04
0.956296714	0.0698301207827821	0.04
0.956780018	0.0698301207827821	0.04
0.956793172	0.0698301207827821	0.04
0.957016096	0.0703945943285071	0.04
0.957486775	0.0721441310469965	0.04
0.958321379	0.0746167595568936	0.04
0.959665139	0.0793777195509618	0.04
0.959857154	0.0793777195509618	0.04
0.960819071	0.0793777195509618	0.04
0.960911853	0.0793777195509618	0.04
0.964446178	0.0581690985118829	0.04
0.964458654	0.0581690985118829	0.04
0.966290332	0.0698301207827821	0.05
0.966653906	0.0698301207827821	0.05
0.966980912	0.0703945943285071	0.05
0.966986309	0.0703945943285071	0.05
0.967139043	0.0703945943285071	0.05
0.967297223	0.0721441310469965	0.05
0.967302572	0.0721441310469965	0.05
0.967460779	0.0721441310469965	0.05
0.96746078	0.0721441310469965	0.05
0.967608447	0.0721441310469965	0.05
0.96761904	0.0721441310469965	0.05
0.967619041	0.0721441310469965	0.05
0.967772081	0.0721441310469965	0.05
0.967935716	0.0721441310469965	0.05
0.968083686	0.0727467966021288	0.05
0.968088909	0.0727467966021288	0.05
0.968861479	0.0786607214052012	0.05
0.969035555	0.0786607214052012	0.05
0.969666194	0.0793777195509618	0.05
0.970292984	0.0779565602193752	0.05
0.970442597	0.0779565602193752	0.05
0.973457204	0.0739043651722479	0.05
0.974203145	0.055394003599786	0.05
0.978183481	0.0575920561906005	0.05
0.981915796	0.0622690337860036	0.05
0.985118954	0.0457113843953431	0.05
0.9860103	0.0452835274182181	0.05
1.019804062	0.0739043651722479	0.06
1.022530753	0.0776091862337754	0.06
1.023898132	0.0776091862337754	0.06
1.027042278	0.0699001844100342	0.07
1.027349785	0.0699001844100342	0.07
1.029271857	0.0711858137743872	0.07
1.029637844	0.0711858137743872	0.07
1.030020301	0.0725196207553228	0.07
1.030392053	0.0725196207553228	0.07
1.030397618	0.0725196207553228	0.07
1.030958443	0.0753430217402558	0.07
1.033463082	0.0753430217402558	0.07
1.034376329	0.0753430217402558	0.07
1.035677928	0.0687279031046833	0.08
1.036124234	0.0692746279182688	0.08
1.038905957	0.0759177411365239	0.08
1.039046839	0.0759177411365239	0.08
1.043349328	0.0801079089151946	0.08
1.048661279	0.0709682681169651	0.09
1.049025044	0.0709682681169651	0.09
1.057424783	0.0698301207827821	0.1
1.058571278	0.0709682681169651	0.1
1.067766296	0.0698301207827821	0.11
1.067971123	0.0698301207827821	0.11
1.068168044	0.0698301207827821	0.11
1.068277144	0.0698301207827821	0.11
1.06860264	0.0703945943285071	0.11
1.068892568	0.0703945943285071	0.11
1.070020858	0.0715513689256635	0.11
1.070326964	0.0715513689256635	0.11
1.076612069	0.0808516569126451	0.11
1.088407982	0.106816725731091	0.12
1.091073782	0.0979680636750918	0.12
1.113082372	0.064646322347457	0.12
1.113233383	0.064646322347457	0.12
1.115076799	0.0672123347767232	0.11
1.125633627	0.064646322347457	0.11
1.13205703	0.0659043608431297	0.11
1.133642817	0.0659043608431297	0.11
1.133988353	0.0672123347767232	0.11
1.134317617	0.0672123347767232	0.11
1.137302108	0.0665519218849026	0.11
1.162829766	0.055394003599786	0.13
1.183360064	0.0581690985118829	0.14
1.187305519	0.0570263500298157	0.14
1.187446683	0.0570263500298157	0.14
1.18762744	0.0570263500298157	0.14
1.208724051	0.0514655459577871	0.13
1.208769953	0.0514655459577871	0.13
1.209751115	0.0514655459577871	0.13
1.209768181	0.0514655459577871	0.13
1.209825949	0.0514655459577871	0.13
1.210085375	0.0514655459577871	0.13
1.210771389	0.0514655459577871	0.13
1.22465873	0.0519258587246662	0.12
1.225416562	0.0519258587246662	0.12
1.226416878	0.0519258587246662	0.12
1.243346642	0.0461474036222383	0.11
1.246668032	0.0484585177719059	0.11
1.248955951	0.0547226869987707	0.12
1.252855937	0.0600603873143384	0.11
1.268447511	0.059013794796895	0.1
1.270253663	0.0580030527142327	0.1
1.270604589	0.0484585177719059	0.09
1.275739262	0.0600603873143384	0.09
1.285172518	0.0484585177719059	0.09
1.289511656	0.0559276357216767	0.09
1.293113698	0.0559276357216767	0.09
1.297280078	0.055394003599786	0.09
1.302603198	0.055394003599786	0.1
1.325958837	0.05239447996619	0.12
1.33510162	0.055394003599786	0.12
1.335485912	0.055394003599786	0.12
1.335508208	0.055394003599786	0.12
1.335711503	0.055394003599786	0.12
1.335892556	0.055394003599786	0.12
1.336051433	0.055394003599786	0.12
1.33625481	0.055394003599786	0.12
1.33638917	0.055394003599786	0.12
1.336595099	0.055394003599786	0.12
1.336979907	0.055394003599786	0.12
1.337117106	0.055394003599786	0.12
1.337777279	0.055394003599786	0.12
1.337887386	0.055394003599786	0.12
1.338686534	0.055394003599786	0.12
1.342315002	0.055394003599786	0.12
1.342368518	0.055394003599786	0.12
1.346883901	0.055394003599786	0.13
1.360533959	0.0933292454705924	0.13
1.360774481	0.0933292454705924	0.13
1.360981621	0.0933292454705924	0.13
1.36116959	0.0933292454705924	0.13
1.36135761	0.0933292454705924	0.13
1.361545683	0.0933292454705924	0.13
1.362110213	0.0933292454705924	0.13
1.364721715	0.0924376443140273	0.13
1.368077892	0.0924376443140273	0.13
1.368578346	0.0924376443140273	0.13
1.370127164	0.0924376443140273	0.13
1.373967278	0.0933292454705924	0.13
1.377274175	0.0970745499580861	0.13
1.377544294	0.0970745499580861	0.13
1.379222918	0.0829305331527925	0.14
1.385801753	0.0942382139014813	0.13
1.418305639	0.0961103226653496	0.14
1.430594094	0.0961103226653496	0.14
1.434752614	0.0970745499580861	0.14
1.436494579	0.0970745499580861	0.14
1.448119954	0.0951650620365828	0.15
1.450674974	0.0951650620365828	0.15
1.450928234	0.0951650620365828	0.15
1.454003033	0.0961103226653496	0.15
1.454856842	0.0961103226653496	0.15
1.484067531	0.0970745499580861	0.15
1.484117024	0.0970745499580861	0.15
1.485393153	0.0951650620365828	0.16
1.494140559	0.0970745499580861	0.16
1.512194724	0.0970745499580861	0.18
1.512403577	0.0970745499580861	0.18
1.512821455	0.0970745499580861	0.18
1.515375804	0.0951650620365828	0.19
1.516740221	0.0970745499580861	0.19
1.519065464	0.0961103226653496	0.19
1.558319819	0.149295374276372	0.23
1.56916589	0.157485212979645	0.22
1.595407686	0.17140778444616	0.19
1.611568792	0.196429831144116	0.17
1.707257935	0.190520829711416	0.08
1.718627381	0.186441888489748	0.07
1.730827961	0.176372467335511	0.06
1.75282717	0.215532892207266	0.03
1.758275756	0.190520829711416	0.03
1.768990518	0.189141495469794	0.02
1.77492366	0.212184075187418	0.01
1.77861633	0.197730688900224	0.01
1.780115455	0.189141495469794	0.01
1.780657571	0.189141495469794	0.01
1.780657572	0.189141495469794	0.01
1.780839524	0.187781989902738	0.01
1.780928629	0.187781989902738	0.01
1.78092863	0.187781989902738	0.01
1.781081012	0.187781989902738	0.01
1.781140367	0.187781989902738	0.01
1.781170031	0.187781989902738	0.01
1.781170032	0.187781989902738	0.01
1.781381862	0.187781989902738	0.01
1.781411498	0.187781989902738	0.01
1.781411499	0.187781989902738	0.01
1.781653031	0.187781989902738	0.01
1.7818108	0.187781989902738	0.01
1.781835463	0.187781989902738	0.01
1.781894629	0.187781989902738	0.01
1.782136292	0.187781989902738	0.01
1.782136293	0.187781989902738	0.01
1.782378022	0.187781989902738	0.01
1.782531315	0.187781989902738	0.01
1.782590324	0.187781989902738	0.01
1.782619816	0.187781989902738	0.01
1.783044725	0.187781989902738	0.01
1.783286774	0.187781989902738	0.01
1.783587651	0.187781989902738	0.01
1.783829774	0.187781989902738	0.01
1.783925287	0.187781989902738	0.01
1.784013316	0.187781989902738	0.01
1.784314217	0.187781989902738	0.01
1.78446873	0.187781989902738	0.01
1.784506241	0.187781989902738	0.01
1.785009515	0.190520829711416	0.01
1.785322292	0.194782239595047	0.01
1.785497332	0.194782239595047	0.01
1.787927091	0.186727440414166	0.01
1.788266632	0.186727440414166	0.01
1.788780487	0.18802332354639	0.01
1.788872102	0.18802332354639	0.01
1.78918715	0.18802332354639	0.01
1.789358594	0.18802332354639	0.01
1.790095821	0.18802332354639	0.01
1.790737455	0.196192756487786	0.01
1.795060195	0.173602292724071	0.02
1.795172249	0.167237599426982	0.02
1.795643534	0.164650528309796	0.02
1.796645824	0.153564593560331	0.02
1.796669094	0.153564593560331	0.02
1.796696941	0.153564593560331	0.02
1.801889818	0.0756778353217383	0.02
1.809599251	0.142975393007364	0.03
1.813215031	0.0819935391190871	0.03
1.813240824	0.0819935391190871	0.03
1.813793197	0.0762197708880345	0.03
1.814069382	0.0833853258069682	0.03
1.814069384	0.0833853258069682	0.03
1.814596154	0.064646322347457	0.03
1.814621756	0.064646322347457	0.03
1.814621757	0.064646322347457	0.03
1.814872379	0.064646322347457	0.03
1.815039963	0.0651907545980123	0.03
1.815123071	0.0651907545980123	0.03
1.815322808	0.0663076006911018	0.03
1.815373832	0.0663076006911018	0.03
1.815624663	0.0680565139893207	0.03
1.815850116	0.0680565139893207	0.03
1.815875562	0.0680565139893207	0.03
1.816101116	0.0680565139893207	0.03
1.816374833	0.0680565139893207	0.03
1.816377569	0.0680565139893207	0.03
1.81637757	0.0680565139893207	0.03
1.816628678	0.0668804980552873	0.03
1.817399416	0.0668804980552873	0.03
1.817633804	0.0668804980552873	0.03
1.819395454	0.0725196207553228	0.03
1.819410514	0.0725196207553228	0.03
1.81989941	0.0725196207553228	0.03
1.822065256	0.0739043651722479	0.03
1.823267442	0.0739043651722479	0.03
1.823345161	0.0739043651722479	0.03
1.824280416	0.0739043651722479	0.03
1.824759677	0.0739043651722479	0.03
1.824985083	0.0739043651722479	0.03
1.829051906	0.0699001844100342	0.04
1.830016016	0.0718465273769492	0.04
1.83758722	0.0678859859505122	0.04
1.837659261	0.0678859859505122	0.04
1.839735229	0.0678859859505122	0.04
1.842215909	0.0718465273769492	0.05
1.846490238	0.064646322347457	0.05
1.860668056	0.0665519218849026	0.06
1.872927722	0.0640351437029513	0.07
1.876458705	0.0640351437029513	0.07
1.917919203	0.059013794796895	0.11
1.932723098	0.0331170357692099	0.12
1.933588634	0.0339895285874427	0.12
1.934242286	0.0352269693612272	0.12
1.93486401	0.0625565889359347	0.13
1.938319698	0.0615615803518734	0.13
1.956133657	0.0601270332817616	0.15
1.95745413	0.0601270332817616	0.15
1.959079535	0.0601270332817616	0.15
2.03833515	0.0605977288786005	0.23
2.045755957	0.0593585824962119	0.24
2.04617014	0.0593585824962119	0.24
2.049316864	0.0593585824962119	0.24
2.057190684	0.0593585824962119	0.25
2.058434493	0.0593585824962119	0.25
2.058810915	0.0593585824962119	0.25
2.067556414	0.0593585824962119	0.26
2.077653506	0.0593585824962119	0.27
2.07768814	0.0593585824962119	0.27
2.080200147	0.0338705492954721	0.27
2.112854786	0.0331738060132682	0.3
2.114638141	0.0320210838926777	0.3
2.119081815	0.0570263500298157	0.31
2.122322709	0.0325051500451174	0.31
2.175983465	0.0376240513450731	0.36
2.201956234	0.0322882147569812	0.39
2.21647999	0.0566553465649499	0.41
2.22342495	0.0329478848916392	0.41
2.225736601	0.0355505372819284	0.41
2.22607531	0.0369065171143762	0.41
2.226980498	0.0562891392644562	0.42
2.268175967	0.173791267335743	0.41
2.273953022	0.170058083258612	0.4
2.279085054	0.175366148238881	0.4
2.283420782	0.171734906760829	0.39
2.36737444	0.231708737797007	0.33
2.396315913	0.194782239595047	0.33
2.401471639	0.227175314189729	0.32
2.416816988	0.202953320505246	0.31
2.57811595	0.234043983872073	0.18
2.634889835	0.231708737797007	0.22
2.65353762	0.234043983872073	0.23
2.664122924	0.229419632613696	0.22
2.670697515	0.234043983872073	0.21
2.67074212	0.234043983872073	0.21
2.671148642	0.234043983872073	0.21
2.671193019	0.234043983872073	0.21
2.671193179	0.234043983872073	0.21
2.671237545	0.234043983872073	0.21
2.671237705	0.234043983872073	0.21
2.671599486	0.234043983872073	0.21
2.671599646	0.234043983872073	0.21
2.671872794	0.234043983872073	0.21
2.672323822	0.234043983872073	0.21
2.672686057	0.234043983872073	0.21
2.673410821	0.234043983872073	0.21
2.674201502	0.229419632613696	0.21
2.674640938	0.229419632613696	0.21
2.675906626	0.234043983872073	0.2
2.677404052	0.234043983872073	0.2
2.678640892	0.234043983872073	0.2
2.679543675	0.234043983872073	0.2
2.679587204	0.234043983872073	0.2
2.68050645	0.234043983872073	0.2
2.681604422	0.234043983872073	0.2
2.692790444	0.234043983872073	0.19
2.697875326	0.234043983872073	0.18
2.703341222	0.234043983872073	0.18
2.716197088	0.234043983872073	0.16
2.720992773	0.234043983872073	0.16
2.721223607	0.234043983872073	0.16
2.721339166	0.234043983872073	0.16
2.721714851	0.234043983872073	0.16
2.721753239	0.234043983872073	0.16
2.72212898	0.234043983872073	0.16
2.722504826	0.234043983872073	0.16
2.725892101	0.234043983872073	0.15
2.758261585	0.231708737797007	0.13
2.814579483	0.224218935662656	0.15
2.857457722	0.219790129924381	0.19
2.874914635	0.219790129924381	0.21
2.884109016	0.224974480867053	0.22
2.901070252	0.210166787793069	0.23
3.017087015	0.211437442358232	0.35
3.091199805	0.218620610171139	0.43
3.116410384	0.191568605358164	0.45
3.153761559	0.197524484824277	0.49
3.194633906	0.12632009598888	0.52
3.557717034	0.192115093299077	0.890000000000001
3.561529658	0.170295621871769	0.890000000000001
3.561648443	0.153564593560331	0.890000000000001
3.562131134	0.173198727785504	0.890000000000001
3.563861522	0.143724941556364	0.890000000000001
3.567214517	0.150290770019741	0.890000000000001
3.568359469	0.134996410545751	0.890000000000001
3.571812505	0.12506416441234	0.890000000000001
3.572497766	0.12506416441234	0.890000000000001
3.575584373	0.12506416441234	0.890000000000001
3.62901857	0.104714936300314	0.930000000000001
3.62939674	0.104714936300314	0.930000000000001
3.629519691	0.104714936300314	0.930000000000001
3.6300627	0.104714936300314	0.930000000000001
3.631023885	0.106816725731091	0.920000000000001
3.631970124	0.106816725731091	0.920000000000001
3.633483005	0.106816725731091	0.920000000000001
3.639968026	0.106816725731091	0.930000000000001
3.707141358	0.106816725731091	1
3.778072999	0.104714936300314	1.07
3.963711323	0.103694756447224	1.25
4.078052931	0.145392295976921	1.36
4.442577106	0.137636772079596	1.73
4.452121847	0.137636772079596	1.74
4.45272527	0.137636772079596	1.74
4.453328856	0.137636772079596	1.74
4.459832487	0.141408276124547	1.74
4.475601202	0.135232250024947	1.76
4.536969429	0.136423916727077	1.82
4.537596069	0.136423916727077	1.82
4.550359745	0.135232250024947	1.83
4.773228095	0.131778971105643	2.06
4.895921957	0.131778971105643	2.18
5.341769851	0.162142278920264	2.45999999999999
5.342582978	0.162142278920264	2.45999999999999
5.343307119	0.162142278920264	2.45999999999999
5.443653327	0.166118966307069	2.54999999999999
5.445157132	0.166118966307069	2.54999999999999
6.232084175	0.184188533965614	2.67999999999999
6.234722781	0.184188533965614	2.67999999999999
6.244676548	0.184188533965614	2.68999999999999
6.35095118	0.189337319162993	2.78999999999998
6.358499262	0.189337319162993	2.79999999999998
7	0.175189753365734	3.37999999999997
